20190724T130351.323992 20 20
20190724T130351.335728 20 20
20190724T130351.344045 231.05 238.157 65.9747 59.5025 144.698 259.278 267.479 278.909 268.568 20190724T130351.344045 20 20
20190724T130351.352766 20 20
20190724T130351.364292 20 20
20190724T130351.374270 230.051 237.93 65.6364 58.3803 144.593 258.731 267.099 278.385 268.214 20190724T130351.374270 20 20
20190724T130351.385837 20 20
20190724T130351.394830 20 20
20190724T130351.404261 230.014 237.567 64.6465 58.3605 146.888 258.486 266.726 278.283 267.806 20190724T130351.404261 20 20
20190724T130351.412598 20 20
20190724T130351.423484 20 20
20190724T130351.433763 230.172 237.298 64.639 58.1104 146.415 258.757 266.942 278.38 268.16 20190724T130351.433763 20 20
20190724T130351.444275 20 20
20190724T130351.454010 20 20
20190724T130351.464304 230.533 237.447 64.3081 58.264 145.903 259.203 266.82 278.587 267.799 20190724T130351.464304 20 20
20190724T130351.472780 20 20
20190724T130351.484300 20 20
20190724T130351.493738 230.217 238.443 64.1149 58.0015 145.766 258.891 267.925 278.425 269.021 20190724T130351.493738 20 20
20190724T130351.503387 20 20
20190724T130351.517650 20 20
20190724T130351.527007 229.796 239.029 63.9907 57.6456 148.342 258.314 268.406 278.371 269.8 20190724T130351.527007 20 20
20190724T130351.535579 20 20
20190724T130351.544202 20 20
20190724T130351.556006 229.749 239.352 64.36 57.5916 146.772 258.315 268.736 278.171 269.748 20190724T130351.556006 20 20
20190724T130351.564576 20 20
20190724T130351.578319 20 20
20190724T130351.584278 229.959 240.163 64.8002 57.5892 148.623 258.381 269.357 278.271 270.5 20190724T130351.584278 20 20
20190724T130351.595375 20 20
20190724T130351.603188 20 20
20190724T130351.615639 230.013 240.721 64.8655 58.2712 148.08 258.263 270.326 278.18 271.368 20190724T130351.615639 20 20
20190724T130351.623220 20 20
20190724T130351.635147 20 20
20190724T130351.644563 228.485 240.29 65.6591 58.6461 149.657 257.232 269.778 276.823 270.874 20190724T130351.644563 20 20
20190724T130351.656469 20 20
20190724T130351.667460 20 20
20190724T130351.676754 229.187 240.877 66.6986 59.1867 146.652 257.634 270.016 277.651 271.474 20190724T130351.676754 20 20
20190724T130351.686854 20 20
20190724T130351.698160 20 20
20190724T130351.704345 229.748 241.609 67.2735 60.1784 146.182 258.307 271.07 278.192 272.105 20190724T130351.704345 20 20
20190724T130351.719163 20 20
20190724T130351.728603 20 20
20190724T130351.737150 239.959 240.734 67.2975 60.0981 152.578 263 270.776 282.587 271.799 20190724T130351.737150 20 20
20190724T130351.743377 20 20
20190724T130351.756372 20 20
20190724T130351.764327 240.024 240.715 68.7098 60.9599 151.022 263.286 270.035 282.877 271.375 20190724T130351.764327 20 20
20190724T130351.775173 20 20
20190724T130351.783125 20 20
20190724T130351.795688 239.828 240.113 69.0068 61.1325 148.953 262.859 269.629 282.701 271.068 20190724T130351.795688 20 20
20190724T130351.810412 20 20
20190724T130351.816250 20 20
20190724T130351.828373 240.091 240.126 68.7894 61.2621 148.726 263.313 269.778 282.907 270.971 20190724T130351.828373 20 20
20190724T130351.838690 20 20
20190724T130351.848012 20 20
20190724T130351.855398 261.325 241.922 69.2273 62.9468 157.662 273.824 271.307 293.512 272.155 20190724T130351.855398 20 20
20190724T130351.868251 20 20
20190724T130351.881354 20 20
20190724T130351.889600 261.181 242.262 69.1542 63.152 157.711 273.853 271.437 293.467 271.884 20190724T130351.889600 20 20
20190724T130351.896232 20 20
20190724T130351.907158 20 20
20190724T130351.916339 261.65 242.267 68.9287 63.1497 158.739 273.746 271.706 293.55 272.007 20190724T130351.916339 20 20
20190724T130351.927200 20 20
20190724T130351.935337 20 20
20190724T130351.948246 261.65 242.267 68.9287 63.1497 158.739 273.746 271.706 293.55 272.007 20190724T130351.948246 20 20
20190724T130351.955992 20 20
20190724T130351.968763 20 20
20190724T130351.978542 261.023 242.139 69.1471 63.4333 157.469 273.439 271.467 293.018 271.886 20190724T130351.978542 20 20
20190724T130351.987229 20 20
20190724T130351.996275 20 20
20190724T130352.007278 260.615 241.952 69.6819 62.9508 157.088 272.768 271.363 292.405 271.813 20190724T130352.007278 20 20
20190724T130352.017242 20 20
20190724T130352.028402 20 20
20190724T130352.036862 260.456 242.314 69.4724 62.952 154.775 272.571 271.939 292.36 272.249 20190724T130352.036862 20 20
20190724T130352.048342 20 20
20190724T130352.060596 20 20
20190724T130352.068391 260.472 242.462 69.553 63.4035 155.159 272.5 272 292.289 272.427 20190724T130352.068391 20 20
20190724T130352.081031 20 20
20190724T130352.089581 20 20
20190724T130352.100870 252.154 241.894 69.242 60.8226 142.505 268.469 271.547 287.66 272.406 20190724T130352.100870 20 20
20190724T130352.108364 20 20
20190724T130352.120336 20 20
20190724T130352.129647 252.154 241.894 69.242 60.8226 142.505 268.469 271.547 287.66 272.406 20190724T130352.129647 20 20
20190724T130352.140421 20 20
20190724T130352.148487 20 20
20190724T130352.160462 228.969 241.528 69.8382 62.4381 145.553 256.853 271.312 276.425 271.979 20190724T130352.160462 20 20
20190724T130352.167205 20 20
20190724T130352.179181 20 20
20190724T130352.190287 228.355 240.896 69.8479 62.5669 146.321 256.518 270.645 276.324 271.978 20190724T130352.190287 20 20
20190724T130352.200551 20 20
20190724T130352.214465 20 20
20190724T130352.220025 228.25 240.692 70.2839 62.9456 145.176 256.585 270.5 276.348 272.139 20190724T130352.220025 20 20
20190724T130352.229420 20 20
20190724T130352.239847 20 20
20190724T130352.249453 228.285 240.52 70.6773 62.6723 146.382 256.74 269.881 276.459 271.68 20190724T130352.249453 20 20
20190724T130352.260209 20 20
20190724T130352.269055 20 20
20190724T130352.280841 228.392 240.32 71.0456 63.1955 145.099 256.793 270.011 276.655 271.426 20190724T130352.280841 20 20
20190724T130352.289977 20 20
20190724T130352.300779 20 20
20190724T130352.311246 228.444 240.749 71.9239 63.8214 145.26 256.87 270.21 276.858 271.84 20190724T130352.311246 20 20
20190724T130352.319266 20 20
20190724T130352.332802 20 20
20190724T130352.343497 228.645 240.695 72.5493 64.2066 145.612 257.063 270.254 276.952 271.844 20190724T130352.343497 20 20
20190724T130352.354663 20 20
20190724T130352.362181 20 20
20190724T130352.371153 228.502 240.593 72.6581 64.4202 146.138 256.84 270.12 276.858 271.84 20190724T130352.371153 20 20
20190724T130352.379206 20 20
20190724T130352.392315 20 20
20190724T130352.401799 228.502 240.593 72.6581 64.4202 146.138 256.84 270.12 276.858 271.84 20190724T130352.401799 20 20
20190724T130352.411256 20 20
20190724T130352.419610 20 20
20190724T130352.432883 227.751 240.73 72.6249 65.0983 146.745 256.072 270.38 276.11 271.703 20190724T130352.432883 20 20
20190724T130352.442791 20 20
20190724T130352.453330 20 20
20190724T130352.461076 227.17 240.375 72.998 65.0298 144.524 255.529 269.77 275.494 271.409 20190724T130352.461076 20 20
20190724T130352.473037 20 20
20190724T130352.481052 20 20
20190724T130352.491837 227.22 240.252 72.9264 65.1432 144.287 255.82 269.981 275.459 271.154 20190724T130352.491837 20 20
20190724T130352.499183 20 20
20190724T130352.511244 20 20
20190724T130352.520491 227.22 240.252 72.9264 65.1432 144.287 255.82 269.981 275.459 271.154 20190724T130352.520491 20 20
20190724T130352.532786 20 20
20190724T130352.540393 20 20
20190724T130352.552260 227.587 240.257 72.7504 65.4111 144.827 255.746 270.024 275.942 271.202 20190724T130352.552260 20 20
20190724T130352.564523 20 20
20190724T130352.572865 20 20
20190724T130352.583696 227.833 240.364 72.8313 65.1806 144.348 256.283 270.192 276.171 271.32 20190724T130352.583696 20 20
20190724T130352.593955 20 20
20190724T130352.604324 20 20
20190724T130352.611222 227.833 240.364 72.8313 65.1806 144.348 256.283 270.192 276.171 271.32 20190724T130352.611222 20 20
20190724T130352.624136 20 20
20190724T130352.632353 20 20
20190724T130352.644406 227.52 240.66 72.5114 65.0533 145.4 255.971 270.337 275.951 271.458 20190724T130352.644406 20 20
20190724T130352.654759 20 20
20190724T130352.668177 20 20
20190724T130352.676011 226.944 240.444 72.1493 64.7497 144.262 255.566 270.112 275.453 271.393 20190724T130352.676011 20 20
20190724T130352.684677 20 20
20190724T130352.693824 20 20
20190724T130352.705466 226.835 240.534 71.9781 64.7232 144.817 255.563 270.254 275.175 271.365 20190724T130352.705466 20 20
20190724T130352.714371 20 20
20190724T130352.723434 20 20
20190724T130352.731384 226.696 240.549 72.0643 64.7286 143.692 255.557 270.149 275.453 271.393 20190724T130352.731384 20 20
20190724T130352.744789 20 20
20190724T130352.757227 20 20
20190724T130352.766061 226.873 239.517 71.7507 64.3776 144.091 255.682 270 275.366 271.041 20190724T130352.766061 20 20
20190724T130352.772908 20 20
20190724T130352.783578 20 20
20190724T130352.792089 226.873 239.517 71.7507 64.3776 144.091 255.682 270 275.366 271.041 20190724T130352.792089 20 20
20190724T130352.803441 20 20
20190724T130353.591575 960 20
20190724T130353.600947 320.595 245.037 68.3168 64.0159 0.628235 300.192 272.968 319.897 273.718 20190724T130353.600947 960 20
20190724T130353.611469 960 20
20190724T130353.619364 960 20
20190724T130353.631386 320.317 244.91 67.3045 63.4831 2.17131 299.757 272.905 319.614 273.471 20190724T130353.631386 960 20
20190724T130353.641048 960 20
20190724T130353.651365 960 20
20190724T130353.659203 320.298 244.964 66.8802 63.4776 0.528473 299.851 272.806 319.617 273.363 20190724T130353.659203 960 20
20190724T130353.672143 960 20
20190724T130353.680471 960 20
20190724T130353.691973 320.132 244.619 66.3334 62.3004 8.47313 299.388 272.612 319.512 273.3 20190724T130353.691973 960 20
20190724T130353.700377 960 20
20190724T130353.711217 960 20
20190724T130353.719842 317.462 244.159 66.2323 62.3242 173.132 298.444 272.278 318.235 272.892 20190724T130353.719842 960 20
20190724T130353.732705 960 20
20190724T130353.739379 960 20
20190724T130353.751221 318.232 244.669 65.7544 62.2843 169.54 298.983 272.097 318.843 272.926 20190724T130353.751221 960 20
20190724T130353.760771 960 20
20190724T130353.771757 960 20
20190724T130353.779471 318.483 244.537 65.1729 61.9403 178.31 299.299 272.128 319.04 272.711 20190724T130353.779471 960 20
20190724T130353.792836 960 20
20190724T130353.799772 960 20
20190724T130353.812070 318.803 244.903 64.6033 61.3949 177.782 299.604 272.222 319.412 272.912 20190724T130353.812070 960 20
20190724T130353.824486 960 20
20190724T130353.833167 960 20
20190724T130353.843378 319.261 244.667 64.2792 60.8463 1.15009 299.887 272.164 319.771 273.038 20190724T130353.843378 960 20
20190724T130353.859156 960 20
20190724T130353.864751 960 20
20190724T130353.871888 319.298 245.258 64.1834 60.4711 0.0424805 300.311 272.811 319.793 273.469 20190724T130353.871888 960 20
20190724T130353.884053 960 20
20190724T130353.891889 960 20
20190724T130353.903901 319.079 245.656 63.8812 60.9562 173.814 299.996 273.139 319.901 273.801 20190724T130353.903901 960 20
20190724T130353.918297 960 20
20190724T130353.924338 960 20
20190724T130353.931218 318.95 246.084 63.7553 60.3564 178.207 299.679 273.613 319.285 274.082 20190724T130353.931218 960 20
20190724T130353.943826 960 20
20190724T130353.951380 960 20
20190724T130353.963344 318.893 246.16 63.6202 60.4487 177.154 299.679 273.613 319.202 273.972 20190724T130353.963344 960 20
20190724T130353.972054 960 20
20190724T130353.983236 960 20
20190724T130353.991488 318.633 246.133 63.7224 60.281 173.28 299.337 273.646 319.074 273.961 20190724T130353.991488 960 20
20190724T130354.005518 960 20
20190724T130354.012022 960 20
20190724T130354.023839 318.716 246.075 63.5768 59.9961 177.76 298.929 273.901 319.038 273.948 20190724T130354.023839 960 20
20190724T130354.033467 960 20
20190724T130354.043257 960 20
20190724T130354.051887 318.644 246.675 63.8616 60.5337 172.495 299.05 273.853 318.902 274.515 20190724T130354.051887 960 20
20190724T130354.064864 960 20
20190724T130354.075764 960 20
20190724T130354.084639 318.425 246.877 63.869 60.8039 171.816 298.915 274.154 318.705 274.932 20190724T130354.084639 960 20
20190724T130354.095716 960 20
20190724T130354.103454 960 20
20190724T130354.115949 318.312 247.15 63.8434 61.1709 169.782 298.588 274.338 318.516 274.972 20190724T130354.115949 960 20
20190724T130354.125629 960 20
20190724T130354.135293 960 20
20190724T130354.143390 318.258 247.33 63.9893 61.4925 171.85 298.447 274.399 318.516 274.972 20190724T130354.143390 960 20
20190724T130354.159116 960 20
20190724T130354.164896 960 20
20190724T130354.175471 318.519 247.922 64.4516 61.2098 3.12271 298.601 275.798 318.385 275.854 20190724T130354.175471 960 20
20190724T130354.184701 960 20
20190724T130354.195274 960 20
20190724T130354.203847 318.319 248.754 64.7295 61.9352 175.353 298.72 276.084 318.329 276.258 20190724T130354.203847 960 20
20190724T130354.216939 960 20
20190724T130354.223399 960 20
20190724T130354.235469 317.763 249.28 64.5831 61.879 179.946 298.289 276.427 318 276.871 20190724T130354.235469 960 20
20190724T130354.247202 960 20
20190724T130354.256112 960 20
20190724T130354.263265 317.266 249.57 64.9337 62.0728 172.777 297.784 276.577 317.431 277.176 20190724T130354.263265 960 20
20190724T130354.275892 960 20
20190724T130354.285332 960 20
20190724T130354.297164 316.805 249.524 65.1594 61.686 6.47888 297.114 276.843 317.045 277.404 20190724T130354.297164 960 20
20190724T130354.303891 960 20
20190724T130354.315786 960 20
20190724T130354.327402 316.464 249.914 64.9755 61.9192 2.13562 296.808 276.987 316.634 277.607 20190724T130354.327402 960 20
20190724T130354.339784 960 20
20190724T130354.347885 960 20
20190724T130354.355296 316.279 250.093 65.0126 61.3307 9.35144 296.461 277.737 316.174 277.72 20190724T130354.355296 960 20
20190724T130354.369538 960 20
20190724T130354.376406 960 20
20190724T130354.388026 316.125 250.254 65.2843 61.3482 12.5026 296.438 277.671 315.836 277.872 20190724T130354.388026 960 20
20190724T130354.396255 960 20
20190724T130354.407427 960 20
20190724T130354.415369 316.162 251.304 64.9458 62.1432 4.50781 296.436 278.064 316.28 278.512 20190724T130354.415369 960 20
20190724T130354.428129 960 20
20190724T130354.435333 960 20
20190724T130354.447770 316.582 251.462 65.0866 61.4535 6.6264 296.775 278.45 316.725 279.079 20190724T130354.447770 960 20
20190724T130354.460105 960 20
20190724T130354.467909 960 20
20190724T130354.475515 317.469 251.96 65.1881 60.5418 8.95081 297.611 279.564 317.333 279.706 20190724T130354.475515 960 20
20190724T130354.487963 960 20
20190724T130354.495912 960 20
20190724T130354.507390 317.213 252.918 64.7406 62.3245 171.937 297.704 279.761 317.471 280.088 20190724T130354.507390 960 20
20190724T130354.518197 960 20
20190724T130354.527370 960 20
20190724T130354.535351 316.959 253.25 64.778 61.924 175.795 297.171 279.862 317.244 280.144 20190724T130354.535351 960 20
20190724T130354.549090 960 20
20190724T130354.556785 960 20
20190724T130354.567997 316.837 253.024 64.4564 61.3795 5.14853 296.978 280.044 316.561 280.121 20190724T130354.567997 960 20
20190724T130354.581539 960 20
20190724T130354.588690 960 20
20190724T130354.599883 316.271 252.337 64.4876 61.4672 178.836 296.434 279.588 316.174 279.72 20190724T130354.599883 960 20
20190724T130354.609678 960 20
20190724T130354.619167 960 20
20190724T130354.627367 316.235 251.901 64.7525 61.2389 179.739 296.412 278.675 316.222 279.367 20190724T130354.627367 960 20
20190724T130354.641343 960 20
20190724T130354.648832 960 20
20190724T130354.659284 316.36 250.869 64.869 60.3725 8.63513 296.394 278.087 316.221 278.585 20190724T130354.659284 960 20
20190724T130354.669015 960 20
20190724T130354.679680 960 20
20190724T130354.687390 316.416 250.761 64.3001 60.9627 4.46878 296.44 278.193 316.116 278.265 20190724T130354.687390 960 20
20190724T130354.699363 960 20
20190724T130354.707232 960 20
20190724T130354.719705 316.41 250.429 64.8123 60.5097 179.65 296.443 277.913 316.157 277.931 20190724T130354.719705 960 20
20190724T130354.728783 960 20
20190724T130354.739371 960 20
20190724T130354.747358 316.405 250.351 64.6232 61.1066 178.17 296.321 277.65 316.077 277.928 20190724T130354.747358 960 20
20190724T130354.760180 960 20
20190724T130354.767358 960 20
20190724T130354.779360 316.309 250.538 64.7368 61.6394 179.521 296.5 277.82 316.328 278.087 20190724T130354.779360 960 20
20190724T130354.788357 960 20
20190724T130354.799474 960 20
20190724T130354.807340 316.707 250.878 65.127 61.8218 175.72 296.843 277.995 316.405 278.195 20190724T130354.807340 960 20
20190724T130354.821259 960 20
20190724T130354.831888 960 20
20190724T130354.839709 317.004 251.34 65.0961 62.0469 179.35 296.96 277.928 316.842 278.554 20190724T130354.839709 960 20
20190724T130354.851626 960 20
20190724T130354.859379 960 20
20190724T130354.871907 316.941 251.474 65.626 61.9576 179.404 296.837 278.242 316.814 278.645 20190724T130354.871907 960 20
20190724T130354.880113 960 20
20190724T130354.893924 960 20
20190724T130354.901590 316.778 251.731 66.1914 63.0254 176.673 296.738 278.122 316.732 278.601 20190724T130354.901590 960 20
20190724T130354.911812 960 20
20190724T130354.920405 960 20
20190724T130354.931359 317.014 251.167 66.2969 61.6844 5.88472 296.775 278.154 316.63 278.582 20190724T130354.931359 960 20
20190724T130354.941796 960 20
20190724T130354.952303 960 20
20190724T130354.959340 316.977 251.27 66.579 62.7248 0.957779 296.745 278.037 316.732 278.601 20190724T130354.959340 960 20
20190724T130354.974171 960 20
20190724T130354.980214 960 20
20190724T130354.991930 316.97 251.165 66.7799 63.1796 4.77301 296.827 277.987 316.842 278.554 20190724T130354.991930 960 20
20190724T130355.001104 960 20
20190724T130355.011294 960 20
20190724T130355.019916 316.771 251.289 67.5681 64.0455 167.307 296.714 277.692 316.552 278.295 20190724T130355.019916 960 20
20190724T130355.032015 960 20
20190724T130355.039419 960 20
20190724T130355.051806 316.981 250.693 67.8111 63.141 177.799 296.956 277.68 317.005 278.18 20190724T130355.051806 960 20
20190724T130355.062656 960 20
20190724T130355.072010 960 20
20190724T130355.788573 405.59 262.535 66.5132 60.0355 69.0166 334.444 285.51 357.422 285.307 20190724T130355.788573 1900 20
20190724T130355.799554 1900 20
20190724T130355.808554 1900 20
20190724T130355.816405 405.63 262.463 65.6534 59.7849 69.5355 334.694 285.622 357.465 285.363 20190724T130355.816405 1900 20
20190724T130355.830741 1900 20
20190724T130355.840457 1900 20
20190724T130355.850739 405.367 262.465 65.0669 58.924 69.8158 334.327 285.602 357.22 285.188 20190724T130355.850739 1900 20
20190724T130355.860937 1900 20
20190724T130355.869376 1900 20
20190724T130355.880522 405.2 262.514 63.7001 57.9928 66.9597 334.561 285.561 357.327 285.186 20190724T130355.880522 1900 20
20190724T130355.894995 1900 20
20190724T130355.904455 1900 20
20190724T130355.912150 405.2 262.514 63.7001 57.9928 66.9597 334.561 285.561 357.327 285.186 20190724T130355.912150 1900 20
20190724T130355.920414 1900 20
20190724T130355.930194 1900 20
20190724T130355.940948 405.435 262.219 63.1591 57.6423 69.3737 334.519 285.256 357.473 284.852 20190724T130355.940948 1900 20
20190724T130355.949650 1900 20
20190724T130355.960709 1900 20
20190724T130355.971142 405.672 261.856 62.261 57.0663 68.0567 335.067 285.067 357.553 284.693 20190724T130355.971142 1900 20
20190724T130355.980318 1900 20
20190724T130356.001064 1900 20
20190724T130356.006819 404.483 261.553 61.9059 56.7101 66.1757 334.899 284.394 357.284 284.738 20190724T130356.006819 1900 20
20190724T130356.016261 1900 20
20190724T130356.023876 1900 20
20190724T130356.033159 403.7 261.438 61.4022 56.5224 67.3546 335.164 284.157 356.639 283.846 20190724T130356.033159 1900 20
20190724T130356.043229 1900 20
20190724T130356.051376 1900 20
20190724T130356.060634 403.597 261.816 61.4395 55.8361 68.3573 335.156 284.546 356.679 284.482 20190724T130356.060634 1900 20
20190724T130356.069592 1900 20
20190724T130356.080983 1900 20
20190724T130356.093167 403.579 262.284 60.8605 55.4382 68.032 335.136 284.773 356.5 284.932 20190724T130356.093167 1900 20
20190724T130356.102345 1900 20
20190724T130356.112420 1900 20
20190724T130356.123803 403.387 262.089 60.4955 55.3323 68.9369 334.789 284.871 356.159 284.965 20190724T130356.123803 1900 20
20190724T130356.134247 1900 20
20190724T130356.147356 1900 20
20190724T130356.162739 403.333 262.058 60.2644 54.9925 68.2511 334.856 284.68 355.997 284.91 20190724T130356.162739 1900 20
20190724T130356.166323 1900 20
20190724T130356.177256 1900 20
20190724T130356.180987 403.266 261.948 60.0234 55.0141 69.9279 334.699 284.418 356.016 284.673 20190724T130356.180987 1900 20
20190724T130356.192743 1900 20
20190724T130356.199634 1900 20
20190724T130356.212461 403.895 262.038 59.3943 54.5851 69.7067 335.208 284.5 356.606 284.728 20190724T130356.212461 1900 20
20190724T130356.220962 1900 20
20190724T130356.232403 1900 20
20190724T130356.239496 403.917 262.027 59.471 54.3233 68.9505 335.347 284.479 356.756 284.558 20190724T130356.239496 1900 20
20190724T130356.252288 1900 20
20190724T130356.261515 1900 20
20190724T130356.272370 403.843 262.071 59.2515 54.2013 68.4565 335.333 284.44 356.723 284.632 20190724T130356.272370 1900 20
20190724T130356.280353 1900 20
20190724T130356.291766 1900 20
20190724T130356.300937 403.777 262.052 59.0601 53.9807 65.4428 335.261 284.587 356.677 284.667 20190724T130356.300937 1900 20
20190724T130356.317668 1900 20
20190724T130356.323424 1900 20
20190724T130356.332549 403.812 261.971 58.9853 53.9807 65.3425 335.1 284.52 356.807 284.577 20190724T130356.332549 1900 20
20190724T130356.343624 1900 20
20190724T130356.353016 1900 20
20190724T130356.366010 403.358 261.92 58.3909 53.8008 66.731 334.66 284.393 356.031 284.5 20190724T130356.366010 1900 20
20190724T130356.376688 1900 20
20190724T130356.385857 1900 20
20190724T130356.395770 403.224 261.776 58.4636 53.6239 67.9588 334.456 284.374 356.013 284.597 20190724T130356.395770 1900 20
20190724T130356.407395 1900 20
20190724T130356.417271 1900 20
20190724T130356.424893 403.738 261.875 58.6318 53.1943 65.1604 335.213 284.293 356.639 284.13 20190724T130356.424893 1900 20
20190724T130356.436733 1900 20
20190724T130356.446256 1900 20
20190724T130356.457220 404.227 261.741 58.3669 53.3912 66.4054 335.667 283.981 357.237 284.357 20190724T130356.457220 1900 20
20190724T130356.465449 1900 20
20190724T130356.474486 1900 20
20190724T130356.484162 403.75 261.864 57.9397 52.9634 67.2983 335.173 283.94 356.735 284.319 20190724T130356.484162 1900 20
20190724T130356.492979 1900 20
20190724T130356.503406 1900 20
20190724T130356.512290 404.055 261.92 57.9745 52.6584 67.4213 335.497 284.293 356.813 284.14 20190724T130356.512290 1900 20
20190724T130356.524504 1900 20
20190724T130356.533796 1900 20
20190724T130356.543582 404.089 262.406 57.7793 52.7027 65.285 335.625 284.632 356.747 284.849 20190724T130356.543582 1900 20
20190724T130356.552845 1900 20
20190724T130356.564571 1900 20
20190724T130356.575533 404.211 262.502 58.3213 52.7535 66.254 335.374 285.187 357.079 284.84 20190724T130356.575533 1900 20
20190724T130356.584293 1900 20
20190724T130356.596402 1900 20
20190724T130356.607894 403.897 262.407 58.1964 53.2659 65.7511 335.074 284.637 356.814 284.577 20190724T130356.607894 1900 20
20190724T130356.616361 1900 20
20190724T130356.625538 1900 20
20190724T130356.636533 404.005 262.454 58.7194 53.4034 66.8445 335.444 284.526 356.805 284.89 20190724T130356.636533 1900 20
20190724T130356.644497 1900 20
20190724T130356.655627 1900 20
20190724T130356.665834 403.979 262.476 58.6853 53.8161 68.5965 335.394 284.5 356.803 285.048 20190724T130356.665834 1900 20
20190724T130356.675321 1900 20
20190724T130356.684291 1900 20
20190724T130356.696547 404.053 262.724 59.8377 54.0611 66.3189 335.651 284.713 356.917 284.471 20190724T130356.696547 1900 20
20190724T130356.703909 1900 20
20190724T130356.716305 1900 20
20190724T130356.724537 404.053 262.724 59.8377 54.0611 66.3189 335.651 284.713 356.917 284.471 20190724T130356.724537 1900 20
20190724T130356.736888 1900 20
20190724T130356.746250 1900 20
20190724T130356.756583 404.502 262.944 60.3199 55.1184 65.0253 335.984 285.202 357.548 284.938 20190724T130356.756583 1900 20
20190724T130356.764878 1900 20
20190724T130356.776584 1900 20
20190724T130356.786277 404.399 263.405 60.8896 55.6223 69.28 336.153 285.12 357.539 285.154 20190724T130356.786277 1900 20
20190724T130356.798859 1900 20
20190724T130356.808204 1900 20
20190724T130356.817399 404.1 263.446 61.4009 56.1955 65.5289 335.941 285.037 357.18 285.221 20190724T130356.817399 1900 20
20190724T130356.826177 1900 20
20190724T130356.836530 1900 20
20190724T130356.847878 403.913 263.885 62.0387 56.9086 69.2898 335.816 285.475 357.061 285.522 20190724T130356.847878 1900 20
20190724T130356.861001 1900 20
20190724T130356.869518 1900 20
20190724T130356.879434 404.134 263.837 62.2982 57.6531 70.5114 335.982 285.333 357.221 285.488 20190724T130356.879434 1900 20
20190724T130356.889184 1900 20
20190724T130356.899611 1900 20
20190724T130356.918469 404.366 263.543 62.8528 57.7307 71.4781 336.36 285.369 357.421 285.362 20190724T130356.918469 1900 20
20190724T130356.925791 1900 20
20190724T130356.930606 1900 20
20190724T130356.941534 404.679 263.49 63.4515 57.9498 68.0348 336.892 285 357.731 285.352 20190724T130356.941534 1900 20
20190724T130356.948778 1900 20
20190724T130356.960095 1900 20
20190724T130356.967915 404.944 263.735 63.6113 58.2169 70.0351 337.119 285.238 357.873 285.422 20190724T130356.967915 1900 20
20190724T130356.976416 1900 20
20190724T130356.988557 1900 20
20190724T130356.998429 404.773 263.726 63.8381 58.5771 71.9188 337 285.227 357.81 285.377 20190724T130356.998429 1900 20
20190724T130357.010602 1900 20
20190724T130357.016875 1900 20
20190724T130357.028719 404.817 263.899 64.0581 58.8842 73.724 337.1 285.4 357.749 285.432 20190724T130357.028719 1900 20
20190724T130357.042730 1900 20
20190724T130357.050116 1900 20
20190724T130357.060650 404.214 270.521 62.5219 58.7336 58.3507 336.014 290.137 357.523 288.795 20190724T130357.060650 1900 20
20190724T130357.067984 1900 20
20190724T130357.076959 1900 20
20190724T130357.088841 404.215 270.365 62.7937 58.8421 62.4868 336.014 290.137 357.523 288.795 20190724T130357.088841 1900 20
20190724T130357.100733 1900 20
20190724T130357.108848 1900 20
20190724T130357.121576 402.503 288.538 60.9815 58.205 31.6506 335.173 294.682 356.034 295.474 20190724T130357.121576 1900 20
20190724T130357.129524 1900 20
20190724T130357.140602 1900 20
20190724T130357.152658 400.003 304.717 64.6157 60.037 98.1411 333.827 301.244 354.72 301.147 20190724T130357.152658 1900 20
20190724T130357.159781 1900 20
20190724T130357.167899 1900 20
20190724T130357.180430 398.096 309.307 66.0515 60.0351 105.253 333.592 305.171 353.966 305.5 20190724T130357.180430 1900 20
20190724T130357.192263 1900 20
20190724T130357.200530 1900 20
20190724T130357.207983 397.942 310.697 65.5173 60.5253 106.134 333.696 305 354.162 305.469 20190724T130357.207983 1900 20
20190724T130357.219677 1900 20
20190724T130357.234239 1900 20
20190724T130357.244254 398.093 310.702 65.451 60.8009 103.962 333.696 305 354.626 305.468 20190724T130357.244254 1900 20
20190724T130357.248873 1900 20
20190724T130357.259389 1900 20
20190724T130357.268374 398.363 310.507 65.5706 60.6779 102.568 333.769 304.917 354.703 305.439 20190724T130357.268374 1900 20
20190724T130357.290716 1900 20
20190724T130357.977016 1900 540
20190724T130357.985047 399.866 307.101 66.2372 62.1638 100.812 335.252 303.691 355.939 303.765 20190724T130357.985047 1900 540
20190724T130357.995467 1900 540
20190724T130358.003532 1900 540
20190724T130358.017025 399.691 307.093 66.1948 62.5524 103.204 335.053 303.765 355.837 303.89 20190724T130358.017025 1900 540
20190724T130358.026430 1900 540
20190724T130358.036929 1900 540
20190724T130358.044489 400.031 307.299 66.121 61.7498 105.515 335.326 304.125 356.034 304.398 20190724T130358.044489 1900 540
20190724T130358.056558 1900 540
20190724T130358.065497 1900 540
20190724T130358.075409 400.122 307.491 65.474 61.645 104.884 335.553 304.051 356.082 304.397 20190724T130358.075409 1900 540
20190724T130358.085345 1900 540
20190724T130358.097213 1900 540
20190724T130358.108254 399.934 306.827 64.4925 60.9992 107.869 335.292 303.612 356.031 303.874 20190724T130358.108254 1900 540
20190724T130358.117762 1900 540
20190724T130358.127924 1900 540
20190724T130358.136596 399.923 306.72 63.8 60.0666 105.275 335.479 303.31 356.217 303.926 20190724T130358.136596 1900 540
20190724T130358.153236 1900 540
20190724T130358.157098 1900 540
20190724T130358.168030 400.792 306.842 63.0732 59.3293 105.603 336.24 303.53 356.798 303.791 20190724T130358.168030 1900 540
20190724T130358.175698 1900 540
20190724T130358.187306 1900 540
20190724T130358.196769 401.068 306.892 62.2054 58.8732 107.938 336.581 303.509 357.308 303.794 20190724T130358.196769 1900 540
20190724T130358.207453 1900 540
20190724T130358.218066 1900 540
20190724T130358.227329 400.611 306.617 61.6391 58.0937 106.088 335.943 303.317 356.843 303.866 20190724T130358.227329 1900 540
20190724T130358.235961 1900 540
20190724T130358.248148 1900 540
20190724T130358.256472 400.569 306.497 60.9264 57.6405 111.418 335.729 303.242 356.716 303.446 20190724T130358.256472 1900 540
20190724T130358.268465 1900 540
20190724T130358.276428 1900 540
20190724T130358.288664 400.875 307.087 60.6074 57.0845 101.87 335.942 303.646 356.574 304.033 20190724T130358.288664 1900 540
20190724T130358.297420 1900 540
20190724T130358.308854 1900 540
20190724T130358.316427 401.024 306.304 60.421 57.0856 104.629 336.07 303.387 356.891 303.925 20190724T130358.316427 1900 540
20190724T130358.328009 1900 540
20190724T130358.337631 1900 540
20190724T130358.351095 396.921 312.596 45.9491 37.3978 32.8942 336.674 300.285 358.031 300.222 20190724T130358.351095 1900 540
20190724T130358.362083 1900 540
20190724T130358.368996 1900 540
20190724T130358.379725 398.339 313.895 48.078 37.0098 22.1199 337.208 299.715 357.46 300.055 20190724T130358.379725 1900 540
20190724T130358.390311 1900 540
20190724T130358.400580 1900 540
20190724T130358.408987 401.927 304.207 58.4283 55.4745 90.9683 337 299.899 357.396 300.399 20190724T130358.408987 1900 540
20190724T130358.420904 1900 540
20190724T130358.432137 1900 540
20190724T130358.442468 401.409 303.94 58.9132 56.812 98.8399 336.281 300.404 357.243 300.657 20190724T130358.442468 1900 540
20190724T130358.448468 1900 540
20190724T130358.460921 1900 540
20190724T130358.469008 401.682 303.333 61.0361 56.7342 105.853 335.723 300.829 356.767 301.217 20190724T130358.469008 1900 540
20190724T130358.479751 1900 540
20190724T130358.487530 1900 540
20190724T130358.499960 401.65 304.177 61.4174 57.135 102.825 335.81 301.377 356.82 301.981 20190724T130358.499960 1900 540
20190724T130358.508272 1900 540
20190724T130358.520963 1900 540
20190724T130358.529953 401.87 304.513 61.4975 57.4654 98.5464 336.315 301.597 357.252 301.856 20190724T130358.529953 1900 540
20190724T130358.539649 1900 540
20190724T130358.548540 1900 540
20190724T130358.560463 402.262 305.713 62.2877 58.2968 103.29 336.499 302.985 357.712 303.271 20190724T130358.560463 1900 540
20190724T130358.570026 1900 540
20190724T130358.580472 1900 540
20190724T130358.588030 401.896 306.235 62.9268 58.5974 105.549 336.318 303.365 357.348 303.702 20190724T130358.588030 1900 540
20190724T130358.600744 1900 540
20190724T130358.612688 1900 540
20190724T130358.621284 401.978 306.746 63.5926 59.1972 100.944 336.284 303.654 357.422 303.777 20190724T130358.621284 1900 540
20190724T130358.633223 1900 540
20190724T130358.649126 1900 540
20190724T130358.658244 401.523 307.137 64.1614 60.0564 102.81 336.019 304.111 356.683 304.325 20190724T130358.658244 1900 540
20190724T130358.666824 1900 540
20190724T130358.676932 1900 540
20190724T130358.682619 401.723 306.642 64.7675 60.29 105.022 335.81 303.377 357.08 303.953 20190724T130358.682619 1900 540
20190724T130358.694840 1900 540
20190724T130358.706245 1900 540
20190724T130358.716634 401.94 306.456 64.929 61.0582 103.617 336.293 303.296 357.474 303.768 20190724T130358.716634 1900 540
20190724T130358.726806 1900 540
20190724T130358.734322 1900 540
20190724T130358.744959 401.648 306.309 66.1528 61.6183 104.056 335.753 303.321 357.109 303.333 20190724T130358.744959 1900 540
20190724T130358.756292 1900 540
20190724T130358.760792 1900 540
20190724T130358.771830 400.149 305.822 66.1768 62.0047 103.805 335.586 302.954 356.286 303.343 20190724T130358.771830 1900 540
20190724T130358.784632 1900 540
20190724T130358.792712 1900 540
20190724T130358.800230 400.4 306.452 66.8067 62.0584 102.132 335.711 303.261 356.44 303.333 20190724T130358.800230 1900 540
20190724T130358.812455 1900 540
20190724T130358.821074 1900 540
20190724T130358.832616 400.4 306.452 66.8067 62.0584 102.132 335.711 303.261 356.44 303.333 20190724T130358.832616 1900 540
20190724T130358.842721 1900 540
20190724T130358.852579 1900 540
20190724T130358.864482 400.403 306.602 66.7232 62.297 102.91 335.673 303.399 356.406 303.667 20190724T130358.864482 1900 540
20190724T130358.879291 1900 540
20190724T130358.884504 1900 540
20190724T130358.895994 400.465 306.987 66.7748 62.2017 103.283 335.712 303.548 356.802 304.07 20190724T130358.895994 1900 540
20190724T130358.904613 1900 540
20190724T130358.915214 1900 540
20190724T130358.923891 400.918 307.402 67.0542 61.7993 99.839 336.508 303.779 357.386 304.36 20190724T130358.923891 1900 540
20190724T130358.933926 1900 540
20190724T130358.944289 1900 540
20190724T130358.951819 401.115 307.556 66.8177 61.374 101.964 336.78 304.127 357.546 304.382 20190724T130358.951819 1900 540
20190724T130358.963547 1900 540
20190724T130358.972936 1900 540
20190724T130358.984727 401.126 307.528 66.5925 61.3061 102.206 336.791 304.108 357.488 304.358 20190724T130358.984727 1900 540
20190724T130358.993172 1900 540
20190724T130359.004687 1900 540
20190724T130359.013015 401.13 307.516 66.4755 61.1537 101.507 336.71 304.106 357.631 304.404 20190724T130359.013015 1900 540
20190724T130359.023679 1900 540
20190724T130359.031379 1900 540
20190724T130359.046696 401.125 307.21 66.0302 61.0843 101.145 336.575 303.587 357.513 303.853 20190724T130359.046696 1900 540
20190724T130359.055210 1900 540
20190724T130359.065004 1900 540
20190724T130359.072655 401.143 307.403 65.6499 60.9653 100.233 336.728 303.803 357.627 304.114 20190724T130359.072655 1900 540
20190724T130359.085935 1900 540
20190724T130359.098354 1900 540
20190724T130359.108373 401.361 307.237 65.2213 60.3972 99.7539 336.98 303.875 357.641 303.965 20190724T130359.108373 1900 540
20190724T130359.116459 1900 540
20190724T130359.126402 1900 540
20190724T130359.136345 401.306 307.014 64.8377 60.2278 100.039 336.81 303.5 357.797 303.718 20190724T130359.136345 1900 540
20190724T130359.146292 1900 540
20190724T130359.159400 1900 540
20190724T130359.166375 401.317 306.999 64.8013 60.2218 99.7263 336.81 303.5 357.797 303.718 20190724T130359.166375 1900 540
20190724T130359.176223 1900 540
20190724T130359.184300 1900 540
20190724T130359.196587 401.271 306.932 64.3973 59.6862 102.333 336.737 303.47 358.165 304.034 20190724T130359.196587 1900 540
20190724T130359.206446 1900 540
20190724T130359.215411 1900 540
20190724T130359.224464 401.026 306.805 64.0031 59.3802 101.65 336.391 303.333 357.788 304.017 20190724T130359.224464 1900 540
20190724T130359.236882 1900 540
20190724T130359.245506 1900 540
20190724T130359.258385 401.08 306.496 63.9007 59.3993 100.86 336.345 303.102 357.567 303.46 20190724T130359.258385 1900 540
20190724T130359.266744 1900 540
20190724T130359.276482 1900 540
20190724T130359.284624 401.243 306.545 63.4902 59.387 104.329 336.426 303.021 357.771 303.549 20190724T130359.284624 1900 540
20190724T130359.296579 1900 540
20190724T130359.304933 1900 540
20190724T130359.316530 401.598 306.77 63.6915 59.0195 103.334 336.924 303.46 357.853 303.74 20190724T130359.316530 1900 540
20190724T130359.324480 1900 540
20190724T130359.335610 1900 540
20190724T130359.345486 401.541 307.017 63.7779 59.2171 104.226 336.99 303.57 357.773 304.043 20190724T130359.345486 1900 540
20190724T130359.356499 1900 540
20190724T130359.369504 1900 540
20190724T130359.378521 401.313 307.218 63.4155 59.4264 105.9 336.771 303.653 357.756 303.881 20190724T130359.378521 1900 540
20190724T130359.388896 1900 540
20190724T130359.399139 1900 540
20190724T130359.407469 399.878 307.101 63.6003 58.7999 108.038 335.575 303.613 356.125 304.09 20190724T130359.407469 1900 540
20190724T130359.415888 1900 540
20190724T130359.429636 1900 540
20190724T130359.437799 388.982 307.304 64.1472 53.0446 100.891 331.161 303.627 351.481 304.113 20190724T130359.437799 1900 540
20190724T130359.449117 1900 540
20190724T130359.459499 1900 540
20190724T130359.469888 370.172 306.725 63.2604 57.1287 114.19 323.712 302.952 343.222 303.768 20190724T130359.469888 1900 540
20190724T130400.153032 960 540
20190724T130400.164088 960 540
20190724T130400.172079 314.918 300.483 68.3622 65.2517 155.309 297.503 300.05 316.709 300.444 20190724T130400.172079 960 540
20190724T130400.184306 960 540
20190724T130400.192028 960 540
20190724T130400.204953 314.867 300.188 68.1163 64.8667 151.211 297.503 300.05 316.778 300.198 20190724T130400.204953 960 540
20190724T130400.213935 960 540
20190724T130400.224730 960 540
20190724T130400.234402 314.807 299.836 67.1675 64.5799 147.921 297.481 299.595 316.886 299.99 20190724T130400.234402 960 540
20190724T130400.244137 960 540
20190724T130400.254436 960 540
20190724T130400.264822 315.753 299.92 65.8577 63.1255 149.937 298.5 299.994 317.918 300.234 20190724T130400.264822 960 540
20190724T130400.274382 960 540
20190724T130400.284605 960 540
20190724T130400.294926 314.991 299.609 63.8972 61.98 150.447 297.891 299.234 317.338 299.512 20190724T130400.294926 960 540
20190724T130400.306093 960 540
20190724T130400.318800 960 540
20190724T130400.326013 314.791 299.878 62.6721 60.3347 152.446 297.928 299.713 317.528 300.195 20190724T130400.326013 960 540
20190724T130400.337141 960 540
20190724T130400.347116 960 540
20190724T130400.358218 314.805 299.886 62.4719 60.2651 156.439 297.869 299.94 317.469 299.961 20190724T130400.358218 960 540
20190724T130400.365025 960 540
20190724T130400.376893 960 540
20190724T130400.401377 314.682 299.875 62.1751 59.9171 156.644 297.878 299.779 317.338 299.876 20190724T130400.401377 960 540
20190724T130400.410525 960 540
20190724T130400.417632 960 540
20190724T130400.427169 314.435 299.792 62.0864 59.8204 154.628 297.706 299.721 317.093 299.88 20190724T130400.427169 960 540
20190724T130400.437202 960 540
20190724T130400.445324 960 540
20190724T130400.456188 314.25 299.431 62.0765 59.9959 158.22 297.544 299.245 316.864 299.662 20190724T130400.456188 960 540
20190724T130400.465636 960 540
20190724T130400.475798 960 540
20190724T130400.485439 314.254 299.44 62.0867 59.9669 158.06 297.544 299.245 316.864 299.662 20190724T130400.485439 960 540
20190724T130400.498475 960 540
20190724T130400.505969 960 540
20190724T130400.516124 313.977 299.192 62.2196 59.9986 155.524 297.441 298.912 316.597 299.57 20190724T130400.516124 960 540
20190724T130400.524616 960 540
20190724T130400.536591 960 540
20190724T130400.544379 313.881 299.303 62.4194 60.1219 158.492 297.279 298.956 316.7 299.556 20190724T130400.544379 960 540
20190724T130400.558634 960 540
20190724T130400.566378 960 540
20190724T130400.576989 314.417 299.257 62.913 60.2689 157.613 297.529 298.848 317.04 299.527 20190724T130400.576989 960 540
20190724T130400.583951 960 540
20190724T130400.597137 960 540
20190724T130400.603971 314.051 297.621 63.2564 60.9463 157.465 297.318 298.249 316.718 298.774 20190724T130400.603971 960 540
20190724T130400.615507 960 540
20190724T130400.628440 960 540
20190724T130400.636078 313.902 298.035 63.7401 60.8976 154.287 297.37 298.418 316.764 298.82 20190724T130400.636078 960 540
20190724T130400.648851 960 540
20190724T130400.656656 960 540
20190724T130400.667662 313.831 297.984 63.8892 61.3444 163.481 297.318 298.249 316.575 298.831 20190724T130400.667662 960 540
20190724T130400.676848 960 540
20190724T130400.688820 960 540
20190724T130400.697573 313.584 298.161 64.5282 61.3835 154.111 296.682 298.323 316.364 298.813 20190724T130400.697573 960 540
20190724T130400.708468 960 540
20190724T130400.715802 960 540
20190724T130400.728604 313.556 297.981 64.4089 61.3292 159.266 296.547 298.109 315.979 298.547 20190724T130400.728604 960 540
20190724T130400.742871 960 540
20190724T130400.750573 960 540
20190724T130400.758733 314.455 297.852 64.3364 61.0751 165.54 297.503 298.05 316.82 298.365 20190724T130400.758733 960 540
20190724T130400.768553 960 540
20190724T130400.778040 960 540
20190724T130400.788458 314.202 297.88 64.6015 61.2011 166.221 297.455 298.076 316.82 298.365 20190724T130400.788458 960 540
20190724T130400.795513 960 540
20190724T130400.809895 960 540
20190724T130400.819400 314.441 297.93 64.327 61.0761 165.344 297.455 298.076 316.82 298.365 20190724T130400.819400 960 540
20190724T130400.827492 960 540
20190724T130400.837639 960 540
20190724T130400.847764 314.438 297.98 64.216 61.149 164.166 297.614 298.048 316.926 298.656 20190724T130400.847764 960 540
20190724T130400.855520 960 540
20190724T130400.867373 960 540
20190724T130400.879655 314.47 298.256 64.6769 61.2253 164.533 297.635 298.375 316.943 298.929 20190724T130400.879655 960 540
20190724T130400.890237 960 540
20190724T130400.900828 960 540
20190724T130400.908586 314.399 298.308 64.7754 61.3208 162.793 297.576 298.369 317 299 20190724T130400.908586 960 540
20190724T130400.919449 960 540
20190724T130400.930309 960 540
20190724T130400.944041 314.29 298.23 64.7135 61.7055 166.408 297.359 298.333 316.705 298.932 20190724T130400.944041 960 540
20190724T130400.955446 960 540
20190724T130400.962653 960 540
20190724T130400.970833 314.329 298.23 65.3594 62.0613 163.288 297.37 298.418 316.856 298.974 20190724T130400.970833 960 540
20190724T130400.981055 960 540
20190724T130400.992062 960 540
20190724T130401.000644 314.464 298.22 66.0383 62.1334 164.686 297.318 298.249 316.801 298.901 20190724T130401.000644 960 540
20190724T130401.010579 960 540
20190724T130401.021947 960 540
20190724T130401.030055 314.534 298.067 66.6089 63.0703 160.691 297.478 298.323 316.96 298.826 20190724T130401.030055 960 540
20190724T130401.041703 960 540
20190724T130401.048365 960 540
20190724T130401.059412 315.021 298.189 67.4611 63.6518 160.552 298.068 298.52 317.423 298.965 20190724T130401.059412 960 540
20190724T130401.067896 960 540
20190724T130401.079412 960 540
20190724T130401.089001 314.983 298.375 67.7447 64.0877 160.078 297.851 298.605 317.413 299.258 20190724T130401.089001 960 540
20190724T130401.100526 960 540
20190724T130401.111701 960 540
20190724T130401.121129 314.934 298.289 68.5136 64.4958 163.278 297.847 298.519 317.244 298.995 20190724T130401.121129 960 540
20190724T130401.131820 960 540
20190724T130401.142258 960 540
20190724T130401.151387 315.019 298.608 68.7541 65.2443 164.44 297.718 298.713 317.425 299.338 20190724T130401.151387 960 540
20190724T130401.159376 960 540
20190724T130401.175099 960 540
20190724T130401.185539 315.019 298.608 68.7541 65.2443 164.44 297.718 298.713 317.425 299.338 20190724T130401.185539 960 540
20190724T130401.194721 960 540
20190724T130401.202760 960 540
20190724T130401.212163 314.84 298.521 69.5403 66.3154 163.254 297.503 298.901 317.04 299.527 20190724T130401.212163 960 540
20190724T130401.224434 960 540
20190724T130401.232458 960 540
20190724T130401.240505 315.716 298.955 70.1056 66.8468 163.012 298.361 299.261 317.831 299.974 20190724T130401.240505 960 540
20190724T130401.252020 960 540
20190724T130401.268950 960 540
20190724T130401.272466 316 299.241 70.3087 66.9399 165.192 298.621 299.508 317.964 300.268 20190724T130401.272466 960 540
20190724T130401.282940 960 540
20190724T130401.292099 960 540
20190724T130401.300502 315.777 299.837 70.9893 67.8409 166.701 298.306 299.968 317.923 300.273 20190724T130401.300502 960 540
20190724T130401.311920 960 540
20190724T130401.321760 960 540
20190724T130401.335105 315.809 300.18 71.3996 67.8662 165.3 298.338 300.169 317.923 300.727 20190724T130401.335105 960 540
20190724T130401.341425 960 540
20190724T130401.351460 960 540
20190724T130401.361296 316.054 300.455 71.2779 68.2087 165.865 298.443 300.333 317.939 300.924 20190724T130401.361296 960 540
20190724T130401.375653 960 540
20190724T130401.385279 960 540
20190724T130401.393085 316.328 300.614 71.5919 67.9407 158.924 298.82 300.697 318.289 301.206 20190724T130401.393085 960 540
20190724T130401.406030 960 540
20190724T130401.417865 960 540
20190724T130401.430218 316.352 300.754 71.5571 67.9259 163.363 298.82 300.697 318.289 301.206 20190724T130401.430218 960 540
20190724T130401.442596 960 540
20190724T130401.451611 960 540
20190724T130401.458494 316.268 300.912 71.8845 68.0063 161.322 298.928 300.897 318.405 301.554 20190724T130401.458494 960 540
20190724T130401.467570 960 540
20190724T130401.473691 960 540
20190724T130401.487137 316.225 301.322 71.8319 68.492 165.138 298.641 301.292 317.989 302.055 20190724T130401.487137 960 540
20190724T130401.500814 960 540
20190724T130401.510848 960 540
20190724T130401.521389 315.74 301.537 72.4228 68.76 161.684 298.201 301.5 317.688 302 20190724T130401.521389 960 540
20190724T130401.531267 960 540
20190724T130401.536649 960 540
20190724T130401.543642 315.5 301.559 72.7368 68.9465 163.117 298.108 301.379 317.562 302.156 20190724T130401.543642 960 540
20190724T130401.551608 960 540
20190724T130401.563459 960 540
20190724T130401.573940 315.287 301.482 72.7693 69.403 165.237 297.378 301.423 316.984 301.962 20190724T130401.573940 960 540
20190724T130401.585421 960 540
20190724T130401.592752 960 540
20190724T130401.603671 314.969 301.488 73.3913 69.3943 163.179 297.318 301.597 316.552 302.295 20190724T130401.603671 960 540
20190724T130401.611627 960 540
20190724T130401.624814 960 540
20190724T130401.636637 269.443 299.515 74.0928 67.2787 147.223 274.372 299.965 294.355 300.433 20190724T130401.636637 960 540
20190724T130401.645907 960 540
20190724T130402.348455 20 540
20190724T130402.360095 223.627 294.306 73.9213 71.5053 147.938 252.191 297.475 272.251 298.205 20190724T130402.360095 20 540
20190724T130402.370752 20 540
20190724T130402.379575 20 540
20190724T130402.391696 223.255 294.226 73.3631 71.2106 132.859 252.5 297.328 272.374 298.354 20190724T130402.391696 20 540
20190724T130402.401723 20 540
20190724T130402.411546 20 540
20190724T130402.419582 224.032 294.473 73.5166 71.4929 156.341 252.836 297.592 272.493 298.018 20190724T130402.419582 20 540
20190724T130402.431607 20 540
20190724T130402.440113 20 540
20190724T130402.451678 223.98 294.645 72.8852 70.688 137.432 253.228 297.864 273.105 298.215 20190724T130402.451678 20 540
20190724T130402.460123 20 540
20190724T130402.472733 20 540
20190724T130402.479974 223.995 294.601 72.2448 70.772 138.254 253.289 297.772 273.049 298.196 20190724T130402.479974 20 540
20190724T130402.492062 20 540
20190724T130402.499717 20 540
20190724T130402.512091 223.718 294.179 72.344 69.63 128.721 253.473 297.365 273.305 297.551 20190724T130402.512091 20 540
20190724T130402.520536 20 540
20190724T130402.531629 20 540
20190724T130402.539505 224.397 294.378 71.9471 70.0418 148.707 253.833 297.378 273.638 297.786 20190724T130402.539505 20 540
20190724T130402.552176 20 540
20190724T130402.559768 20 540
20190724T130402.571556 224.057 294.217 71.8335 69.6102 133.053 253.662 297.311 273.462 297.575 20190724T130402.571556 20 540
20190724T130402.580957 20 540
20190724T130402.591867 20 540
20190724T130402.600869 223.816 293.77 71.3667 69.5321 142.687 253.305 296.906 273.167 297.483 20190724T130402.600869 20 540
20190724T130402.612202 20 540
20190724T130402.619880 20 540
20190724T130402.631547 224.038 293.142 70.68 69.0531 138.627 253.764 296.042 273.52 296.778 20190724T130402.631547 20 540
20190724T130402.644514 20 540
20190724T130402.651559 20 540
20190724T130402.664171 224.317 293.112 70.9773 69.0703 132.92 253.865 296.068 273.771 296.688 20190724T130402.664171 20 540
20190724T130402.679888 20 540
20190724T130402.687423 20 540
20190724T130402.693664 224.497 293.156 70.8101 68.8975 131.654 254.176 296.294 274.225 296.86 20190724T130402.693664 20 540
20190724T130402.705829 20 540
20190724T130402.713167 20 540
20190724T130402.724182 224.45 292.905 71.0095 68.9985 136.683 253.889 295.944 273.751 296.627 20190724T130402.724182 20 540
20190724T130402.732926 20 540
20190724T130402.743391 20 540
20190724T130402.753535 224.402 292.81 71.2162 68.8168 129.417 253.85 295.92 273.603 296.236 20190724T130402.753535 20 540
20190724T130402.765253 20 540
20190724T130402.772829 20 540
20190724T130402.784075 224.447 292.597 71.415 68.6206 134.27 253.928 296.144 273.603 296.236 20190724T130402.784075 20 540
20190724T130402.792209 20 540
20190724T130402.803956 20 540
20190724T130402.811646 223.974 292.841 71.456 68.7783 123.078 253.676 295.856 273.129 296.253 20190724T130402.811646 20 540
20190724T130402.825787 20 540
20190724T130402.832433 20 540
20190724T130402.843640 224.008 292.586 71.2683 69.2964 127.759 253.604 295.685 273.156 296.124 20190724T130402.843640 20 540
20190724T130402.854182 20 540
20190724T130402.863451 20 540
20190724T130402.872115 224.507 292.481 71.7018 69.2945 118.391 254.061 295.197 273.797 295.801 20190724T130402.872115 20 540
20190724T130402.884867 20 540
20190724T130402.895599 20 540
20190724T130402.903563 224.568 292.576 71.7641 69.0928 122.012 254.103 295.333 274.028 295.917 20190724T130402.903563 20 540
20190724T130402.916635 20 540
20190724T130402.924789 20 540
20190724T130402.935541 224.364 292.647 72.2248 69.0318 121.083 253.889 295.338 273.729 295.829 20190724T130402.935541 20 540
20190724T130402.945350 20 540
20190724T130402.955402 20 540
20190724T130402.963620 224.42 292.611 72.1152 69.2822 125.113 254.021 295.226 273.615 295.987 20190724T130402.963620 20 540
20190724T130402.978290 20 540
20190724T130402.986755 20 540
20190724T130402.995542 224.392 292.665 72.2215 69.1641 122.447 253.915 295.249 273.764 295.938 20190724T130402.995542 20 540
20190724T130403.003704 20 540
20190724T130403.016875 20 540
20190724T130403.025690 224.453 292.818 72.1152 69.2298 126.748 253.781 295.318 273.675 295.866 20190724T130403.025690 20 540
20190724T130403.037467 20 540
20190724T130403.044877 20 540
20190724T130403.055661 224.386 291.901 72.2982 69.4045 124.917 253.662 294.894 273.533 295.764 20190724T130403.055661 20 540
20190724T130403.064152 20 540
20190724T130403.076642 20 540
20190724T130403.084109 224.699 292.016 71.8391 69.9906 126.76 254.014 294.971 274.062 295.838 20190724T130403.084109 20 540
20190724T130403.097813 20 540
20190724T130403.105549 20 540
20190724T130403.116005 224.938 291.924 71.9079 69.701 132.961 254.074 295.044 273.975 296.061 20190724T130403.116005 20 540
20190724T130403.125221 20 540
20190724T130403.135445 20 540
20190724T130403.148162 224.659 291.998 72.0288 70.0056 130.031 254.095 294.838 273.753 295.887 20190724T130403.148162 20 540
20190724T130403.159446 20 540
20190724T130403.168539 20 540
20190724T130403.177604 224.353 291.457 72.1643 69.7315 128.17 254 294.352 273.624 295.188 20190724T130403.177604 20 540
20190724T130403.188046 20 540
20190724T130403.197784 20 540
20190724T130403.207664 224.295 291.269 72.3598 69.705 120.999 254.042 294.042 273.651 295.127 20190724T130403.207664 20 540
20190724T130403.217174 20 540
20190724T130403.227960 20 540
20190724T130403.235751 224.478 290.714 72.2554 69.8798 125.555 253.852 293.824 273.675 294.688 20190724T130403.235751 20 540
20190724T130403.247572 20 540
20190724T130403.256509 20 540
20190724T130403.268091 224.426 290.274 72.0075 69.8908 127.354 253.871 293.086 273.595 293.92 20190724T130403.268091 20 540
20190724T130403.276088 20 540
20190724T130403.287937 20 540
20190724T130403.296101 224.781 288.426 72.0912 69.4306 123.66 254.191 291.475 274.24 292.036 20190724T130403.296101 20 540
20190724T130403.308725 20 540
20190724T130403.317064 20 540
20190724T130403.328142 226.401 287.616 72.1986 69.658 126.106 255.029 291.014 274.833 291.933 20190724T130403.328142 20 540
20190724T130403.339816 20 540
20190724T130403.350457 20 540
20190724T130403.356402 226.314 287.822 71.4668 70.0404 128.413 254.864 291.662 274.61 291.955 20190724T130403.356402 20 540
20190724T130403.369601 20 540
20190724T130403.378037 20 540
20190724T130403.387519 226.073 288.024 71.9113 69.373 123.705 254.843 291.486 274.41 292.423 20190724T130403.387519 20 540
20190724T130403.400769 20 540
20190724T130403.410316 20 540
20190724T130403.420291 225.842 288.629 71.7203 69.5703 125.62 254.455 292.076 274.381 293.078 20190724T130403.420291 20 540
20190724T130403.430678 20 540
20190724T130403.440041 20 540
20190724T130403.447760 221.405 289.347 72.6956 68.451 115.48 253.311 292.591 272.858 293.151 20190724T130403.447760 20 540
20190724T130403.460122 20 540
20190724T130403.468207 20 540
20190724T130403.480164 223.183 289.326 71.7905 69.4647 120.539 253.613 292.485 273.087 293.108 20190724T130403.480164 20 540
20190724T130403.488373 20 540
20190724T130403.499649 20 540
20190724T130403.507606 226.036 289.672 72.3082 68.7889 116.215 254.96 292.448 274.886 293.439 20190724T130403.507606 20 540
20190724T130403.522051 20 540
20190724T130403.529095 20 540
20190724T130403.539968 232.197 290.083 72.5507 70.2484 134.632 258.222 293 278.222 294.222 20190724T130403.539968 20 540
20190724T130403.548583 20 540
20190724T130403.561757 20 540
20190724T130403.571464 232.479 290.306 72.3295 70.3003 132.511 258.378 293.249 278.258 294.258 20190724T130403.571464 20 540
20190724T130403.580696 20 540
20190724T130403.588419 20 540
20190724T130403.600799 224.45 290.251 72.245 69.4771 121.124 254.269 293.317 274 293.947 20190724T130403.600799 20 540
20190724T130403.610602 20 540
20190724T130403.619757 20 540
20190724T130403.627407 224.176 289.976 72.2221 69.7578 122.878 254.056 293.045 273.911 293.844 20190724T130403.627407 20 540
20190724T130403.642060 20 540
20190724T130403.651443 20 540
20190724T130403.659615 224.046 290.063 72.0246 69.2856 114.108 254.463 293.384 274.055 294.008 20190724T130403.659615 20 540
20190724T130403.671494 20 540
20190724T130403.679998 20 540
20190724T130403.692327 224.326 290.716 72.0362 69.9704 118.206 254.216 294.08 274.192 294.105 20190724T130403.692327 20 540
20190724T130403.701372 20 540
20190724T130403.711604 20 540
20190724T130403.720168 224.245 290.808 72.4366 69.3705 122.034 254.276 293.839 274.192 294.105 20190724T130403.720168 20 540
20190724T130403.732223 20 540
20190724T130403.740350 20 540
20190724T130403.752848 224.389 290.831 72.6197 69.6054 123.896 254.207 293.768 274.225 294.343 20190724T130403.752848 20 540
20190724T130403.763145 20 540
20190724T130403.771359 20 540
20190724T130403.779849 224.396 290.678 72.7933 69.3641 123.29 254.678 293.579 274.279 294.046 20190724T130403.779849 20 540
20190724T130403.793546 20 540
20190724T130403.799523 20 540
20190724T130403.812124 224.41 290.382 72.5543 69.6265 118.435 254.516 293.242 274.24 294.036 20190724T130403.812124 20 540
20190724T130403.821630 20 540
20190724T130403.831873 20 540
20190724T130403.839602 224.385 290.117 72.2454 69.48 118.602 254.448 293.253 274.239 294.081 20190724T130403.839602 20 540
20190724T130404.609031 20 1060
20190724T130404.616138 20 1060
20190724T130404.628195 224.165 336.014 71.0943 68.6414 31.591 253.711 315.779 273.151 315.842 20190724T130404.628195 20 1060
20190724T130404.636781 20 1060
20190724T130404.647864 20 1060
20190724T130404.660169 223.868 336.318 70.9584 68.5357 26.4329 253.472 315.897 272.909 316.5 20190724T130404.660169 20 1060
20190724T130404.667997 20 1060
20190724T130404.679641 20 1060
20190724T130404.688244 223.852 336.809 71.1125 68.2987 30.78 253.342 316.104 272.929 316.643 20190724T130404.688244 20 1060
20190724T130404.700113 20 1060
20190724T130404.710866 20 1060
20190724T130404.719554 223.989 336.888 70.7118 68.3813 25.3072 253.282 316.563 273 317.24 20190724T130404.719554 20 1060
20190724T130404.731172 20 1060
20190724T130404.739621 20 1060
20190724T130404.747869 223.893 337.076 70.948 68.2668 31.9308 253.321 316.862 272.88 317.344 20190724T130404.747869 20 1060
20190724T130404.761205 20 1060
20190724T130404.770401 20 1060
20190724T130404.779509 224.115 337.606 70.3166 68.4072 30.3557 253.341 317.345 272.992 317.805 20190724T130404.779509 20 1060
20190724T130404.787897 20 1060
20190724T130404.799598 20 1060
20190724T130404.807807 224.03 337.892 70.6641 67.9075 36.8723 253.494 317.586 273.073 318.122 20190724T130404.807807 20 1060
20190724T130404.821669 20 1060
20190724T130404.827585 20 1060
20190724T130404.841114 224.112 337.67 70.261 67.775 33.5853 253.48 317.167 273.067 317.7 20190724T130404.841114 20 1060
20190724T130404.851338 20 1060
20190724T130404.862629 20 1060
20190724T130404.868757 224.27 337.839 70.2274 67.6858 38.6679 253.735 317.284 273.159 317.685 20190724T130404.868757 20 1060
20190724T130404.881092 20 1060
20190724T130404.890252 20 1060
20190724T130404.901066 224.675 338.121 70.2919 67.8499 38.5506 254.205 317.628 273.801 318.11 20190724T130404.901066 20 1060
20190724T130404.912735 20 1060
20190724T130404.922736 20 1060
20190724T130404.931565 224.654 338.392 70.563 67.9074 37.7583 254.046 318.174 273.455 318.318 20190724T130404.931565 20 1060
20190724T130404.940151 20 1060
20190724T130404.952872 20 1060
20190724T130404.960137 224.284 338.553 70.4339 67.9451 31.4852 253.671 317.941 273.195 318.363 20190724T130404.960137 20 1060
20190724T130404.972180 20 1060
20190724T130404.981892 20 1060
20190724T130404.991635 224.555 338.417 70.7516 68.1345 37.4977 253.701 317.974 273.217 318.079 20190724T130404.991635 20 1060
20190724T130405.002176 20 1060
20190724T130405.011686 20 1060
20190724T130405.019768 224.576 338.269 70.9273 68.3658 37.4448 253.671 317.941 273.498 317.957 20190724T130405.019768 20 1060
20190724T130405.032205 20 1060
20190724T130405.039987 20 1060
20190724T130405.051704 224.295 338.355 71.2383 68.2624 43.8956 253.553 317.927 272.895 318.221 20190724T130405.051704 20 1060
20190724T130405.061603 20 1060
20190724T130405.071933 20 1060
20190724T130405.079872 223.238 338.075 71.1523 68.4985 36.7413 252.359 317.731 272.004 317.902 20190724T130405.079872 20 1060
20190724T130405.092744 20 1060
20190724T130405.100794 20 1060
20190724T130405.111619 223.039 337.8 71.3969 68.6203 40.0179 252.229 317.161 271.722 317.571 20190724T130405.111619 20 1060
20190724T130405.121975 20 1060
20190724T130405.132769 20 1060
20190724T130405.139744 223.166 336.344 71.4629 68.5417 40.392 252.279 316 271.889 316.567 20190724T130405.139744 20 1060
20190724T130405.153004 20 1060
20190724T130405.163741 20 1060
20190724T130405.172182 223.544 336.326 71.4673 68.7138 39.9445 252.624 316.038 272.131 316.56 20190724T130405.172182 20 1060
20190724T130405.185094 20 1060
20190724T130405.192406 20 1060
20190724T130405.204192 223.869 336.484 71.4412 68.7927 37.8433 252.916 316.173 272.52 316.512 20190724T130405.204192 20 1060
20190724T130405.211656 20 1060
20190724T130405.223677 20 1060
20190724T130405.231875 223.925 336.424 71.509 68.5931 39.4424 252.979 316 272.682 316.594 20190724T130405.231875 20 1060
20190724T130405.245138 20 1060
20190724T130405.252184 20 1060
20190724T130405.264010 223.98 336.246 71.5202 68.2159 36.5039 253.011 315.845 272.69 316.5 20190724T130405.264010 20 1060
20190724T130405.278369 20 1060
20190724T130405.284627 20 1060
20190724T130405.292261 223.997 336.219 71.1719 68.5166 37.6905 253.159 315.788 272.768 316.375 20190724T130405.292261 20 1060
20190724T130405.303922 20 1060
20190724T130405.312152 20 1060
20190724T130405.323860 224.289 336.304 71.1423 68.5509 39.929 253.361 315.742 272.974 316.341 20190724T130405.323860 20 1060
20190724T130405.333286 20 1060
20190724T130405.344590 20 1060
20190724T130405.351688 224.338 336.388 71.1381 68.1768 42.1694 253.701 316.074 273.015 316.222 20190724T130405.351688 20 1060
20190724T130405.364277 20 1060
20190724T130405.371641 20 1060
20190724T130405.384168 224.12 336.35 70.8707 68.5496 38.8962 253.256 316.154 272.674 316.285 20190724T130405.384168 20 1060
20190724T130405.392269 20 1060
20190724T130405.403847 20 1060
20190724T130405.415690 223.995 336.318 70.918 68.3166 42.1799 253.073 316.122 272.729 316.007 20190724T130405.415690 20 1060
20190724T130405.425511 20 1060
20190724T130405.435636 20 1060
20190724T130405.443605 223.954 335.994 70.7729 68.1413 37.9323 252.92 315.89 272.641 315.748 20190724T130405.443605 20 1060
20190724T130405.456517 20 1060
20190724T130405.463630 20 1060
20190724T130405.475709 223.978 335.975 70.6158 68.3821 37.4794 252.996 315.655 272.797 316.069 20190724T130405.475709 20 1060
20190724T130405.489591 20 1060
20190724T130405.497204 20 1060
20190724T130405.503594 224.079 335.97 70.9315 67.9045 42.8989 253.143 315.489 272.92 316.016 20190724T130405.503594 20 1060
20190724T130405.515475 20 1060
20190724T130405.523777 20 1060
20190724T130405.536265 224.409 335.885 71.1679 68.27 38.7922 253.459 315.514 272.955 316.165 20190724T130405.536265 20 1060
20190724T130405.545592 20 1060
20190724T130405.556751 20 1060
20190724T130405.563899 224.37 335.84 70.7013 68.185 39.6283 253.112 315.43 272.866 315.752 20190724T130405.563899 20 1060
20190724T130405.575738 20 1060
20190724T130405.583662 20 1060
20190724T130405.596177 224.206 335.301 71.5585 67.873 40.1983 253.132 314.934 272.85 315.377 20190724T130405.596177 20 1060
20190724T130405.604954 20 1060
20190724T130405.615792 20 1060
20190724T130405.624193 224.299 334.467 71.2149 68.2904 40.9725 253.011 313.845 272.807 314.398 20190724T130405.624193 20 1060
20190724T130405.637126 20 1060
20190724T130405.644539 20 1060
20190724T130405.655471 224.327 334.375 71.6088 67.9503 40.0518 253.264 313.76 272.866 314.175 20190724T130405.655471 20 1060
20190724T130405.668471 20 1060
20190724T130405.675671 20 1060
20190724T130405.687949 224.699 334.556 71.1362 68.3529 40.9406 253.467 313.867 272.966 314.602 20190724T130405.687949 20 1060
20190724T130405.702455 20 1060
20190724T130405.710469 20 1060
20190724T130405.717923 224.346 334.454 71.5173 68.1203 40.2988 253.264 313.76 272.833 314.467 20190724T130405.717923 20 1060
20190724T130405.729165 20 1060
20190724T130405.737918 20 1060
20190724T130405.747500 224.102 334.348 71.6495 67.7529 39.5573 252.875 313.686 272.519 313.953 20190724T130405.747500 20 1060
20190724T130405.756748 20 1060
20190724T130405.767762 20 1060
20190724T130405.775980 224.097 334.327 71.7477 68.0139 38.9567 252.936 314.038 272.561 314.171 20190724T130405.775980 20 1060
20190724T130405.789327 20 1060
20190724T130405.795549 20 1060
20190724T130405.807817 224.113 334.837 71.0191 67.8952 37.4772 252.89 313.924 272.592 314.608 20190724T130405.807817 20 1060
20190724T130405.817608 20 1060
20190724T130405.827621 20 1060
20190724T130405.837256 224.167 334.967 70.9934 67.4129 39.1575 252.817 314.369 272.651 314.965 20190724T130405.837256 20 1060
20190724T130405.848942 20 1060
20190724T130405.856432 20 1060
20190724T130405.868241 224.054 334.859 70.9708 67.8062 37.2975 252.534 314.423 272.39 315.106 20190724T130405.868241 20 1060
20190724T130405.878140 20 1060
20190724T130405.887483 20 1060
20190724T130405.895649 222.019 333.901 70.8255 67.5446 41.3102 252.082 314.13 271.831 314.144 20190724T130405.895649 20 1060
20190724T130405.908936 20 1060
20190724T130405.920516 20 1060
20190724T130405.928410 222.589 333.791 70.566 67.5569 38.5424 251.816 313.915 271.816 313.976 20190724T130405.928410 20 1060
20190724T130405.940515 20 1060
20190724T130405.947622 20 1060
20190724T130405.959975 222.364 333.671 70.8472 67.5855 38.5064 251.733 313.892 271.567 313.893 20190724T130405.959975 20 1060
20190724T130405.968529 20 1060
20190724T130405.980132 20 1060
20190724T130405.988195 222.048 333.509 70.5955 67.7439 36.3161 251.456 313.623 271 313.5 20190724T130405.988195 20 1060
20190724T130406.000707 20 1060
20190724T130406.011289 20 1060
20190724T130406.020313 221.649 333.436 70.6259 67.2673 36.7052 251.035 313.512 270.866 313.752 20190724T130406.020313 20 1060
20190724T130406.028246 20 1060
20190724T130406.040707 20 1060
20190724T130406.048008 221.356 333.108 70.7291 67.3818 38.2157 250.796 313.433 270.831 313.728 20190724T130406.048008 20 1060
20190724T130406.059888 20 1060
20190724T130406.070719 20 1060
20190724T130406.079674 221.431 333.102 70.8673 67.224 40.294 251.115 313.202 270.912 313.51 20190724T130406.079674 20 1060
20190724T130406.088783 20 1060
20190724T130406.816650 960 1060
20190724T130406.825185 307.718 341.925 69.2253 64.9479 166.055 291.632 316.76 311.357 317.596 20190724T130406.825185 960 1060
20190724T130406.836461 960 1060
20190724T130406.843943 960 1060
20190724T130406.855727 307.645 342.029 68.8209 64.0332 167.8 291.5 316.5 311.385 317.427 20190724T130406.855727 960 1060
20190724T130406.865785 960 1060
20190724T130406.875469 960 1060
20190724T130406.883840 307.739 341.714 68.6905 63.5304 166.606 291.8 316.483 311.416 317.224 20190724T130406.883840 960 1060
20190724T130406.895687 960 1060
20190724T130406.904018 960 1060
20190724T130406.915697 307.753 341.635 68.2968 63.4666 167.527 291.781 316.302 311.455 317.131 20190724T130406.915697 960 1060
20190724T130406.928226 960 1060
20190724T130406.936063 960 1060
20190724T130406.950062 307.654 341.733 67.513 62.7248 167.562 291.588 316.627 311.484 317.469 20190724T130406.950062 960 1060
20190724T130406.959928 960 1060
20190724T130406.967663 960 1060
20190724T130406.976224 307.402 341.749 67.2065 61.8694 170.647 291.408 316.579 311.357 317.596 20190724T130406.976224 960 1060
20190724T130406.988766 960 1060
20190724T130406.995641 960 1060
20190724T130407.007751 307.167 341.934 65.9056 61.4491 169.989 291.446 316.5 311.357 317.596 20190724T130407.007751 960 1060
20190724T130407.018245 960 1060
20190724T130407.028287 960 1060
20190724T130407.036142 307.217 341.756 65.8742 61.3589 165.82 291.408 316.421 311.357 317.596 20190724T130407.036142 960 1060
20190724T130407.048954 960 1060
20190724T130407.056022 960 1060
20190724T130407.067945 306.986 341.44 65.3372 60.9592 173.112 291.279 316.24 311.187 317.32 20190724T130407.067945 960 1060
20190724T130407.078710 960 1060
20190724T130407.087764 960 1060
20190724T130407.095815 306.89 341.883 65.3438 59.712 171.185 291.353 316.284 311.14 317.483 20190724T130407.095815 960 1060
20190724T130407.109996 960 1060
20190724T130407.116926 960 1060
20190724T130407.128244 307.048 342.248 64.7305 59.1988 175.613 291.371 316.795 311.338 317.681 20190724T130407.128244 960 1060
20190724T130407.138127 960 1060
20190724T130407.147744 960 1060
20190724T130407.155758 307.326 341.905 64.4552 59.7279 168.024 291.541 316.378 311.259 317.746 20190724T130407.155758 960 1060
20190724T130407.169558 960 1060
20190724T130407.180023 960 1060
20190724T130407.188263 307.176 341.843 64.2976 59.7117 173.199 291.541 316.378 311.357 317.596 20190724T130407.188263 960 1060
20190724T130407.201193 960 1060
20190724T130407.208384 960 1060
20190724T130407.220263 307.376 341.757 64.1553 59.3938 172.043 291.588 316.284 311.484 317.469 20190724T130407.220263 960 1060
20190724T130407.229637 960 1060
20190724T130407.241443 960 1060
20190724T130407.247679 307.597 341.054 64.127 58.9551 169.632 292 315.721 311.807 316.85 20190724T130407.247679 960 1060
20190724T130407.260048 960 1060
20190724T130407.267971 960 1060
20190724T130407.279629 307.469 340.069 63.9665 59.1672 168.479 292.329 315.07 312.039 315.897 20190724T130407.279629 960 1060
20190724T130407.288156 960 1060
20190724T130407.299737 960 1060
20190724T130407.308239 301.273 344.19 52.4761 41.9671 24.2832 326.799 291.218 349.624 297.043 20190724T130407.308239 960 1060
20190724T130407.320295 960 1060
20190724T130407.330131 960 1060
20190724T130407.339601 302.076 344.864 51.5877 39.5363 14.9459 326.554 296.943 348.867 302.719 20190724T130407.339601 960 1060
20190724T130407.349166 960 1060
20190724T130407.361104 960 1060
20190724T130407.367748 306.899 337.652 62.4453 57.7039 3.94025 291.511 312.234 311.124 313.657 20190724T130407.367748 960 1060
20190724T130407.380892 960 1060
20190724T130407.390522 960 1060
20190724T130407.399704 306.929 337.667 63.1759 59.2032 178.559 292.5 313.004 310.747 313.644 20190724T130407.399704 960 1060
20190724T130407.409128 960 1060
20190724T130407.420783 960 1060
20190724T130407.432285 306.583 341.343 63.1228 54.135 5.31931 291.704 313.942 311.5 315.426 20190724T130407.432285 960 1060
20190724T130407.444606 960 1060
20190724T130407.451783 960 1060
20190724T130407.459749 307.271 340.111 63.286 58.3127 169.451 292.37 314.582 311.782 315.835 20190724T130407.459749 960 1060
20190724T130407.472252 960 1060
20190724T130407.480242 960 1060
20190724T130407.492004 307.013 340.21 63.8171 58.8961 168.169 291.112 315.206 311.192 316.443 20190724T130407.492004 960 1060
20190724T130407.501458 960 1060
20190724T130407.512836 960 1060
20190724T130407.520515 306.674 340.632 63.945 58.6799 168.843 291.042 315.257 311.15 316.172 20190724T130407.520515 960 1060
20190724T130407.532658 960 1060
20190724T130407.540198 960 1060
20190724T130407.552256 306.736 340.432 63.6556 59.5913 167.675 291.107 315.473 311.107 316.536 20190724T130407.552256 960 1060
20190724T130407.562609 960 1060
20190724T130407.573831 960 1060
20190724T130407.580472 306.689 340.997 64.1365 58.8527 171.614 291.107 315.473 311.211 316.502 20190724T130407.580472 960 1060
20190724T130407.592264 960 1060
20190724T130407.600327 960 1060
20190724T130407.612306 306.475 340.738 63.9233 60.1941 169.467 291.048 315.571 310.921 317.022 20190724T130407.612306 960 1060
20190724T130407.621776 960 1060
20190724T130407.632736 960 1060
20190724T130407.639618 306.514 341.735 64.3585 58.7664 171.026 291.129 315.862 311.181 317.136 20190724T130407.639618 960 1060
20190724T130407.652682 960 1060
20190724T130407.660829 960 1060
20190724T130407.672241 307.023 341.353 64.5893 60.6003 167.275 291.541 316.367 311.382 317.452 20190724T130407.672241 960 1060
20190724T130407.684511 960 1060
20190724T130407.691695 960 1060
20190724T130407.704211 307.179 341.68 64.7569 60.762 163.977 291.432 316.549 311.513 317.737 20190724T130407.704211 960 1060
20190724T130407.714827 960 1060
20190724T130407.724387 960 1060
20190724T130407.732493 307.064 342.526 65.4278 60.192 165.256 291.386 317.019 311.231 318.069 20190724T130407.732493 960 1060
20190724T130407.746376 960 1060
20190724T130407.752649 960 1060
20190724T130407.763692 307.025 342.673 65.5344 60.2613 163.552 291.171 317.193 311.013 318.175 20190724T130407.763692 960 1060
20190724T130407.773499 960 1060
20190724T130407.783603 960 1060
20190724T130407.792292 306.576 342.904 65.9378 60.8516 164.247 290.836 317.867 310.486 318.622 20190724T130407.792292 960 1060
20190724T130407.806410 960 1060
20190724T130407.813204 960 1060
20190724T130407.825062 306.592 343.259 65.818 61.1677 166.702 290.574 317.717 310.615 318.906 20190724T130407.825062 960 1060
20190724T130407.835715 960 1060
20190724T130407.844925 960 1060
20190724T130407.854111 306.372 343.701 65.9252 61.1362 164.59 290.539 318.105 310.382 319.556 20190724T130407.854111 960 1060
20190724T130407.864802 960 1060
20190724T130407.872198 960 1060
20190724T130407.883654 306.466 343.789 66.1281 61.202 164.586 290.416 318.228 310.458 319.745 20190724T130407.883654 960 1060
20190724T130407.894327 960 1060
20190724T130407.903636 960 1060
20190724T130407.911622 306.744 343.82 66.0331 61.1819 164.477 290.594 318.453 310.788 319.799 20190724T130407.911622 960 1060
20190724T130407.923954 960 1060
20190724T130407.936323 960 1060
20190724T130407.944261 306.883 343.905 65.9285 61.0136 162.734 290.63 318.418 310.874 319.787 20190724T130407.944261 960 1060
20190724T130407.956432 960 1060
20190724T130407.963766 960 1060
20190724T130407.975932 306.91 342.929 65.6888 61.7501 160.661 290.823 317.926 310.824 319.05 20190724T130407.975932 960 1060
20190724T130407.985376 960 1060
20190724T130407.995540 960 1060
20190724T130408.004458 306.899 342.978 65.686 61.0904 162.79 291.094 317.964 310.909 318.584 20190724T130408.004458 960 1060
20190724T130408.016487 960 1060
20190724T130408.023569 960 1060
20190724T130408.035763 307.421 342.456 65.6234 60.7103 165.181 291.466 317.26 311.318 318.249 20190724T130408.035763 960 1060
20190724T130408.044697 960 1060
20190724T130408.055610 960 1060
20190724T130408.065435 307.495 342.67 65.9968 59.9262 169.892 291.454 316.976 311.423 318.114 20190724T130408.065435 960 1060
20190724T130408.075795 960 1060
20190724T130408.085917 960 1060
20190724T130408.095810 307.212 342.336 65.7721 60.7009 167.264 291.182 316.884 311.31 318.014 20190724T130408.095810 960 1060
20190724T130408.104246 960 1060
20190724T130408.116819 960 1060
20190724T130408.123676 307.238 342.446 65.7952 60.5182 169.741 291.182 316.884 311.301 317.921 20190724T130408.123676 960 1060
20190724T130408.136858 960 1060
20190724T130408.146683 960 1060
20190724T130408.155715 307.818 342.606 65.4497 60.944 165.95 291.676 317.266 311.64 318.368 20190724T130408.155715 960 1060
20190724T130408.168105 960 1060
20190724T130408.175852 960 1060
20190724T130408.187681 307.883 342.907 65.4565 60.9405 166.368 291.646 317.81 311.826 318.692 20190724T130408.187681 960 1060
20190724T130408.200616 960 1060
20190724T130408.207713 960 1060
20190724T130408.216357 307.902 343.198 65.5527 61.6384 162.822 291.947 318.092 311.586 319.185 20190724T130408.216357 960 1060
20190724T130408.228897 960 1060
20190724T130408.235555 960 1060
20190724T130408.249252 307.916 343.698 65.7444 60.5336 165.096 291.7 318.019 311.47 319.224 20190724T130408.249252 960 1060
20190724T130408.256995 960 1060
20190724T130408.268268 960 1060
20190724T130408.275818 307.214 343.362 65.6527 60.5234 167.161 291.177 317.801 311.041 318.995 20190724T130408.275818 960 1060
20190724T130408.287762 960 1060
20190724T130408.296333 960 1060
20190724T130408.921317 388.098 344.714 63.7619 57.2063 129.965 327.295 317.065 347.777 318.443 20190724T130408.921317 1900 1060
20190724T130408.934204 1900 1060
20190724T130408.944232 1900 1060
20190724T130408.952348 388.134 344.898 63.799 57.3525 129.562 327.516 317.223 347.735 318.432 20190724T130408.952348 1900 1060
20190724T130408.963777 1900 1060
20190724T130408.977461 1900 1060
20190724T130408.985289 388.108 345.066 64.0776 57.1864 129.799 327.529 317.399 347.749 318.887 20190724T130408.985289 1900 1060
20190724T130408.995243 1900 1060
20190724T130409.004757 1900 1060
20190724T130409.014861 388.097 345.405 63.5018 57.4459 129.172 327.473 317.568 347.797 318.835 20190724T130409.014861 1900 1060
20190724T130409.024158 1900 1060
20190724T130409.033113 1900 1060
20190724T130409.046425 388.12 345.12 63.3688 57.2011 130.066 327.529 317.471 347.957 318.733 20190724T130409.046425 1900 1060
20190724T130409.054086 1900 1060
20190724T130409.063649 1900 1060
20190724T130409.071709 387.992 344.873 63.4543 56.8079 128.251 327.599 317.236 347.798 318.756 20190724T130409.071709 1900 1060
20190724T130409.083748 1900 1060
20190724T130409.093252 1900 1060
20190724T130409.108639 387.819 344.525 62.9778 56.7416 129.768 327.345 316.848 347.882 318.124 20190724T130409.108639 1900 1060
20190724T130409.113214 1900 1060
20190724T130409.125700 1900 1060
20190724T130409.134204 387.901 344.257 62.6863 56.4726 131.155 327.273 316.667 347.898 317.841 20190724T130409.134204 1900 1060
20190724T130409.144788 1900 1060
20190724T130409.154617 1900 1060
20190724T130409.167161 388.154 343.922 62.1745 56.2759 130.374 327.389 316.367 347.915 317.292 20190724T130409.167161 1900 1060
20190724T130409.179477 1900 1060
20190724T130409.189051 1900 1060
20190724T130409.197622 351.044 321.367 59.5507 46.6988 164.453 310.663 304.226 330.788 304.1 20190724T130409.197622 1900 1060
20190724T130409.205640 1900 1060
20190724T130409.216817 1900 1060
20190724T130409.226238 350.836 319.867 59.7547 49.9439 161.603 310.663 304.226 330.788 304.1 20190724T130409.226238 1900 1060
20190724T130409.235843 1900 1060
20190724T130409.245515 1900 1060
20190724T130409.266452 338.831 313.141 60.1717 45.5883 169.727 304.956 298.693 324.991 299.685 20190724T130409.266452 1900 1060
20190724T130409.275881 1900 1060
20190724T130409.279822 1900 1060
20190724T130409.290536 329.109 306.617 56.9823 45.5931 174.826 299.962 295.622 318 296.5 20190724T130409.290536 1900 1060
20190724T130409.296637 1900 1060
20190724T130409.306467 1900 1060
20190724T130409.319338 323.71 287.832 65.7365 62.4573 122.134 297.867 291.546 317.231 292.069 20190724T130409.319338 1900 1060
20190724T130409.327553 1900 1060
20190724T130409.338135 1900 1060
20190724T130409.348366 321.622 290.374 63.9558 60.3113 179.407 298.009 292.037 317.219 292.353 20190724T130409.348366 1900 1060
20190724T130409.357895 1900 1060
20190724T130409.365234 1900 1060
20190724T130409.376836 321.652 290.358 63.8753 60.336 0.109772 298.009 292.037 317.219 292.353 20190724T130409.376836 1900 1060
20190724T130409.385670 1900 1060
20190724T130409.396896 1900 1060
20190724T130409.405234 320.694 291.066 65.0079 60.7054 174.421 297.511 292.39 316.603 293.374 20190724T130409.405234 1900 1060
20190724T130409.416463 1900 1060
20190724T130409.434598 1900 1060
20190724T130409.440825 320.554 291.612 64.1401 61.1576 175.035 297.246 292.934 316.683 293.743 20190724T130409.440825 1900 1060
20190724T130409.449087 1900 1060
20190724T130409.456832 1900 1060
20190724T130409.469566 320.62 292.825 63.8281 61.1471 170.01 297.342 294.068 316.732 294.601 20190724T130409.469566 1900 1060
20190724T130409.476286 1900 1060
20190724T130409.490514 1900 1060
20190724T130409.502700 320.965 292.59 62.8893 61.3515 170.211 297.724 293.924 316.667 294.204 20190724T130409.502700 1900 1060
20190724T130409.508873 1900 1060
20190724T130409.518462 1900 1060
20190724T130409.527960 320.074 292.212 63.441 61.1399 173.206 297.15 293.502 316.455 293.924 20190724T130409.527960 1900 1060
20190724T130409.536658 1900 1060
20190724T130409.547651 1900 1060
20190724T130409.556407 319.979 292.495 63.6905 60.7051 170.841 297.028 294.051 316.362 294.345 20190724T130409.556407 1900 1060
20190724T130409.568749 1900 1060
20190724T130409.576729 1900 1060
20190724T130409.589211 319.908 292.689 63.8665 60.7608 170 297.073 293.889 316.338 294.169 20190724T130409.589211 1900 1060
20190724T130409.598141 1900 1060
20190724T130409.609322 1900 1060
20190724T130409.618533 319.932 292.819 63.2068 60.8674 167.559 296.872 293.915 316.328 294.333 20190724T130409.618533 1900 1060
20190724T130409.628142 1900 1060
20190724T130409.638463 1900 1060
20190724T130409.648515 319.956 292.835 62.8824 61.1951 170.373 297.009 294 316.328 294.333 20190724T130409.648515 1900 1060
20190724T130409.658023 1900 1060
20190724T130409.671196 1900 1060
20190724T130409.679489 320.022 292.797 63.5465 60.8574 170.697 296.991 293.912 316.318 294.249 20190724T130409.679489 1900 1060
20190724T130409.688127 1900 1060
20190724T130409.700725 1900 1060
20190724T130409.708410 320.031 292.84 63.749 60.7719 172.128 297.333 293.889 316.694 294.5 20190724T130409.708410 1900 1060
20190724T130409.720617 1900 1060
20190724T130409.727779 1900 1060
20190724T130409.739791 320.925 293.472 63.7177 61.41 175.644 298.272 294.601 317.516 295.081 20190724T130409.739791 1900 1060
20190724T130409.748730 1900 1060
20190724T130409.760867 1900 1060
20190724T130409.769502 321.088 293.704 63.5343 61.3783 160.238 298.171 294.757 317.481 295.28 20190724T130409.769502 1900 1060
20190724T130409.780225 1900 1060
20190724T130409.788524 1900 1060
20190724T130409.800794 312.072 287.215 64.8069 62.1576 169.859 293.875 292 313.603 292.448 20190724T130409.800794 1900 1060
20190724T130409.809908 1900 1060
20190724T130409.819676 1900 1060
20190724T130409.828307 312.538 287.861 64.7569 62.0766 178.862 294.37 292.418 313.853 292.802 20190724T130409.828307 1900 1060
20190724T130409.839912 1900 1060
20190724T130409.855445 1900 1060
20190724T130409.863316 312.285 287.916 65.1852 62.7128 177.566 294.37 292.418 313.853 292.802 20190724T130409.863316 1900 1060
20190724T130409.874406 1900 1060
20190724T130409.884978 1900 1060
20190724T130409.895162 312.089 287.493 65.958 62.9056 179.759 293.836 291.959 313.655 292.469 20190724T130409.895162 1900 1060
20190724T130409.902288 1900 1060
20190724T130409.913082 1900 1060
20190724T130409.920733 310.816 286.757 66.2243 63.5224 172.058 292.934 291.329 312.306 291.968 20190724T130409.920733 1900 1060
20190724T130409.927856 1900 1060
20190724T130409.941133 1900 1060
20190724T130409.951673 311.163 286.512 66.385 63.6312 171.189 293.099 290.864 312.683 291.5 20190724T130409.951673 1900 1060
20190724T130409.959632 1900 1060
20190724T130409.971815 1900 1060
20190724T130409.981292 311.912 286.579 66.6658 63.7053 177.019 293.753 291.065 313.468 291.839 20190724T130409.981292 1900 1060
20190724T130409.992963 1900 1060
20190724T130410.006146 1900 1060
20190724T130410.013854 312.474 286.963 66.7328 63.5317 175.282 294.159 291.643 313.893 292.268 20190724T130410.013854 1900 1060
20190724T130410.023671 1900 1060
20190724T130410.032914 1900 1060
20190724T130410.042313 312.394 287.135 66.6937 64.0602 171.602 294.259 291.995 313.874 292.403 20190724T130410.042313 1900 1060
20190724T130410.052696 1900 1060
20190724T130410.061514 1900 1060
20190724T130410.072388 312.608 287.404 67.0026 64.3214 170.337 294.455 292.076 314 292.5 20190724T130410.072388 1900 1060
20190724T130410.081957 1900 1060
20190724T130410.093529 1900 1060
20190724T130410.100915 310.976 287.233 67.1163 64.2648 167.803 292.804 291.848 312.464 292.366 20190724T130410.100915 1900 1060
20190724T130410.111918 1900 1060
20190724T130410.122260 1900 1060
20190724T130410.133553 307.667 286.046 65.4899 60.4225 7.1368 290.889 288.988 310.503 289.553 20190724T130410.133553 1900 1060
20190724T130410.142671 1900 1060
20190724T130410.151832 1900 1060
20190724T130410.160660 -1 -1 65.4899 60.4225 7.1368 290.889 288.988 310.503 289.553 20190724T130410.160660 1900 1060
20190724T130410.171718 1900 1060
20190724T130410.180429 1900 1060
20190724T130410.191641 -1 -1 65.4899 60.4225 7.1368 290.889 288.988 310.503 289.553 20190724T130410.191641 1900 1060
20190724T130410.206403 1900 1060
20190724T130410.218329 1900 1060
20190724T130410.227901 -1 -1 65.4899 60.4225 7.1368 290.889 288.988 310.503 289.553 20190724T130410.227901 1900 1060
20190724T130410.236752 1900 1060
20190724T130410.245408 1900 1060
20190724T130410.254100 -1 -1 65.4899 60.4225 7.1368 290.889 288.988 310.503 289.553 20190724T130410.254100 1900 1060
20190724T130410.264009 1900 1060
20190724T130410.272155 1900 1060
20190724T130410.283720 -1 -1 65.4899 60.4225 7.1368 290.889 288.988 310.503 289.553 20190724T130410.283720 1900 1060
20190724T130410.293628 1900 1060
20190724T130410.306174 1900 1060
20190724T130410.316084 -1 -1 65.4899 60.4225 7.1368 290.889 288.988 310.503 289.553 20190724T130410.316084 1900 1060
20190724T130410.324310 1900 1060
20190724T130410.331784 1900 1060
20190724T130410.343918 -1 -1 65.4899 60.4225 7.1368 290.889 288.988 310.503 289.553 20190724T130410.343918 1900 1060
20190724T130410.353024 1900 1060
20190724T130410.363775 1900 1060
20190724T130410.371611 305.109 288.196 64.9013 53.7522 3.57892 289.403 289.797 308.805 290.498 20190724T130410.371611 1900 1060
20190724T130410.385048 1900 1060
20190724T130410.393330 1900 1060
20190724T130410.406256 306.214 287.402 66.9441 63.6631 168.367 290.154 293.607 309.598 294.184 20190724T130410.406256 1900 1060
20190724T130410.416797 1900 1060
