15134544927 20 20
15134544934 20 20
15134544942 20 20
15134544953 20 20
15134544961 20 20
15134544974 20 20
15134544982 20 20
15134544994 20 20
15134545002 20 20
15134545015 20 20
15134545023 20 20
15134545035 20 20
15134545043 20 20
15134545055 20 20
15134545067 20 20
15134545075 20 20
15134545087 20 20
15134545095 20 20
15134545107 20 20
15134545115 20 20
15134545127 20 20
15134545135 20 20
15134545147 20 20
15134545155 20 20
15134545167 20 20
15134545175 20 20
15134545187 20 20
15134545195 20 20
15134545207 20 20
15134545215 20 20
15134545227 20 20
15134545235 20 20
15134545247 20 20
15134545255 20 20
15134545267 20 20
15134545275 20 20
15134545287 20 20
15134545295 20 20
15134545307 20 20
15134545319 20 20
15134545327 20 20
15134545339 20 20
15134545347 20 20
15134545359 20 20
15134545367 20 20
15134545379 20 20
15134545387 20 20
15134545399 20 20
15134545407 20 20
15134545419 20 20
15134545427 20 20
15134545439 20 20
15134545447 20 20
15134545459 20 20
15134545467 20 20
15134545479 20 20
15134545487 20 20
15134545499 20 20
15134545507 20 20
15134545519 20 20
15134545527 20 20
15134545539 20 20
15134545547 20 20
15134545559 20 20
15134545571 20 20
15134545579 20 20
15134545591 20 20
15134545599 20 20
15134545611 20 20
15134545619 20 20
15134545631 20 20
15134545639 20 20
15134545651 20 20
15134545659 20 20
15134545671 20 20
15134545679 20 20
15134545691 20 20
15134545699 20 20
15134545711 20 20
15134545719 20 20
15134545731 20 20
15134545739 20 20
15134545751 20 20
15134545759 20 20
15134545771 20 20
15134545779 20 20
15134545791 20 20
15134545799 20 20
15134545811 20 20
15134545823 20 20
15134545831 20 20
15134545843 20 20
15134545851 20 20
15134545863 20 20
15134545871 20 20
15134545883 20 20
15134545891 20 20
15134545903 20 20
15134545911 20 20
15134545923 20 20
15134545931 20 20
15134545943 20 20
15134545951 20 20
15134545963 20 20
15134545971 20 20
15134545983 20 20
15134545991 20 20
15134546003 20 20
15134546011 20 20
15134546023 20 20
15134546031 20 20
15134546043 20 20
15134546051 20 20
15134546063 20 20
15134546075 20 20
15134546083 20 20
15134546095 20 20
15134546103 20 20
15134546115 20 20
15134546123 20 20
15134546135 20 20
15134546143 20 20
15134546155 20 20
15134546163 20 20
15134546175 20 20
15134546183 20 20
15134546195 20 20
15134546203 20 20
15134546215 20 20
15134546223 20 20
15134546235 20 20
15134546243 20 20
15134546255 20 20
15134546263 20 20
15134546275 20 20
15134546283 20 20
15134546295 20 20
15134546303 20 20
15134546315 20 20
15134546327 20 20
15134546335 20 20
15134546347 20 20
15134546355 20 20
15134546367 20 20
15134546375 20 20
15134546387 20 20
15134546395 20 20
15134546407 20 20
15134546415 20 20
15134546427 20 20
15134547839 960 20
15134547848 960 20
15134547859 960 20
15134547867 960 20
15134547879 960 20
15134547887 960 20
15134547899 960 20
15134547907 960 20
15134547919 960 20
15134547927 960 20
15134547939 960 20
15134547947 960 20
15134547959 960 20
15134547967 960 20
15134547979 960 20
15134547987 960 20
15134547999 960 20
15134548007 960 20
15134548019 960 20
15134548027 960 20
15134548039 960 20
15134548047 960 20
15134548059 960 20
15134548067 960 20
15134548079 960 20
15134548091 960 20
15134548099 960 20
15134548111 960 20
15134548119 960 20
15134548131 960 20
15134548139 960 20
15134548151 960 20
15134548159 960 20
15134548171 960 20
15134548179 960 20
15134548191 960 20
15134548199 960 20
15134548211 960 20
15134548219 960 20
15134548231 960 20
15134548239 960 20
15134548251 960 20
15134548259 960 20
15134548271 960 20
15134548279 960 20
15134548291 960 20
15134548299 960 20
15134548311 960 20
15134548319 960 20
15134548331 960 20
15134548343 960 20
15134548351 960 20
15134548363 960 20
15134548371 960 20
15134548383 960 20
15134548391 960 20
15134548403 960 20
15134548411 960 20
15134548423 960 20
15134548431 960 20
15134548443 960 20
15134548451 960 20
15134548463 960 20
15134548471 960 20
15134548483 960 20
15134548491 960 20
15134548503 960 20
15134548511 960 20
15134548523 960 20
15134548531 960 20
15134548543 960 20
15134548551 960 20
15134548563 960 20
15134548571 960 20
15134548583 960 20
15134548595 960 20
15134548603 960 20
15134548615 960 20
15134548623 960 20
15134548635 960 20
15134548643 960 20
15134548655 960 20
15134548663 960 20
15134548675 960 20
15134548683 960 20
15134548695 960 20
15134548703 960 20
15134548715 960 20
15134548723 960 20
15134548735 960 20
15134548743 960 20
15134548755 960 20
15134548763 960 20
15134548775 960 20
15134548783 960 20
15134548795 960 20
15134548803 960 20
15134548815 960 20
15134548823 960 20
15134548835 960 20
15134548847 960 20
15134548855 960 20
15134548867 960 20
15134548875 960 20
15134548887 960 20
15134548895 960 20
15134548907 960 20
15134548915 960 20
15134548927 960 20
15134548935 960 20
15134548947 960 20
15134548955 960 20
15134548967 960 20
15134548975 960 20
15134548987 960 20
15134548995 960 20
15134549007 960 20
15134549015 960 20
15134549027 960 20
15134549035 960 20
15134549047 960 20
15134549055 960 20
15134549067 960 20
15134549075 960 20
15134549087 960 20
15134549099 960 20
15134549107 960 20
15134549119 960 20
15134549127 960 20
15134549139 960 20
15134549147 960 20
15134549159 960 20
15134549167 960 20
15134549179 960 20
15134549187 960 20
15134549199 960 20
15134549207 960 20
15134549219 960 20
15134549227 960 20
15134549239 960 20
15134549247 960 20
15134549259 960 20
15134549267 960 20
15134549279 960 20
15134549287 960 20
15134549299 960 20
15134549307 960 20
15134549319 960 20
15134549327 960 20
15134550419 1900 20
15134550427 1900 20
15134550439 1900 20
15134550447 1900 20
15134550459 1900 20
15134550467 1900 20
15134550479 1900 20
15134550487 1900 20
15134550499 1900 20
15134550507 1900 20
15134550519 1900 20
15134550527 1900 20
15134550539 1900 20
15134550547 1900 20
15134550559 1900 20
15134550567 1900 20
15134550579 1900 20
15134550587 1900 20
15134550599 1900 20
15134550611 1900 20
15134550619 1900 20
15134550631 1900 20
15134550639 1900 20
15134550651 1900 20
15134550659 1900 20
15134550671 1900 20
15134550679 1900 20
15134550691 1900 20
15134550699 1900 20
15134550711 1900 20
15134550719 1900 20
15134550731 1900 20
15134550739 1900 20
15134550751 1900 20
15134550759 1900 20
15134550771 1900 20
15134550779 1900 20
15134550791 1900 20
15134550799 1900 20
15134550811 1900 20
15134550819 1900 20
15134550831 1900 20
15134550839 1900 20
15134550851 1900 20
15134550863 1900 20
15134550871 1900 20
15134550883 1900 20
15134550891 1900 20
15134550903 1900 20
15134550911 1900 20
15134550923 1900 20
15134550931 1900 20
15134550943 1900 20
15134550951 1900 20
15134550963 1900 20
15134550971 1900 20
15134550983 1900 20
15134550991 1900 20
15134551003 1900 20
15134551011 1900 20
15134551023 1900 20
15134551031 1900 20
15134551043 1900 20
15134551051 1900 20
15134551063 1900 20
15134551071 1900 20
15134551083 1900 20
15134551091 1900 20
15134551103 1900 20
15134551115 1900 20
15134551123 1900 20
15134551135 1900 20
15134551143 1900 20
15134551155 1900 20
15134551163 1900 20
15134551175 1900 20
15134551183 1900 20
15134551195 1900 20
15134551203 1900 20
15134551215 1900 20
15134551223 1900 20
15134551235 1900 20
15134551243 1900 20
15134551255 1900 20
15134551263 1900 20
15134551275 1900 20
15134551283 1900 20
15134551295 1900 20
15134551303 1900 20
15134551315 1900 20
15134551323 1900 20
15134551335 1900 20
15134551343 1900 20
15134551355 1900 20
15134551367 1900 20
15134551375 1900 20
15134551387 1900 20
15134551395 1900 20
15134551407 1900 20
15134551415 1900 20
15134551427 1900 20
15134551435 1900 20
15134551447 1900 20
15134551455 1900 20
15134551467 1900 20
15134551475 1900 20
15134551487 1900 20
15134551495 1900 20
15134551507 1900 20
15134551515 1900 20
15134551527 1900 20
15134551535 1900 20
15134551547 1900 20
15134551555 1900 20
15134551567 1900 20
15134551575 1900 20
15134551587 1900 20
15134551595 1900 20
15134551607 1900 20
15134551619 1900 20
15134551627 1900 20
15134551639 1900 20
15134551647 1900 20
15134551659 1900 20
15134551667 1900 20
15134551679 1900 20
15134551687 1900 20
15134551699 1900 20
15134551707 1900 20
15134551719 1900 20
15134551727 1900 20
15134551739 1900 20
15134551747 1900 20
15134551759 1900 20
15134551767 1900 20
15134551779 1900 20
15134551787 1900 20
15134551799 1900 20
15134551807 1900 20
15134551819 1900 20
15134551827 1900 20
15134551839 1900 20
15134551847 1900 20
15134551859 1900 20
15134551871 1900 20
15134551879 1900 20
15134551891 1900 20
15134551899 1900 20
15134551911 1900 20
15134553139 1900 540
15134553151 1900 540
15134553159 1900 540
15134553171 1900 540
15134553179 1900 540
15134553191 1900 540
15134553199 1900 540
15134553211 1900 540
15134553219 1900 540
15134553231 1900 540
15134553239 1900 540
15134553251 1900 540
15134553259 1900 540
15134553271 1900 540
15134553279 1900 540
15134553291 1900 540
15134553299 1900 540
15134553311 1900 540
15134553319 1900 540
15134553331 1900 540
15134553339 1900 540
15134553351 1900 540
15134553359 1900 540
15134553371 1900 540
15134553383 1900 540
15134553391 1900 540
15134553403 1900 540
15134553411 1900 540
15134553423 1900 540
15134553431 1900 540
15134553443 1900 540
15134553451 1900 540
15134553463 1900 540
15134553471 1900 540
15134553483 1900 540
15134553491 1900 540
15134553503 1900 540
15134553511 1900 540
15134553523 1900 540
15134553531 1900 540
15134553543 1900 540
15134553551 1900 540
15134553563 1900 540
15134553571 1900 540
15134553583 1900 540
15134553591 1900 540
15134553603 1900 540
15134553611 1900 540
15134553623 1900 540
15134553635 1900 540
15134553643 1900 540
15134553655 1900 540
15134553663 1900 540
15134553675 1900 540
15134553683 1900 540
15134553695 1900 540
15134553703 1900 540
15134553715 1900 540
15134553723 1900 540
15134553735 1900 540
15134553743 1900 540
15134553755 1900 540
15134553763 1900 540
15134553775 1900 540
15134553783 1900 540
15134553795 1900 540
15134553803 1900 540
15134553815 1900 540
15134553823 1900 540
15134553835 1900 540
15134553843 1900 540
15134553855 1900 540
15134553863 1900 540
15134553875 1900 540
15134553887 1900 540
15134553895 1900 540
15134553907 1900 540
15134553915 1900 540
15134553927 1900 540
15134553935 1900 540
15134553947 1900 540
15134553955 1900 540
15134553967 1900 540
15134553975 1900 540
15134553987 1900 540
15134553995 1900 540
15134554007 1900 540
15134554015 1900 540
15134554027 1900 540
15134554035 1900 540
15134554047 1900 540
15134554055 1900 540
15134554067 1900 540
15134554075 1900 540
15134554087 1900 540
15134554095 1900 540
15134554107 1900 540
15134554115 1900 540
15134554127 1900 540
15134554139 1900 540
15134554147 1900 540
15134554159 1900 540
15134554167 1900 540
15134554179 1900 540
15134554187 1900 540
15134554199 1900 540
15134554207 1900 540
15134554219 1900 540
15134554227 1900 540
15134554239 1900 540
15134554247 1900 540
15134554259 1900 540
15134554267 1900 540
15134554279 1900 540
15134554287 1900 540
15134554299 1900 540
15134554307 1900 540
15134554319 1900 540
15134554327 1900 540
15134554339 1900 540
15134554347 1900 540
15134554359 1900 540
15134554367 1900 540
15134554379 1900 540
15134554391 1900 540
15134554399 1900 540
15134554411 1900 540
15134554419 1900 540
15134554431 1900 540
15134554439 1900 540
15134554451 1900 540
15134554459 1900 540
15134554471 1900 540
15134554479 1900 540
15134554491 1900 540
15134554499 1900 540
15134554511 1900 540
15134554519 1900 540
15134554531 1900 540
15134554539 1900 540
15134554551 1900 540
15134554559 1900 540
15134554571 1900 540
15134554579 1900 540
15134554591 1900 540
15134554599 1900 540
15134554611 1900 540
15134554619 1900 540
15134554631 1900 540
15134555791 950 540
15134555799 950 540
15134555811 950 540
15134555819 950 540
15134555831 950 540
15134555839 950 540
15134555851 950 540
15134555859 950 540
15134555871 950 540
15134555879 950 540
15134555891 950 540
15134555903 950 540
15134555911 950 540
15134555923 950 540
15134555931 950 540
15134555943 950 540
15134555951 950 540
15134555963 950 540
15134555971 950 540
15134555983 950 540
15134555991 950 540
15134556003 950 540
15134556011 950 540
15134556023 950 540
15134556031 950 540
15134556043 950 540
15134556051 950 540
15134556063 950 540
15134556071 950 540
15134556083 950 540
15134556091 950 540
15134556103 950 540
15134556111 950 540
15134556123 950 540
15134556131 950 540
15134556143 950 540
15134556155 950 540
15134556163 950 540
15134556175 950 540
15134556183 950 540
15134556195 950 540
15134556203 950 540
15134556215 950 540
15134556223 950 540
15134556235 950 540
15134556243 950 540
15134556255 950 540
15134556263 950 540
15134556275 950 540
15134556283 950 540
15134556295 950 540
15134556303 950 540
15134556315 950 540
15134556323 950 540
15134556335 950 540
15134556343 950 540
15134556355 950 540
15134556363 950 540
15134556375 950 540
15134556383 950 540
15134556395 950 540
15134556407 950 540
15134556415 950 540
15134556427 950 540
15134556435 950 540
15134556447 950 540
15134556455 950 540
15134556467 950 540
15134556475 950 540
15134556487 950 540
15134556495 950 540
15134556507 950 540
15134556515 950 540
15134556527 950 540
15134556535 950 540
15134556547 950 540
15134556555 950 540
15134556567 950 540
15134556575 950 540
15134556587 950 540
15134556595 950 540
15134556607 950 540
15134556615 950 540
15134556627 950 540
15134556635 950 540
15134556647 950 540
15134556659 950 540
15134556667 950 540
15134556679 950 540
15134556687 950 540
15134556699 950 540
15134556707 950 540
15134556719 950 540
15134556727 950 540
15134556739 950 540
15134556747 950 540
15134556759 950 540
15134556767 950 540
15134556779 950 540
15134556787 950 540
15134556799 950 540
15134556807 950 540
15134556819 950 540
15134556827 950 540
15134556839 950 540
15134556847 950 540
15134556859 950 540
15134556867 950 540
15134556879 950 540
15134556887 950 540
15134556899 950 540
15134556911 950 540
15134556919 950 540
15134556931 950 540
15134556939 950 540
15134556951 950 540
15134556959 950 540
15134556971 950 540
15134556979 950 540
15134556991 950 540
15134556999 950 540
15134557011 950 540
15134557019 950 540
15134557031 950 540
15134557039 950 540
15134557051 950 540
15134557059 950 540
15134557071 950 540
15134557079 950 540
15134557091 950 540
15134557099 950 540
15134557111 950 540
15134557119 950 540
15134557131 950 540
15134557139 950 540
15134557151 950 540
15134557163 950 540
15134557171 950 540
15134557183 950 540
15134557191 950 540
15134557203 950 540
15134557211 950 540
15134557223 950 540
15134557231 950 540
15134557243 950 540
15134557251 950 540
15134557263 950 540
15134557271 950 540
15134557283 950 540
15134558715 20 540
15134558723 20 540
15134558735 20 540
15134558743 20 540
15134558755 20 540
15134558763 20 540
15134558775 20 540
15134558783 20 540
15134558795 20 540
15134558803 20 540
15134558815 20 540
15134558823 20 540
15134558835 20 540
15134558843 20 540
15134558855 20 540
15134558863 20 540
15134558875 20 540
15134558883 20 540
15134558895 20 540
15134558903 20 540
15134558915 20 540
15134558927 20 540
15134558935 20 540
15134558947 20 540
15134558955 20 540
15134558967 20 540
15134558975 20 540
15134558987 20 540
15134558995 20 540
15134559007 20 540
15134559015 20 540
15134559027 20 540
15134559035 20 540
15134559047 20 540
15134559055 20 540
15134559067 20 540
15134559075 20 540
15134559087 20 540
15134559095 20 540
15134559107 20 540
15134559115 20 540
15134559127 20 540
15134559135 20 540
15134559147 20 540
15134559155 20 540
15134559167 20 540
15134559179 20 540
15134559187 20 540
15134559199 20 540
15134559207 20 540
15134559219 20 540
15134559227 20 540
15134559239 20 540
15134559247 20 540
15134559259 20 540
15134559267 20 540
15134559279 20 540
15134559287 20 540
15134559299 20 540
15134559307 20 540
15134559319 20 540
15134559327 20 540
15134559339 20 540
15134559347 20 540
15134559359 20 540
15134559367 20 540
15134559379 20 540
15134559387 20 540
15134559399 20 540
15134559407 20 540
15134559419 20 540
15134559431 20 540
15134559439 20 540
15134559451 20 540
15134559459 20 540
15134559471 20 540
15134559479 20 540
15134559491 20 540
15134559499 20 540
15134559511 20 540
15134559519 20 540
15134559531 20 540
15134559539 20 540
15134559551 20 540
15134559559 20 540
15134559571 20 540
15134559579 20 540
15134559591 20 540
15134559599 20 540
15134559611 20 540
15134559619 20 540
15134559631 20 540
15134559639 20 540
15134559651 20 540
15134559659 20 540
15134559671 20 540
15134559683 20 540
15134559691 20 540
15134559703 20 540
15134559711 20 540
15134559723 20 540
15134559731 20 540
15134559743 20 540
15134559751 20 540
15134559763 20 540
15134559771 20 540
15134559783 20 540
15134559791 20 540
15134559803 20 540
15134559811 20 540
15134559823 20 540
15134559831 20 540
15134559843 20 540
15134559851 20 540
15134559863 20 540
15134559871 20 540
15134559883 20 540
15134559891 20 540
15134559903 20 540
15134559911 20 540
15134559923 20 540
15134559935 20 540
15134559943 20 540
15134559955 20 540
15134559963 20 540
15134559975 20 540
15134559983 20 540
15134559995 20 540
15134600003 20 540
15134600015 20 540
15134600023 20 540
15134600035 20 540
15134600043 20 540
15134600055 20 540
15134600063 20 540
15134600075 20 540
15134600083 20 540
15134600095 20 540
15134600103 20 540
15134600115 20 540
15134600123 20 540
15134600135 20 540
15134600143 20 540
15134600155 20 540
15134600163 20 540
15134600175 20 540
15134600187 20 540
15134600195 20 540
15134600207 20 540
15134601447 20 1060
15134601455 20 1060
15134601467 20 1060
15134601475 20 1060
15134601487 20 1060
15134601495 20 1060
15134601507 20 1060
15134601515 20 1060
15134601527 20 1060
15134601535 20 1060
15134601547 20 1060
15134601555 20 1060
15134601567 20 1060
15134601575 20 1060
15134601587 20 1060
15134601595 20 1060
15134601607 20 1060
15134601615 20 1060
15134601627 20 1060
15134601635 20 1060
15134601647 20 1060
15134601655 20 1060
15134601667 20 1060
15134601675 20 1060
15134601687 20 1060
15134601699 20 1060
15134601707 20 1060
15134601719 20 1060
15134601727 20 1060
15134601739 20 1060
15134601747 20 1060
15134601759 20 1060
15134601767 20 1060
15134601779 20 1060
15134601787 20 1060
15134601799 20 1060
15134601807 20 1060
15134601819 20 1060
15134601827 20 1060
15134601839 20 1060
15134601847 20 1060
15134601859 20 1060
15134601867 20 1060
15134601879 20 1060
15134601887 20 1060
15134601899 20 1060
15134601907 20 1060
15134601919 20 1060
15134601927 20 1060
15134601939 20 1060
15134601951 20 1060
15134601959 20 1060
15134601971 20 1060
15134601979 20 1060
15134601991 20 1060
15134601999 20 1060
15134602011 20 1060
15134602019 20 1060
15134602031 20 1060
15134602039 20 1060
15134602051 20 1060
15134602059 20 1060
15134602071 20 1060
15134602079 20 1060
15134602091 20 1060
15134602099 20 1060
15134602111 20 1060
15134602119 20 1060
15134602131 20 1060
15134602139 20 1060
15134602151 20 1060
15134602159 20 1060
15134602171 20 1060
15134602179 20 1060
15134602191 20 1060
15134602203 20 1060
15134602211 20 1060
15134602223 20 1060
15134602231 20 1060
15134602243 20 1060
15134602251 20 1060
15134602263 20 1060
15134602271 20 1060
15134602283 20 1060
15134602291 20 1060
15134602303 20 1060
15134602311 20 1060
15134602323 20 1060
15134602331 20 1060
15134602343 20 1060
15134602351 20 1060
15134602363 20 1060
15134602371 20 1060
15134602383 20 1060
15134602391 20 1060
15134602403 20 1060
15134602411 20 1060
15134602423 20 1060
15134602431 20 1060
15134602443 20 1060
15134602455 20 1060
15134602463 20 1060
15134602475 20 1060
15134602483 20 1060
15134602495 20 1060
15134602503 20 1060
15134602515 20 1060
15134602523 20 1060
15134602535 20 1060
15134602543 20 1060
15134602555 20 1060
15134602563 20 1060
15134602575 20 1060
15134602583 20 1060
15134602595 20 1060
15134602603 20 1060
15134602615 20 1060
15134602623 20 1060
15134602635 20 1060
15134602643 20 1060
15134602655 20 1060
15134602663 20 1060
15134602675 20 1060
15134602683 20 1060
15134602695 20 1060
15134602707 20 1060
15134602715 20 1060
15134602727 20 1060
15134602735 20 1060
15134602747 20 1060
15134602755 20 1060
15134602767 20 1060
15134602775 20 1060
15134602787 20 1060
15134602795 20 1060
15134602807 20 1060
15134602815 20 1060
15134602827 20 1060
15134602835 20 1060
15134602847 20 1060
15134602855 20 1060
15134602867 20 1060
15134602875 20 1060
15134602887 20 1060
15134602895 20 1060
15134602907 20 1060
15134602915 20 1060
15134602927 20 1060
15134602935 20 1060
15134602947 20 1060
15134604347 950 1060
15134604359 950 1060
15134604367 950 1060
15134604379 950 1060
15134604387 950 1060
15134604399 950 1060
15134604407 950 1060
15134604419 950 1060
15134604427 950 1060
15134604439 950 1060
15134604447 950 1060
15134604459 950 1060
15134604471 950 1060
15134604479 950 1060
15134604491 950 1060
15134604499 950 1060
15134604511 950 1060
15134604519 950 1060
15134604531 950 1060
15134604539 950 1060
15134604551 950 1060
15134604559 950 1060
15134604571 950 1060
15134604579 950 1060
15134604591 950 1060
15134604599 950 1060
15134604611 950 1060
15134604619 950 1060
15134604631 950 1060
15134604639 950 1060
15134604651 950 1060
15134604659 950 1060
15134604671 950 1060
15134604679 950 1060
15134604691 950 1060
15134604699 950 1060
15134604711 950 1060
15134604723 950 1060
15134604731 950 1060
15134604743 950 1060
15134604751 950 1060
15134604763 950 1060
15134604771 950 1060
15134604783 950 1060
15134604791 950 1060
15134604803 950 1060
15134604811 950 1060
15134604823 950 1060
15134604831 950 1060
15134604843 950 1060
15134604851 950 1060
15134604863 950 1060
15134604871 950 1060
15134604883 950 1060
15134604891 950 1060
15134604903 950 1060
15134604911 950 1060
15134604923 950 1060
15134604931 950 1060
15134604943 950 1060
15134604951 950 1060
15134604963 950 1060
15134604975 950 1060
15134604983 950 1060
15134604995 950 1060
15134605003 950 1060
15134605015 950 1060
15134605023 950 1060
15134605035 950 1060
15134605043 950 1060
15134605055 950 1060
15134605063 950 1060
15134605075 950 1060
15134605083 950 1060
15134605095 950 1060
15134605103 950 1060
15134605115 950 1060
15134605123 950 1060
15134605135 950 1060
15134605143 950 1060
15134605155 950 1060
15134605163 950 1060
15134605175 950 1060
15134605183 950 1060
15134605195 950 1060
15134605203 950 1060
15134605215 950 1060
15134605227 950 1060
15134605235 950 1060
15134605247 950 1060
15134605255 950 1060
15134605267 950 1060
15134605275 950 1060
15134605287 950 1060
15134605295 950 1060
15134605307 950 1060
15134605315 950 1060
15134605327 950 1060
15134605335 950 1060
15134605347 950 1060
15134605355 950 1060
15134605367 950 1060
15134605375 950 1060
15134605387 950 1060
15134605395 950 1060
15134605407 950 1060
15134605415 950 1060
15134605427 950 1060
15134605435 950 1060
15134605447 950 1060
15134605455 950 1060
15134605467 950 1060
15134605479 950 1060
15134605487 950 1060
15134605499 950 1060
15134605507 950 1060
15134605519 950 1060
15134605527 950 1060
15134605539 950 1060
15134605547 950 1060
15134605559 950 1060
15134605567 950 1060
15134605579 950 1060
15134605587 950 1060
15134605599 950 1060
15134605607 950 1060
15134605619 950 1060
15134605627 950 1060
15134605639 950 1060
15134605647 950 1060
15134605659 950 1060
15134605667 950 1060
15134605679 950 1060
15134605687 950 1060
15134605699 950 1060
15134605707 950 1060
15134605719 950 1060
15134605731 950 1060
15134605739 950 1060
15134605751 950 1060
15134605759 950 1060
15134605771 950 1060
15134605779 950 1060
15134605791 950 1060
15134605799 950 1060
15134605811 950 1060
15134605819 950 1060
15134605831 950 1060
15134605839 950 1060
15134606867 1900 1060
15134606879 1900 1060
15134606887 1900 1060
15134606899 1900 1060
15134606907 1900 1060
15134606919 1900 1060
15134606927 1900 1060
15134606939 1900 1060
15134606947 1900 1060
15134606959 1900 1060
15134606967 1900 1060
15134606979 1900 1060
15134606991 1900 1060
15134606999 1900 1060
15134607011 1900 1060
15134607019 1900 1060
15134607031 1900 1060
15134607039 1900 1060
15134607051 1900 1060
15134607059 1900 1060
15134607071 1900 1060
15134607079 1900 1060
15134607091 1900 1060
15134607099 1900 1060
15134607111 1900 1060
15134607119 1900 1060
15134607131 1900 1060
15134607139 1900 1060
15134607151 1900 1060
15134607159 1900 1060
15134607171 1900 1060
15134607179 1900 1060
15134607191 1900 1060
15134607199 1900 1060
15134607211 1900 1060
15134607219 1900 1060
15134607231 1900 1060
15134607243 1900 1060
15134607251 1900 1060
15134607263 1900 1060
15134607271 1900 1060
15134607283 1900 1060
15134607291 1900 1060
15134607303 1900 1060
15134607311 1900 1060
15134607323 1900 1060
15134607331 1900 1060
15134607343 1900 1060
15134607351 1900 1060
15134607363 1900 1060
15134607371 1900 1060
15134607383 1900 1060
15134607391 1900 1060
15134607403 1900 1060
15134607411 1900 1060
15134607423 1900 1060
15134607431 1900 1060
15134607443 1900 1060
15134607451 1900 1060
15134607463 1900 1060
15134607471 1900 1060
15134607483 1900 1060
15134607495 1900 1060
15134607503 1900 1060
15134607515 1900 1060
15134607523 1900 1060
15134607535 1900 1060
15134607543 1900 1060
15134607555 1900 1060
15134607563 1900 1060
15134607575 1900 1060
15134607583 1900 1060
15134607595 1900 1060
15134607603 1900 1060
15134607615 1900 1060
15134607623 1900 1060
15134607635 1900 1060
15134607643 1900 1060
15134607655 1900 1060
15134607663 1900 1060
15134607675 1900 1060
15134607683 1900 1060
15134607695 1900 1060
15134607703 1900 1060
15134607715 1900 1060
15134607723 1900 1060
15134607735 1900 1060
15134607747 1900 1060
15134607755 1900 1060
15134607767 1900 1060
15134607775 1900 1060
15134607787 1900 1060
15134607795 1900 1060
15134607807 1900 1060
15134607815 1900 1060
15134607827 1900 1060
15134607835 1900 1060
15134607847 1900 1060
15134607855 1900 1060
15134607867 1900 1060
15134607875 1900 1060
15134607887 1900 1060
15134607895 1900 1060
15134607907 1900 1060
15134607915 1900 1060
15134607927 1900 1060
15134607935 1900 1060
15134607947 1900 1060
15134607955 1900 1060
15134607967 1900 1060
15134607975 1900 1060
15134607987 1900 1060
15134607999 1900 1060
15134608007 1900 1060
15134608019 1900 1060
15134608027 1900 1060
15134608039 1900 1060
15134608047 1900 1060
15134608059 1900 1060
15134608067 1900 1060
15134608079 1900 1060
15134608087 1900 1060
15134608099 1900 1060
15134608107 1900 1060
15134608119 1900 1060
15134608127 1900 1060
15134608139 1900 1060
15134608147 1900 1060
15134608159 1900 1060
15134608167 1900 1060
15134608179 1900 1060
15134608187 1900 1060
15134608199 1900 1060
15134608207 1900 1060
15134608219 1900 1060
15134608227 1900 1060
15134608239 1900 1060
15134608251 1900 1060
15134608259 1900 1060
15134608271 1900 1060
15134608279 1900 1060
15134608291 1900 1060
15134608299 1900 1060
15134608311 1900 1060
15134608319 1900 1060
15134608331 1900 1060
15134608339 1900 1060
15134608351 1900 1060
15134608359 1900 1060
