20190709T130034.802729 20 20
20190709T130034.810140 20 20
20190709T130034.821001 325.899 205.233 69.2153 66.065 121.745 343.318 257.325 364.477 259.685 20190709T130034.821001 20 20
20190709T130034.834220 20 20
20190709T130034.843366 20 20
20190709T130034.851144 325.985 204.907 69.229 66.1493 118.599 343.453 256.824 364.88 258.98 20190709T130034.851144 20 20
20190709T130034.861705 20 20
20190709T130034.870352 20 20
20190709T130034.880796 325.849 203.946 69.4743 66.0977 126.066 343.159 256.431 364.35 258.443 20190709T130034.880796 20 20
20190709T130034.889933 20 20
20190709T130034.901179 20 20
20190709T130034.908806 327.283 202.476 68.2985 65.9305 123.739 343.473 254.479 365.078 256.529 20190709T130034.908806 20 20
20190709T130034.920754 20 20
20190709T130034.929791 20 20
20190709T130034.940434 335.796 207.777 55.3971 48.7569 162.225 260.778 186 335.917 166.167 20190709T130034.940434 20 20
20190709T130034.949853 20 20
20190709T130034.962126 20 20
20190709T130034.968160 329.259 210.141 51.9131 40.0383 6.7937 345.253 248.926 367.033 251.211 20190709T130034.968160 20 20
20190709T130034.980924 20 20
20190709T130034.988942 20 20
20190709T130035.000586 329.298 197.737 68.3422 66.1168 117.451 344.295 250.487 365.584 252.444 20190709T130035.000586 20 20
20190709T130035.010042 20 20
20190709T130035.020413 20 20
20190709T130035.032999 329.709 198.504 68.491 67.0224 127.612 344.989 250.636 366.189 252.749 20190709T130035.032999 20 20
20190709T130035.042099 20 20
20190709T130035.052293 20 20
20190709T130035.061032 330.322 198.29 68.7717 66.5732 115.223 345.5 250.374 366.93 252.48 20190709T130035.061032 20 20
20190709T130035.074245 20 20
20190709T130035.080455 20 20
20190709T130035.092941 330.609 197.441 68.5798 66.7519 122.624 345.395 249.605 366.941 251.547 20190709T130035.092941 20 20
20190709T130035.101570 20 20
20190709T130035.112242 20 20
20190709T130035.120333 330.448 197.021 68.8647 66.4541 114.851 345.479 249.311 366.713 251.252 20190709T130035.120333 20 20
20190709T130035.134103 20 20
20190709T130035.140883 20 20
20190709T130035.152975 330.62 197.678 69.2203 67.0413 121.203 345.747 249.993 366.868 251.868 20190709T130035.152975 20 20
20190709T130035.162291 20 20
20190709T130035.172437 20 20
20190709T130035.181021 331.136 198.095 68.7461 66.6819 112.186 346.081 250.429 367.348 252.559 20190709T130035.181021 20 20
20190709T130035.192542 20 20
20190709T130035.200425 20 20
20190709T130035.212426 330.666 198.452 69.2361 66.7361 116.322 345.707 250.5 366.93 252.48 20190709T130035.212426 20 20
20190709T130035.223869 20 20
20190709T130035.232237 20 20
20190709T130035.240188 328.753 198.566 69.5975 66.47 113.67 343.943 250.692 365.27 252.97 20190709T130035.240188 20 20
20190709T130035.252974 20 20
20190709T130035.260982 20 20
20190709T130035.272457 326.522 199.283 69.1731 66.77 116.78 341.45 251.488 362.878 253.5 20190709T130035.272457 20 20
20190709T130035.286428 20 20
20190709T130035.293041 20 20
20190709T130035.306002 323.201 199.946 69.1711 66.4894 113.327 339.209 251.93 360.956 254.259 20190709T130035.306002 20 20
20190709T130035.315447 20 20
20190709T130035.325775 20 20
20190709T130035.332451 323.538 200.1 68.9917 66.3673 112.271 339.593 252.196 361.236 254.44 20190709T130035.332451 20 20
20190709T130035.345218 20 20
20190709T130035.353000 20 20
20190709T130035.364967 324.669 199.978 69.1626 66.6443 112.661 340.791 252.085 362.382 254.382 20190709T130035.364967 20 20
20190709T130035.373458 20 20
20190709T130035.384369 20 20
20190709T130035.392938 325.878 199.407 69.258 66.4394 118.404 341.964 251.595 363.5 253.654 20190709T130035.392938 20 20
20190709T130035.405656 20 20
20190709T130035.413468 20 20
20190709T130035.425393 326.538 199.032 69.1516 66.4333 115.029 342.92 251.111 364.442 253.169 20190709T130035.425393 20 20
20190709T130035.432775 20 20
20190709T130035.445980 20 20
20190709T130035.452753 327.147 199.201 69.2969 66.3874 115.129 343.391 251.187 365.189 253.355 20190709T130035.452753 20 20
20190709T130035.464454 20 20
20190709T130035.472466 20 20
20190709T130035.485007 327.489 199.464 68.7822 66.3321 122.251 343.624 251.837 365.296 254.045 20190709T130035.485007 20 20
20190709T130035.495057 20 20
20190709T130035.504331 20 20
20190709T130035.512415 327.152 200.385 68.9893 66.7239 116.84 343.481 252.312 365.096 254.501 20190709T130035.512415 20 20
20190709T130035.524967 20 20
20190709T130035.537023 20 20
20190709T130035.544881 326.314 200.572 68.8258 66.412 113.337 343 252.317 364.439 254.499 20190709T130035.544881 20 20
20190709T130035.556571 20 20
20190709T130035.564483 20 20
20190709T130035.576431 326.273 200.146 69.2253 66.3579 118.957 342.785 252.045 364.165 254.305 20190709T130035.576431 20 20
20190709T130035.585981 20 20
20190709T130035.596476 20 20
20190709T130035.605035 326.351 199.637 68.9848 66.8423 121.352 342.692 251.587 364.21 253.699 20190709T130035.605035 20 20
20190709T130035.617904 20 20
20190709T130035.624376 20 20
20190709T130035.637206 326.708 199.172 69.3365 66.6061 118.922 343.147 250.929 364.722 253.226 20190709T130035.637206 20 20
20190709T130035.645681 20 20
20190709T130035.656285 20 20
20190709T130035.667274 349.713 197.495 68.7337 64.9498 73.7655 355.493 251.035 375.912 251.52 20190709T130035.667274 20 20
20190709T130035.677189 20 20
20190709T130035.685423 20 20
20190709T130035.696472 358.01 197.587 69.4567 67.8354 26.745 359.214 250.656 379.318 250.922 20190709T130035.696472 20 20
20190709T130035.707027 20 20
20190709T130035.717245 20 20
20190709T130035.724461 359.074 197.15 69.0091 67.8094 12.9906 359.939 250.474 380.71 250.654 20190709T130035.724461 20 20
20190709T130035.736985 20 20
20190709T130035.745001 20 20
20190709T130035.756974 359.766 197.527 69.1004 68.3187 40.0014 360.691 250.92 381.138 250.782 20190709T130035.756974 20 20
20190709T130035.768643 20 20
20190709T130035.776283 20 20
20190709T130035.789037 359.982 197.694 69.2684 67.9387 29.7365 360.726 250.599 381.182 250.97 20190709T130035.789037 20 20
20190709T130035.798059 20 20
20190709T130035.808424 20 20
20190709T130035.816485 359.837 197.674 69.261 68.1599 37.8918 360.429 250.693 381.15 250.846 20190709T130035.816485 20 20
20190709T130035.828935 20 20
20190709T130035.836962 20 20
20190709T130035.848529 359.797 197.622 69.0712 67.9306 47.7395 360.869 250.908 381.196 250.808 20190709T130035.848529 20 20
20190709T130035.859742 20 20
20190709T130035.868364 20 20
20190709T130035.876965 360.675 197.548 68.7908 68.35 24.6022 361.048 250.619 381.533 250.805 20190709T130035.876965 20 20
20190709T130035.889549 20 20
20190709T130035.896543 20 20
20190709T130035.908925 361.289 197.732 69.3545 68.348 9.10223 361.698 250.846 382.593 250.802 20190709T130035.908925 20 20
20190709T130035.917547 20 20
20190709T130035.929418 20 20
20190709T130035.936188 361.756 197.848 69.478 68.363 32.9236 362.215 250.758 383.155 250.808 20190709T130035.936188 20 20
20190709T130035.948553 20 20
20190709T130035.956530 20 20
20190709T130035.968508 361.9 197.815 69.4854 68.1818 20.5499 362.306 250.648 383.173 250.682 20190709T130035.968508 20 20
20190709T130035.978904 20 20
20190709T130035.988295 20 20
20190709T130035.996450 353.406 198.837 69.0321 66.9689 120.025 359.019 251.235 379.463 251.676 20190709T130035.996450 20 20
20190709T130036.009626 20 20
20190709T130036.017180 20 20
20190709T130036.028968 342.957 199.829 69.0587 67.828 132.29 353.61 251.282 374.628 252.353 20190709T130036.028968 20 20
20190709T130036.041657 20 20
20190709T130036.048967 20 20
20190709T130036.061068 343.908 199.829 69.3024 67.8532 142.332 353.913 251.213 375.096 252.336 20190709T130036.061068 20 20
20190709T130036.070468 20 20
20190709T130036.081088 20 20
20190709T130036.088319 343.293 199.998 69.3964 68.0465 134.202 353.681 251.388 374.885 252.348 20190709T130036.088319 20 20
20190709T130036.101999 20 20
20190709T130036.109036 20 20
20190709T130036.120465 342.988 200.505 69.8163 68.1104 132.538 353.234 252 374.196 252.667 20190709T130036.120465 20 20
20190709T130036.130714 20 20
20190709T130036.140303 20 20
20190709T130036.148446 342.366 201.024 70.0611 68.1361 134.657 352.853 252.894 373.714 253.414 20190709T130036.148446 20 20
20190709T130036.161339 20 20
20190709T130036.168921 20 20
20190709T130036.180441 342.514 201.66 70.1976 68.4199 124.547 352.881 253.07 373.749 253.882 20190709T130036.180441 20 20
20190709T130036.191718 20 20
20190709T130036.200526 20 20
20190709T130036.208524 334.414 201.374 70.2248 66.8105 127.397 349.323 252.545 370.797 254.243 20190709T130036.208524 20 20
20190709T130036.222008 20 20
20190709T130036.229279 20 20
20190709T130036.240422 331.106 200.085 70.4335 66.7845 124.476 347.838 251.894 369.258 253.649 20190709T130036.240422 20 20
20190709T130036.251386 20 20
20190709T130036.261084 20 20
20190709T130036.269085 330.617 200.515 70.3755 66.9869 117.602 347.673 251.894 369.049 254.049 20190709T130036.269085 20 20
20190709T130036.280586 20 20
20190709T130036.292954 20 20
20190709T130037.017969 424.365 203.124 71.1646 64.3702 47.1065 393.074 254.848 414.105 254.88 20190709T130037.017969 960 20
20190709T130037.026555 960 20
20190709T130037.037603 960 20
20190709T130037.049508 424.503 203.304 70.7384 64.2609 47.95 393.179 255.171 414.159 255.076 20190709T130037.049508 960 20
20190709T130037.059838 960 20
20190709T130037.068798 960 20
20190709T130037.077017 424.541 203.781 70.6437 63.783 47.2777 393 255.725 414.206 255.41 20190709T130037.077017 960 20
20190709T130037.090650 960 20
20190709T130037.098259 960 20
20190709T130037.109127 424.72 203.91 70.1214 63.9183 49.1458 393.255 255.848 414.128 255.91 20190709T130037.109127 960 20
20190709T130037.123569 960 20
20190709T130037.130202 960 20
20190709T130037.137024 424.379 203.919 70.1384 63.4855 46.918 393.039 255.825 414.038 255.849 20190709T130037.137024 960 20
20190709T130037.150657 960 20
20190709T130037.157516 960 20
20190709T130037.168944 423.95 204.183 69.7439 63.3388 46.8181 392.513 255.912 413.767 256.103 20190709T130037.168944 960 20
20190709T130037.178575 960 20
20190709T130037.188437 960 20
20190709T130037.197022 423.554 204.874 69.1986 63.3659 47.1246 392.246 256.618 413.362 256.715 20190709T130037.197022 960 20
20190709T130037.210527 960 20
20190709T130037.216710 960 20
20190709T130037.230010 423.009 205.729 68.9117 63.0257 47.3461 391.576 257.446 412.902 257.582 20190709T130037.230010 960 20
20190709T130037.238731 960 20
20190709T130037.248468 960 20
20190709T130037.256563 422.795 206.305 68.8987 62.6332 49.3182 391.5 258 412.582 258.282 20190709T130037.256563 960 20
20190709T130037.269140 960 20
20190709T130037.277126 960 20
20190709T130037.289094 423.017 206.431 68.683 62.287 47.4038 391.611 257.889 412.795 258.33 20190709T130037.289094 960 20
20190709T130037.301191 960 20
20190709T130037.309085 960 20
20190709T130037.320541 423.082 206.407 68.5244 62.3297 47.8135 391.693 257.833 412.799 258.259 20190709T130037.320541 960 20
20190709T130037.330500 960 20
20190709T130037.340267 960 20
20190709T130037.348462 423.467 206.264 67.7797 61.841 49.1473 391.941 257.797 413.167 258.085 20190709T130037.348462 960 20
20190709T130037.360980 960 20
20190709T130037.369389 960 20
20190709T130037.381819 423.942 205.753 67.6309 61.7089 47.3562 392.388 257.594 413.517 257.625 20190709T130037.381819 960 20
20190709T130037.390749 960 20
20190709T130037.400413 960 20
20190709T130037.408532 424.397 205.389 67.4599 61.4161 48.2859 392.568 257.117 413.749 257.245 20190709T130037.408532 960 20
20190709T130037.420597 960 20
20190709T130037.429015 960 20
20190709T130037.440484 424.681 205.308 67.4616 61.3365 46.4187 392.973 257.09 414.022 257.273 20190709T130037.440484 960 20
20190709T130037.449620 960 20
20190709T130037.460251 960 20
20190709T130037.468391 424.802 205.053 67.5209 60.9357 47.9687 393.169 256.818 414.128 257.04 20190709T130037.468391 960 20
20190709T130037.481680 960 20
20190709T130037.488964 960 20
20190709T130037.500426 425.93 205.085 66.9786 60.8187 47.5798 394.967 256.152 415.832 256.551 20190709T130037.500426 960 20
20190709T130037.510533 960 20
20190709T130037.520297 960 20
20190709T130037.529062 -1 -1 66.9786 60.8187 47.5798 394.967 256.152 415.832 256.551 20190709T130037.529062 960 20
20190709T130037.540624 960 20
20190709T130037.553042 960 20
20190709T130037.560922 431.265 210.032 47.5183 39.1725 165.731 395.502 251.189 416.452 251.499 20190709T130037.560922 960 20
20190709T130037.573250 960 20
20190709T130037.580960 960 20
20190709T130037.592523 426.307 200.379 66.3182 60.1063 45.1011 394.773 253.258 415.614 253.55 20190709T130037.592523 960 20
20190709T130037.601705 960 20
20190709T130037.612425 960 20
20190709T130037.621056 425.784 202.197 66.3271 59.7134 46.591 394.399 254.601 415.366 254.774 20190709T130037.621056 960 20
20190709T130037.634010 960 20
20190709T130037.640927 960 20
20190709T130037.653132 425.932 203.169 66.363 59.6366 45.3802 394.395 255.811 415.438 255.733 20190709T130037.653132 960 20
20190709T130037.665930 960 20
20190709T130037.673100 960 20
20190709T130037.681093 426.353 203.169 66.4069 59.6674 46.5244 394.785 255.921 415.646 256.105 20190709T130037.681093 960 20
20190709T130037.694293 960 20
20190709T130037.701815 960 20
20190709T130037.712505 427.133 203.112 66.5218 59.2457 46.0042 395.591 255.822 416.607 255.751 20190709T130037.712505 960 20
20190709T130037.723091 960 20
20190709T130037.732753 960 20
20190709T130037.740606 427.7 202.832 65.7215 59.7405 45.1343 396.135 255.793 417.247 255.472 20190709T130037.740606 960 20
20190709T130037.753242 960 20
20190709T130037.760536 960 20
20190709T130037.772502 427.615 202.64 65.7474 59.5173 45.5042 395.814 255.422 416.908 255.422 20190709T130037.772502 960 20
20190709T130037.786168 960 20
20190709T130037.793535 960 20
20190709T130037.806154 426.993 202.44 65.9581 59.3613 46.117 395.354 255.171 416.324 255.086 20190709T130037.806154 960 20
20190709T130037.815112 960 20
20190709T130037.825072 960 20
20190709T130037.832982 427.055 202.535 65.8307 59.2251 44.9687 395.236 255.127 416.022 255.273 20190709T130037.832982 960 20
20190709T130037.844651 960 20
20190709T130037.852724 960 20
20190709T130037.865875 428.857 203.012 65.3773 59.3088 45.3593 396.855 255.798 417.872 255.96 20190709T130037.865875 960 20
20190709T130037.873373 960 20
20190709T130037.884945 960 20
20190709T130037.893667 429.516 203.297 65.478 59.1672 45.9303 397.647 256.088 418.651 256 20190709T130037.893667 960 20
20190709T130037.906842 960 20
20190709T130037.912538 960 20
20190709T130037.925702 431.046 203.436 65.6995 58.7398 45.6117 398.542 256.156 419.425 256.317 20190709T130037.925702 960 20
20190709T130037.933419 960 20
20190709T130037.946037 960 20
20190709T130037.952964 433.952 203.967 65.6387 58.8261 47.4514 399.814 256.591 421.032 256.588 20190709T130037.952964 960 20
20190709T130037.966385 960 20
20190709T130037.972736 960 20
20190709T130037.985052 432.834 204.636 65.911 58.7225 44.991 398.868 257.447 419.961 257.117 20190709T130037.985052 960 20
20190709T130037.993155 960 20
20190709T130038.004581 960 20
20190709T130038.013049 431.736 205.046 65.6575 58.9381 45.3682 397.824 257.725 418.953 257.492 20190709T130038.013049 960 20
20190709T130038.026428 960 20
20190709T130038.034831 960 20
20190709T130038.045684 431.009 204.965 65.7694 58.6935 47.6697 397.014 257.752 418.144 257.557 20190709T130038.045684 960 20
20190709T130038.059287 960 20
20190709T130038.065639 960 20
20190709T130038.078087 430.873 204.474 65.3431 58.9708 45.1887 397.1 257 417.991 256.962 20190709T130038.078087 960 20
20190709T130038.085983 960 20
20190709T130038.096414 960 20
20190709T130038.104504 431.088 203.993 65.6318 59.1558 46.8159 397.013 256.671 418.038 256.613 20190709T130038.104504 960 20
20190709T130038.116501 960 20
20190709T130038.124303 960 20
20190709T130038.136997 431.281 204.43 65.8392 59.1156 43.5373 397.312 257.137 418.527 256.885 20190709T130038.136997 960 20
20190709T130038.146000 960 20
20190709T130038.156464 960 20
20190709T130038.165039 431.594 204.908 65.5802 59.3179 45.4348 397.565 257.398 418.752 257.248 20190709T130038.165039 960 20
20190709T130038.177674 960 20
20190709T130038.185009 960 20
20190709T130038.196608 432.017 205.259 66.3413 59.3546 46.7844 398.317 258.186 419.238 257.852 20190709T130038.196608 960 20
20190709T130038.208040 960 20
20190709T130038.216302 960 20
20190709T130038.224261 432.244 205.997 66.2429 59.1515 45.2239 398.53 258.388 419.491 258.563 20190709T130038.224261 960 20
20190709T130038.237072 960 20
20190709T130038.245041 960 20
20190709T130038.256526 432.285 206.581 66.1178 59.271 41.1915 398.458 258.931 419.598 259.045 20190709T130038.256526 960 20
20190709T130038.265437 960 20
20190709T130038.276334 960 20
20190709T130038.285120 431.639 206.965 66.3084 59.7801 45.5427 397.502 259.455 418.893 259.281 20190709T130038.285120 960 20
20190709T130038.297690 960 20
20190709T130038.309433 960 20
20190709T130038.317413 430.769 207.485 66.6105 59.2309 44.2286 396.594 260.094 417.827 259.84 20190709T130038.317413 960 20
20190709T130038.329979 960 20
20190709T130038.336951 960 20
20190709T130038.348583 429.763 208.026 66.3327 59.5798 45.5395 396.182 260.193 417.207 260.398 20190709T130038.348583 960 20
20190709T130038.358118 960 20
20190709T130038.368549 960 20
20190709T130038.377028 429.462 208.159 66.5304 59.312 44.0093 395.725 260.373 416.88 260.717 20190709T130038.377028 960 20
20190709T130038.390357 960 20
20190709T130038.397917 960 20
20190709T130038.409688 429.796 208.234 66.6754 59.1919 45.334 396.201 260.181 417.237 260.533 20190709T130038.409688 960 20
20190709T130038.419458 960 20
20190709T130038.429470 960 20
20190709T130038.437139 451.232 210.226 67.1757 57.0399 50.3099 405.306 262.347 426.767 261.413 20190709T130038.437139 960 20
20190709T130038.449079 960 20
20190709T130038.457035 960 20
20190709T130038.468647 451.599 210.166 67.2819 57.6479 47.8369 405.618 262.434 426.896 261.251 20190709T130038.468647 960 20
20190709T130038.478624 960 20
20190709T130038.489455 960 20
20190709T130038.496415 451.354 209.804 67.3742 58.0159 47.04 405.578 261.663 426.933 260.835 20190709T130038.496415 960 20
20190709T130038.509560 960 20
20190709T130039.294135 1900 20
20190709T130039.305738 510.847 222.785 67.8222 52.6989 58.5578 425.647 275.278 454.639 269.851 20190709T130039.305738 1900 20
20190709T130039.320526 1900 20
20190709T130039.333323 1900 20
20190709T130039.342078 509.074 223.855 67.8062 53.1623 59.4758 424.333 276.746 453.33 271.235 20190709T130039.342078 1900 20
20190709T130039.349657 1900 20
20190709T130039.359401 1900 20
20190709T130039.367068 508.728 224.395 68.2518 53.4758 59.002 424.39 277.588 453.277 271.626 20190709T130039.367068 1900 20
20190709T130039.376871 1900 20
20190709T130039.388459 1900 20
20190709T130039.398988 509.313 224.56 68.6802 53.791 59.1783 424.993 277.535 453.958 271.804 20190709T130039.398988 1900 20
20190709T130039.408987 1900 20
20190709T130039.417789 1900 20
20190709T130039.425136 510.568 224.914 68.6212 53.695 60.0536 425.84 277.812 454.64 272.271 20190709T130039.425136 1900 20
20190709T130039.438296 1900 20
20190709T130039.445160 1900 20
20190709T130039.456552 511.359 224.465 69.2322 54.2261 59.529 427.096 277.283 456.172 271.58 20190709T130039.456552 1900 20
20190709T130039.466018 1900 20
20190709T130039.476324 1900 20
20190709T130039.484558 512.031 224.028 69.0475 53.9392 58.5866 427.536 276.936 456.402 271.423 20190709T130039.484558 1900 20
20190709T130039.496701 1900 20
20190709T130039.505145 1900 20
20190709T130039.517144 512.283 223.921 68.999 53.9018 59.0905 427.776 276.867 456.524 271.246 20190709T130039.517144 1900 20
20190709T130039.525509 1900 20
20190709T130039.536495 1900 20
20190709T130039.545076 512.074 223.742 69.2218 53.9024 59.96 427.615 276.385 456.491 270.876 20190709T130039.545076 1900 20
20190709T130039.557930 1900 20
20190709T130039.569087 1900 20
20190709T130039.576542 511.963 223.929 69.3922 53.9201 59.7011 427.385 276.615 456.476 271.043 20190709T130039.576542 1900 20
20190709T130039.589388 1900 20
20190709T130039.596395 1900 20
20190709T130039.608356 512.043 224.102 68.7665 54.0748 58.5305 427.448 276.801 456.429 271.214 20190709T130039.608356 1900 20
20190709T130039.618066 1900 20
20190709T130039.629203 1900 20
20190709T130039.637182 512.039 224.412 69.1201 53.6662 58.1872 427.477 277.153 456.406 271.348 20190709T130039.637182 1900 20
20190709T130039.649835 1900 20
20190709T130039.657026 1900 20
20190709T130039.669107 511.584 224.414 68.9762 53.5604 60.2763 427.164 277.225 455.958 271.333 20190709T130039.669107 1900 20
20190709T130039.678734 1900 20
20190709T130039.689208 1900 20
20190709T130039.696583 511.16 224.666 68.7957 53.8828 59.0732 426.401 277.285 455.441 271.412 20190709T130039.696583 1900 20
20190709T130039.708666 1900 20
20190709T130039.716542 1900 20
20190709T130039.729129 510.632 225.205 68.4192 53.7636 59.6399 425.853 277.857 454.758 272.027 20190709T130039.729129 1900 20
20190709T130039.736993 1900 20
20190709T130039.748636 1900 20
20190709T130039.757120 510.58 225.724 68.8042 53.4766 60.4006 425.69 278.31 454.577 272.477 20190709T130039.757120 1900 20
20190709T130039.769999 1900 20
20190709T130039.777069 1900 20
20190709T130039.789154 510.664 225.87 68.5037 53.4863 59.8989 425.749 278.343 454.793 272.534 20190709T130039.789154 1900 20
20190709T130039.798711 1900 20
20190709T130039.808549 1900 20
20190709T130039.821153 511.45 226.075 68.3867 53.6975 60.8336 426.406 278.464 455.481 272.83 20190709T130039.821153 1900 20
20190709T130039.830110 1900 20
20190709T130039.841539 1900 20
20190709T130039.848373 511.941 226.351 68.6048 53.2577 59.1745 426.976 278.524 456.149 272.882 20190709T130039.848373 1900 20
20190709T130039.861058 1900 20
20190709T130039.868990 1900 20
20190709T130039.880805 513.411 226.853 68.383 52.9724 59.9784 427.521 278.351 456.59 272.985 20190709T130039.880805 1900 20
20190709T130039.890511 1900 20
20190709T130039.900516 1900 20
20190709T130039.909033 -1 -1 68.383 52.9724 59.9784 427.521 278.351 456.59 272.985 20190709T130039.909033 1900 20
20190709T130039.920668 1900 20
20190709T130039.929099 1900 20
20190709T130039.941127 -1 -1 68.383 52.9724 59.9784 427.521 278.351 456.59 272.985 20190709T130039.941127 1900 20
20190709T130039.950013 1900 20
20190709T130039.960555 1900 20
20190709T130039.969191 -1 -1 68.383 52.9724 59.9784 427.521 278.351 456.59 272.985 20190709T130039.969191 1900 20
20190709T130039.980645 1900 20
20190709T130039.989123 1900 20
20190709T130040.001095 -1 -1 68.383 52.9724 59.9784 427.521 278.351 456.59 272.985 20190709T130040.001095 1900 20
20190709T130040.009520 1900 20
20190709T130040.020480 1900 20
20190709T130040.029012 -1 -1 68.383 52.9724 59.9784 427.521 278.351 456.59 272.985 20190709T130040.029012 1900 20
20190709T130040.040593 1900 20
20190709T130040.049063 1900 20
20190709T130040.061068 512.149 225.219 61.501 47.6705 46.7226 426.867 272.44 455.893 267.014 20190709T130040.061068 1900 20
20190709T130040.073895 1900 20
20190709T130040.081513 1900 20
20190709T130040.092600 512.005 223.198 68.1355 52.9388 59.9016 426.673 274.577 455.922 268.939 20190709T130040.092600 1900 20
20190709T130040.101336 1900 20
20190709T130040.113052 1900 20
20190709T130040.120583 511.883 224.561 67.9188 53.1623 58.7714 426.526 275.708 455.777 270.01 20190709T130040.120583 1900 20
20190709T130040.133675 1900 20
20190709T130040.141140 1900 20
20190709T130040.153147 511.581 225.493 67.5533 53.2662 59.1064 426.377 276.707 455.562 270.801 20190709T130040.153147 1900 20
20190709T130040.162950 1900 20
20190709T130040.174050 1900 20
20190709T130040.180533 511.314 226.265 67.7211 53.2746 59.571 425.933 276.821 454.973 271.407 20190709T130040.180533 1900 20
20190709T130040.193055 1900 20
20190709T130040.201150 1900 20
20190709T130040.213149 511.093 226.421 67.504 52.9302 60.3607 425.973 277.111 454.956 271.64 20190709T130040.213149 1900 20
20190709T130040.226825 1900 20
20190709T130040.236161 1900 20
20190709T130040.244168 511.104 226.202 67.2781 52.9696 59.1337 426.402 276.947 455.206 271.611 20190709T130040.244168 1900 20
20190709T130040.253777 1900 20
20190709T130040.260751 1900 20
20190709T130040.274140 511.489 226.117 66.6763 52.8936 59.8835 426.664 276.867 455.62 271.768 20190709T130040.274140 1900 20
20190709T130040.282790 1900 20
20190709T130040.292456 1900 20
20190709T130040.300602 511.883 225.92 67.2016 52.7064 58.9992 427.042 276.655 455.759 271.829 20190709T130040.300602 1900 20
20190709T130040.313298 1900 20
20190709T130040.324580 1900 20
20190709T130040.334120 511.968 225.991 67.1432 52.3698 59.0706 427.246 276.577 456.054 271.342 20190709T130040.334120 1900 20
20190709T130040.345845 1900 20
20190709T130040.353029 1900 20
20190709T130040.364594 512.105 225.787 67.0147 52.5893 59.2191 427.151 276.696 456.257 271.298 20190709T130040.364594 1900 20
20190709T130040.373620 1900 20
20190709T130040.384578 1900 20
20190709T130040.392635 512.224 225.666 67.461 52.0217 59.0321 427.296 276.72 456.305 271.079 20190709T130040.392635 1900 20
20190709T130040.405952 1900 20
20190709T130040.413871 1900 20
20190709T130040.424612 512.097 225.376 66.8452 52.2455 58.8563 427.316 276.27 456.213 270.813 20190709T130040.424612 1900 20
20190709T130040.433184 1900 20
20190709T130040.444606 1900 20
20190709T130040.453126 512.256 225.331 67.1059 52.3591 59.2598 427.358 276.215 456.208 270.716 20190709T130040.453126 1900 20
20190709T130040.465043 1900 20
20190709T130040.473129 1900 20
20190709T130040.485058 512.364 225.548 67.3994 52.1475 59.2261 427.227 276.41 456.178 270.968 20190709T130040.485058 1900 20
20190709T130040.494439 1900 20
20190709T130040.504529 1900 20
20190709T130040.513117 512.564 225.548 67.2574 52.4376 59.0401 427.381 276.643 456.424 270.936 20190709T130040.513117 1900 20
20190709T130040.526191 1900 20
20190709T130040.533186 1900 20
20190709T130040.544453 513.241 225.446 67.3278 52.0714 58.63 427.976 276.277 457.094 270.629 20190709T130040.544453 1900 20
20190709T130040.555045 1900 20
20190709T130040.565551 1900 20
20190709T130040.576506 514.006 225.587 67.2061 52.1298 59.3351 428.779 276.159 457.745 270.688 20190709T130040.576506 1900 20
20190709T130040.586024 1900 20
20190709T130040.596591 1900 20
20190709T130040.605137 514.009 225.599 67.2266 52.6599 58.7973 428.841 276.106 457.86 270.553 20190709T130040.605137 1900 20
20190709T130040.617887 1900 20
20190709T130040.626609 1900 20
20190709T130040.637535 513.447 225.131 67.3984 52.4846 59.9547 428.283 275.787 457.414 270.2 20190709T130040.637535 1900 20
20190709T130040.649460 1900 20
20190709T130040.657859 1900 20
20190709T130040.665007 512.845 225.473 67.7767 52.5423 59.6442 427.923 276.031 456.89 270.455 20190709T130040.665007 1900 20
20190709T130040.677373 1900 20
20190709T130040.685105 1900 20
20190709T130040.697147 512.46 225.924 67.258 52.6592 58.6435 427.792 276.234 456.642 270.809 20190709T130040.697147 1900 20
20190709T130040.707502 1900 20
20190709T130040.717001 1900 20
20190709T130040.725518 512.707 225.885 67.6821 52.5795 58.79 428.134 276.059 456.903 270.71 20190709T130040.725518 1900 20
20190709T130040.737836 1900 20
20190709T130040.745454 1900 20
20190709T130040.756437 513.027 225.732 67.6376 52.4174 58.8588 428.164 276.009 457.263 270.393 20190709T130040.756437 1900 20
20190709T130040.766317 1900 20
20190709T130040.776574 1900 20
20190709T130040.785104 512.965 225.659 67.0748 52.7153 59.2118 428.3 275.831 457.368 270.333 20190709T130040.785104 1900 20
20190709T130041.563108 1900 540
20190709T130041.573519 1900 540
20190709T130041.586337 -1 -1 67.0748 52.7153 59.2118 428.3 275.831 457.368 270.333 20190709T130041.586337 1900 540
20190709T130041.596731 1900 540
20190709T130041.605809 1900 540
20190709T130041.613531 -1 -1 67.0748 52.7153 59.2118 428.3 275.831 457.368 270.333 20190709T130041.613531 1900 540
20190709T130041.625318 1900 540
20190709T130041.636384 1900 540
20190709T130041.645341 -1 -1 67.0748 52.7153 59.2118 428.3 275.831 457.368 270.333 20190709T130041.645341 1900 540
20190709T130041.654722 1900 540
20190709T130041.665358 1900 540
20190709T130041.673657 -1 -1 67.0748 52.7153 59.2118 428.3 275.831 457.368 270.333 20190709T130041.673657 1900 540
20190709T130041.684814 1900 540
20190709T130041.692724 1900 540
20190709T130041.704895 -1 -1 67.0748 52.7153 59.2118 428.3 275.831 457.368 270.333 20190709T130041.704895 1900 540
20190709T130041.713918 1900 540
20190709T130041.724638 1900 540
20190709T130041.733345 -1 -1 67.0748 52.7153 59.2118 428.3 275.831 457.368 270.333 20190709T130041.733345 1900 540
20190709T130041.744800 1900 540
20190709T130041.752769 1900 540
20190709T130041.764772 -1 -1 67.0748 52.7153 59.2118 428.3 275.831 457.368 270.333 20190709T130041.764772 1900 540
20190709T130041.774248 1900 540
20190709T130041.784515 1900 540
20190709T130041.793265 -1 -1 67.0748 52.7153 59.2118 428.3 275.831 457.368 270.333 20190709T130041.793265 1900 540
20190709T130041.804684 1900 540
20190709T130041.813178 1900 540
20190709T130041.825160 -1 -1 67.0748 52.7153 59.2118 428.3 275.831 457.368 270.333 20190709T130041.825160 1900 540
20190709T130041.837196 1900 540
20190709T130041.845073 1900 540
20190709T130041.857081 -1 -1 67.0748 52.7153 59.2118 428.3 275.831 457.368 270.333 20190709T130041.857081 1900 540
20190709T130041.865826 1900 540
20190709T130041.876505 1900 540
20190709T130041.885066 508.478 247.307 68.0594 53.8781 72.694 433.04 268.975 455.561 268.596 20190709T130041.885066 1900 540
20190709T130041.896582 1900 540
20190709T130041.904607 1900 540
20190709T130041.918214 507.658 252.535 67.8786 55.1192 70.0419 432.31 273.441 455.318 272.948 20190709T130041.918214 1900 540
20190709T130041.927134 1900 540
20190709T130041.936512 1900 540
20190709T130041.944656 507.082 255.402 68.0015 55.1213 69.9935 431.62 275.917 455.019 275.56 20190709T130041.944656 1900 540
20190709T130041.957466 1900 540
20190709T130041.965186 1900 540
20190709T130041.977245 506.918 256.294 67.8707 55.003 69.3582 431.651 276.779 454.892 276.492 20190709T130041.977245 1900 540
20190709T130041.986641 1900 540
20190709T130041.996534 1900 540
20190709T130042.004553 507.07 257.317 67.764 55.1322 68.9075 431.608 277.421 454.992 276.935 20190709T130042.004553 1900 540
20190709T130042.016659 1900 540
20190709T130042.025358 1900 540
20190709T130042.037193 507.421 258.206 67.8604 55.0482 71.674 432.33 278.09 455.435 277.755 20190709T130042.037193 1900 540
20190709T130042.045572 1900 540
20190709T130042.056469 1900 540
20190709T130042.064596 507.728 258.707 68.0942 55.051 70.5738 432.407 278.45 455.477 278.221 20190709T130042.064596 1900 540
20190709T130042.078104 1900 540
20190709T130042.089194 1900 540
20190709T130042.096594 507.785 258.788 67.039 55.2172 69.9335 432.407 278.45 455.469 278.266 20190709T130042.096594 1900 540
20190709T130042.108690 1900 540
20190709T130042.117209 1900 540
20190709T130042.129203 507.504 258.917 67.5788 55.084 71.6056 432.444 278.573 455.325 278.474 20190709T130042.129203 1900 540
20190709T130042.138762 1900 540
20190709T130042.148458 1900 540
20190709T130042.159807 507.414 258.82 67.603 55.3508 70.1337 432.131 278.404 455.152 278.172 20190709T130042.159807 1900 540
20190709T130042.170678 1900 540
20190709T130042.178791 1900 540
20190709T130042.188438 511.194 259.599 68.0192 54.8723 70.983 433.23 278.474 456.879 278.468 20190709T130042.188438 1900 540
20190709T130042.196377 1900 540
20190709T130042.208564 1900 540
20190709T130042.216599 510.65 259.607 67.6644 54.7644 70.3107 433.091 278.591 456.747 278.469 20190709T130042.216599 1900 540
20190709T130042.230303 1900 540
20190709T130042.237612 1900 540
20190709T130042.248650 510.7 259.661 67.6849 54.6685 70.0752 433.23 278.474 456.893 278.258 20190709T130042.248650 1900 540
20190709T130042.257541 1900 540
20190709T130042.268643 1900 540
20190709T130042.277205 510.828 259.979 67.7334 54.9557 70.7222 433.162 278.755 456.622 278.654 20190709T130042.277205 1900 540
20190709T130042.289852 1900 540
20190709T130042.296547 1900 540
20190709T130042.309191 510.904 260.029 68.0728 54.7996 69.5079 433.316 278.872 456.72 278.68 20190709T130042.309191 1900 540
20190709T130042.318689 1900 540
20190709T130042.328561 1900 540
20190709T130042.341060 511.601 259.128 67.7148 54.7605 70.4496 433.924 277.839 457.435 277.755 20190709T130042.341060 1900 540
20190709T130042.349658 1900 540
20190709T130042.360557 1900 540
20190709T130042.369129 -1 -1 67.7148 54.7605 70.4496 433.924 277.839 457.435 277.755 20190709T130042.369129 1900 540
20190709T130042.380661 1900 540
20190709T130042.388807 1900 540
20190709T130042.401261 -1 -1 67.7148 54.7605 70.4496 433.924 277.839 457.435 277.755 20190709T130042.401261 1900 540
20190709T130042.410061 1900 540
20190709T130042.420635 1900 540
20190709T130042.429170 -1 -1 67.7148 54.7605 70.4496 433.924 277.839 457.435 277.755 20190709T130042.429170 1900 540
20190709T130042.440706 1900 540
20190709T130042.449205 1900 540
20190709T130042.461196 -1 -1 67.7148 54.7605 70.4496 433.924 277.839 457.435 277.755 20190709T130042.461196 1900 540
20190709T130042.469541 1900 540
20190709T130042.480398 1900 540
20190709T130042.489203 508.304 254.095 69.2869 52.8233 67.4883 434.445 272.861 456.973 272.757 20190709T130042.489203 1900 540
20190709T130042.501909 1900 540
20190709T130042.509780 1900 540
20190709T130042.521202 508.563 256.918 66.8542 55.0201 69.6922 433.596 275.292 456.201 275.469 20190709T130042.521202 1900 540
20190709T130042.530571 1900 540
20190709T130042.540659 1900 540
20190709T130042.549171 508.208 258.323 66.5631 55.2005 68.515 433.391 276.95 455.825 276.893 20190709T130042.549171 1900 540
20190709T130042.562004 1900 540
20190709T130042.568639 1900 540
20190709T130042.580740 508.56 260.001 67.2141 55.3505 70.3561 433.476 278.154 456.091 278.224 20190709T130042.580740 1900 540
20190709T130042.592609 1900 540
20190709T130042.600656 1900 540
20190709T130042.612730 508.886 260.64 67.0015 55.2951 69.9257 433.569 278.966 456.432 278.854 20190709T130042.612730 1900 540
20190709T130042.624584 1900 540
20190709T130042.633524 1900 540
20190709T130042.641187 509.072 261.18 67.2738 55.1339 69.0955 433.732 279.16 456.585 279.179 20190709T130042.641187 1900 540
20190709T130042.654842 1900 540
20190709T130042.662034 1900 540
20190709T130042.672594 509.169 261.604 67.0727 55.1635 69.0398 433.774 279.592 456.76 279.633 20190709T130042.672594 1900 540
20190709T130042.683012 1900 540
20190709T130042.692461 1900 540
20190709T130042.701156 509.071 261.744 66.7042 55.3363 69.4606 433.684 279.673 456.61 279.684 20190709T130042.701156 1900 540
20190709T130042.713325 1900 540
20190709T130042.721245 1900 540
20190709T130042.733212 508.618 261.816 66.7332 55.0526 69.9622 433.408 279.672 455.878 279.777 20190709T130042.733212 1900 540
20190709T130042.742319 1900 540
20190709T130042.753596 1900 540
20190709T130042.761547 512.229 262.101 66.0807 54.7154 72.0227 434.499 280.037 457.675 279.981 20190709T130042.761547 1900 540
20190709T130042.774002 1900 540
20190709T130042.781292 1900 540
20190709T130042.792671 511.81 262.112 66.2632 55 71.4726 434.438 279.855 457.556 279.97 20190709T130042.792671 1900 540
20190709T130042.802954 1900 540
20190709T130042.812444 1900 540
20190709T130042.820416 511.697 261.894 66.202 54.6538 71.7651 434.47 279.586 457.611 279.712 20190709T130042.820416 1900 540
20190709T130042.832809 1900 540
20190709T130042.845239 1900 540
20190709T130042.853188 511.661 261.993 65.9927 54.8412 70.3083 434.291 279.868 457.423 279.84 20190709T130042.853188 1900 540
20190709T130042.866142 1900 540
20190709T130042.873777 1900 540
20190709T130042.884434 511.413 262.041 66.3718 54.3992 71.5562 433.961 280.271 457.367 279.94 20190709T130042.884434 1900 540
20190709T130042.894268 1900 540
20190709T130042.904433 1900 540
20190709T130042.912351 511.347 262.154 65.7982 54.7259 71.7905 433.851 280.421 457.275 280.016 20190709T130042.912351 1900 540
20190709T130042.925209 1900 540
20190709T130042.933151 1900 540
20190709T130042.945198 511.407 262.471 66.2011 54.6708 72.4087 433.768 280.451 457.247 280.207 20190709T130042.945198 1900 540
20190709T130042.954398 1900 540
20190709T130042.964477 1900 540
20190709T130042.972649 511.363 262.705 66.3683 54.5327 72.0551 433.878 280.913 457.246 280.658 20190709T130042.972649 1900 540
20190709T130042.985518 1900 540
20190709T130042.993765 1900 540
20190709T130043.005095 511.254 263.108 66.3887 54.2758 71.2516 433.71 280.945 457.097 280.8 20190709T130043.005095 1900 540
20190709T130043.015376 1900 540
20190709T130043.025214 1900 540
20190709T130043.033123 511.077 263.581 66.2977 54.5126 71.8897 433.525 281.174 457.139 281.067 20190709T130043.033123 1900 540
20190709T130043.045791 1900 540
20190709T130043.053367 1900 540
20190709T130043.842926 427.509 248.991 68.6217 60.9408 53.1342 396.538 274.474 417.355 275.29 20190709T130043.842926 960 540
20190709T130043.854564 960 540
20190709T130043.864345 960 540
20190709T130043.874963 427.158 249.134 68.3741 61.0016 51.3228 396.326 274.843 416.807 275.362 20190709T130043.874963 960 540
20190709T130043.884889 960 540
20190709T130043.895238 960 540
20190709T130043.904663 426.527 249.26 68.2283 60.7269 50.3284 395.622 274.908 416.183 275.487 20190709T130043.904663 960 540
20190709T130043.914858 960 540
20190709T130043.924222 960 540
20190709T130043.935762 426.3 249.577 68.4727 60.7612 52.5558 395.405 275.187 415.941 275.926 20190709T130043.935762 960 540
20190709T130043.943270 960 540
20190709T130043.954754 960 540
20190709T130043.961103 426.102 249.654 67.7114 60.3662 50.7655 395.081 275.403 415.567 276.147 20190709T130043.961103 960 540
20190709T130043.973392 960 540
20190709T130043.981029 960 540
20190709T130043.993098 428.255 248.778 67.3797 59.8981 54.7149 396.535 273.57 416.85 274.487 20190709T130043.993098 960 540
20190709T130044.003951 960 540
20190709T130044.013181 960 540
20190709T130044.020442 -1 -1 67.3797 59.8981 54.7149 396.535 273.57 416.85 274.487 20190709T130044.020442 960 540
20190709T130044.032725 960 540
20190709T130044.041159 960 540
20190709T130044.052567 -1 -1 67.3797 59.8981 54.7149 396.535 273.57 416.85 274.487 20190709T130044.052567 960 540
20190709T130044.061101 960 540
20190709T130044.073211 960 540
20190709T130044.081145 427.756 247.923 56.4558 54.5229 56.2311 394.747 268.756 414.991 269.248 20190709T130044.081145 960 540
20190709T130044.092700 960 540
20190709T130044.105223 960 540
20190709T130044.113244 425.497 247.099 66.4456 59.4636 53.2732 393.296 272.588 413.939 273.279 20190709T130044.113244 960 540
20190709T130044.126046 960 540
20190709T130044.133219 960 540
20190709T130044.145195 424.979 249.577 66.9177 59.5611 53.7436 392.88 275.279 413.274 275.896 20190709T130044.145195 960 540
20190709T130044.154337 960 540
20190709T130044.164497 960 540
20190709T130044.172700 424.673 251.416 66.7947 60.3543 57.016 392.674 276.552 413.21 277.373 20190709T130044.172700 960 540
20190709T130044.187600 960 540
20190709T130044.193929 960 540
20190709T130044.204723 424.642 251.841 66.4472 60.2037 56.0539 392.536 277.294 413.017 277.832 20190709T130044.204723 960 540
20190709T130044.216435 960 540
20190709T130044.224553 960 540
20190709T130044.232629 424.576 252.439 66.7761 59.6541 57.0761 392.539 277.967 413.022 278.54 20190709T130044.232629 960 540
20190709T130044.246304 960 540
20190709T130044.253650 960 540
20190709T130044.264560 424.102 252.626 66.5425 60.0815 54.5178 392.465 278.24 412.756 278.828 20190709T130044.264560 960 540
20190709T130044.274844 960 540
20190709T130044.284550 960 540
20190709T130044.293244 423.345 252.524 66.8103 60.2062 54.2319 391.545 278 412.012 278.972 20190709T130044.293244 960 540
20190709T130044.305860 960 540
20190709T130044.312723 960 540
20190709T130044.324865 422.212 252.5 66.7696 60.2387 55.4773 390.562 278.133 411.169 278.831 20190709T130044.324865 960 540
20190709T130044.334305 960 540
20190709T130044.344544 960 540
20190709T130044.356662 421.375 252.662 67.1014 60.0298 55.9253 389.535 278.081 409.898 278.682 20190709T130044.356662 960 540
20190709T130044.365695 960 540
20190709T130044.377637 960 540
20190709T130044.384816 421.026 251.659 67.0896 60.1131 54.1366 389.243 276.846 409.5 277.5 20190709T130044.384816 960 540
20190709T130044.397212 960 540
20190709T130044.405125 960 540
20190709T130044.416598 423.328 249.136 66.4811 59.378 54.8907 390.954 273.766 411.118 274.83 20190709T130044.416598 960 540
20190709T130044.425643 960 540
20190709T130044.436436 960 540
20190709T130044.444498 -1 -1 66.4811 59.378 54.8907 390.954 273.766 411.118 274.83 20190709T130044.444498 960 540
20190709T130044.457340 960 540
20190709T130044.465155 960 540
20190709T130044.476708 -1 -1 66.4811 59.378 54.8907 390.954 273.766 411.118 274.83 20190709T130044.476708 960 540
20190709T130044.486094 960 540
20190709T130044.497224 960 540
20190709T130044.505149 -1 -1 66.4811 59.378 54.8907 390.954 273.766 411.118 274.83 20190709T130044.505149 960 540
20190709T130044.518292 960 540
20190709T130044.525398 960 540
20190709T130044.536602 421.058 247.612 65.1197 58.9617 41.1138 389.308 271.358 409.556 271.67 20190709T130044.536602 960 540
20190709T130044.546816 960 540
20190709T130044.556625 960 540
20190709T130044.565218 420.388 249.973 67.3763 60.1362 54.3613 389.015 273.667 409.258 274.198 20190709T130044.565218 960 540
20190709T130044.580769 960 540
20190709T130044.587467 960 540
20190709T130044.597192 420.073 251.962 67.5955 60.27 56.9335 388.375 275.341 408.824 276.307 20190709T130044.597192 960 540
20190709T130044.609836 960 540
20190709T130044.616727 960 540
20190709T130044.628724 419.842 252.892 67.7786 60.4044 57.0043 388.128 276.27 408.5 277.044 20190709T130044.628724 960 540
20190709T130044.640879 960 540
20190709T130044.648781 960 540
20190709T130044.656870 419.885 253.145 67.9835 60.6958 57.1028 388.068 276.5 408.774 277.122 20190709T130044.656870 960 540
20190709T130044.669564 960 540
20190709T130044.677250 960 540
20190709T130044.689270 419.816 252.376 67.108 59.7706 47.4053 388.087 276.649 408.624 277.287 20190709T130044.689270 960 540
20190709T130044.699927 960 540
20190709T130044.708831 960 540
20190709T130044.717240 417.813 250.955 67.6437 60.1701 51.8991 387.226 276.139 407.831 276.601 20190709T130044.717240 960 540
20190709T130044.731087 960 540
20190709T130044.738588 960 540
20190709T130044.749273 417.948 251.924 68.0121 60.974 56.6519 386.9 276.268 407.638 276.798 20190709T130044.749273 960 540
20190709T130044.758823 960 540
20190709T130044.768517 960 540
20190709T130044.776595 417.81 250.732 66.0761 59.979 41.5142 386.85 276.377 407.658 276.936 20190709T130044.776595 960 540
20190709T130044.788887 960 540
20190709T130044.796805 960 540
20190709T130044.809278 418.155 252.008 68.2757 60.5394 57.5542 386.956 276.433 407.564 276.971 20190709T130044.809278 960 540
20190709T130044.818943 960 540
20190709T130044.828701 960 540
20190709T130044.836768 418.198 251.865 67.9509 60.4678 55.0634 387.034 276.398 407.553 277.059 20190709T130044.836768 960 540
20190709T130044.849408 960 540
20190709T130044.861301 960 540
20190709T130044.869136 418.443 252.126 68.1869 60.6035 55.6249 387.232 276.419 407.812 276.825 20190709T130044.869136 960 540
20190709T130044.880894 960 540
20190709T130044.889255 960 540
20190709T130044.901259 418.493 251.822 67.4649 60.9133 56.4443 387.536 276.294 408.351 276.844 20190709T130044.901259 960 540
20190709T130044.909326 960 540
20190709T130044.921713 960 540
20190709T130044.928576 418.775 251.967 67.6992 60.5183 58.565 388.062 276.146 408.473 276.752 20190709T130044.928576 960 540
20190709T130044.940758 960 540
20190709T130044.949281 960 540
20190709T130044.961232 419.322 251.807 68.1211 60.4999 55.3082 388.384 276 409.101 276.359 20190709T130044.961232 960 540
20190709T130044.970304 960 540
20190709T130044.980661 960 540
20190709T130044.988721 419.061 252.114 67.5128 61.5793 63.1624 388.436 275.88 409.203 276.207 20190709T130044.988721 960 540
20190709T130045.001989 960 540
20190709T130045.009879 960 540
20190709T130045.020717 419.11 251.666 67.3191 60.6425 55.2368 388.413 276.033 409.101 276.359 20190709T130045.020717 960 540
20190709T130045.031937 960 540
20190709T130045.041803 960 540
20190709T130045.049361 419.026 251.875 67.7395 60.2967 54.128 388.333 276.067 409.12 276.628 20190709T130045.049361 960 540
20190709T130045.061760 960 540
20190709T130045.069096 960 540
20190709T130045.082270 418.756 252.254 67.9498 60.9787 57.4528 388.198 276.119 409.044 276.684 20190709T130045.082270 960 540
20190709T130045.091270 960 540
20190709T130045.101710 960 540
20190709T130045.112686 418.733 252.018 67.8026 60.6262 53.9299 388.027 276.218 408.646 276.743 20190709T130045.112686 960 540
20190709T130045.122704 960 540
20190709T130045.133288 960 540
20190709T130045.141239 418.727 252.129 67.8755 60.8933 52.4277 388.115 276.202 408.765 276.705 20190709T130045.141239 960 540
20190709T130045.152734 960 540
20190709T130045.161313 960 540
20190709T130045.173319 420.233 251.725 67.4836 61.2484 55.5453 389.024 275.921 409.413 276.388 20190709T130045.173319 960 540
20190709T130045.186437 960 540
20190709T130045.192458 960 540
20190709T130045.201290 420.603 251.077 68.1581 60.8035 52.2551 389.238 275.542 409.756 276.061 20190709T130045.201290 960 540
20190709T130045.215651 960 540
20190709T130045.223190 960 540
20190709T130045.233276 420.593 251.077 68.0579 61.1746 57.58 389.317 275.148 409.681 275.843 20190709T130045.233276 960 540
20190709T130045.242853 960 540
20190709T130045.252533 960 540
20190709T130045.261260 420.523 250.737 68.0253 60.5203 53.0306 389.238 275.127 409.59 275.705 20190709T130045.261260 960 540
20190709T130045.272994 960 540
20190709T130045.280742 960 540
20190709T130045.292766 419.565 250.92 67.9163 62.2213 60.6187 388.429 274.806 409.239 275.385 20190709T130045.292766 960 540
20190709T130045.303009 960 540
20190709T130045.312609 960 540
20190709T130045.320687 419.429 250.176 68.4442 60.8635 51.7798 388.333 274.616 408.742 275.431 20190709T130045.320687 960 540
20190709T130045.999658 20 540
20190709T130046.009764 20 540
20190709T130046.017691 329.408 245.539 66.6448 62.2571 83.5473 347.852 271.892 368.432 272.854 20190709T130046.017691 20 540
20190709T130046.031372 20 540
20190709T130046.039350 20 540
20190709T130046.049406 331.701 246.494 59.8575 53.7692 17.3754 349.78 266.485 369.809 266.782 20190709T130046.049406 20 540
20190709T130046.059307 20 540
20190709T130046.070132 20 540
20190709T130046.079747 -1 -1 59.8575 53.7692 17.3754 349.78 266.485 369.809 266.782 20190709T130046.079747 20 540
20190709T130046.089987 20 540
20190709T130046.097689 20 540
20190709T130046.109626 -1 -1 59.8575 53.7692 17.3754 349.78 266.485 369.809 266.782 20190709T130046.109626 20 540
20190709T130046.121262 20 540
20190709T130046.130074 20 540
20190709T130046.140703 331.747 238.108 65.1139 63.4431 61.174 350.031 265.388 370.371 265.307 20190709T130046.140703 20 540
20190709T130046.149131 20 540
20190709T130046.160757 20 540
20190709T130046.169253 332.145 239.084 66.5279 63.2865 81.6663 351.014 266.921 371.45 267.201 20190709T130046.169253 20 540
20190709T130046.181865 20 540
20190709T130046.188867 20 540
20190709T130046.201288 331.71 240.492 67.6397 63.4274 78.7298 350.489 267.92 370.897 268.462 20190709T130046.201288 20 540
20190709T130046.210307 20 540
20190709T130046.221298 20 540
20190709T130046.229229 330.097 240.814 68.3326 63.6122 78.168 348.739 268.149 369.071 268.475 20190709T130046.229229 20 540
20190709T130046.242028 20 540
20190709T130046.249260 20 540
20190709T130046.260716 328.24 240.983 67.9815 63.67 80.6101 347.21 268.341 367.527 268.823 20190709T130046.260716 20 540
20190709T130046.270492 20 540
20190709T130046.281289 20 540
20190709T130046.289253 327.225 241.436 68.0466 63.7496 88.1357 346.322 268.839 366.805 269.439 20190709T130046.289253 20 540
20190709T130046.301344 20 540
20190709T130046.309251 20 540
20190709T130046.321299 327.476 241.201 67.1296 64.4184 90.0094 346.326 268.843 366.777 269.469 20190709T130046.321299 20 540
20190709T130046.334241 20 540
20190709T130046.342346 20 540
20190709T130046.349239 327.662 241.339 66.5682 64.6045 95.7691 346.764 269.243 367.178 269.885 20190709T130046.349239 20 540
20190709T130046.361170 20 540
20190709T130046.374310 20 540
20190709T130046.381464 328.021 242.073 68.1391 64.2023 88.6733 347.187 269.476 367.287 270.123 20190709T130046.381464 20 540
20190709T130046.393208 20 540
20190709T130046.400606 20 540
20190709T130046.413311 328.286 242.573 67.8029 64.3191 90.4555 347.355 269.949 367.685 270.731 20190709T130046.413311 20 540
20190709T130046.424265 20 540
20190709T130046.433802 20 540
20190709T130046.440567 328.372 243.153 68.4455 64.0778 87.7504 347.346 270.154 367.94 271.03 20190709T130046.440567 20 540
20190709T130046.452771 20 540
20190709T130046.460820 20 540
20190709T130046.473293 328.343 243.035 68.3695 64.4026 89.8353 347.494 270.51 367.964 271.064 20190709T130046.473293 20 540
20190709T130046.483389 20 540
20190709T130046.492573 20 540
20190709T130046.501252 328.143 242.992 67.6274 64.6624 94.2681 347.551 270.431 367.844 271.159 20190709T130046.501252 20 540
20190709T130046.514697 20 540
20190709T130046.521467 20 540
20190709T130046.532819 328.141 243.837 68.2187 64.6564 90.4262 347.402 270.9 367.571 271.707 20190709T130046.532819 20 540
20190709T130046.543102 20 540
20190709T130046.552672 20 540
20190709T130046.560757 327.602 243.984 68.2894 64.7032 101.039 347.038 271.422 367.618 272.118 20190709T130046.560757 20 540
20190709T130046.573410 20 540
20190709T130046.580740 20 540
20190709T130046.593178 327.225 243.524 68.6985 64.8928 98.5321 346.357 270.922 367.099 271.701 20190709T130046.593178 20 540
20190709T130046.602489 20 540
20190709T130046.612456 20 540
20190709T130046.624624 331.211 236.043 79.4138 65.1933 85.3687 348.715 267.073 369.193 267.987 20190709T130046.624624 20 540
20190709T130046.634036 20 540
20190709T130046.644718 20 540
20190709T130046.653280 -1 -1 79.4138 65.1933 85.3687 348.715 267.073 369.193 267.987 20190709T130046.653280 20 540
20190709T130046.664778 20 540
20190709T130046.673213 20 540
20190709T130046.686164 326.207 252.988 46.7981 36.862 4.24599 346.179 263.467 366.309 263.636 20190709T130046.686164 20 540
20190709T130046.694329 20 540
20190709T130046.704725 20 540
20190709T130046.712798 327.252 239.198 68.5932 65.1584 99.0927 346.239 266.738 366.489 266.787 20190709T130046.712798 20 540
20190709T130046.726090 20 540
20190709T130046.733232 20 540
20190709T130046.744706 327.573 241.773 69.7567 65.5282 91.8443 346.657 268.661 367.238 269.135 20190709T130046.744706 20 540
20190709T130046.754437 20 540
20190709T130046.764956 20 540
20190709T130046.772839 328.04 242.622 70.5378 65.5805 86.7689 346.92 269.162 367.339 269.822 20190709T130046.772839 20 540
20190709T130046.785787 20 540
20190709T130046.793331 20 540
20190709T130046.804776 327.842 242.713 70.3503 65.7276 92.7063 346.863 269.212 367.256 270.062 20190709T130046.804776 20 540
20190709T130046.813553 20 540
20190709T130046.824598 20 540
20190709T130046.832807 327.526 243.219 70.726 65.649 88.2338 346.599 269.639 367.042 270.788 20190709T130046.832807 20 540
20190709T130046.846444 20 540
20190709T130046.853281 20 540
20190709T130046.866349 327.249 243.834 70.7989 65.761 90.7597 346.311 270.23 366.703 271.016 20190709T130046.866349 20 540
20190709T130046.878887 20 540
20190709T130046.884900 20 540
20190709T130046.898330 326.889 243.837 70.85 65.7193 94.1798 346.032 270.323 366.422 271.214 20190709T130046.898330 20 540
20190709T130046.907443 20 540
20190709T130046.916675 20 540
20190709T130046.926244 326.938 244.047 71.0008 65.8792 87.1424 345.935 270.649 366.219 271.34 20190709T130046.926244 20 540
20190709T130046.938000 20 540
20190709T130046.944737 20 540
20190709T130046.957217 326.47 243.817 69.9532 65.7193 95.3661 345.614 270.761 366.098 271.418 20190709T130046.957217 20 540
20190709T130046.966005 20 540
20190709T130046.977317 20 540
20190709T130046.985535 326.166 244.251 70.5061 65.5473 96.21 345.31 270.922 365.712 271.452 20190709T130046.985535 20 540
20190709T130046.998086 20 540
20190709T130047.004815 20 540
20190709T130047.017339 326.121 244.602 70.7163 65.1527 94.8516 345.148 271.288 365.432 272.159 20190709T130047.017339 20 540
20190709T130047.026718 20 540
20190709T130047.036649 20 540
20190709T130047.044555 324.13 244.301 69.6537 64.8907 92.9217 344.238 271.221 364.928 271.913 20190709T130047.044555 20 540
20190709T130047.057870 20 540
20190709T130047.065651 20 540
20190709T130047.078321 324.348 244.638 70.3916 64.9545 92.592 344.342 271.553 365.091 272.217 20190709T130047.078321 20 540
20190709T130047.088738 20 540
20190709T130047.096809 20 540
20190709T130047.104945 324.224 245.099 70.0732 64.7746 88.2613 344.004 271.662 364.679 272.269 20190709T130047.104945 20 540
20190709T130047.117348 20 540
20190709T130047.129365 20 540
20190709T130047.137234 323.556 244.872 69.8586 64.5358 92.7247 343.56 271.461 364.096 272.29 20190709T130047.137234 20 540
20190709T130047.148830 20 540
20190709T130047.157380 20 540
20190709T130047.169319 323.193 245.192 69.2688 64.677 94.0294 343.394 271.913 363.581 272.408 20190709T130047.169319 20 540
20190709T130047.178091 20 540
20190709T130047.189888 20 540
20190709T130047.197654 323.022 245.664 69.2633 64.5191 90.5809 343.24 272.036 363.642 273.008 20190709T130047.197654 20 540
20190709T130047.209322 20 540
20190709T130047.216635 20 540
20190709T130047.228631 323.065 246.062 69.0972 64.4996 91.0265 343.225 272.779 363.673 273.399 20190709T130047.228631 20 540
20190709T130047.237573 20 540
20190709T130047.249290 20 540
20190709T130047.257262 323.47 245.994 69.079 64.3226 89.6451 343.46 272.536 363.842 273.5 20190709T130047.257262 20 540
20190709T130047.269331 20 540
20190709T130047.277268 20 540
20190709T130047.288917 323.624 246.341 68.8605 64.3834 91.275 343.484 272.679 364.135 273.67 20190709T130047.288917 20 540
20190709T130047.298088 20 540
20190709T130047.309227 20 540
20190709T130047.316796 323.434 246.876 68.9196 64.2306 94.0846 343.338 273.32 363.771 273.963 20190709T130047.316796 20 540
20190709T130047.328938 20 540
20190709T130047.337284 20 540
20190709T130047.348738 323.424 246.837 68.3251 64.5986 87.9507 343.359 273.679 363.697 274.407 20190709T130047.348738 20 540
20190709T130047.358878 20 540
20190709T130047.368864 20 540
20190709T130047.382296 323.551 246.549 68.2161 64.0414 90.174 343.533 273.5 363.933 274.255 20190709T130047.382296 20 540
20190709T130047.391710 20 540
20190709T130047.400840 20 540
20190709T130047.408765 323.643 246.621 68.9846 63.6321 89.4805 343.739 273.291 364.114 274.1 20190709T130047.408765 20 540
20190709T130047.421036 20 540
20190709T130047.428763 20 540
20190709T130047.442309 323.618 246.528 68.6216 63.4796 90.5936 343.818 273.348 364.197 274.082 20190709T130047.442309 20 540
20190709T130047.452304 20 540
20190709T130047.460656 20 540
20190709T130047.469299 323.878 246.55 68.0923 63.3614 95.0623 343.935 273.225 364.362 274.294 20190709T130047.469299 20 540
20190709T130047.480817 20 540
20190709T130047.488799 20 540
20190709T130048.499156 327.372 285.081 72.6533 65.5513 72.7076 343.311 287.964 363.925 288.519 20190709T130048.499156 20 1060
20190709T130048.509901 20 1060
20190709T130048.518771 20 1060
20190709T130048.530502 326.921 285.557 72.6007 65.762 72.2025 343.173 288.311 363.723 288.962 20190709T130048.530502 20 1060
20190709T130048.540671 20 1060
20190709T130048.550561 20 1060
20190709T130048.558643 327.05 286.24 72.7561 66.0605 71.469 343.067 288.631 363.756 289.163 20190709T130048.558643 20 1060
20190709T130048.574446 20 1060
20190709T130048.579352 20 1060
20190709T130048.589351 327.16 286.374 72.8686 66.1077 71.2437 343.384 288.831 363.946 289.406 20190709T130048.589351 20 1060
20190709T130048.598761 20 1060
20190709T130048.609417 20 1060
20190709T130048.616908 322.404 286.654 73.0127 65.5399 77.1043 341.55 288.829 362.558 289.392 20190709T130048.616908 20 1060
20190709T130048.630215 20 1060
20190709T130048.642351 20 1060
20190709T130048.651507 322.236 286.879 73.21 65.1745 74.987 341.394 288.913 362.108 289.764 20190709T130048.651507 20 1060
20190709T130048.661100 20 1060
20190709T130048.668839 20 1060
20190709T130048.681406 322.019 286.892 73.2914 64.6156 79.0279 341.591 289.169 362.291 289.709 20190709T130048.681406 20 1060
20190709T130048.690952 20 1060
20190709T130048.700894 20 1060
20190709T130048.708688 322.327 287.058 73.1967 65.1059 75.9216 341.671 289.121 362.466 289.635 20190709T130048.708688 20 1060
20190709T130048.720874 20 1060
20190709T130048.729389 20 1060
20190709T130048.741370 322.49 287.234 73.0975 65.2408 73.9092 341.591 289.169 362.37 289.704 20190709T130048.741370 20 1060
20190709T130048.752457 20 1060
20190709T130048.760649 20 1060
20190709T130048.769468 322.202 287.198 72.844 65.2997 72.6533 341.449 289.175 361.878 289.777 20190709T130048.769468 20 1060
20190709T130048.783166 20 1060
20190709T130048.790650 20 1060
20190709T130048.801924 320.962 287.314 73.6198 63.7503 76.7416 340.878 289.3 361.551 289.862 20190709T130048.801924 20 1060
20190709T130048.811531 20 1060
20190709T130048.820547 20 1060
20190709T130048.828673 321.25 287.406 73.0698 64.6751 74.2955 340.397 289.329 361.422 289.823 20190709T130048.828673 20 1060
20190709T130048.841868 20 1060
20190709T130048.849315 20 1060
20190709T130048.860656 321.724 287.196 73.0315 64.7613 75.8585 341.105 288.987 361.745 289.801 20190709T130048.860656 20 1060
20190709T130048.872664 20 1060
20190709T130048.881390 20 1060
20190709T130048.894411 322.714 287.104 72.9785 65.4287 70.2299 341.342 288.762 362.211 289.434 20190709T130048.894411 20 1060
20190709T130048.902406 20 1060
20190709T130048.912608 20 1060
20190709T130048.921356 322.688 287.003 72.9699 65.0526 71.8665 341.619 288.667 362.349 289.5 20190709T130048.921356 20 1060
20190709T130048.935195 20 1060
20190709T130048.942736 20 1060
20190709T130048.953317 322.324 286.716 72.7776 64.619 72.3121 341.359 288.359 361.917 289.04 20190709T130048.953317 20 1060
20190709T130048.962757 20 1060
20190709T130048.973864 20 1060
20190709T130048.981717 321.33 285.864 73.0576 63.2694 76.4102 341.077 287.889 361.445 288.515 20190709T130048.981717 20 1060
20190709T130048.993527 20 1060
20190709T130049.000835 20 1060
20190709T130049.013375 321.734 285.781 72.327 64.6098 72.3353 340.756 287.54 361.381 288.21 20190709T130049.013375 20 1060
20190709T130049.026491 20 1060
20190709T130049.032937 20 1060
20190709T130049.040851 322.882 283.892 72.3024 64.3529 68.9662 341.239 286.085 361.667 286.89 20190709T130049.040851 20 1060
20190709T130049.054709 20 1060
20190709T130049.061593 20 1060
20190709T130049.073218 -1 -1 72.3024 64.3529 68.9662 341.239 286.085 361.667 286.89 20190709T130049.073218 20 1060
20190709T130049.082320 20 1060
20190709T130049.092875 20 1060
20190709T130049.101486 -1 -1 72.3024 64.3529 68.9662 341.239 286.085 361.667 286.89 20190709T130049.101486 20 1060
20190709T130049.113043 20 1060
20190709T130049.121043 20 1060
20190709T130049.133445 -1 -1 72.3024 64.3529 68.9662 341.239 286.085 361.667 286.89 20190709T130049.133445 20 1060
20190709T130049.145450 20 1060
20190709T130049.153247 20 1060
20190709T130049.165321 -1 -1 72.3024 64.3529 68.9662 341.239 286.085 361.667 286.89 20190709T130049.165321 20 1060
20190709T130049.174450 20 1060
20190709T130049.184714 20 1060
20190709T130049.192812 -1 -1 72.3024 64.3529 68.9662 341.239 286.085 361.667 286.89 20190709T130049.192812 20 1060
20190709T130049.205469 20 1060
20190709T130049.213309 20 1060
20190709T130049.224805 355.794 284.966 58.7473 52.6836 173.979 357.6 279.013 377.212 279.439 20190709T130049.224805 20 1060
20190709T130049.238498 20 1060
20190709T130049.245498 20 1060
20190709T130049.252812 355.919 279.712 67.5149 64.1076 103.062 356.244 280.796 376.801 281.303 20190709T130049.252812 20 1060
20190709T130049.265053 20 1060
20190709T130049.273355 20 1060
20190709T130049.285384 354.858 278.804 72.6849 66.1684 70.5408 356.374 282.183 377.233 282.754 20190709T130049.285384 20 1060
20190709T130049.298447 20 1060
20190709T130049.305251 20 1060
20190709T130049.313376 355.358 280.301 72.5875 66.4623 69.9982 356.867 283.738 377.342 284.221 20190709T130049.313376 20 1060
20190709T130049.325870 20 1060
20190709T130049.333341 20 1060
20190709T130049.344811 355.617 281.098 73.0009 66.3686 70.7344 357.173 284.258 377.609 285.058 20190709T130049.344811 20 1060
20190709T130049.355323 20 1060
20190709T130049.365392 20 1060
20190709T130049.373311 355.759 282.021 73.1053 66.2978 70.2583 357.333 285.134 377.667 285.86 20190709T130049.373311 20 1060
20190709T130049.385958 20 1060
20190709T130049.396704 20 1060
20190709T130049.404676 355.595 282.361 72.8214 66.2732 71.9905 357.378 285.423 377.742 286.351 20190709T130049.404676 20 1060
20190709T130049.417875 20 1060
20190709T130049.425775 20 1060
20190709T130049.437444 355.269 282.807 72.7389 66.487 69.6067 356.901 285.965 377.502 286.399 20190709T130049.437444 20 1060
20190709T130049.446590 20 1060
20190709T130049.456690 20 1060
20190709T130049.464584 341.162 283.383 72.413 63.6872 78.6909 351.394 285.913 372 286.5 20190709T130049.464584 20 1060
20190709T130049.476800 20 1060
20190709T130049.485366 20 1060
20190709T130049.496860 328.899 282.87 72.6606 65.5717 71.9968 344.801 285.214 365.642 286.081 20190709T130049.496860 20 1060
20190709T130049.508498 20 1060
20190709T130049.516704 20 1060
20190709T130049.525349 329.774 283.207 72.3708 66.0805 72.7905 344.939 285.859 365.742 286.435 20190709T130049.525349 20 1060
20190709T130049.537199 20 1060
20190709T130049.545393 20 1060
20190709T130049.557407 329.729 283.276 72.4842 66.0569 71.1922 345.151 286.009 365.911 286.55 20190709T130049.557407 20 1060
20190709T130049.567960 20 1060
20190709T130049.577953 20 1060
20190709T130049.585634 329.532 283.317 73.0211 65.9775 72.069 345.151 286.009 365.842 286.599 20190709T130049.585634 20 1060
20190709T130049.597021 20 1060
20190709T130049.604864 20 1060
20190709T130049.616968 329.336 283.847 73.6174 66.0581 73.8923 345.148 286.288 365.809 286.867 20190709T130049.616968 20 1060
20190709T130049.628354 20 1060
20190709T130049.638334 20 1060
20190709T130049.648850 329.558 284.064 73.2249 66.7561 71.3994 345.222 286.436 365.894 287.029 20190709T130049.648850 20 1060
20190709T130049.661548 20 1060
20190709T130049.669019 20 1060
20190709T130049.677408 329.37 284.168 74.1192 66.5021 73.3817 345.156 286.589 365.939 287.143 20190709T130049.677408 20 1060
20190709T130049.689793 20 1060
20190709T130049.696920 20 1060
20190709T130049.710383 329.245 284.293 73.9238 67.0403 72.3212 345.067 286.578 365.93 287.33 20190709T130049.710383 20 1060
20190709T130049.718212 20 1060
20190709T130049.728676 20 1060
20190709T130049.737368 329.155 284.406 74.0499 66.8522 73.1113 344.662 286.662 365.752 287.468 20190709T130049.737368 20 1060
20190709T130049.750403 20 1060
20190709T130049.758344 20 1060
20190709T130049.769898 329.365 284.352 73.6438 66.9356 72.9164 344.878 286.638 365.911 287.254 20190709T130049.769898 20 1060
20190709T130049.780269 20 1060
20190709T130049.788696 20 1060
20190709T130049.796875 329.914 284.229 73.9716 66.7485 73.0919 345.316 286.385 366.199 287.077 20190709T130049.796875 20 1060
20190709T130049.808921 20 1060
20190709T130049.816923 20 1060
20190709T130049.829382 330.369 284.206 73.6048 67.2251 71.9337 345.54 286.473 366.558 287.186 20190709T130049.829382 20 1060
20190709T130049.839100 20 1060
20190709T130049.848655 20 1060
20190709T130049.857372 328.82 284.361 73.5631 66.6508 76.5818 345.123 286.436 365.833 287.029 20190709T130049.857372 20 1060
20190709T130049.869094 20 1060
20190709T130049.877349 20 1060
20190709T130049.889392 323.837 283.243 73.7259 66.1141 72.1324 342.474 285.59 363.588 286.241 20190709T130049.889392 20 1060
20190709T130049.902138 20 1060
20190709T130049.908831 20 1060
20190709T130049.921418 324.105 283.059 73.4066 66.7289 74.0063 342.463 285.374 363.447 285.917 20190709T130049.921418 20 1060
20190709T130049.931153 20 1060
20190709T130049.940661 20 1060
20190709T130049.948872 324.176 283.22 74.0096 66.1776 74.3416 342.502 285.55 363.589 285.839 20190709T130049.948872 20 1060
20190709T130049.961966 20 1060
20190709T130049.969484 20 1060
20190709T130049.980892 325.021 282.809 73.302 66.6748 72.6303 343.278 285.098 364.036 285.521 20190709T130049.980892 20 1060
20190709T130049.989754 20 1060
20190709T130050.698193 960 1060
20190709T130050.707275 -1 -1 73.302 66.6748 72.6303 343.278 285.098 364.036 285.521 20190709T130050.707275 960 1060
20190709T130050.718276 960 1060
20190709T130050.726831 960 1060
20190709T130050.738027 415.753 294.571 58.757 53.125 148.714 384.262 283.476 405.795 284.679 20190709T130050.738027 960 1060
20190709T130050.747623 960 1060
20190709T130050.757262 960 1060
20190709T130050.766829 413.276 288.512 71.2928 64.516 75.5302 383.651 286.01 404.037 286.689 20190709T130050.766829 960 1060
20190709T130050.784101 960 1060
20190709T130050.791559 960 1060
20190709T130050.798543 413.103 289.496 71.5079 65.5465 73.0174 383.386 287.695 403.886 288.439 20190709T130050.798543 960 1060
20190709T130050.808889 960 1060
20190709T130050.819055 960 1060
20190709T130050.826483 413.039 289.899 71.6493 64.9828 74.3639 383.243 288.095 403.498 288.703 20190709T130050.826483 960 1060
20190709T130050.838362 960 1060
20190709T130050.844711 960 1060
20190709T130050.857382 413.296 290.842 71.341 64.9149 76.7965 383.269 288.903 403.538 289.474 20190709T130050.857382 960 1060
20190709T130050.866785 960 1060
20190709T130050.876960 960 1060
20190709T130050.884795 413.568 291.389 71.4334 64.8614 73.1787 383.595 289.784 404.421 290.658 20190709T130050.884795 960 1060
20190709T130050.897469 960 1060
20190709T130050.909433 960 1060
20190709T130050.917385 414.201 291.923 71.0952 64.7835 78.586 384.251 289.918 405.091 290.498 20190709T130050.917385 960 1060
20190709T130050.928868 960 1060
20190709T130050.937367 960 1060
20190709T130050.948839 414.124 292.307 70.8677 65.0418 75.1119 384.374 290.183 404.72 290.976 20190709T130050.948839 960 1060
20190709T130050.958526 960 1060
20190709T130050.968821 960 1060
20190709T130050.977437 413.908 292.874 70.8071 65.044 73.9466 383.702 290.697 404.502 291.399 20190709T130050.977437 960 1060
20190709T130050.990438 960 1060
20190709T130050.997256 960 1060
20190709T130051.009431 413.456 293.341 70.7562 64.5116 72.6029 383.528 291.108 404.256 292.033 20190709T130051.009431 960 1060
20190709T130051.019001 960 1060
20190709T130051.028702 960 1060
20190709T130051.036918 413.485 293.732 70.8329 64.3622 75.0395 383.432 291.662 404.169 292.27 20190709T130051.036918 960 1060
20190709T130051.049497 960 1060
20190709T130051.057476 960 1060
20190709T130051.068909 413.35 293.581 70.8533 64.8736 73.2301 383.587 291.286 404.298 292.298 20190709T130051.068909 960 1060
20190709T130051.079992 960 1060
20190709T130051.088710 960 1060
20190709T130051.097399 413.154 293.469 70.7467 64.642 71.7524 383.419 291.158 403.974 292.175 20190709T130051.097399 960 1060
20190709T130051.109125 960 1060
20190709T130051.117453 960 1060
20190709T130051.129403 413.063 293.407 70.9614 64.904 74.1108 383.32 291.154 403.681 291.903 20190709T130051.129403 960 1060
20190709T130051.139091 960 1060
20190709T130051.148699 960 1060
20190709T130051.161399 413.143 293.368 71.243 64.7315 73.9832 383.228 291.092 403.797 291.788 20190709T130051.161399 960 1060
20190709T130051.170216 960 1060
20190709T130051.181897 960 1060
20190709T130051.189787 413.168 293.303 71.1486 64.9301 72.6461 383.431 291.069 403.71 291.697 20190709T130051.189787 960 1060
20190709T130051.201033 960 1060
20190709T130051.208908 960 1060
20190709T130051.222409 413.252 293.367 71.1349 64.9178 73.9095 383.294 290.971 403.658 291.55 20190709T130051.222409 960 1060
20190709T130051.232683 960 1060
20190709T130051.243633 960 1060
20190709T130051.252498 412.867 293.481 71.3509 65.0463 74.406 382.86 291.005 403.394 291.913 20190709T130051.252498 960 1060
20190709T130051.262198 960 1060
20190709T130051.269130 960 1060
20190709T130051.282354 412.386 293.52 71.5209 65.2743 73.3844 382.687 291.082 403.409 291.831 20190709T130051.282354 960 1060
20190709T130051.290706 960 1060
20190709T130051.300643 960 1060
20190709T130051.309367 412.116 293.392 71.3989 65.3328 73.6936 382.615 290.906 403.39 291.72 20190709T130051.309367 960 1060
20190709T130051.322870 960 1060
20190709T130051.329792 960 1060
20190709T130051.340934 412.386 291.825 71.1651 65.2481 71.4026 382.575 289.831 403.321 290.333 20190709T130051.340934 960 1060
20190709T130051.351254 960 1060
20190709T130051.361315 960 1060
20190709T130051.369296 421.919 296.176 58.1363 47.6349 134.07 385.423 285.987 406.136 286.356 20190709T130051.369296 960 1060
20190709T130051.380939 960 1060
20190709T130051.392421 960 1060
20190709T130051.400695 -1 -1 58.1363 47.6349 134.07 385.423 285.987 406.136 286.356 20190709T130051.400695 960 1060
20190709T130051.413014 960 1060
20190709T130051.421492 960 1060
20190709T130051.432969 -1 -1 58.1363 47.6349 134.07 385.423 285.987 406.136 286.356 20190709T130051.432969 960 1060
20190709T130051.442159 960 1060
20190709T130051.453547 960 1060
20190709T130051.461537 -1 -1 58.1363 47.6349 134.07 385.423 285.987 406.136 286.356 20190709T130051.461537 960 1060
20190709T130051.473037 960 1060
20190709T130051.481592 960 1060
20190709T130051.493547 -1 -1 58.1363 47.6349 134.07 385.423 285.987 406.136 286.356 20190709T130051.493547 960 1060
20190709T130051.502826 960 1060
20190709T130051.512810 960 1060
20190709T130051.521506 -1 -1 58.1363 47.6349 134.07 385.423 285.987 406.136 286.356 20190709T130051.521506 960 1060
20190709T130051.533014 960 1060
20190709T130051.541598 960 1060
20190709T130051.553603 -1 -1 58.1363 47.6349 134.07 385.423 285.987 406.136 286.356 20190709T130051.553603 960 1060
20190709T130051.562061 960 1060
20190709T130051.573020 960 1060
20190709T130051.581509 -1 -1 58.1363 47.6349 134.07 385.423 285.987 406.136 286.356 20190709T130051.581509 960 1060
20190709T130051.592979 960 1060
20190709T130051.601494 960 1060
20190709T130051.613486 -1 -1 58.1363 47.6349 134.07 385.423 285.987 406.136 286.356 20190709T130051.613486 960 1060
20190709T130051.622115 960 1060
20190709T130051.632887 960 1060
20190709T130051.641363 -1 -1 58.1363 47.6349 134.07 385.423 285.987 406.136 286.356 20190709T130051.641363 960 1060
20190709T130051.653409 960 1060
20190709T130051.665372 960 1060
20190709T130051.673316 -1 -1 58.1363 47.6349 134.07 385.423 285.987 406.136 286.356 20190709T130051.673316 960 1060
20190709T130051.684898 960 1060
20190709T130051.693381 960 1060
20190709T130051.705359 -1 -1 58.1363 47.6349 134.07 385.423 285.987 406.136 286.356 20190709T130051.705359 960 1060
20190709T130051.713671 960 1060
20190709T130051.724973 960 1060
20190709T130051.733350 -1 -1 58.1363 47.6349 134.07 385.423 285.987 406.136 286.356 20190709T130051.733350 960 1060
20190709T130051.752334 960 1060
20190709T130051.758437 960 1060
20190709T130051.764660 415.911 276.606 71.4132 63.6998 68.0607 384.387 278.081 405.538 278.705 20190709T130051.764660 960 1060
20190709T130051.773212 960 1060
20190709T130051.785363 960 1060
20190709T130051.793235 416.751 279.134 70.279 65.1181 67.0659 385.145 280.092 405.658 280.936 20190709T130051.793235 960 1060
20190709T130051.805561 960 1060
20190709T130051.813404 960 1060
20190709T130051.825431 417.584 280.487 71.3451 64.9122 70.4114 385.705 281.874 406.462 282.425 20190709T130051.825431 960 1060
20190709T130051.834866 960 1060
20190709T130051.844766 960 1060
20190709T130051.853450 417.988 281.449 71.3493 65.2672 71.4668 386.251 282.802 407.245 283.417 20190709T130051.853450 960 1060
20190709T130051.866138 960 1060
20190709T130051.874577 960 1060
20190709T130051.884729 418.168 282.21 71.2148 65.651 70.0356 386.338 283.681 407.275 284.627 20190709T130051.884729 960 1060
20190709T130051.893346 960 1060
20190709T130051.905889 960 1060
20190709T130051.917471 418.265 282.908 71.4123 65.8987 70.7458 386.458 283.931 407.311 284.884 20190709T130051.917471 960 1060
20190709T130051.928723 960 1060
20190709T130051.938580 960 1060
20190709T130051.945329 418.436 283.176 71.331 66.0881 71.2142 386.425 284.169 407.487 285.088 20190709T130051.945329 960 1060
20190709T130051.957504 960 1060
20190709T130051.965421 960 1060
20190709T130051.977022 418.874 283.394 72.2814 65.8236 71.2585 387.029 284.276 407.71 285.238 20190709T130051.977022 960 1060
20190709T130051.987014 960 1060
20190709T130051.996651 960 1060
20190709T130052.006474 419.225 283.105 72.6678 66.0448 72.1889 387.431 284.069 407.982 284.612 20190709T130052.006474 960 1060
20190709T130052.019364 960 1060
20190709T130052.026270 960 1060
20190709T130052.037794 419.289 282.95 73.0058 66.464 73.4226 387.439 284.053 408.324 284.541 20190709T130052.037794 960 1060
20190709T130052.045333 960 1060
20190709T130052.057465 960 1060
20190709T130052.065412 420.02 282.913 73.1356 66.1242 74.9337 387.88 284.137 408.903 284.556 20190709T130052.065412 960 1060
20190709T130052.078312 960 1060
20190709T130052.085577 960 1060
20190709T130052.096779 421.929 282.915 73.2927 65.8004 72.424 389.471 283.858 410.198 284.341 20190709T130052.096779 960 1060
20190709T130052.110472 960 1060
20190709T130052.116797 960 1060
20190709T130052.124733 452.625 285.937 73.5037 62.1226 80.6779 403.729 284.595 424.175 285.418 20190709T130052.124733 960 1060
20190709T130052.138140 960 1060
20190709T130052.147444 960 1060
20190709T130052.156743 457.161 286.267 73.7039 63.985 79.3376 406.909 285.119 427.116 285.92 20190709T130052.156743 960 1060
20190709T130052.169747 960 1060
20190709T130052.177752 960 1060
20190709T130052.188641 457.469 286.86 73.5624 64.3647 77.9485 406.883 285.545 426.867 286.285 20190709T130052.188641 960 1060
20190709T130052.873049 1900 1060
20190709T130052.881562 1900 1060
20190709T130052.893759 494.671 284.533 69.7782 59.371 89.8309 422.152 281.208 444.493 281.321 20190709T130052.893759 1900 1060
20190709T130052.905094 1900 1060
20190709T130052.914105 1900 1060
20190709T130052.925265 495.283 285.493 70.1341 59.5036 86.4216 423.056 281.389 445.158 282.258 20190709T130052.925265 1900 1060
20190709T130052.933968 1900 1060
20190709T130052.945255 1900 1060
20190709T130052.954786 496.054 286.348 70.3217 59.7045 87.0005 423.745 282.168 445.972 283.142 20190709T130052.954786 1900 1060
20190709T130052.966637 1900 1060
20190709T130052.973863 1900 1060
20190709T130052.985900 496.186 286.783 71.0042 59.838 88.9692 423.938 282.754 446.091 283.499 20190709T130052.985900 1900 1060
20190709T130052.993051 1900 1060
20190709T130053.007693 1900 1060
20190709T130053.015361 496.055 286.964 71.0132 59.9189 87.2679 423.754 282.938 445.82 283.779 20190709T130053.015361 1900 1060
20190709T130053.025326 1900 1060
20190709T130053.032800 1900 1060
20190709T130053.045170 495.828 287.084 70.9768 60.2456 87.8954 423.704 283.093 445.74 283.856 20190709T130053.045170 1900 1060
20190709T130053.053738 1900 1060
20190709T130053.065733 1900 1060
20190709T130053.073467 495.797 286.794 71.6076 60.289 88.3317 423.854 282.726 445.955 283.545 20190709T130053.073467 1900 1060
20190709T130053.085412 1900 1060
20190709T130053.093243 1900 1060
20190709T130053.105477 496.209 286.057 70.3734 60.8528 88.0555 424.28 282.572 446.513 282.964 20190709T130053.105477 1900 1060
20190709T130053.114707 1900 1060
20190709T130053.124802 1900 1060
20190709T130053.133441 496.393 285.804 71.6026 60.6213 88.9196 424.626 281.532 446.705 282.623 20190709T130053.133441 1900 1060
20190709T130053.146279 1900 1060
20190709T130053.153879 1900 1060
20190709T130053.164747 496.487 284.7 71.9432 60.7926 88.7825 424.776 280.894 446.879 281.266 20190709T130053.164747 1900 1060
20190709T130053.177490 1900 1060
20190709T130053.185456 1900 1060
20190709T130053.197475 496.746 283.592 71.9453 60.7912 87.6617 425.057 279.46 447.216 280.266 20190709T130053.197475 1900 1060
20190709T130053.208016 1900 1060
20190709T130053.216687 1900 1060
20190709T130053.224681 496.966 282.126 71.7963 60.9124 88.649 425.247 278.083 447.342 278.829 20190709T130053.224681 1900 1060
20190709T130053.236894 1900 1060
20190709T130053.244702 1900 1060
20190709T130053.257448 496.739 281.025 71.9846 61.0497 87.586 425.146 276.667 447.267 277.437 20190709T130053.257448 1900 1060
20190709T130053.266051 1900 1060
20190709T130053.276660 1900 1060
20190709T130053.285068 496.288 280.917 72.4848 60.9774 87.5817 424.429 276.693 446.61 277.339 20190709T130053.285068 1900 1060
20190709T130053.297237 1900 1060
20190709T130053.306476 1900 1060
20190709T130053.316887 495.202 282.292 71.8241 61.1515 86.7228 423.366 277.835 445.429 278.836 20190709T130053.316887 1900 1060
20190709T130053.327188 1900 1060
20190709T130053.336882 1900 1060
20190709T130053.345367 493.114 279.904 70.0391 61.1908 88.8556 421.906 276.401 443.824 277.1 20190709T130053.345367 1900 1060
20190709T130053.357185 1900 1060
20190709T130053.364869 1900 1060
20190709T130053.377133 489.317 265.626 53.4291 43.7469 31.7848 422.426 264.574 443.716 263.917 20190709T130053.377133 1900 1060
20190709T130053.388169 1900 1060
20190709T130053.398210 1900 1060
20190709T130053.404918 -1 -1 53.4291 43.7469 31.7848 422.426 264.574 443.716 263.917 20190709T130053.404918 1900 1060
20190709T130053.416967 1900 1060
20190709T130053.430407 1900 1060
20190709T130053.439379 487.124 223.106 51.1858 39.9702 25.7818 419.576 239.987 441.708 238.751 20190709T130053.439379 1900 1060
20190709T130053.449468 1900 1060
20190709T130053.458246 1900 1060
20190709T130053.469400 484.453 202.207 71.1414 59.5065 64.6352 417.207 233.042 439.31 232.465 20190709T130053.469400 1900 1060
20190709T130053.478906 1900 1060
20190709T130053.488842 1900 1060
20190709T130053.497387 484.14 197.272 72.3927 59.0705 64.5247 417.124 227.983 439.28 227.638 20190709T130053.497387 1900 1060
20190709T130053.511504 1900 1060
20190709T130053.517744 1900 1060
20190709T130053.529706 485.804 198.149 72.8114 59.3961 65.709 418.41 229.451 440.728 228.884 20190709T130053.529706 1900 1060
20190709T130053.537680 1900 1060
20190709T130053.548791 1900 1060
20190709T130053.557420 487.428 204.185 72.5759 59.3642 65.7016 419.778 235.537 442.068 234.856 20190709T130053.557420 1900 1060
20190709T130053.570218 1900 1060
20190709T130053.579152 1900 1060
20190709T130053.589072 488.244 211.685 72.8328 59.7371 65.4557 420.898 242.452 443.021 242.035 20190709T130053.589072 1900 1060
20190709T130053.598511 1900 1060
20190709T130053.608803 1900 1060
20190709T130053.617149 488.666 218.997 72.9987 59.542 65.2173 421.32 249.631 443.473 249.123 20190709T130053.617149 1900 1060
20190709T130053.628901 1900 1060
20190709T130053.637437 1900 1060
20190709T130053.649452 489.657 225.282 73.0955 59.7197 66.1616 421.95 255.794 444.093 255.35 20190709T130053.649452 1900 1060
20190709T130053.660075 1900 1060
20190709T130053.668933 1900 1060
20190709T130053.681483 490.739 229.94 73.0772 59.78 65.2283 423.15 260.466 445.348 260.03 20190709T130053.681483 1900 1060
20190709T130053.690129 1900 1060
20190709T130053.700947 1900 1060
20190709T130053.709131 492.16 233.04 72.5496 59.493 64.7393 424.445 263.319 446.617 262.689 20190709T130053.709131 1900 1060
20190709T130053.723515 1900 1060
20190709T130053.729907 1900 1060
20190709T130053.742460 492.481 235.247 72.3897 59.5263 65.5288 424.884 265.324 447.113 264.895 20190709T130053.742460 1900 1060
20190709T130053.754434 1900 1060
20190709T130053.760666 1900 1060
20190709T130053.768865 487.827 238.289 72.0331 58.3615 69.7507 421.774 267.331 443.923 267.007 20190709T130053.768865 1900 1060
20190709T130053.780893 1900 1060
20190709T130053.789468 1900 1060
20190709T130053.801454 471.522 245.402 72.5277 61.535 66.4504 414.489 270.883 435.514 271.286 20190709T130053.801454 1900 1060
20190709T130053.812492 1900 1060
20190709T130053.820993 1900 1060
20190709T130053.828888 470.264 248.268 72.5148 61.4948 66.9609 412.717 273.533 433.723 274.229 20190709T130053.828888 1900 1060
20190709T130053.842120 1900 1060
20190709T130053.850451 1900 1060
20190709T130053.861935 468.926 251.264 72.8343 62.0279 64.8233 411.798 276.143 432.913 276.827 20190709T130053.861935 1900 1060
20190709T130053.873037 1900 1060
20190709T130053.880918 1900 1060
20190709T130053.888928 468.542 253.205 72.2484 61.8337 66.4281 411.282 278.535 432.286 278.895 20190709T130053.888928 1900 1060
20190709T130053.903438 1900 1060
20190709T130053.910002 1900 1060
20190709T130053.920935 468.497 254.502 72.1719 62.1934 66.703 411.358 279.692 432.379 280.182 20190709T130053.920935 1900 1060
20190709T130053.934630 1900 1060
20190709T130053.940837 1900 1060
20190709T130053.952985 468.91 255.392 72.9801 61.6822 62.793 411.543 280.432 432.784 280.566 20190709T130053.952985 1900 1060
20190709T130053.961689 1900 1060
20190709T130053.972894 1900 1060
20190709T130053.981498 468.394 255.248 72.8114 61.1806 65.7095 411.4 280.131 432.649 280.468 20190709T130053.981498 1900 1060
20190709T130053.994308 1900 1060
20190709T130054.000894 1900 1060
20190709T130054.013397 467.989 254.255 72.6394 62.0722 63.6069 410.886 279.026 431.763 279.336 20190709T130054.013397 1900 1060
20190709T130054.022782 1900 1060
20190709T130054.032678 1900 1060
20190709T130054.041324 464.684 248.351 75.8949 62.627 81.6077 409.445 274.863 429.886 275.241 20190709T130054.041324 1900 1060
20190709T130054.054153 1900 1060
20190709T130054.061406 1900 1060
20190709T130054.072970 -1 -1 75.8949 62.627 81.6077 409.445 274.863 429.886 275.241 20190709T130054.072970 1900 1060
20190709T130054.081451 1900 1060
20190709T130054.092916 1900 1060
20190709T130054.102378 -1 -1 75.8949 62.627 81.6077 409.445 274.863 429.886 275.241 20190709T130054.102378 1900 1060
20190709T130054.112923 1900 1060
20190709T130054.121443 1900 1060
20190709T130054.133421 422.967 250.693 59.3062 44.5241 158.127 385.585 264.636 405.798 265.265 20190709T130054.133421 1900 1060
20190709T130054.143050 1900 1060
20190709T130054.152761 1900 1060
20190709T130054.160892 418.447 239.458 72.4215 65.5517 55.5879 385.175 265.811 404.983 266.477 20190709T130054.160892 1900 1060
20190709T130054.174538 1900 1060
20190709T130054.185309 1900 1060
20190709T130054.192896 417.862 240.577 73.0716 65.4524 56.713 384.69 266.758 404.725 267.439 20190709T130054.192896 1900 1060
20190709T130054.205960 1900 1060
20190709T130054.213395 1900 1060
20190709T130054.224929 417.409 242.248 73.5537 65.2292 60.3909 383.963 268.574 404.075 269.028 20190709T130054.224929 1900 1060
20190709T130054.237737 1900 1060
20190709T130054.246224 1900 1060
20190709T130054.252971 416.923 243.141 73.3468 65.0329 53.2006 383.178 269.813 403.565 270.444 20190709T130054.252971 1900 1060
20190709T130054.265011 1900 1060
20190709T130054.273491 1900 1060
20190709T130054.285484 416.596 244.491 74.0105 65.7977 60.4782 382.912 270.546 403.168 271.032 20190709T130054.285484 1900 1060
20190709T130054.294561 1900 1060
20190709T130054.304923 1900 1060
20190709T130054.313470 416.481 244.684 73.9399 65.7126 59.2269 382.827 270.84 403.04 271.277 20190709T130054.313470 1900 1060
20190709T130054.326396 1900 1060
20190709T130054.333385 1900 1060
20190709T130054.346455 416.646 244.795 73.6979 65.1889 54.8844 382.952 271.186 403.224 271.845 20190709T130054.346455 1900 1060
20190709T130054.356294 1900 1060
