29130951318 960 540
29130951326 960 540
29130951338 960 540
29130951346 960 540
29130951358 960 540
29130951366 960 540
29130951378 960 540
29130951386 960 540
29130951398 960 540
29130951406 960 540
29130951418 960 540
29130951426 960 540
29130951438 960 540
29130951446 960 540
29130951458 960 540
29130951466 960 540
29130951478 960 540
29130951486 960 540
29130951498 960 540
29130951506 960 540
29130951518 960 540
29130951530 960 540
29130951538 960 540
29130951550 960 540
29130951558 960 540
29130951570 960 540
29130951578 960 540
29130951590 960 540
29130951598 960 540
29130951610 960 540
29130951618 960 540
29130951630 960 540
29130951638 960 540
29130951650 960 540
29130951658 960 540
29130951670 960 540
29130951678 960 540
29130951690 960 540
29130951698 960 540
29130951710 960 540
29130951718 960 540
29130951730 960 540
29130951738 960 540
29130951750 960 540
29130951758 960 540
29130951770 960 540
29130951782 960 540
29130951790 960 540
29130951802 960 540
29130951810 960 540
29130951822 960 540
29130951830 960 540
29130951842 960 540
29130951850 960 540
29130951862 960 540
29130951870 960 540
29130951882 960 540
29130951890 960 540
29130951902 960 540
29130951910 960 540
29130951922 960 540
29130951930 960 540
29130951942 960 540
29130951950 960 540
29130951962 960 540
29130951970 960 540
29130951982 960 540
29130951990 960 540
29130952002 960 540
29130952010 960 540
29130952022 960 540
29130952034 960 540
29130952042 960 540
29130952054 960 540
29130952062 960 540
29130952074 960 540
29130952082 960 540
29130952094 960 540
29130952102 960 540
29130952114 960 540
29130952122 960 540
29130952134 960 540
29130952142 960 540
29130952154 960 540
29130952162 960 540
29130952174 960 540
29130952182 960 540
29130952194 960 540
29130952202 960 540
29130952214 960 540
29130952222 960 540
29130952234 960 540
29130952242 960 540
29130952254 960 540
29130952262 960 540
29130952274 960 540
29130952286 960 540
29130952294 960 540
29130952306 960 540
29130952314 960 540
29130952326 960 540
29130952334 960 540
29130952346 960 540
29130952354 960 540
29130952366 960 540
29130952374 960 540
29130952386 960 540
29130952394 960 540
29130952406 960 540
29130952414 960 540
29130952426 960 540
29130952434 960 540
29130952446 960 540
29130952454 960 540
29130952466 960 540
29130952474 960 540
29130952486 960 540
29130952494 960 540
29130952506 960 540
29130952514 960 540
29130952526 960 540
29130952538 960 540
29130952546 960 540
29130952558 960 540
29130952566 960 540
29130952578 960 540
29130952586 960 540
29130952598 960 540
29130952606 960 540
29130952618 960 540
29130952626 960 540
29130952638 960 540
29130952646 960 540
29130952658 960 540
29130952666 960 540
29130952678 960 540
29130952686 960 540
29130952698 960 540
29130952706 960 540
29130952718 960 540
29130952726 960 540
29130952738 960 540
29130952746 960 540
29130952758 960 540
29130952766 960 540
29130952778 960 540
29130952790 960 540
29130952798 960 540
29130952810 960 540
29130952818 960 715
29130952830 960 715
29130952838 960 715
29130952850 960 715
29130952858 960 715
29130952870 960 715
29130952878 960 715
29130952890 960 715
29130952898 960 715
29130952910 960 715
29130952918 960 715
29130952930 960 715
29130952938 960 715
29130952950 960 715
29130952958 960 715
29130952970 960 715
29130952978 960 715
29130952990 960 715
29130952998 960 715
29130953010 960 715
29130953018 960 715
29130953030 960 715
29130953042 960 715
29130953050 960 715
29130953062 960 715
29130953070 960 715
29130953082 960 715
29130953090 960 715
29130953102 960 715
29130953110 960 715
29130953122 960 715
29130953130 960 715
29130953142 960 715
29130953150 960 715
29130953162 960 715
29130953170 960 715
29130953182 960 715
29130953190 960 715
29130953202 960 715
29130953210 960 715
29130953222 960 715
29130953230 960 715
29130953242 960 715
29130953250 960 715
29130953262 960 715
29130953270 960 715
29130953282 960 715
29130953294 960 715
29130953302 960 715
29130953314 960 715
29130953322 960 715
29130953334 960 715
29130953342 960 715
29130953354 960 715
29130953362 960 715
29130953374 960 715
29130953382 960 715
29130953394 960 715
29130953402 960 715
29130953414 960 715
29130953422 960 715
29130953434 960 715
29130953442 960 715
29130953454 960 715
29130953462 960 715
29130953474 960 715
29130953482 960 715
29130953494 960 715
29130953502 960 715
29130953514 960 715
29130953522 960 715
29130953534 960 715
29130953546 960 715
29130953554 960 715
29130953566 960 715
29130953574 960 715
29130953586 960 715
29130953594 960 715
29130953606 960 715
29130953614 960 715
29130953626 960 715
29130953634 960 715
29130953646 960 715
29130953654 960 715
29130953666 960 715
29130953674 960 715
29130953686 960 715
29130953694 960 715
29130953706 960 715
29130953714 960 715
29130953726 960 715
29130953734 960 715
29130953746 960 715
29130953754 960 715
29130953766 960 715
29130953774 960 715
29130953786 960 715
29130953798 960 715
29130953806 960 715
29130953818 960 715
29130953826 960 715
29130953838 960 715
29130953846 960 715
29130953858 960 715
29130953866 960 715
29130953878 960 715
29130953886 960 715
29130953898 960 715
29130953906 960 715
29130953918 960 715
29130953926 960 715
29130953938 960 715
29130953946 960 715
29130953958 960 715
29130953966 960 715
29130953978 960 715
29130953986 960 715
29130953998 960 715
29130954006 960 715
29130954018 960 715
29130954026 960 715
29130954038 960 715
29130954050 960 715
29130954058 960 715
29130954070 960 715
29130954078 960 715
29130954092 960 715
29130954100 960 715
29130954109 960 715
29130954117 960 715
29130954128 960 715
29130954137 960 715
29130954149 960 715
29130954157 960 715
29130954168 960 715
29130954177 960 715
29130954189 960 715
29130954197 960 715
29130954209 960 715
29130954217 960 715
29130954229 960 715
29130954237 960 715
29130954249 960 715
29130954257 960 715
29130954269 960 715
29130954277 960 715
29130954289 960 715
29130954301 960 715
29130954309 960 715
29130954322 960 540
29130954329 960 540
29130954341 960 540
29130954349 960 540
29130954361 960 540
29130954369 960 540
29130954382 960 540
29130954389 960 540
29130954401 960 540
29130954409 960 540
29130954421 960 540
29130954429 960 540
29130954441 960 540
29130954449 960 540
29130954461 960 540
29130954469 960 540
29130954482 960 540
29130954489 960 540
29130954501 960 540
29130954509 960 540
29130954521 960 540
29130954529 960 540
29130954541 960 540
29130954553 960 540
29130954561 960 540
29130954573 960 540
29130954581 960 540
29130954593 960 540
29130954601 960 540
29130954614 960 540
29130954622 960 540
29130954633 960 540
29130954641 960 540
29130954653 960 540
29130954661 960 540
29130954673 960 540
29130954681 960 540
29130954693 960 540
29130954701 960 540
29130954713 960 540
29130954721 960 540
29130954733 960 540
29130954741 960 540
29130954753 960 540
29130954761 960 540
29130954773 960 540
29130954781 960 540
29130954793 960 540
29130954805 960 540
29130954813 960 540
29130954825 960 540
29130954833 960 540
29130954845 960 540
29130954853 960 540
29130954865 960 540
29130954873 960 540
29130954885 960 540
29130954893 960 540
29130954905 960 540
29130954913 960 540
29130954925 960 540
29130954933 960 540
29130954945 960 540
29130954953 960 540
29130954965 960 540
29130954973 960 540
29130954985 960 540
29130954993 960 540
29130955005 960 540
29130955013 960 540
29130955025 960 540
29130955033 960 540
29130955045 960 540
29130955057 960 540
29130955065 960 540
29130955077 960 540
29130955085 960 540
29130955098 960 540
29130955105 960 540
29130955117 960 540
29130955125 960 540
29130955137 960 540
29130955145 960 540
29130955157 960 540
29130955165 960 540
29130955177 960 540
29130955185 960 540
29130955197 960 540
29130955205 960 540
29130955217 960 540
29130955225 960 540
29130955237 960 540
29130955245 960 540
29130955257 960 540
29130955265 960 540
29130955277 960 540
29130955285 960 540
29130955297 960 540
29130955309 960 540
29130955317 960 540
29130955329 960 540
29130955337 960 540
29130955349 960 540
29130955357 960 540
29130955369 960 540
29130955377 960 540
29130955389 960 540
29130955397 960 540
29130955409 960 540
29130955417 960 540
29130955429 960 540
29130955437 960 540
29130955449 960 540
29130955457 960 540
29130955469 960 540
29130955477 960 540
29130955489 960 540
29130955497 960 540
29130955509 960 540
29130955517 960 540
29130955529 960 540
29130955537 960 540
29130955549 960 540
29130955561 960 540
29130955569 960 540
29130955581 960 540
29130955589 960 540
29130955601 960 540
29130955609 960 540
29130955621 960 540
29130955629 960 540
29130955641 960 540
29130955649 960 540
29130955661 960 540
29130955669 960 540
29130955681 960 540
29130955689 960 540
29130955701 960 540
29130955709 960 540
29130955721 960 540
29130955729 960 540
29130955741 960 540
29130955749 960 540
29130955761 960 540
29130955769 960 540
29130955781 960 540
29130955789 960 540
29130955801 960 540
29130955814 960 540
29130955822 960 365
29130955833 960 365
29130955841 960 365
29130955852 960 365
29130955860 960 365
29130955872 960 365
29130955880 960 365
29130955892 960 365
29130955900 960 365
29130955912 960 365
29130955920 960 365
29130955932 960 365
29130955940 960 365
29130955952 960 365
29130955960 960 365
29130955972 960 365
29130955980 960 365
29130955992 960 365
29130956000 960 365
29130956012 960 365
29130956020 960 365
29130956032 960 365
29130956040 960 365
29130956052 960 365
29130956064 960 365
29130956072 960 365
29130956084 960 365
29130956092 960 365
29130956104 960 365
29130956112 960 365
29130956124 960 365
29130956132 960 365
29130956144 960 365
29130956152 960 365
29130956164 960 365
29130956172 960 365
29130956184 960 365
29130956192 960 365
29130956204 960 365
29130956212 960 365
29130956224 960 365
29130956232 960 365
29130956244 960 365
29130956252 960 365
29130956264 960 365
29130956272 960 365
29130956284 960 365
29130956292 960 365
29130956304 960 365
29130956316 960 365
29130956324 960 365
29130956336 960 365
29130956344 960 365
29130956356 960 365
29130956364 960 365
29130956376 960 365
29130956384 960 365
29130956396 960 365
29130956404 960 365
29130956416 960 365
29130956424 960 365
29130956436 960 365
29130956444 960 365
29130956456 960 365
29130956464 960 365
29130956476 960 365
29130956484 960 365
29130956496 960 365
29130956504 960 365
29130956516 960 365
29130956524 960 365
29130956536 960 365
29130956544 960 365
29130956556 960 365
29130956568 960 365
29130956576 960 365
29130956588 960 365
29130956596 960 365
29130956608 960 365
29130956616 960 365
29130956628 960 365
29130956636 960 365
29130956648 960 365
29130956656 960 365
29130956668 960 365
29130956676 960 365
29130956688 960 365
29130956696 960 365
29130956708 960 365
29130956716 960 365
29130956728 960 365
29130956736 960 365
29130956748 960 365
29130956756 960 365
29130956768 960 365
29130956776 960 365
29130956788 960 365
29130956796 960 365
29130956808 960 365
29130956820 960 365
29130956828 960 365
29130956840 960 365
29130956848 960 365
29130956860 960 365
29130956868 960 365
29130956880 960 365
29130956888 960 365
29130956900 960 365
29130956908 960 365
29130956920 960 365
29130956928 960 365
29130956940 960 365
29130956948 960 365
29130956960 960 365
29130956968 960 365
29130956980 960 365
29130956988 960 365
29130957000 960 365
29130957008 960 365
29130957020 960 365
29130957028 960 365
29130957040 960 365
29130957048 960 365
29130957060 960 365
29130957072 960 365
29130957080 960 365
29130957092 960 365
29130957100 960 365
29130957112 960 365
29130957120 960 365
29130957132 960 365
29130957140 960 365
29130957152 960 365
29130957160 960 365
29130957172 960 365
29130957180 960 365
29130957192 960 365
29130957200 960 365
29130957212 960 365
29130957220 960 365
29130957232 960 365
29130957240 960 365
29130957252 960 365
29130957260 960 365
29130957272 960 365
29130957280 960 365
29130957292 960 365
29130957300 960 365
29130957312 960 365
29130957325 960 540
29130957332 960 540
29130957344 960 540
29130957352 960 540
29130957364 960 540
29130957372 960 540
29130957384 960 540
29130957392 960 540
29130957404 960 540
29130957412 960 540
29130957424 960 540
29130957432 960 540
29130957445 960 540
29130957453 960 540
29130957465 960 540
29130957474 960 540
29130957486 960 540
29130957494 960 540
29130957506 960 540
29130957514 960 540
29130957526 960 540
29130957534 960 540
29130957546 960 540
29130957554 960 540
29130957566 960 540
29130957578 960 540
29130957586 960 540
29130957598 960 540
29130957606 960 540
29130957618 960 540
29130957626 960 540
29130957638 960 540
29130957646 960 540
29130957658 960 540
29130957666 960 540
29130957678 960 540
29130957686 960 540
29130957698 960 540
29130957706 960 540
29130957718 960 540
29130957726 960 540
29130957738 960 540
29130957746 960 540
29130957758 960 540
29130957766 960 540
29130957778 960 540
29130957786 960 540
29130957798 960 540
29130957806 960 540
29130957818 960 540
29130957830 960 540
29130957838 960 540
29130957850 960 540
29130957858 960 540
29130957870 960 540
29130957878 960 540
29130957890 960 540
29130957898 960 540
29130957910 960 540
29130957918 960 540
29130957930 960 540
29130957938 960 540
29130957950 960 540
29130957958 960 540
29130957970 960 540
29130957978 960 540
29130957990 960 540
29130957998 960 540
29130958010 960 540
29130958018 960 540
29130958030 960 540
29130958038 960 540
29130958050 960 540
29130958058 960 540
29130958070 960 540
29130958082 960 540
29130958090 960 540
29130958102 960 540
29130958110 960 540
29130958122 960 540
29130958130 960 540
29130958142 960 540
29130958150 960 540
29130958162 960 540
29130958170 960 540
29130958182 960 540
29130958190 960 540
29130958202 960 540
29130958210 960 540
29130958222 960 540
29130958230 960 540
29130958242 960 540
29130958250 960 540
29130958262 960 540
29130958270 960 540
29130958282 960 540
29130958290 960 540
29130958302 960 540
29130958310 960 540
29130958322 960 540
29130958334 960 540
29130958342 960 540
29130958354 960 540
29130958362 960 540
29130958374 960 540
29130958382 960 540
29130958394 960 540
29130958402 960 540
29130958414 960 540
29130958422 960 540
29130958434 960 540
29130958442 960 540
29130958454 960 540
29130958462 960 540
29130958474 960 540
29130958482 960 540
29130958494 960 540
29130958502 960 540
29130958514 960 540
29130958522 960 540
29130958534 960 540
29130958542 960 540
29130958554 960 540
29130958562 960 540
29130958574 960 540
29130958586 960 540
29130958594 960 540
29130958606 960 540
29130958614 960 540
29130958626 960 540
29130958634 960 540
29130958646 960 540
29130958654 960 540
29130958666 960 540
29130958674 960 540
29130958686 960 540
29130958694 960 540
29130958706 960 540
29130958714 960 540
29130958726 960 540
29130958734 960 540
29130958746 960 540
29130958754 960 540
29130958766 960 540
29130958774 960 540
29130958786 960 540
29130958794 960 540
29130958806 960 540
29130958814 960 540
29130958826 960 715
29130958838 960 715
29130958846 960 715
29130958858 960 715
29130958866 960 715
29130958878 960 715
29130958886 960 715
29130958898 960 715
29130958906 960 715
29130958918 960 715
29130958926 960 715
29130958938 960 715
29130958946 960 715
29130958958 960 715
29130958966 960 715
29130958978 960 715
29130958986 960 715
29130958998 960 715
29130959006 960 715
29130959018 960 715
29130959026 960 715
29130959038 960 715
29130959046 960 715
29130959058 960 715
29130959066 960 715
29130959078 960 715
29130959090 960 715
29130959098 960 715
29130959110 960 715
29130959118 960 715
29130959130 960 715
29130959138 960 715
29130959150 960 715
29130959158 960 715
29130959170 960 715
29130959178 960 715
29130959190 960 715
29130959198 960 715
29130959210 960 715
29130959218 960 715
29130959230 960 715
29130959238 960 715
29130959250 960 715
29130959258 960 715
29130959270 960 715
29130959278 960 715
29130959290 960 715
29130959298 960 715
29130959310 960 715
29130959318 960 715
29130959330 960 715
29130959342 960 715
29130959350 960 715
29130959362 960 715
29130959370 960 715
29130959382 960 715
29130959390 960 715
29130959402 960 715
29130959410 960 715
29130959422 960 715
29130959430 960 715
29130959442 960 715
29130959450 960 715
29130959462 960 715
29130959470 960 715
29130959482 960 715
29130959490 960 715
29130959502 960 715
29130959510 960 715
29130959522 960 715
29130959530 960 715
29130959542 960 715
29130959550 960 715
29130959562 960 715
29130959570 960 715
29130959582 960 715
29130959594 960 715
29130959602 960 715
29130959614 960 715
29130959622 960 715
29130959634 960 715
29130959642 960 715
29130959654 960 715
29130959662 960 715
29130959674 960 715
29130959682 960 715
29130959694 960 715
29130959702 960 715
29130959714 960 715
29130959722 960 715
29130959734 960 715
29130959742 960 715
29130959754 960 715
29130959762 960 715
29130959774 960 715
29130959782 960 715
29130959794 960 715
29130959802 960 715
29130959814 960 715
29130959822 960 715
29130959834 960 715
29130959846 960 715
29130959854 960 715
29130959866 960 715
29130959874 960 715
29130959886 960 715
29130959894 960 715
29130959906 960 715
29130959914 960 715
29130959926 960 715
29130959934 960 715
29130959946 960 715
29130959954 960 715
29130959966 960 715
29130959974 960 715
29130959986 960 715
29130959994 960 715
29131000006 960 715
29131000014 960 715
29131000026 960 715
29131000034 960 715
29131000046 960 715
29131000054 960 715
29131000066 960 715
29131000074 960 715
29131000086 960 715
29131000098 960 715
29131000106 960 715
29131000118 960 715
29131000126 960 715
29131000138 960 715
29131000146 960 715
29131000158 960 715
29131000166 960 715
29131000178 960 715
29131000186 960 715
29131000198 960 715
29131000206 960 715
29131000218 960 715
29131000226 960 715
29131000238 960 715
29131000246 960 715
29131000258 960 715
29131000266 960 715
29131000278 960 715
29131000286 960 715
29131000298 960 715
29131000306 960 715
29131000318 960 715
29131000326 960 540
29131000338 960 540
29131000350 960 540
29131000358 960 540
29131000370 960 540
29131000378 960 540
29131000390 960 540
29131000398 960 540
29131000410 960 540
29131000418 960 540
29131000430 960 540
29131000438 960 540
29131000450 960 540
29131000458 960 540
29131000470 960 540
29131000478 960 540
29131000490 960 540
29131000498 960 540
29131000510 960 540
29131000518 960 540
29131000530 960 540
29131000538 960 540
29131000550 960 540
29131000558 960 540
29131000570 960 540
29131000578 960 540
29131000590 960 540
29131000602 960 540
29131000610 960 540
29131000622 960 540
29131000630 960 540
29131000642 960 540
29131000650 960 540
29131000662 960 540
29131000670 960 540
29131000682 960 540
29131000690 960 540
29131000702 960 540
29131000710 960 540
29131000722 960 540
29131000730 960 540
29131000742 960 540
29131000750 960 540
29131000762 960 540
29131000770 960 540
29131000782 960 540
29131000790 960 540
29131000802 960 540
29131000810 960 540
29131000822 960 540
29131000830 960 540
29131000842 960 540
29131000854 960 540
29131000862 960 540
29131000874 960 540
29131000882 960 540
29131000894 960 540
29131000902 960 540
29131000914 960 540
29131000922 960 540
29131000934 960 540
29131000942 960 540
29131000954 960 540
29131000962 960 540
29131000974 960 540
29131000982 960 540
29131000994 960 540
29131001002 960 540
29131001014 960 540
29131001022 960 540
29131001034 960 540
29131001042 960 540
29131001054 960 540
29131001062 960 540
29131001074 960 540
29131001082 960 540
29131001094 960 540
29131001106 960 540
29131001114 960 540
29131001126 960 540
29131001134 960 540
29131001146 960 540
29131001154 960 540
29131001166 960 540
29131001174 960 540
29131001186 960 540
29131001194 960 540
29131001206 960 540
29131001214 960 540
29131001226 960 540
29131001234 960 540
29131001246 960 540
29131001254 960 540
29131001266 960 540
29131001274 960 540
29131001286 960 540
29131001294 960 540
29131001306 960 540
29131001314 960 540
29131001326 960 540
29131001334 960 540
29131001346 960 540
29131001358 960 540
29131001366 960 540
29131001378 960 540
29131001386 960 540
29131001398 960 540
29131001406 960 540
29131001418 960 540
29131001426 960 540
29131001438 960 540
29131001446 960 540
29131001458 960 540
29131001466 960 540
29131001478 960 540
29131001486 960 540
29131001498 960 540
29131001506 960 540
29131001518 960 540
29131001526 960 540
29131001538 960 540
29131001546 960 540
29131001558 960 540
29131001566 960 540
29131001578 960 540
29131001586 960 540
29131001598 960 540
29131001610 960 540
29131001618 960 540
29131001630 960 540
29131001638 960 540
29131001650 960 540
29131001658 960 540
29131001670 960 540
29131001678 960 540
29131001690 960 540
29131001698 960 540
29131001710 960 540
29131001718 960 540
29131001730 960 540
29131001738 960 540
29131001750 960 540
29131001758 960 540
29131001770 960 540
29131001778 960 540
29131001790 960 540
29131001798 960 540
29131001810 960 540
29131001818 960 540
29131001830 960 890
29131001838 960 890
29131001850 960 890
29131001862 960 890
29131001870 960 890
29131001882 960 890
29131001890 960 890
29131001902 960 890
29131001910 960 890
29131001922 960 890
29131001930 960 890
29131001942 960 890
29131001950 960 890
29131001962 960 890
29131001970 960 890
29131001982 960 890
29131001990 960 890
29131002002 960 890
29131002010 960 890
29131002022 960 890
29131002030 960 890
29131002042 960 890
29131002050 960 890
29131002062 960 890
29131002070 960 890
29131002082 960 890
29131002090 960 890
29131002102 960 890
29131002114 960 890
29131002122 960 890
29131002134 960 890
29131002142 960 890
29131002154 960 890
29131002162 960 890
29131002174 960 890
29131002182 960 890
29131002194 960 890
29131002202 960 890
29131002214 960 890
29131002222 960 890
29131002234 960 890
29131002242 960 890
29131002254 960 890
29131002262 960 890
29131002274 960 890
29131002282 960 890
29131002294 960 890
29131002302 960 890
29131002314 960 890
29131002322 960 890
29131002334 960 890
29131002342 960 890
29131002354 960 890
29131002366 960 890
29131002374 960 890
29131002386 960 890
29131002394 960 890
29131002406 960 890
29131002414 960 890
29131002426 960 890
29131002434 960 890
29131002446 960 890
29131002454 960 890
29131002466 960 890
29131002474 960 890
29131002486 960 890
29131002494 960 890
29131002506 960 890
29131002514 960 890
29131002526 960 890
29131002534 960 890
29131002546 960 890
29131002554 960 890
29131002566 960 890
29131002574 960 890
29131002586 960 890
29131002594 960 890
29131002606 960 890
29131002618 960 890
29131002626 960 890
29131002638 960 890
29131002646 960 890
29131002658 960 890
29131002666 960 890
29131002678 960 890
29131002686 960 890
29131002698 960 890
29131002706 960 890
29131002718 960 890
29131002726 960 890
29131002738 960 890
29131002746 960 890
29131002758 960 890
29131002766 960 890
29131002778 960 890
29131002786 960 890
29131002798 960 890
29131002806 960 890
29131002818 960 890
29131002826 960 890
29131002838 960 890
29131002846 960 890
29131002858 960 890
29131002870 960 890
29131002878 960 890
29131002890 960 890
29131002898 960 890
29131002910 960 890
29131002918 960 890
29131002930 960 890
29131002938 960 890
29131002950 960 890
29131002958 960 890
29131002970 960 890
29131002978 960 890
29131002990 960 890
29131002998 960 890
29131003010 960 890
29131003018 960 890
29131003030 960 890
29131003038 960 890
29131003050 960 890
29131003058 960 890
29131003070 960 890
29131003078 960 890
29131003090 960 890
29131003098 960 890
29131003110 960 890
29131003122 960 890
29131003130 960 890
29131003142 960 890
29131003150 960 890
29131003162 960 890
29131003170 960 890
29131003182 960 890
29131003190 960 890
29131003202 960 890
29131003210 960 890
29131003222 960 890
29131003230 960 890
29131003242 960 890
29131003250 960 890
29131003262 960 890
29131003270 960 890
29131003282 960 890
29131003290 960 890
29131003302 960 890
29131003310 960 890
29131003322 960 890
29131003330 960 540
29131003342 960 540
29131003350 960 540
29131003362 960 540
29131003374 960 540
29131003382 960 540
29131003394 960 540
29131003402 960 540
29131003414 960 540
29131003422 960 540
29131003434 960 540
29131003442 960 540
29131003454 960 540
29131003462 960 540
29131003474 960 540
29131003482 960 540
29131003494 960 540
29131003502 960 540
29131003514 960 540
29131003522 960 540
29131003534 960 540
29131003542 960 540
29131003554 960 540
29131003562 960 540
29131003574 960 540
29131003582 960 540
29131003594 960 540
29131003602 960 540
29131003614 960 540
29131003626 960 540
29131003634 960 540
29131003646 960 540
29131003654 960 540
29131003666 960 540
29131003674 960 540
29131003686 960 540
29131003694 960 540
29131003706 960 540
29131003714 960 540
29131003726 960 540
29131003734 960 540
29131003746 960 540
29131003754 960 540
29131003766 960 540
29131003774 960 540
29131003786 960 540
29131003794 960 540
29131003806 960 540
29131003814 960 540
29131003826 960 540
29131003834 960 540
29131003846 960 540
29131003854 960 540
29131003866 960 540
29131003878 960 540
29131003886 960 540
29131003898 960 540
29131003906 960 540
29131003918 960 540
29131003926 960 540
29131003938 960 540
29131003946 960 540
29131003958 960 540
29131003966 960 540
29131003978 960 540
29131003986 960 540
29131003998 960 540
29131004006 960 540
29131004018 960 540
29131004026 960 540
29131004038 960 540
29131004046 960 540
29131004058 960 540
29131004066 960 540
29131004078 960 540
29131004086 960 540
29131004098 960 540
29131004106 960 540
29131004118 960 540
29131004130 960 540
29131004138 960 540
29131004150 960 540
29131004158 960 540
29131004170 960 540
29131004178 960 540
29131004190 960 540
29131004198 960 540
29131004210 960 540
29131004218 960 540
29131004230 960 540
29131004238 960 540
29131004250 960 540
29131004258 960 540
29131004270 960 540
29131004278 960 540
29131004290 960 540
29131004298 960 540
29131004310 960 540
29131004318 960 540
29131004330 960 540
29131004338 960 540
29131004350 960 540
29131004358 960 540
29131004370 960 540
29131004382 960 540
29131004390 960 540
29131004402 960 540
29131004410 960 540
29131004422 960 540
29131004430 960 540
29131004442 960 540
29131004450 960 540
29131004462 960 540
29131004470 960 540
29131004482 960 540
29131004490 960 540
29131004502 960 540
29131004510 960 540
29131004522 960 540
29131004530 960 540
29131004542 960 540
29131004550 960 540
29131004562 960 540
29131004570 960 540
29131004582 960 540
29131004590 960 540
29131004602 960 540
29131004610 960 540
29131004622 960 540
29131004634 960 540
29131004642 960 540
29131004654 960 540
29131004662 960 540
29131004674 960 540
29131004682 960 540
29131004694 960 540
29131004702 960 540
29131004714 960 540
29131004722 960 540
29131004734 960 540
29131004742 960 540
29131004754 960 540
29131004762 960 540
29131004774 960 540
29131004782 960 540
29131004794 960 540
29131004802 960 540
29131004814 960 540
29131004822 960 540
29131004834 960 190
29131004842 960 190
29131004854 960 190
29131004862 960 190
29131004874 960 190
29131004886 960 190
29131004894 960 190
29131004906 960 190
29131004914 960 190
29131004926 960 190
29131004934 960 190
29131004946 960 190
29131004954 960 190
29131004966 960 190
29131004974 960 190
29131004986 960 190
29131004994 960 190
29131005006 960 190
29131005014 960 190
29131005026 960 190
29131005034 960 190
29131005046 960 190
29131005054 960 190
29131005066 960 190
29131005074 960 190
29131005086 960 190
29131005094 960 190
29131005106 960 190
29131005114 960 190
29131005126 960 190
29131005138 960 190
29131005146 960 190
29131005158 960 190
29131005166 960 190
29131005178 960 190
29131005186 960 190
29131005198 960 190
29131005206 960 190
29131005218 960 190
29131005226 960 190
29131005238 960 190
29131005246 960 190
29131005258 960 190
29131005266 960 190
29131005278 960 190
29131005286 960 190
29131005298 960 190
29131005306 960 190
29131005318 960 190
29131005326 960 190
29131005338 960 190
29131005346 960 190
29131005358 960 190
29131005366 960 190
29131005378 960 190
29131005390 960 190
29131005398 960 190
29131005410 960 190
29131005418 960 190
29131005430 960 190
29131005438 960 190
29131005450 960 190
29131005458 960 190
29131005470 960 190
29131005478 960 190
29131005490 960 190
29131005498 960 190
29131005510 960 190
29131005518 960 190
29131005530 960 190
29131005538 960 190
29131005550 960 190
29131005558 960 190
29131005570 960 190
29131005578 960 190
29131005590 960 190
29131005598 960 190
29131005610 960 190
29131005618 960 190
29131005630 960 190
29131005642 960 190
29131005650 960 190
29131005662 960 190
29131005670 960 190
29131005682 960 190
29131005690 960 190
29131005702 960 190
29131005710 960 190
29131005722 960 190
29131005730 960 190
29131005742 960 190
29131005750 960 190
29131005762 960 190
29131005770 960 190
29131005782 960 190
29131005790 960 190
29131005802 960 190
29131005810 960 190
29131005822 960 190
29131005830 960 190
29131005842 960 190
29131005850 960 190
29131005862 960 190
29131005870 960 190
29131005882 960 190
29131005894 960 190
29131005902 960 190
29131005914 960 190
29131005922 960 190
29131005934 960 190
29131005942 960 190
29131005954 960 190
29131005962 960 190
29131005974 960 190
29131005982 960 190
29131005994 960 190
29131006002 960 190
29131006014 960 190
29131006022 960 190
29131006034 960 190
29131006042 960 190
29131006054 960 190
29131006062 960 190
29131006074 960 190
29131006082 960 190
29131006094 960 190
29131006102 960 190
29131006114 960 190
29131006122 960 190
29131006134 960 190
29131006146 960 190
29131006154 960 190
29131006166 960 190
29131006174 960 190
29131006186 960 190
29131006194 960 190
29131006206 960 190
29131006214 960 190
29131006226 960 190
29131006234 960 190
29131006246 960 190
29131006254 960 190
29131006266 960 190
29131006274 960 190
29131006286 960 190
29131006294 960 190
29131006306 960 190
29131006314 960 190
29131006326 960 190
29131006334 960 540
29131006347 960 540
29131006352 960 540
29131006364 960 540
29131006372 960 540
29131006384 960 540
29131006397 960 540
29131006405 960 540
29131006418 960 540
29131006426 960 540
29131006438 960 540
29131006446 960 540
29131006458 960 540
29131006466 960 540
29131006478 960 540
29131006486 960 540
29131006498 960 540
29131006506 960 540
29131006518 960 540
29131006526 960 540
29131006538 960 540
29131006546 960 540
29131006558 960 540
29131006566 960 540
29131006578 960 540
29131006586 960 540
29131006598 960 540
29131006606 960 540
29131006618 960 540
29131006626 960 540
29131006638 960 540
29131006650 960 540
29131006658 960 540
29131006670 960 540
29131006678 960 540
29131006690 960 540
29131006698 960 540
29131006710 960 540
29131006718 960 540
29131006730 960 540
29131006738 960 540
29131006750 960 540
29131006758 960 540
29131006770 960 540
29131006778 960 540
29131006790 960 540
29131006798 960 540
29131006810 960 540
29131006818 960 540
29131006830 960 540
29131006838 960 540
29131006850 960 540
29131006858 960 540
29131006870 960 540
29131006878 960 540
29131006890 960 540
29131006902 960 540
29131006910 960 540
29131006922 960 540
29131006930 960 540
29131006942 960 540
29131006950 960 540
29131006962 960 540
29131006970 960 540
29131006982 960 540
29131006990 960 540
29131007002 960 540
29131007010 960 540
29131007022 960 540
29131007030 960 540
29131007042 960 540
29131007050 960 540
29131007062 960 540
29131007070 960 540
29131007082 960 540
29131007090 960 540
29131007102 960 540
29131007110 960 540
29131007122 960 540
29131007130 960 540
29131007142 960 540
29131007154 960 540
29131007162 960 540
29131007174 960 540
29131007182 960 540
29131007194 960 540
29131007202 960 540
29131007214 960 540
29131007222 960 540
29131007234 960 540
29131007242 960 540
29131007254 960 540
29131007262 960 540
29131007274 960 540
29131007282 960 540
29131007294 960 540
29131007302 960 540
29131007314 960 540
29131007322 960 540
29131007334 960 540
29131007342 960 540
29131007354 960 540
29131007362 960 540
29131007374 960 540
29131007382 960 540
29131007394 960 540
29131007406 960 540
29131007414 960 540
29131007426 960 540
29131007434 960 540
29131007446 960 540
29131007454 960 540
29131007466 960 540
29131007474 960 540
29131007486 960 540
29131007494 960 540
29131007506 960 540
29131007514 960 540
29131007526 960 540
29131007534 960 540
29131007546 960 540
29131007554 960 540
29131007566 960 540
29131007574 960 540
29131007586 960 540
29131007594 960 540
29131007606 960 540
29131007614 960 540
29131007626 960 540
29131007634 960 540
29131007646 960 540
29131007658 960 540
29131007666 960 540
29131007678 960 540
29131007686 960 540
29131007698 960 540
29131007706 960 540
29131007718 960 540
29131007726 960 540
29131007738 960 540
29131007746 960 540
29131007758 960 540
29131007766 960 540
29131007778 960 540
29131007786 960 540
29131007798 960 540
29131007806 960 540
29131007818 960 540
29131007826 960 540
29131007838 960 190
29131007846 960 190
29131007858 960 190
29131007866 960 190
29131007878 960 190
29131007886 960 190
29131007898 960 190
29131007910 960 190
29131007918 960 190
29131007930 960 190
29131007938 960 190
29131007950 960 190
29131007958 960 190
29131007970 960 190
29131007978 960 190
29131007990 960 190
29131007998 960 190
29131008010 960 190
29131008018 960 190
29131008030 960 190
29131008038 960 190
29131008050 960 190
29131008058 960 190
29131008070 960 190
29131008078 960 190
29131008090 960 190
29131008098 960 190
29131008110 960 190
29131008118 960 190
29131008130 960 190
29131008138 960 190
29131008150 960 190
29131008162 960 190
29131008170 960 190
29131008182 960 190
29131008190 960 190
29131008202 960 190
29131008210 960 190
29131008222 960 190
29131008230 960 190
29131008242 960 190
29131008250 960 190
29131008262 960 190
29131008270 960 190
29131008282 960 190
29131008290 960 190
29131008302 960 190
29131008310 960 190
29131008322 960 190
29131008330 960 190
29131008342 960 190
29131008350 960 190
29131008362 960 190
29131008370 960 190
29131008382 960 190
29131008390 960 190
29131008402 960 190
29131008414 960 190
29131008422 960 190
29131008434 960 190
29131008442 960 190
29131008454 960 190
29131008462 960 190
29131008474 960 190
29131008482 960 190
29131008494 960 190
29131008502 960 190
29131008514 960 190
29131008522 960 190
29131008534 960 190
29131008542 960 190
29131008554 960 190
29131008562 960 190
29131008574 960 190
29131008582 960 190
29131008594 960 190
29131008602 960 190
29131008614 960 190
29131008622 960 190
29131008634 960 190
29131008642 960 190
29131008654 960 190
29131008666 960 190
29131008674 960 190
29131008686 960 190
29131008694 960 190
29131008706 960 190
29131008714 960 190
29131008726 960 190
29131008734 960 190
29131008746 960 190
29131008754 960 190
29131008766 960 190
29131008774 960 190
29131008786 960 190
29131008794 960 190
29131008806 960 190
29131008814 960 190
29131008826 960 190
29131008834 960 190
29131008846 960 190
29131008854 960 190
29131008866 960 190
29131008874 960 190
29131008886 960 190
29131008894 960 190
29131008906 960 190
29131008918 960 190
29131008926 960 190
29131008938 960 190
29131008946 960 190
29131008958 960 190
29131008966 960 190
29131008978 960 190
29131008986 960 190
29131008998 960 190
29131009006 960 190
29131009018 960 190
29131009026 960 190
29131009038 960 190
29131009046 960 190
29131009058 960 190
29131009066 960 190
29131009078 960 190
29131009086 960 190
29131009098 960 190
29131009106 960 190
29131009118 960 190
29131009126 960 190
29131009138 960 190
29131009146 960 190
29131009158 960 190
29131009170 960 190
29131009178 960 190
29131009190 960 190
29131009198 960 190
29131009210 960 190
29131009218 960 190
29131009230 960 190
29131009238 960 190
29131009250 960 190
29131009258 960 190
29131009270 960 190
29131009278 960 190
29131009290 960 190
29131009298 960 190
29131009310 960 190
29131009318 960 190
29131009330 960 190
29131009338 960 540
29131009350 960 540
29131009358 960 540
29131009370 960 540
29131009378 960 540
29131009390 960 540
29131009398 960 540
29131009410 960 540
29131009422 960 540
29131009430 960 540
29131009442 960 540
29131009450 960 540
29131009462 960 540
29131009470 960 540
29131009482 960 540
29131009490 960 540
29131009502 960 540
29131009510 960 540
29131009522 960 540
29131009530 960 540
29131009542 960 540
29131009550 960 540
29131009562 960 540
29131009570 960 540
29131009582 960 540
29131009590 960 540
29131009602 960 540
29131009610 960 540
29131009622 960 540
29131009630 960 540
29131009642 960 540
29131009650 960 540
29131009662 960 540
29131009674 960 540
29131009682 960 540
29131009694 960 540
29131009702 960 540
29131009714 960 540
29131009722 960 540
29131009734 960 540
29131009742 960 540
29131009754 960 540
29131009762 960 540
29131009774 960 540
29131009782 960 540
29131009794 960 540
29131009802 960 540
29131009814 960 540
29131009822 960 540
29131009834 960 540
29131009842 960 540
29131009854 960 540
29131009862 960 540
29131009874 960 540
29131009882 960 540
29131009894 960 540
29131009902 960 540
29131009914 960 540
29131009926 960 540
29131009934 960 540
29131009946 960 540
29131009954 960 540
29131009966 960 540
29131009974 960 540
29131009986 960 540
29131009994 960 540
29131010006 960 540
29131010014 960 540
29131010026 960 540
29131010034 960 540
29131010046 960 540
29131010054 960 540
29131010066 960 540
29131010074 960 540
29131010086 960 540
29131010094 960 540
29131010106 960 540
29131010114 960 540
29131010126 960 540
29131010134 960 540
29131010146 960 540
29131010154 960 540
29131010166 960 540
29131010178 960 540
29131010186 960 540
29131010198 960 540
29131010206 960 540
29131010218 960 540
29131010226 960 540
29131010238 960 540
29131010246 960 540
29131010258 960 540
29131010266 960 540
29131010278 960 540
29131010286 960 540
29131010298 960 540
29131010306 960 540
29131010318 960 540
29131010326 960 540
29131010338 960 540
29131010346 960 540
29131010358 960 540
29131010366 960 540
29131010378 960 540
29131010386 960 540
29131010398 960 540
29131010406 960 540
29131010418 960 540
29131010430 960 540
29131010438 960 540
29131010450 960 540
29131010458 960 540
29131010470 960 540
29131010478 960 540
29131010490 960 540
29131010498 960 540
29131010510 960 540
29131010518 960 540
29131010530 960 540
29131010538 960 540
29131010550 960 540
29131010558 960 540
29131010570 960 540
29131010578 960 540
29131010590 960 540
29131010598 960 540
29131010610 960 540
29131010618 960 540
29131010630 960 540
29131010638 960 540
29131010650 960 540
29131010658 960 540
29131010670 960 540
29131010682 960 540
29131010690 960 540
29131010702 960 540
29131010710 960 540
29131010722 960 540
29131010730 960 540
29131010742 960 540
29131010750 960 540
29131010762 960 540
29131010770 960 540
29131010782 960 540
29131010790 960 540
29131010802 960 540
29131010810 960 540
29131010822 960 540
29131010830 960 540
29131010842 960 890
29131010850 960 890
29131010862 960 890
29131010870 960 890
29131010882 960 890
29131010890 960 890
29131010902 960 890
29131010910 960 890
29131010922 960 890
29131010934 960 890
29131010942 960 890
29131010954 960 890
29131010962 960 890
29131010974 960 890
29131010982 960 890
29131010994 960 890
29131011002 960 890
29131011014 960 890
29131011022 960 890
29131011034 960 890
29131011042 960 890
29131011054 960 890
29131011062 960 890
29131011074 960 890
29131011082 960 890
29131011094 960 890
29131011102 960 890
29131011114 960 890
29131011122 960 890
29131011134 960 890
29131011142 960 890
29131011154 960 890
29131011162 960 890
29131011174 960 890
29131011186 960 890
29131011194 960 890
29131011206 960 890
29131011214 960 890
29131011226 960 890
29131011234 960 890
29131011246 960 890
29131011254 960 890
29131011266 960 890
29131011274 960 890
29131011286 960 890
29131011294 960 890
29131011306 960 890
29131011314 960 890
29131011326 960 890
29131011334 960 890
29131011346 960 890
29131011354 960 890
29131011366 960 890
29131011374 960 890
29131011386 960 890
29131011394 960 890
29131011406 960 890
29131011414 960 890
29131011426 960 890
29131011438 960 890
29131011446 960 890
29131011458 960 890
29131011466 960 890
29131011478 960 890
29131011486 960 890
29131011498 960 890
29131011506 960 890
29131011518 960 890
29131011526 960 890
29131011538 960 890
29131011546 960 890
29131011558 960 890
29131011566 960 890
29131011578 960 890
29131011586 960 890
29131011598 960 890
29131011606 960 890
29131011618 960 890
29131011626 960 890
29131011638 960 890
29131011646 960 890
29131011658 960 890
29131011666 960 890
29131011678 960 890
29131011690 960 890
29131011698 960 890
29131011710 960 890
29131011718 960 890
29131011730 960 890
29131011738 960 890
29131011750 960 890
29131011758 960 890
29131011770 960 890
29131011778 960 890
29131011790 960 890
29131011798 960 890
29131011810 960 890
29131011818 960 890
29131011830 960 890
29131011838 960 890
29131011850 960 890
29131011858 960 890
29131011870 960 890
29131011878 960 890
29131011890 960 890
29131011898 960 890
29131011910 960 890
29131011918 960 890
29131011930 960 890
29131011942 960 890
29131011950 960 890
29131011962 960 890
29131011970 960 890
29131011982 960 890
29131011990 960 890
29131012002 960 890
29131012010 960 890
29131012022 960 890
29131012030 960 890
29131012042 960 890
29131012050 960 890
29131012062 960 890
29131012070 960 890
29131012082 960 890
29131012090 960 890
29131012102 960 890
29131012110 960 890
29131012122 960 890
29131012130 960 890
29131012142 960 890
29131012150 960 890
29131012162 960 890
29131012170 960 890
29131012182 960 890
29131012194 960 890
29131012202 960 890
29131012214 960 890
29131012222 960 890
29131012234 960 890
29131012242 960 890
29131012254 960 890
29131012262 960 890
29131012274 960 890
29131012282 960 890
29131012294 960 890
29131012302 960 890
29131012314 960 890
29131012322 960 890
29131012334 960 890
29131012342 960 540
29131012354 960 540
29131012362 960 540
29131012374 960 540
29131012382 960 540
29131012394 960 540
29131012402 960 540
29131012414 960 540
29131012422 960 540
29131012434 960 540
29131012446 960 540
29131012454 960 540
29131012466 960 540
29131012474 960 540
29131012486 960 540
29131012494 960 540
29131012506 960 540
29131012514 960 540
29131012526 960 540
29131012534 960 540
29131012546 960 540
29131012554 960 540
29131012566 960 540
29131012574 960 540
29131012586 960 540
29131012594 960 540
29131012606 960 540
29131012614 960 540
29131012626 960 540
29131012634 960 540
29131012646 960 540
29131012654 960 540
29131012666 960 540
29131012674 960 540
29131012686 960 540
29131012698 960 540
29131012706 960 540
29131012718 960 540
29131012726 960 540
29131012738 960 540
29131012746 960 540
29131012758 960 540
29131012766 960 540
29131012778 960 540
29131012786 960 540
29131012798 960 540
29131012806 960 540
29131012818 960 540
29131012826 960 540
29131012838 960 540
29131012846 960 540
29131012858 960 540
29131012866 960 540
29131012878 960 540
29131012886 960 540
29131012898 960 540
29131012906 960 540
29131012918 960 540
29131012926 960 540
29131012938 960 540
29131012950 960 540
29131012958 960 540
29131012970 960 540
29131012978 960 540
29131012990 960 540
29131012998 960 540
29131013010 960 540
29131013018 960 540
29131013030 960 540
29131013038 960 540
29131013050 960 540
29131013058 960 540
29131013070 960 540
29131013078 960 540
29131013090 960 540
29131013098 960 540
29131013110 960 540
29131013118 960 540
29131013130 960 540
29131013138 960 540
29131013150 960 540
29131013158 960 540
29131013170 960 540
29131013178 960 540
29131013190 960 540
29131013202 960 540
29131013210 960 540
29131013222 960 540
29131013230 960 540
29131013242 960 540
29131013250 960 540
29131013262 960 540
29131013270 960 540
29131013282 960 540
29131013290 960 540
29131013302 960 540
29131013310 960 540
29131013322 960 540
29131013330 960 540
29131013342 960 540
29131013350 960 540
29131013362 960 540
29131013369 960 540
29131013382 960 540
29131013389 960 540
29131013402 960 540
29131013410 960 540
29131013422 960 540
29131013429 960 540
29131013441 960 540
29131013454 960 540
29131013462 960 540
29131013474 960 540
29131013482 960 540
29131013494 960 540
29131013502 960 540
29131013514 960 540
29131013522 960 540
29131013534 960 540
29131013542 960 540
29131013554 960 540
29131013562 960 540
29131013574 960 540
29131013582 960 540
29131013594 960 540
29131013602 960 540
29131013614 960 540
29131013622 960 540
29131013634 960 540
29131013642 960 540
29131013654 960 540
29131013662 960 540
29131013674 960 540
29131013682 960 540
29131013694 960 540
29131013706 960 540
29131013714 960 540
29131013726 960 540
29131013734 960 540
29131013746 960 540
29131013754 960 540
29131013766 960 540
29131013774 960 540
29131013786 960 540
29131013794 960 540
29131013806 960 540
29131013814 960 540
29131013826 960 540
29131013834 960 540
29131013846 960 365
29131013854 960 365
29131013866 960 365
29131013874 960 365
29131013886 960 365
29131013894 960 365
29131013906 960 365
29131013914 960 365
29131013926 960 365
29131013934 960 365
29131013946 960 365
29131013958 960 365
29131013966 960 365
29131013978 960 365
29131013986 960 365
29131013998 960 365
29131014006 960 365
29131014018 960 365
29131014026 960 365
29131014038 960 365
29131014046 960 365
29131014058 960 365
29131014066 960 365
29131014078 960 365
29131014086 960 365
29131014098 960 365
29131014106 960 365
29131014118 960 365
29131014126 960 365
29131014138 960 365
29131014146 960 365
29131014158 960 365
29131014166 960 365
29131014178 960 365
29131014186 960 365
29131014198 960 365
29131014210 960 365
29131014218 960 365
29131014230 960 365
29131014238 960 365
29131014250 960 365
29131014258 960 365
29131014270 960 365
29131014278 960 365
29131014290 960 365
29131014298 960 365
29131014310 960 365
29131014318 960 365
29131014330 960 365
29131014338 960 365
29131014350 960 365
29131014358 960 365
29131014370 960 365
29131014378 960 365
29131014390 960 365
29131014398 960 365
29131014410 960 365
29131014418 960 365
29131014430 960 365
29131014438 960 365
29131014450 960 365
29131014462 960 365
29131014470 960 365
29131014482 960 365
29131014490 960 365
29131014502 960 365
29131014510 960 365
29131014522 960 365
29131014530 960 365
29131014542 960 365
29131014550 960 365
29131014562 960 365
29131014570 960 365
29131014582 960 365
29131014590 960 365
29131014602 960 365
29131014610 960 365
29131014622 960 365
29131014630 960 365
29131014642 960 365
29131014650 960 365
29131014662 960 365
29131014670 960 365
29131014682 960 365
29131014690 960 365
29131014702 960 365
29131014714 960 365
29131014722 960 365
29131014734 960 365
29131014742 960 365
29131014754 960 365
29131014762 960 365
29131014774 960 365
29131014782 960 365
29131014794 960 365
29131014802 960 365
29131014814 960 365
29131014822 960 365
29131014834 960 365
29131014842 960 365
29131014854 960 365
29131014862 960 365
29131014874 960 365
29131014882 960 365
29131014894 960 365
29131014902 960 365
29131014914 960 365
29131014922 960 365
29131014934 960 365
29131014942 960 365
29131014954 960 365
29131014966 960 365
29131014974 960 365
29131014986 960 365
29131014994 960 365
29131015006 960 365
29131015014 960 365
29131015026 960 365
29131015034 960 365
29131015046 960 365
29131015054 960 365
29131015066 960 365
29131015074 960 365
29131015086 960 365
29131015094 960 365
29131015106 960 365
29131015114 960 365
29131015126 960 365
29131015134 960 365
29131015146 960 365
29131015154 960 365
29131015166 960 365
29131015174 960 365
29131015186 960 365
29131015194 960 365
29131015206 960 365
29131015218 960 365
29131015226 960 365
29131015238 960 365
29131015246 960 365
29131015258 960 365
29131015266 960 365
29131015278 960 365
29131015286 960 365
29131015298 960 365
29131015306 960 365
29131015318 960 365
29131015326 960 365
29131015338 960 365
