15162127296 20 20
15162127314 20 20
15162127322 20 20
15162127334 20 20
15162127348 20 20
15162127356 20 20
15162127368 20 20
15162127376 20 20
15162127388 20 20
15162127396 20 20
15162127408 20 20
15162127416 20 20
15162127428 20 20
15162127436 20 20
15162127448 20 20
15162127456 20 20
15162127468 20 20
15162127476 20 20
15162127488 20 20
15162127496 20 20
15162127508 20 20
15162127516 20 20
15162127528 20 20
15162127536 20 20
15162127548 20 20
15162127556 20 20
15162127568 20 20
15162127576 20 20
15162127588 20 20
15162127600 20 20
15162127608 20 20
15162127620 20 20
15162127628 20 20
15162127640 20 20
15162127648 20 20
15162127660 20 20
15162127668 20 20
15162127680 20 20
15162127688 20 20
15162127700 20 20
15162127708 20 20
15162127720 20 20
15162127728 20 20
15162127740 20 20
15162127748 20 20
15162127760 20 20
15162127768 20 20
15162127780 20 20
15162127788 20 20
15162127800 20 20
15162127808 20 20
15162127820 20 20
15162127828 20 20
15162127840 20 20
15162127852 20 20
15162127860 20 20
15162127872 20 20
15162127880 20 20
15162127892 20 20
15162127900 20 20
15162127912 20 20
15162127920 20 20
15162127932 20 20
15162127940 20 20
15162127952 20 20
15162127960 20 20
15162127972 20 20
15162127980 20 20
15162127992 20 20
15162128000 20 20
15162128012 20 20
15162128020 20 20
15162128032 20 20
15162128040 20 20
15162128052 20 20
15162128060 20 20
15162128072 20 20
15162128080 20 20
15162128092 20 20
15162128104 20 20
15162128112 20 20
15162128124 20 20
15162128132 20 20
15162128144 20 20
15162128152 20 20
15162128164 20 20
15162128172 20 20
15162128184 20 20
15162128192 20 20
15162128204 20 20
15162128212 20 20
15162128224 20 20
15162128232 20 20
15162128244 20 20
15162128252 20 20
15162128264 20 20
15162128272 20 20
15162128284 20 20
15162128292 20 20
15162128304 20 20
15162128312 20 20
15162128324 20 20
15162128332 20 20
15162128344 20 20
15162128356 20 20
15162128364 20 20
15162128376 20 20
15162128384 20 20
15162128396 20 20
15162128404 20 20
15162128416 20 20
15162128424 20 20
15162128436 20 20
15162128444 20 20
15162128456 20 20
15162128464 20 20
15162128476 20 20
15162128484 20 20
15162128496 20 20
15162128504 20 20
15162128516 20 20
15162128524 20 20
15162128536 20 20
15162128544 20 20
15162128556 20 20
15162128564 20 20
15162128576 20 20
15162128584 20 20
15162128596 20 20
15162128608 20 20
15162128616 20 20
15162128628 20 20
15162128636 20 20
15162128648 20 20
15162128656 20 20
15162128668 20 20
15162128676 20 20
15162128688 20 20
15162128696 20 20
15162128708 20 20
15162128716 20 20
15162128728 20 20
15162128736 20 20
15162128748 20 20
15162128756 20 20
15162128768 20 20
15162128776 20 20
15162128788 20 20
15162128796 20 20
15162129722 960 20
15162129734 960 20
15162129742 960 20
15162129754 960 20
15162129762 960 20
15162129774 960 20
15162129782 960 20
15162129794 960 20
15162129802 960 20
15162129814 960 20
15162129822 960 20
15162129834 960 20
15162129842 960 20
15162129854 960 20
15162129866 960 20
15162129874 960 20
15162129886 960 20
15162129894 960 20
15162129906 960 20
15162129914 960 20
15162129926 960 20
15162129934 960 20
15162129946 960 20
15162129954 960 20
15162129966 960 20
15162129974 960 20
15162129986 960 20
15162129994 960 20
15162130006 960 20
15162130014 960 20
15162130026 960 20
15162130034 960 20
15162130046 960 20
15162130054 960 20
15162130066 960 20
15162130074 960 20
15162130086 960 20
15162130094 960 20
15162130106 960 20
15162130118 960 20
15162130126 960 20
15162130138 960 20
15162130146 960 20
15162130158 960 20
15162130166 960 20
15162130178 960 20
15162130186 960 20
15162130198 960 20
15162130206 960 20
15162130218 960 20
15162130226 960 20
15162130238 960 20
15162130246 960 20
15162130258 960 20
15162130266 960 20
15162130278 960 20
15162130286 960 20
15162130298 960 20
15162130306 960 20
15162130318 960 20
15162130326 960 20
15162130338 960 20
15162130346 960 20
15162130358 960 20
15162130370 960 20
15162130378 960 20
15162130390 960 20
15162130398 960 20
15162130410 960 20
15162130418 960 20
15162130430 960 20
15162130438 960 20
15162130450 960 20
15162130458 960 20
15162130470 960 20
15162130478 960 20
15162130490 960 20
15162130498 960 20
15162130510 960 20
15162130518 960 20
15162130530 960 20
15162130538 960 20
15162130550 960 20
15162130558 960 20
15162130570 960 20
15162130578 960 20
15162130590 960 20
15162130598 960 20
15162130610 960 20
15162130622 960 20
15162130630 960 20
15162130642 960 20
15162130650 960 20
15162130662 960 20
15162130670 960 20
15162130682 960 20
15162130690 960 20
15162130702 960 20
15162130710 960 20
15162130722 960 20
15162130730 960 20
15162130742 960 20
15162130750 960 20
15162130762 960 20
15162130770 960 20
15162130782 960 20
15162130790 960 20
15162130802 960 20
15162130810 960 20
15162130822 960 20
15162130830 960 20
15162130842 960 20
15162130850 960 20
15162130862 960 20
15162130874 960 20
15162130882 960 20
15162130894 960 20
15162130902 960 20
15162130914 960 20
15162130922 960 20
15162130934 960 20
15162130942 960 20
15162130954 960 20
15162130962 960 20
15162130974 960 20
15162130982 960 20
15162130994 960 20
15162131002 960 20
15162131014 960 20
15162131022 960 20
15162131034 960 20
15162131042 960 20
15162131054 960 20
15162131062 960 20
15162131074 960 20
15162131082 960 20
15162131094 960 20
15162131102 960 20
15162131114 960 20
15162131126 960 20
15162131134 960 20
15162131146 960 20
15162131154 960 20
15162131166 960 20
15162131174 960 20
15162131186 960 20
15162131194 960 20
15162131206 960 20
15162131214 960 20
15162132183 1900 20
15162132195 1900 20
15162132203 1900 20
15162132215 1900 20
15162132223 1900 20
15162132235 1900 20
15162132243 1900 20
15162132255 1900 20
15162132263 1900 20
15162132275 1900 20
15162132283 1900 20
15162132295 1900 20
15162132303 1900 20
15162132315 1900 20
15162132323 1900 20
15162132335 1900 20
15162132343 1900 20
15162132355 1900 20
15162132363 1900 20
15162132375 1900 20
15162132387 1900 20
15162132395 1900 20
15162132407 1900 20
15162132415 1900 20
15162132427 1900 20
15162132435 1900 20
15162132447 1900 20
15162132455 1900 20
15162132467 1900 20
15162132475 1900 20
15162132487 1900 20
15162132495 1900 20
15162132507 1900 20
15162132515 1900 20
15162132527 1900 20
15162132535 1900 20
15162132547 1900 20
15162132555 1900 20
15162132567 1900 20
15162132575 1900 20
15162132587 1900 20
15162132595 1900 20
15162132607 1900 20
15162132615 1900 20
15162132627 1900 20
15162132639 1900 20
15162132647 1900 20
15162132659 1900 20
15162132667 1900 20
15162132679 1900 20
15162132687 1900 20
15162132699 1900 20
15162132707 1900 20
15162132719 1900 20
15162132727 1900 20
15162132739 1900 20
15162132747 1900 20
15162132759 1900 20
15162132767 1900 20
15162132779 1900 20
15162132787 1900 20
15162132799 1900 20
15162132807 1900 20
15162132819 1900 20
15162132827 1900 20
15162132839 1900 20
15162132847 1900 20
15162132859 1900 20
15162132867 1900 20
15162132879 1900 20
15162132891 1900 20
15162132899 1900 20
15162132911 1900 20
15162132919 1900 20
15162132931 1900 20
15162132939 1900 20
15162132951 1900 20
15162132959 1900 20
15162132971 1900 20
15162132979 1900 20
15162132991 1900 20
15162132999 1900 20
15162133011 1900 20
15162133019 1900 20
15162133031 1900 20
15162133039 1900 20
15162133051 1900 20
15162133059 1900 20
15162133071 1900 20
15162133079 1900 20
15162133091 1900 20
15162133099 1900 20
15162133111 1900 20
15162133119 1900 20
15162133131 1900 20
15162133143 1900 20
15162133151 1900 20
15162133163 1900 20
15162133171 1900 20
15162133183 1900 20
15162133191 1900 20
15162133203 1900 20
15162133211 1900 20
15162133223 1900 20
15162133231 1900 20
15162133243 1900 20
15162133251 1900 20
15162133263 1900 20
15162133271 1900 20
15162133283 1900 20
15162133291 1900 20
15162133303 1900 20
15162133311 1900 20
15162133323 1900 20
15162133331 1900 20
15162133343 1900 20
15162133351 1900 20
15162133363 1900 20
15162133371 1900 20
15162133383 1900 20
15162133395 1900 20
15162133403 1900 20
15162133415 1900 20
15162133423 1900 20
15162133435 1900 20
15162133443 1900 20
15162133455 1900 20
15162133463 1900 20
15162133475 1900 20
15162133483 1900 20
15162133495 1900 20
15162133503 1900 20
15162133515 1900 20
15162133523 1900 20
15162133535 1900 20
15162133543 1900 20
15162133555 1900 20
15162133563 1900 20
15162133575 1900 20
15162133583 1900 20
15162133595 1900 20
15162133603 1900 20
15162133615 1900 20
15162133623 1900 20
15162133635 1900 20
15162133647 1900 20
15162133655 1900 20
15162133667 1900 20
15162133675 1900 20
15162134431 1900 540
15162134443 1900 540
15162134451 1900 540
15162134463 1900 540
15162134471 1900 540
15162134483 1900 540
15162134491 1900 540
15162134503 1900 540
15162134511 1900 540
15162134523 1900 540
15162134531 1900 540
15162134543 1900 540
15162134551 1900 540
15162134563 1900 540
15162134571 1900 540
15162134583 1900 540
15162134591 1900 540
15162134603 1900 540
15162134611 1900 540
15162134623 1900 540
15162134631 1900 540
15162134643 1900 540
15162134655 1900 540
15162134663 1900 540
15162134675 1900 540
15162134683 1900 540
15162134695 1900 540
15162134703 1900 540
15162134715 1900 540
15162134723 1900 540
15162134735 1900 540
15162134743 1900 540
15162134755 1900 540
15162134763 1900 540
15162134775 1900 540
15162134783 1900 540
15162134795 1900 540
15162134803 1900 540
15162134815 1900 540
15162134823 1900 540
15162134835 1900 540
15162134843 1900 540
15162134855 1900 540
15162134863 1900 540
15162134875 1900 540
15162134883 1900 540
15162134895 1900 540
15162134907 1900 540
15162134915 1900 540
15162134927 1900 540
15162134935 1900 540
15162134947 1900 540
15162134955 1900 540
15162134967 1900 540
15162134975 1900 540
15162134987 1900 540
15162134995 1900 540
15162135007 1900 540
15162135015 1900 540
15162135027 1900 540
15162135035 1900 540
15162135047 1900 540
15162135055 1900 540
15162135067 1900 540
15162135075 1900 540
15162135087 1900 540
15162135095 1900 540
15162135107 1900 540
15162135115 1900 540
15162135127 1900 540
15162135135 1900 540
15162135147 1900 540
15162135159 1900 540
15162135167 1900 540
15162135179 1900 540
15162135187 1900 540
15162135199 1900 540
15162135207 1900 540
15162135219 1900 540
15162135227 1900 540
15162135239 1900 540
15162135247 1900 540
15162135259 1900 540
15162135267 1900 540
15162135279 1900 540
15162135287 1900 540
15162135299 1900 540
15162135307 1900 540
15162135319 1900 540
15162135327 1900 540
15162135339 1900 540
15162135347 1900 540
15162135359 1900 540
15162135367 1900 540
15162135379 1900 540
15162135387 1900 540
15162135399 1900 540
15162135411 1900 540
15162135419 1900 540
15162135431 1900 540
15162135439 1900 540
15162135451 1900 540
15162135459 1900 540
15162135471 1900 540
15162135479 1900 540
15162135491 1900 540
15162135499 1900 540
15162135511 1900 540
15162135519 1900 540
15162135531 1900 540
15162135539 1900 540
15162135551 1900 540
15162135559 1900 540
15162135571 1900 540
15162135579 1900 540
15162135591 1900 540
15162135599 1900 540
15162135611 1900 540
15162135619 1900 540
15162135631 1900 540
15162135639 1900 540
15162135651 1900 540
15162135663 1900 540
15162135671 1900 540
15162135683 1900 540
15162135691 1900 540
15162135703 1900 540
15162135711 1900 540
15162135723 1900 540
15162135731 1900 540
15162135743 1900 540
15162135751 1900 540
15162135763 1900 540
15162135771 1900 540
15162135783 1900 540
15162135791 1900 540
15162135803 1900 540
15162135811 1900 540
15162135823 1900 540
15162135831 1900 540
15162135843 1900 540
15162135851 1900 540
15162135863 1900 540
15162135871 1900 540
15162135883 1900 540
15162135891 1900 540
15162135903 1900 540
15162135915 1900 540
15162135923 1900 540
15162136983 950 540
15162136991 950 540
15162137003 950 540
15162137011 950 540
15162137023 950 540
15162137031 950 540
15162137043 950 540
15162137051 950 540
15162137063 950 540
15162137071 950 540
15162137083 950 540
15162137091 950 540
15162137103 950 540
15162137111 950 540
15162137123 950 540
15162137131 950 540
15162137143 950 540
15162137151 950 540
15162137163 950 540
15162137175 950 540
15162137183 950 540
15162137195 950 540
15162137203 950 540
15162137215 950 540
15162137223 950 540
15162137235 950 540
15162137243 950 540
15162137255 950 540
15162137263 950 540
15162137275 950 540
15162137283 950 540
15162137295 950 540
15162137303 950 540
15162137315 950 540
15162137323 950 540
15162137335 950 540
15162137343 950 540
15162137355 950 540
15162137363 950 540
15162137375 950 540
15162137383 950 540
15162137395 950 540
15162137403 950 540
15162137415 950 540
15162137427 950 540
15162137435 950 540
15162137447 950 540
15162137455 950 540
15162137467 950 540
15162137475 950 540
15162137487 950 540
15162137495 950 540
15162137507 950 540
15162137515 950 540
15162137527 950 540
15162137535 950 540
15162137547 950 540
15162137555 950 540
15162137567 950 540
15162137575 950 540
15162137587 950 540
15162137595 950 540
15162137607 950 540
15162137615 950 540
15162137627 950 540
15162137635 950 540
15162137647 950 540
15162137655 950 540
15162137667 950 540
15162137679 950 540
15162137687 950 540
15162137699 950 540
15162137707 950 540
15162137719 950 540
15162137727 950 540
15162137739 950 540
15162137747 950 540
15162137759 950 540
15162137767 950 540
15162137779 950 540
15162137787 950 540
15162137799 950 540
15162137807 950 540
15162137819 950 540
15162137827 950 540
15162137839 950 540
15162137847 950 540
15162137859 950 540
15162137867 950 540
15162137879 950 540
15162137887 950 540
15162137899 950 540
15162137907 950 540
15162137919 950 540
15162137931 950 540
15162137939 950 540
15162137951 950 540
15162137959 950 540
15162137971 950 540
15162137979 950 540
15162137991 950 540
15162137999 950 540
15162138011 950 540
15162138019 950 540
15162138031 950 540
15162138039 950 540
15162138051 950 540
15162138059 950 540
15162138071 950 540
15162138079 950 540
15162138091 950 540
15162138099 950 540
15162138111 950 540
15162138119 950 540
15162138131 950 540
15162138139 950 540
15162138151 950 540
15162138159 950 540
15162138171 950 540
15162138183 950 540
15162138191 950 540
15162138203 950 540
15162138211 950 540
15162138223 950 540
15162138231 950 540
15162138243 950 540
15162138251 950 540
15162138263 950 540
15162138271 950 540
15162138283 950 540
15162138291 950 540
15162138303 950 540
15162138311 950 540
15162138323 950 540
15162138331 950 540
15162138343 950 540
15162138351 950 540
15162138363 950 540
15162138371 950 540
15162138383 950 540
15162138391 950 540
15162138403 950 540
15162138411 950 540
15162138423 950 540
15162138435 950 540
15162138443 950 540
15162138455 950 540
15162138463 950 540
15162138475 950 540
15162139099 20 540
15162139107 20 540
15162139119 20 540
15162139127 20 540
15162139139 20 540
15162139147 20 540
15162139159 20 540
15162139167 20 540
15162139179 20 540
15162139191 20 540
15162139199 20 540
15162139211 20 540
15162139219 20 540
15162139231 20 540
15162139239 20 540
15162139251 20 540
15162139259 20 540
15162139271 20 540
15162139279 20 540
15162139291 20 540
15162139299 20 540
15162139311 20 540
15162139319 20 540
15162139331 20 540
15162139339 20 540
15162139351 20 540
15162139359 20 540
15162139371 20 540
15162139379 20 540
15162139391 20 540
15162139399 20 540
15162139411 20 540
15162139419 20 540
15162139431 20 540
15162139443 20 540
15162139451 20 540
15162139463 20 540
15162139471 20 540
15162139483 20 540
15162139491 20 540
15162139503 20 540
15162139511 20 540
15162139523 20 540
15162139531 20 540
15162139543 20 540
15162139551 20 540
15162139563 20 540
15162139571 20 540
15162139583 20 540
15162139591 20 540
15162139603 20 540
15162139611 20 540
15162139623 20 540
15162139631 20 540
15162139643 20 540
15162139651 20 540
15162139663 20 540
15162139671 20 540
15162139683 20 540
15162139695 20 540
15162139703 20 540
15162139715 20 540
15162139723 20 540
15162139735 20 540
15162139743 20 540
15162139755 20 540
15162139763 20 540
15162139775 20 540
15162139783 20 540
15162139795 20 540
15162139803 20 540
15162139815 20 540
15162139823 20 540
15162139835 20 540
15162139843 20 540
15162139855 20 540
15162139863 20 540
15162139875 20 540
15162139883 20 540
15162139895 20 540
15162139903 20 540
15162139915 20 540
15162139923 20 540
15162139935 20 540
15162139947 20 540
15162139955 20 540
15162139967 20 540
15162139975 20 540
15162139987 20 540
15162139995 20 540
15162140007 20 540
15162140015 20 540
15162140027 20 540
15162140035 20 540
15162140047 20 540
15162140055 20 540
15162140067 20 540
15162140075 20 540
15162140087 20 540
15162140095 20 540
15162140107 20 540
15162140115 20 540
15162140127 20 540
15162140135 20 540
15162140147 20 540
15162140155 20 540
15162140167 20 540
15162140175 20 540
15162140187 20 540
15162140199 20 540
15162140207 20 540
15162140219 20 540
15162140227 20 540
15162140239 20 540
15162140247 20 540
15162140259 20 540
15162140267 20 540
15162140279 20 540
15162140287 20 540
15162140299 20 540
15162140307 20 540
15162140319 20 540
15162140327 20 540
15162140339 20 540
15162140347 20 540
15162140359 20 540
15162140367 20 540
15162140379 20 540
15162140387 20 540
15162140399 20 540
15162140407 20 540
15162140419 20 540
15162140427 20 540
15162140439 20 540
15162140451 20 540
15162140459 20 540
15162140471 20 540
15162140479 20 540
15162140491 20 540
15162140499 20 540
15162140511 20 540
15162140519 20 540
15162140531 20 540
15162140539 20 540
15162140551 20 540
15162140559 20 540
15162140571 20 540
15162140579 20 540
15162140591 20 540
15162141175 20 1060
15162141183 20 1060
15162141195 20 1060
15162141207 20 1060
15162141215 20 1060
15162141227 20 1060
15162141235 20 1060
15162141247 20 1060
15162141255 20 1060
15162141267 20 1060
15162141275 20 1060
15162141287 20 1060
15162141295 20 1060
15162141307 20 1060
15162141315 20 1060
15162141327 20 1060
15162141335 20 1060
15162141347 20 1060
15162141355 20 1060
15162141367 20 1060
15162141375 20 1060
15162141387 20 1060
15162141395 20 1060
15162141407 20 1060
15162141415 20 1060
15162141427 20 1060
15162141435 20 1060
15162141447 20 1060
15162141459 20 1060
15162141467 20 1060
15162141479 20 1060
15162141487 20 1060
15162141499 20 1060
15162141507 20 1060
15162141519 20 1060
15162141527 20 1060
15162141539 20 1060
15162141547 20 1060
15162141559 20 1060
15162141567 20 1060
15162141579 20 1060
15162141587 20 1060
15162141599 20 1060
15162141607 20 1060
15162141619 20 1060
15162141627 20 1060
15162141639 20 1060
15162141647 20 1060
15162141659 20 1060
15162141667 20 1060
15162141679 20 1060
15162141687 20 1060
15162141699 20 1060
15162141711 20 1060
15162141719 20 1060
15162141731 20 1060
15162141739 20 1060
15162141751 20 1060
15162141759 20 1060
15162141771 20 1060
15162141779 20 1060
15162141791 20 1060
15162141799 20 1060
15162141811 20 1060
15162141819 20 1060
15162141831 20 1060
15162141839 20 1060
15162141851 20 1060
15162141859 20 1060
15162141871 20 1060
15162141879 20 1060
15162141891 20 1060
15162141899 20 1060
15162141911 20 1060
15162141919 20 1060
15162141931 20 1060
15162141939 20 1060
15162141951 20 1060
15162141963 20 1060
15162141971 20 1060
15162141983 20 1060
15162141991 20 1060
15162142003 20 1060
15162142011 20 1060
15162142023 20 1060
15162142031 20 1060
15162142043 20 1060
15162142051 20 1060
15162142063 20 1060
15162142071 20 1060
15162142083 20 1060
15162142091 20 1060
15162142103 20 1060
15162142111 20 1060
15162142123 20 1060
15162142131 20 1060
15162142143 20 1060
15162142151 20 1060
15162142163 20 1060
15162142171 20 1060
15162142183 20 1060
15162142191 20 1060
15162142203 20 1060
15162142215 20 1060
15162142223 20 1060
15162142235 20 1060
15162142243 20 1060
15162142255 20 1060
15162142263 20 1060
15162142275 20 1060
15162142283 20 1060
15162142295 20 1060
15162142303 20 1060
15162142315 20 1060
15162142323 20 1060
15162142335 20 1060
15162142343 20 1060
15162142355 20 1060
15162142363 20 1060
15162142375 20 1060
15162142383 20 1060
15162142395 20 1060
15162142403 20 1060
15162142415 20 1060
15162142423 20 1060
15162142435 20 1060
15162142443 20 1060
15162142455 20 1060
15162142467 20 1060
15162142475 20 1060
15162142487 20 1060
15162142495 20 1060
15162142507 20 1060
15162142515 20 1060
15162142527 20 1060
15162142535 20 1060
15162142547 20 1060
15162142555 20 1060
15162142567 20 1060
15162142575 20 1060
15162142587 20 1060
15162142595 20 1060
15162142607 20 1060
15162142615 20 1060
15162142627 20 1060
15162142635 20 1060
15162142647 20 1060
15162142655 20 1060
15162142667 20 1060
15162143351 950 1060
15162143363 950 1060
15162143371 950 1060
15162143383 950 1060
15162143391 950 1060
15162143403 950 1060
15162143411 950 1060
15162143423 950 1060
15162143431 950 1060
15162143443 950 1060
15162143451 950 1060
15162143463 950 1060
15162143475 950 1060
15162143483 950 1060
15162143495 950 1060
15162143503 950 1060
15162143515 950 1060
15162143523 950 1060
15162143535 950 1060
15162143543 950 1060
15162143555 950 1060
15162143563 950 1060
15162143575 950 1060
15162143583 950 1060
15162143595 950 1060
15162143603 950 1060
15162143615 950 1060
15162143623 950 1060
15162143635 950 1060
15162143643 950 1060
15162143655 950 1060
15162143663 950 1060
15162143675 950 1060
15162143683 950 1060
15162143695 950 1060
15162143703 950 1060
15162143715 950 1060
15162143727 950 1060
15162143735 950 1060
15162143747 950 1060
15162143755 950 1060
15162143767 950 1060
15162143775 950 1060
15162143787 950 1060
15162143795 950 1060
15162143807 950 1060
15162143815 950 1060
15162143827 950 1060
15162143835 950 1060
15162143847 950 1060
15162143855 950 1060
15162143867 950 1060
15162143875 950 1060
15162143887 950 1060
15162143895 950 1060
15162143907 950 1060
15162143915 950 1060
15162143927 950 1060
15162143935 950 1060
15162143947 950 1060
15162143955 950 1060
15162143967 950 1060
15162143979 950 1060
15162143987 950 1060
15162143999 950 1060
15162144007 950 1060
15162144019 950 1060
15162144027 950 1060
15162144039 950 1060
15162144047 950 1060
15162144059 950 1060
15162144067 950 1060
15162144079 950 1060
15162144087 950 1060
15162144099 950 1060
15162144107 950 1060
15162144119 950 1060
15162144127 950 1060
15162144139 950 1060
15162144147 950 1060
15162144159 950 1060
15162144167 950 1060
15162144179 950 1060
15162144187 950 1060
15162144199 950 1060
15162144207 950 1060
15162144219 950 1060
15162144231 950 1060
15162144239 950 1060
15162144251 950 1060
15162144259 950 1060
15162144271 950 1060
15162144279 950 1060
15162144291 950 1060
15162144299 950 1060
15162144311 950 1060
15162144319 950 1060
15162144331 950 1060
15162144339 950 1060
15162144351 950 1060
15162144359 950 1060
15162144371 950 1060
15162144379 950 1060
15162144391 950 1060
15162144399 950 1060
15162144411 950 1060
15162144419 950 1060
15162144431 950 1060
15162144439 950 1060
15162144451 950 1060
15162144459 950 1060
15162144471 950 1060
15162144483 950 1060
15162144491 950 1060
15162144503 950 1060
15162144511 950 1060
15162144523 950 1060
15162144531 950 1060
15162144543 950 1060
15162144551 950 1060
15162144563 950 1060
15162144571 950 1060
15162144583 950 1060
15162144591 950 1060
15162144603 950 1060
15162144611 950 1060
15162144623 950 1060
15162144631 950 1060
15162144643 950 1060
15162144651 950 1060
15162144663 950 1060
15162144671 950 1060
15162144683 950 1060
15162144691 950 1060
15162144703 950 1060
15162144711 950 1060
15162144723 950 1060
15162144735 950 1060
15162144743 950 1060
15162144755 950 1060
15162144763 950 1060
15162144775 950 1060
15162144783 950 1060
15162144795 950 1060
15162144803 950 1060
15162144815 950 1060
15162144823 950 1060
15162144835 950 1060
15162144843 950 1060
15162145571 1900 1060
15162145579 1900 1060
15162145591 1900 1060
15162145599 1900 1060
15162145611 1900 1060
15162145619 1900 1060
15162145631 1900 1060
15162145639 1900 1060
15162145651 1900 1060
15162145659 1900 1060
15162145671 1900 1060
15162145679 1900 1060
15162145691 1900 1060
15162145699 1900 1060
15162145711 1900 1060
15162145719 1900 1060
15162145731 1900 1060
15162145743 1900 1060
15162145751 1900 1060
15162145763 1900 1060
15162145771 1900 1060
15162145783 1900 1060
15162145791 1900 1060
15162145803 1900 1060
15162145811 1900 1060
15162145823 1900 1060
15162145831 1900 1060
15162145843 1900 1060
15162145851 1900 1060
15162145863 1900 1060
15162145871 1900 1060
15162145883 1900 1060
15162145891 1900 1060
15162145903 1900 1060
15162145911 1900 1060
15162145923 1900 1060
15162145931 1900 1060
15162145943 1900 1060
15162145951 1900 1060
15162145963 1900 1060
15162145971 1900 1060
15162145983 1900 1060
15162145995 1900 1060
15162146003 1900 1060
15162146015 1900 1060
15162146023 1900 1060
15162146035 1900 1060
15162146043 1900 1060
15162146055 1900 1060
15162146063 1900 1060
15162146075 1900 1060
15162146083 1900 1060
15162146095 1900 1060
15162146103 1900 1060
15162146115 1900 1060
15162146123 1900 1060
15162146135 1900 1060
15162146143 1900 1060
15162146155 1900 1060
15162146163 1900 1060
15162146175 1900 1060
15162146183 1900 1060
15162146195 1900 1060
15162146203 1900 1060
15162146215 1900 1060
15162146223 1900 1060
15162146235 1900 1060
15162146247 1900 1060
15162146255 1900 1060
15162146267 1900 1060
15162146275 1900 1060
15162146287 1900 1060
15162146295 1900 1060
15162146307 1900 1060
15162146315 1900 1060
15162146327 1900 1060
15162146335 1900 1060
15162146347 1900 1060
15162146355 1900 1060
15162146367 1900 1060
15162146375 1900 1060
15162146387 1900 1060
15162146395 1900 1060
15162146407 1900 1060
15162146415 1900 1060
15162146427 1900 1060
15162146435 1900 1060
15162146447 1900 1060
15162146455 1900 1060
15162146467 1900 1060
15162146475 1900 1060
15162146487 1900 1060
15162146499 1900 1060
15162146507 1900 1060
15162146519 1900 1060
15162146527 1900 1060
15162146539 1900 1060
15162146547 1900 1060
15162146559 1900 1060
15162146567 1900 1060
15162146579 1900 1060
15162146587 1900 1060
15162146599 1900 1060
15162146607 1900 1060
15162146619 1900 1060
15162146627 1900 1060
15162146639 1900 1060
15162146647 1900 1060
15162146659 1900 1060
15162146667 1900 1060
15162146679 1900 1060
15162146687 1900 1060
15162146699 1900 1060
15162146707 1900 1060
15162146719 1900 1060
15162146727 1900 1060
15162146739 1900 1060
15162146751 1900 1060
15162146759 1900 1060
15162146771 1900 1060
15162146779 1900 1060
15162146791 1900 1060
15162146799 1900 1060
15162146811 1900 1060
15162146819 1900 1060
15162146831 1900 1060
15162146839 1900 1060
15162146851 1900 1060
15162146859 1900 1060
15162146871 1900 1060
15162146879 1900 1060
15162146891 1900 1060
15162146899 1900 1060
15162146911 1900 1060
15162146919 1900 1060
15162146931 1900 1060
15162146939 1900 1060
15162146951 1900 1060
15162146959 1900 1060
15162146971 1900 1060
15162146979 1900 1060
15162146991 1900 1060
15162147003 1900 1060
15162147011 1900 1060
15162147023 1900 1060
15162147031 1900 1060
15162147043 1900 1060
15162147051 1900 1060
15162147063 1900 1060
