16133911405 20 20
16133911412 20 20
16133911424 20 20
16133911433 20 20
16133911445 20 20
16133911454 20 20
16133911466 20 20
16133911474 20 20
16133911486 20 20
16133911494 20 20
16133911506 20 20
16133911514 20 20
16133911526 20 20
16133911534 20 20
16133911546 20 20
16133911554 20 20
16133911566 20 20
16133911574 20 20
16133911586 20 20
16133911598 20 20
16133911606 20 20
16133911618 20 20
16133911626 20 20
16133911638 20 20
16133911646 20 20
16133911658 20 20
16133911666 20 20
16133911678 20 20
16133911686 20 20
16133911698 20 20
16133911706 20 20
16133911718 20 20
16133911726 20 20
16133911738 20 20
16133911746 20 20
16133911758 20 20
16133911766 20 20
16133911778 20 20
16133911786 20 20
16133911798 20 20
16133911806 20 20
16133911818 20 20
16133911826 20 20
16133911838 20 20
16133911850 20 20
16133911858 20 20
16133911870 20 20
16133911878 20 20
16133911890 20 20
16133911898 20 20
16133911910 20 20
16133911918 20 20
16133911930 20 20
16133911938 20 20
16133911950 20 20
16133911958 20 20
16133911970 20 20
16133911978 20 20
16133911990 20 20
16133911998 20 20
16133912010 20 20
16133912018 20 20
16133912030 20 20
16133912038 20 20
16133912050 20 20
16133912058 20 20
16133912070 20 20
16133912078 20 20
16133912090 20 20
16133912102 20 20
16133912110 20 20
16133912122 20 20
16133912130 20 20
16133912142 20 20
16133912150 20 20
16133912162 20 20
16133912170 20 20
16133912182 20 20
16133912190 20 20
16133912202 20 20
16133912210 20 20
16133912222 20 20
16133912230 20 20
16133912242 20 20
16133912250 20 20
16133912262 20 20
16133912270 20 20
16133912282 20 20
16133912290 20 20
16133912302 20 20
16133912310 20 20
16133912322 20 20
16133912330 20 20
16133912342 20 20
16133912354 20 20
16133912362 20 20
16133912374 20 20
16133912382 20 20
16133912394 20 20
16133912402 20 20
16133912414 20 20
16133912422 20 20
16133912434 20 20
16133912442 20 20
16133912454 20 20
16133912462 20 20
16133912474 20 20
16133912482 20 20
16133912494 20 20
16133912502 20 20
16133912514 20 20
16133912522 20 20
16133912534 20 20
16133912542 20 20
16133912554 20 20
16133912562 20 20
16133912574 20 20
16133912582 20 20
16133912594 20 20
16133912606 20 20
16133912614 20 20
16133912626 20 20
16133912634 20 20
16133912646 20 20
16133912654 20 20
16133912666 20 20
16133912674 20 20
16133912686 20 20
16133912694 20 20
16133912706 20 20
16133912714 20 20
16133912726 20 20
16133912734 20 20
16133912746 20 20
16133912754 20 20
16133912766 20 20
16133912774 20 20
16133912786 20 20
16133912794 20 20
16133912806 20 20
16133912814 20 20
16133912826 20 20
16133912834 20 20
16133912846 20 20
16133912858 20 20
16133912866 20 20
16133912878 20 20
16133912886 20 20
16133912898 20 20
16133913867 960 20
16133913874 960 20
16133913886 960 20
16133913894 960 20
16133913906 960 20
16133913914 960 20
16133913926 960 20
16133913934 960 20
16133913946 960 20
16133913954 960 20
16133913966 960 20
16133913974 960 20
16133913986 960 20
16133913994 960 20
16133914006 960 20
16133914014 960 20
16133914026 960 20
16133914034 960 20
16133914046 960 20
16133914054 960 20
16133914066 960 20
16133914074 960 20
16133914086 960 20
16133914094 960 20
16133914106 960 20
16133914118 960 20
16133914126 960 20
16133914138 960 20
16133914146 960 20
16133914158 960 20
16133914166 960 20
16133914178 960 20
16133914186 960 20
16133914198 960 20
16133914206 960 20
16133914218 960 20
16133914226 960 20
16133914238 960 20
16133914246 960 20
16133914258 960 20
16133914266 960 20
16133914278 960 20
16133914286 960 20
16133914298 960 20
16133914306 960 20
16133914318 960 20
16133914326 960 20
16133914338 960 20
16133914346 960 20
16133914358 960 20
16133914370 960 20
16133914378 960 20
16133914390 960 20
16133914398 960 20
16133914410 960 20
16133914418 960 20
16133914430 960 20
16133914438 960 20
16133914450 960 20
16133914458 960 20
16133914470 960 20
16133914478 960 20
16133914490 960 20
16133914498 960 20
16133914510 960 20
16133914518 960 20
16133914530 960 20
16133914538 960 20
16133914550 960 20
16133914558 960 20
16133914570 960 20
16133914578 960 20
16133914590 960 20
16133914598 960 20
16133914610 960 20
16133914622 960 20
16133914630 960 20
16133914642 960 20
16133914650 960 20
16133914662 960 20
16133914670 960 20
16133914682 960 20
16133914690 960 20
16133914702 960 20
16133914710 960 20
16133914722 960 20
16133914730 960 20
16133914742 960 20
16133914750 960 20
16133914762 960 20
16133914770 960 20
16133914782 960 20
16133914790 960 20
16133914802 960 20
16133914810 960 20
16133914822 960 20
16133914830 960 20
16133914842 960 20
16133914850 960 20
16133914862 960 20
16133914874 960 20
16133914882 960 20
16133914894 960 20
16133914902 960 20
16133914914 960 20
16133914922 960 20
16133914934 960 20
16133914942 960 20
16133914954 960 20
16133914962 960 20
16133914974 960 20
16133914982 960 20
16133914994 960 20
16133915002 960 20
16133915014 960 20
16133915022 960 20
16133915034 960 20
16133915042 960 20
16133915054 960 20
16133915062 960 20
16133915074 960 20
16133915082 960 20
16133915094 960 20
16133915102 960 20
16133915114 960 20
16133915126 960 20
16133915134 960 20
16133915146 960 20
16133915154 960 20
16133915166 960 20
16133915174 960 20
16133915186 960 20
16133915194 960 20
16133915206 960 20
16133915214 960 20
16133915226 960 20
16133915234 960 20
16133915246 960 20
16133915254 960 20
16133915266 960 20
16133915274 960 20
16133915286 960 20
16133915294 960 20
16133915306 960 20
16133915314 960 20
16133915326 960 20
16133915334 960 20
16133915346 960 20
16133915354 960 20
16133916294 1900 20
16133916303 1900 20
16133916314 1900 20
16133916322 1900 20
16133916334 1900 20
16133916342 1900 20
16133916354 1900 20
16133916362 1900 20
16133916374 1900 20
16133916386 1900 20
16133916394 1900 20
16133916406 1900 20
16133916414 1900 20
16133916426 1900 20
16133916434 1900 20
16133916446 1900 20
16133916454 1900 20
16133916466 1900 20
16133916474 1900 20
16133916486 1900 20
16133916494 1900 20
16133916506 1900 20
16133916514 1900 20
16133916526 1900 20
16133916534 1900 20
16133916546 1900 20
16133916554 1900 20
16133916566 1900 20
16133916574 1900 20
16133916586 1900 20
16133916594 1900 20
16133916606 1900 20
16133916614 1900 20
16133916626 1900 20
16133916638 1900 20
16133916646 1900 20
16133916658 1900 20
16133916666 1900 20
16133916678 1900 20
16133916686 1900 20
16133916698 1900 20
16133916706 1900 20
16133916718 1900 20
16133916726 1900 20
16133916738 1900 20
16133916746 1900 20
16133916758 1900 20
16133916766 1900 20
16133916778 1900 20
16133916786 1900 20
16133916798 1900 20
16133916806 1900 20
16133916818 1900 20
16133916826 1900 20
16133916838 1900 20
16133916846 1900 20
16133916858 1900 20
16133916866 1900 20
16133916878 1900 20
16133916890 1900 20
16133916898 1900 20
16133916910 1900 20
16133916918 1900 20
16133916930 1900 20
16133916938 1900 20
16133916950 1900 20
16133916958 1900 20
16133916970 1900 20
16133916978 1900 20
16133916990 1900 20
16133916998 1900 20
16133917010 1900 20
16133917018 1900 20
16133917030 1900 20
16133917038 1900 20
16133917050 1900 20
16133917058 1900 20
16133917070 1900 20
16133917078 1900 20
16133917090 1900 20
16133917098 1900 20
16133917110 1900 20
16133917118 1900 20
16133917130 1900 20
16133917142 1900 20
16133917150 1900 20
16133917162 1900 20
16133917170 1900 20
16133917182 1900 20
16133917190 1900 20
16133917202 1900 20
16133917210 1900 20
16133917222 1900 20
16133917230 1900 20
16133917242 1900 20
16133917250 1900 20
16133917262 1900 20
16133917270 1900 20
16133917282 1900 20
16133917290 1900 20
16133917302 1900 20
16133917310 1900 20
16133917322 1900 20
16133917330 1900 20
16133917342 1900 20
16133917350 1900 20
16133917362 1900 20
16133917370 1900 20
16133917382 1900 20
16133917394 1900 20
16133917402 1900 20
16133917414 1900 20
16133917422 1900 20
16133917434 1900 20
16133917442 1900 20
16133917454 1900 20
16133917462 1900 20
16133917474 1900 20
16133917482 1900 20
16133917494 1900 20
16133917502 1900 20
16133917514 1900 20
16133917522 1900 20
16133917534 1900 20
16133917542 1900 20
16133917554 1900 20
16133917562 1900 20
16133917574 1900 20
16133917582 1900 20
16133917594 1900 20
16133917602 1900 20
16133917614 1900 20
16133917622 1900 20
16133917634 1900 20
16133917646 1900 20
16133917654 1900 20
16133917666 1900 20
16133917674 1900 20
16133917686 1900 20
16133917694 1900 20
16133917706 1900 20
16133917714 1900 20
16133917726 1900 20
16133917734 1900 20
16133917746 1900 20
16133917754 1900 20
16133917766 1900 20
16133917774 1900 20
16133917786 1900 20
16133918623 1900 540
16133918630 1900 540
16133918642 1900 540
16133918654 1900 540
16133918662 1900 540
16133918674 1900 540
16133918682 1900 540
16133918694 1900 540
16133918702 1900 540
16133918714 1900 540
16133918722 1900 540
16133918734 1900 540
16133918742 1900 540
16133918754 1900 540
16133918762 1900 540
16133918774 1900 540
16133918782 1900 540
16133918794 1900 540
16133918802 1900 540
16133918814 1900 540
16133918822 1900 540
16133918834 1900 540
16133918842 1900 540
16133918854 1900 540
16133918862 1900 540
16133918874 1900 540
16133918882 1900 540
16133918894 1900 540
16133918906 1900 540
16133918914 1900 540
16133918926 1900 540
16133918934 1900 540
16133918946 1900 540
16133918954 1900 540
16133918966 1900 540
16133918974 1900 540
16133918986 1900 540
16133918994 1900 540
16133919006 1900 540
16133919014 1900 540
16133919026 1900 540
16133919034 1900 540
16133919046 1900 540
16133919054 1900 540
16133919066 1900 540
16133919074 1900 540
16133919086 1900 540
16133919094 1900 540
16133919106 1900 540
16133919114 1900 540
16133919126 1900 540
16133919134 1900 540
16133919146 1900 540
16133919158 1900 540
16133919166 1900 540
16133919178 1900 540
16133919186 1900 540
16133919198 1900 540
16133919206 1900 540
16133919218 1900 540
16133919226 1900 540
16133919238 1900 540
16133919246 1900 540
16133919258 1900 540
16133919266 1900 540
16133919278 1900 540
16133919286 1900 540
16133919298 1900 540
16133919306 1900 540
16133919318 1900 540
16133919326 1900 540
16133919338 1900 540
16133919346 1900 540
16133919358 1900 540
16133919366 1900 540
16133919378 1900 540
16133919386 1900 540
16133919398 1900 540
16133919410 1900 540
16133919418 1900 540
16133919430 1900 540
16133919438 1900 540
16133919450 1900 540
16133919458 1900 540
16133919470 1900 540
16133919478 1900 540
16133919490 1900 540
16133919498 1900 540
16133919510 1900 540
16133919518 1900 540
16133919530 1900 540
16133919538 1900 540
16133919550 1900 540
16133919558 1900 540
16133919570 1900 540
16133919578 1900 540
16133919590 1900 540
16133919598 1900 540
16133919610 1900 540
16133919618 1900 540
16133919630 1900 540
16133919638 1900 540
16133919650 1900 540
16133919662 1900 540
16133919670 1900 540
16133919682 1900 540
16133919690 1900 540
16133919702 1900 540
16133919710 1900 540
16133919722 1900 540
16133919730 1900 540
16133919742 1900 540
16133919750 1900 540
16133919762 1900 540
16133919770 1900 540
16133919782 1900 540
16133919790 1900 540
16133919802 1900 540
16133919810 1900 540
16133919822 1900 540
16133919830 1900 540
16133919842 1900 540
16133919850 1900 540
16133919862 1900 540
16133919870 1900 540
16133919882 1900 540
16133919890 1900 540
16133919902 1900 540
16133919914 1900 540
16133919922 1900 540
16133919934 1900 540
16133919942 1900 540
16133919954 1900 540
16133919962 1900 540
16133919974 1900 540
16133919982 1900 540
16133919994 1900 540
16133920002 1900 540
16133920014 1900 540
16133920022 1900 540
16133920034 1900 540
16133920042 1900 540
16133920054 1900 540
16133920062 1900 540
16133920074 1900 540
16133920082 1900 540
16133920094 1900 540
16133920102 1900 540
16133920114 1900 540
16133921123 950 540
16133921130 950 540
16133921142 950 540
16133921150 950 540
16133921162 950 540
16133921174 950 540
16133921182 950 540
16133921194 950 540
16133921202 950 540
16133921214 950 540
16133921222 950 540
16133921234 950 540
16133921242 950 540
16133921254 950 540
16133921262 950 540
16133921274 950 540
16133921282 950 540
16133921294 950 540
16133921302 950 540
16133921314 950 540
16133921322 950 540
16133921334 950 540
16133921342 950 540
16133921354 950 540
16133921362 950 540
16133921374 950 540
16133921382 950 540
16133921394 950 540
16133921402 950 540
16133921414 950 540
16133921426 950 540
16133921434 950 540
16133921446 950 540
16133921454 950 540
16133921466 950 540
16133921474 950 540
16133921486 950 540
16133921494 950 540
16133921506 950 540
16133921514 950 540
16133921526 950 540
16133921534 950 540
16133921546 950 540
16133921554 950 540
16133921566 950 540
16133921574 950 540
16133921586 950 540
16133921594 950 540
16133921606 950 540
16133921614 950 540
16133921626 950 540
16133921634 950 540
16133921646 950 540
16133921654 950 540
16133921666 950 540
16133921678 950 540
16133921686 950 540
16133921698 950 540
16133921706 950 540
16133921718 950 540
16133921726 950 540
16133921738 950 540
16133921746 950 540
16133921758 950 540
16133921766 950 540
16133921778 950 540
16133921786 950 540
16133921798 950 540
16133921806 950 540
16133921818 950 540
16133921826 950 540
16133921838 950 540
16133921846 950 540
16133921858 950 540
16133921866 950 540
16133921878 950 540
16133921886 950 540
16133921898 950 540
16133921906 950 540
16133921918 950 540
16133921930 950 540
16133921938 950 540
16133921950 950 540
16133921958 950 540
16133921970 950 540
16133921978 950 540
16133921990 950 540
16133921998 950 540
16133922010 950 540
16133922018 950 540
16133922030 950 540
16133922038 950 540
16133922050 950 540
16133922058 950 540
16133922070 950 540
16133922078 950 540
16133922090 950 540
16133922098 950 540
16133922110 950 540
16133922118 950 540
16133922130 950 540
16133922138 950 540
16133922150 950 540
16133922158 950 540
16133922170 950 540
16133922182 950 540
16133922190 950 540
16133922202 950 540
16133922210 950 540
16133922222 950 540
16133922230 950 540
16133922242 950 540
16133922250 950 540
16133922262 950 540
16133922270 950 540
16133922282 950 540
16133922290 950 540
16133922302 950 540
16133922310 950 540
16133922322 950 540
16133922330 950 540
16133922342 950 540
16133922350 950 540
16133922362 950 540
16133922370 950 540
16133922382 950 540
16133922390 950 540
16133922402 950 540
16133922410 950 540
16133922422 950 540
16133922434 950 540
16133922442 950 540
16133922454 950 540
16133922462 950 540
16133922474 950 540
16133922482 950 540
16133922494 950 540
16133922502 950 540
16133922514 950 540
16133922522 950 540
16133922534 950 540
16133922542 950 540
16133922554 950 540
16133922562 950 540
16133922574 950 540
16133922582 950 540
16133922594 950 540
16133922602 950 540
16133922614 950 540
16133923502 20 540
16133923510 20 540
16133923522 20 540
16133923530 20 540
16133923542 20 540
16133923550 20 540
16133923562 20 540
16133923570 20 540
16133923582 20 540
16133923590 20 540
16133923602 20 540
16133923610 20 540
16133923622 20 540
16133923630 20 540
16133923642 20 540
16133923650 20 540
16133923662 20 540
16133923670 20 540
16133923682 20 540
16133923694 20 540
16133923702 20 540
16133923714 20 540
16133923722 20 540
16133923734 20 540
16133923742 20 540
16133923754 20 540
16133923762 20 540
16133923774 20 540
16133923782 20 540
16133923794 20 540
16133923802 20 540
16133923814 20 540
16133923822 20 540
16133923834 20 540
16133923842 20 540
16133923854 20 540
16133923862 20 540
16133923874 20 540
16133923882 20 540
16133923894 20 540
16133923902 20 540
16133923914 20 540
16133923922 20 540
16133923934 20 540
16133923946 20 540
16133923954 20 540
16133923966 20 540
16133923974 20 540
16133923986 20 540
16133923994 20 540
16133924006 20 540
16133924014 20 540
16133924026 20 540
16133924034 20 540
16133924046 20 540
16133924054 20 540
16133924066 20 540
16133924074 20 540
16133924086 20 540
16133924094 20 540
16133924106 20 540
16133924114 20 540
16133924126 20 540
16133924134 20 540
16133924146 20 540
16133924154 20 540
16133924166 20 540
16133924174 20 540
16133924186 20 540
16133924198 20 540
16133924206 20 540
16133924218 20 540
16133924226 20 540
16133924238 20 540
16133924246 20 540
16133924258 20 540
16133924266 20 540
16133924278 20 540
16133924286 20 540
16133924298 20 540
16133924306 20 540
16133924318 20 540
16133924326 20 540
16133924338 20 540
16133924346 20 540
16133924358 20 540
16133924366 20 540
16133924378 20 540
16133924386 20 540
16133924398 20 540
16133924406 20 540
16133924418 20 540
16133924426 20 540
16133924438 20 540
16133924450 20 540
16133924458 20 540
16133924470 20 540
16133924478 20 540
16133924490 20 540
16133924498 20 540
16133924510 20 540
16133924518 20 540
16133924530 20 540
16133924538 20 540
16133924550 20 540
16133924558 20 540
16133924570 20 540
16133924578 20 540
16133924590 20 540
16133924598 20 540
16133924610 20 540
16133924618 20 540
16133924630 20 540
16133924638 20 540
16133924650 20 540
16133924658 20 540
16133924670 20 540
16133924678 20 540
16133924690 20 540
16133924702 20 540
16133924710 20 540
16133924722 20 540
16133924730 20 540
16133924742 20 540
16133924750 20 540
16133924762 20 540
16133924770 20 540
16133924782 20 540
16133924790 20 540
16133924802 20 540
16133924810 20 540
16133924822 20 540
16133924830 20 540
16133924842 20 540
16133924850 20 540
16133924862 20 540
16133924870 20 540
16133924882 20 540
16133924890 20 540
16133924902 20 540
16133924910 20 540
16133924922 20 540
16133924930 20 540
16133924942 20 540
16133924954 20 540
16133924962 20 540
16133924974 20 540
16133924982 20 540
16133924994 20 540
16133926203 20 1060
16133926214 20 1060
16133926222 20 1060
16133926234 20 1060
16133926242 20 1060
16133926254 20 1060
16133926262 20 1060
16133926274 20 1060
16133926282 20 1060
16133926294 20 1060
16133926302 20 1060
16133926314 20 1060
16133926322 20 1060
16133926334 20 1060
16133926342 20 1060
16133926354 20 1060
16133926362 20 1060
16133926374 20 1060
16133926382 20 1060
16133926394 20 1060
16133926402 20 1060
16133926414 20 1060
16133926422 20 1060
16133926434 20 1060
16133926442 20 1060
16133926454 20 1060
16133926466 20 1060
16133926474 20 1060
16133926486 20 1060
16133926494 20 1060
16133926506 20 1060
16133926514 20 1060
16133926526 20 1060
16133926534 20 1060
16133926546 20 1060
16133926554 20 1060
16133926566 20 1060
16133926574 20 1060
16133926586 20 1060
16133926594 20 1060
16133926606 20 1060
16133926614 20 1060
16133926626 20 1060
16133926634 20 1060
16133926646 20 1060
16133926654 20 1060
16133926666 20 1060
16133926674 20 1060
16133926686 20 1060
16133926694 20 1060
16133926706 20 1060
16133926718 20 1060
16133926726 20 1060
16133926738 20 1060
16133926746 20 1060
16133926758 20 1060
16133926766 20 1060
16133926778 20 1060
16133926786 20 1060
16133926798 20 1060
16133926806 20 1060
16133926818 20 1060
16133926826 20 1060
16133926838 20 1060
16133926846 20 1060
16133926858 20 1060
16133926866 20 1060
16133926878 20 1060
16133926886 20 1060
16133926898 20 1060
16133926906 20 1060
16133926918 20 1060
16133926926 20 1060
16133926938 20 1060
16133926946 20 1060
16133926958 20 1060
16133926970 20 1060
16133926978 20 1060
16133926990 20 1060
16133926998 20 1060
16133927010 20 1060
16133927018 20 1060
16133927030 20 1060
16133927038 20 1060
16133927050 20 1060
16133927058 20 1060
16133927070 20 1060
16133927078 20 1060
16133927090 20 1060
16133927098 20 1060
16133927110 20 1060
16133927118 20 1060
16133927130 20 1060
16133927138 20 1060
16133927150 20 1060
16133927158 20 1060
16133927170 20 1060
16133927178 20 1060
16133927190 20 1060
16133927198 20 1060
16133927210 20 1060
16133927222 20 1060
16133927230 20 1060
16133927242 20 1060
16133927250 20 1060
16133927262 20 1060
16133927270 20 1060
16133927282 20 1060
16133927290 20 1060
16133927302 20 1060
16133927310 20 1060
16133927322 20 1060
16133927330 20 1060
16133927342 20 1060
16133927350 20 1060
16133927362 20 1060
16133927370 20 1060
16133927382 20 1060
16133927390 20 1060
16133927402 20 1060
16133927410 20 1060
16133927422 20 1060
16133927430 20 1060
16133927442 20 1060
16133927450 20 1060
16133927462 20 1060
16133927474 20 1060
16133927482 20 1060
16133927494 20 1060
16133927502 20 1060
16133927514 20 1060
16133927522 20 1060
16133927534 20 1060
16133927542 20 1060
16133927554 20 1060
16133927562 20 1060
16133927574 20 1060
16133927582 20 1060
16133927594 20 1060
16133927602 20 1060
16133927614 20 1060
16133927622 20 1060
16133927634 20 1060
16133927642 20 1060
16133927654 20 1060
16133927662 20 1060
16133927674 20 1060
16133927682 20 1060
16133927694 20 1060
16133928623 950 1060
16133928630 950 1060
16133928642 950 1060
16133928650 950 1060
16133928662 950 1060
16133928670 950 1060
16133928682 950 1060
16133928690 950 1060
16133928702 950 1060
16133928710 950 1060
16133928722 950 1060
16133928734 950 1060
16133928742 950 1060
16133928754 950 1060
16133928762 950 1060
16133928774 950 1060
16133928782 950 1060
16133928794 950 1060
16133928802 950 1060
16133928814 950 1060
16133928822 950 1060
16133928834 950 1060
16133928842 950 1060
16133928854 950 1060
16133928862 950 1060
16133928874 950 1060
16133928882 950 1060
16133928894 950 1060
16133928902 950 1060
16133928914 950 1060
16133928922 950 1060
16133928934 950 1060
16133928942 950 1060
16133928954 950 1060
16133928962 950 1060
16133928974 950 1060
16133928986 950 1060
16133928994 950 1060
16133929006 950 1060
16133929014 950 1060
16133929026 950 1060
16133929034 950 1060
16133929046 950 1060
16133929054 950 1060
16133929066 950 1060
16133929074 950 1060
16133929086 950 1060
16133929094 950 1060
16133929106 950 1060
16133929114 950 1060
16133929126 950 1060
16133929134 950 1060
16133929146 950 1060
16133929154 950 1060
16133929166 950 1060
16133929174 950 1060
16133929186 950 1060
16133929194 950 1060
16133929206 950 1060
16133929214 950 1060
16133929226 950 1060
16133929238 950 1060
16133929246 950 1060
16133929258 950 1060
16133929266 950 1060
16133929278 950 1060
16133929286 950 1060
16133929298 950 1060
16133929306 950 1060
16133929318 950 1060
16133929326 950 1060
16133929338 950 1060
16133929346 950 1060
16133929358 950 1060
16133929366 950 1060
16133929378 950 1060
16133929386 950 1060
16133929398 950 1060
16133929406 950 1060
16133929418 950 1060
16133929426 950 1060
16133929438 950 1060
16133929446 950 1060
16133929458 950 1060
16133929466 950 1060
16133929478 950 1060
16133929490 950 1060
16133929498 950 1060
16133929510 950 1060
16133929518 950 1060
16133929530 950 1060
16133929538 950 1060
16133929550 950 1060
16133929558 950 1060
16133929570 950 1060
16133929578 950 1060
16133929590 950 1060
16133929598 950 1060
16133929610 950 1060
16133929618 950 1060
16133929630 950 1060
16133929638 950 1060
16133929650 950 1060
16133929658 950 1060
16133929670 950 1060
16133929678 950 1060
16133929690 950 1060
16133929698 950 1060
16133929710 950 1060
16133929718 950 1060
16133929730 950 1060
16133929742 950 1060
16133929750 950 1060
16133929762 950 1060
16133929770 950 1060
16133929782 950 1060
16133929790 950 1060
16133929802 950 1060
16133929810 950 1060
16133929822 950 1060
16133929830 950 1060
16133929842 950 1060
16133929850 950 1060
16133929862 950 1060
16133929870 950 1060
16133929882 950 1060
16133929890 950 1060
16133929902 950 1060
16133929910 950 1060
16133929922 950 1060
16133929930 950 1060
16133929942 950 1060
16133929950 950 1060
16133929962 950 1060
16133929970 950 1060
16133929982 950 1060
16133929994 950 1060
16133930002 950 1060
16133930014 950 1060
16133930022 950 1060
16133930034 950 1060
16133930042 950 1060
16133930054 950 1060
16133930062 950 1060
16133930074 950 1060
16133930082 950 1060
16133930094 950 1060
16133930102 950 1060
16133930114 950 1060
16133931062 1900 1060
16133931070 1900 1060
16133931082 1900 1060
16133931090 1900 1060
16133931102 1900 1060
16133931110 1900 1060
16133931122 1900 1060
16133931130 1900 1060
16133931142 1900 1060
16133931150 1900 1060
16133931162 1900 1060
16133931170 1900 1060
16133931182 1900 1060
16133931190 1900 1060
16133931202 1900 1060
16133931210 1900 1060
16133931222 1900 1060
16133931230 1900 1060
16133931242 1900 1060
16133931254 1900 1060
16133931262 1900 1060
16133931274 1900 1060
16133931282 1900 1060
16133931294 1900 1060
16133931302 1900 1060
16133931314 1900 1060
16133931322 1900 1060
16133931334 1900 1060
16133931342 1900 1060
16133931354 1900 1060
16133931362 1900 1060
16133931374 1900 1060
16133931382 1900 1060
16133931394 1900 1060
16133931402 1900 1060
16133931414 1900 1060
16133931422 1900 1060
16133931434 1900 1060
16133931442 1900 1060
16133931454 1900 1060
16133931462 1900 1060
16133931474 1900 1060
16133931482 1900 1060
16133931494 1900 1060
16133931506 1900 1060
16133931514 1900 1060
16133931526 1900 1060
16133931534 1900 1060
16133931546 1900 1060
16133931554 1900 1060
16133931566 1900 1060
16133931574 1900 1060
16133931586 1900 1060
16133931594 1900 1060
16133931606 1900 1060
16133931614 1900 1060
16133931626 1900 1060
16133931634 1900 1060
16133931646 1900 1060
16133931654 1900 1060
16133931666 1900 1060
16133931674 1900 1060
16133931686 1900 1060
16133931694 1900 1060
16133931706 1900 1060
16133931714 1900 1060
16133931726 1900 1060
16133931734 1900 1060
16133931746 1900 1060
16133931758 1900 1060
16133931766 1900 1060
16133931778 1900 1060
16133931786 1900 1060
16133931798 1900 1060
16133931806 1900 1060
16133931818 1900 1060
16133931826 1900 1060
16133931838 1900 1060
16133931846 1900 1060
16133931858 1900 1060
16133931866 1900 1060
16133931878 1900 1060
16133931886 1900 1060
16133931898 1900 1060
16133931906 1900 1060
16133931918 1900 1060
16133931926 1900 1060
16133931938 1900 1060
16133931946 1900 1060
16133931958 1900 1060
16133931966 1900 1060
16133931978 1900 1060
16133931986 1900 1060
16133931998 1900 1060
16133932010 1900 1060
16133932018 1900 1060
16133932030 1900 1060
16133932038 1900 1060
16133932050 1900 1060
16133932058 1900 1060
16133932070 1900 1060
16133932078 1900 1060
16133932090 1900 1060
16133932098 1900 1060
16133932110 1900 1060
16133932118 1900 1060
16133932130 1900 1060
16133932138 1900 1060
16133932150 1900 1060
16133932158 1900 1060
16133932170 1900 1060
16133932178 1900 1060
16133932190 1900 1060
16133932198 1900 1060
16133932210 1900 1060
16133932218 1900 1060
16133932230 1900 1060
16133932238 1900 1060
16133932250 1900 1060
16133932262 1900 1060
16133932270 1900 1060
16133932282 1900 1060
16133932290 1900 1060
16133932302 1900 1060
16133932310 1900 1060
16133932322 1900 1060
16133932330 1900 1060
16133932342 1900 1060
16133932350 1900 1060
16133932362 1900 1060
16133932369 1900 1060
16133932380 1900 1060
16133932388 1900 1060
16133932400 1900 1060
16133932408 1900 1060
16133932420 1900 1060
16133932428 1900 1060
16133932440 1900 1060
16133932448 1900 1060
16133932460 1900 1060
16133932468 1900 1060
16133932480 1900 1060
16133932488 1900 1060
16133932500 1900 1060
16133932512 1900 1060
16133932520 1900 1060
16133932532 1900 1060
16133932540 1900 1060
16133932552 1900 1060
