20190709T130712.596861 20 20
20190709T130712.608784 20 20
20190709T130712.617398 267.105 266.527 62.6607 57.6238 148.008 282.755 316.545 303.704 318.552 20190709T130712.617398 20 20
20190709T130712.628617 20 20
20190709T130712.638121 20 20
20190709T130712.648171 265.882 268.246 63.3151 60.2522 133.489 282.201 319.637 302.981 321.204 20190709T130712.648171 20 20
20190709T130712.658288 20 20
20190709T130712.668108 20 20
20190709T130712.676079 266.322 270.483 62.9657 60.5708 136.505 282.381 321.688 303.105 323.337 20190709T130712.676079 20 20
20190709T130712.688515 20 20
20190709T130712.696627 20 20
20190709T130712.707621 267.233 271.753 63.0628 60.8018 128.596 283.17 322.556 303.721 324.279 20190709T130712.707621 20 20
20190709T130712.716352 20 20
20190709T130712.728578 20 20
20190709T130712.739410 267.878 271.592 63.166 60.5313 132.269 283.713 322.455 304.059 324.059 20190709T130712.739410 20 20
20190709T130712.748613 20 20
20190709T130712.755953 20 20
20190709T130712.768144 267.889 270.968 63.5033 60.625 139.193 283.785 321.911 304.245 323.47 20190709T130712.768144 20 20
20190709T130712.777059 20 20
20190709T130712.788846 20 20
20190709T130712.796197 267.641 270.258 62.9974 60.5889 140.674 283.454 320.966 304.068 322.652 20190709T130712.796197 20 20
20190709T130712.809732 20 20
20190709T130712.817847 20 20
20190709T130712.828145 266.791 269.648 63.0375 60.8028 139.127 282.812 320.361 303.495 322.033 20190709T130712.828145 20 20
20190709T130712.841794 20 20
20190709T130712.849126 20 20
20190709T130712.860177 265.681 268.308 63.6349 60.7458 137.856 281.788 319.058 302.174 320.747 20190709T130712.860177 20 20
20190709T130712.868571 20 20
20190709T130712.880570 20 20
20190709T130712.887322 264.352 267.237 63.8152 60.6972 130.426 280.224 318.246 301.058 319.453 20190709T130712.887322 20 20
20190709T130712.899769 20 20
20190709T130712.908651 20 20
20190709T130712.920493 263.585 266.813 62.8091 61.0498 139.932 279.346 317.569 300.1 319.04 20190709T130712.920493 20 20
20190709T130712.928265 20 20
20190709T130712.939456 20 20
20190709T130712.948160 264.049 266.464 63.7973 60.76 127.121 279.811 317.073 300.548 318.831 20190709T130712.948160 20 20
20190709T130712.960264 20 20
20190709T130712.967631 20 20
20190709T130712.980174 265.287 266.121 63.5405 61.1275 130.974 281.094 316.627 301.553 318.453 20190709T130712.980174 20 20
20190709T130712.990979 20 20
20190709T130712.999746 20 20
20190709T130713.008201 262.809 265.043 63.4513 61.0957 127.771 280.155 315.853 301.053 317.4 20190709T130713.008201 20 20
20190709T130713.020182 20 20
20190709T130713.028154 20 20
20190709T130713.039602 262.288 263.23 63.9509 61.0506 134.336 278.958 313.956 300.038 315.883 20190709T130713.039602 20 20
20190709T130713.049400 20 20
20190709T130713.060138 20 20
20190709T130713.068176 260.986 261.393 63.6313 61.246 138.578 277.973 312.368 298.845 314.147 20190709T130713.068176 20 20
20190709T130713.081676 20 20
20190709T130713.093334 20 20
20190709T130713.101396 260.369 260.068 64.2606 60.9925 125.208 277.219 311.157 298.248 313.181 20190709T130713.101396 20 20
20190709T130713.112584 20 20
20190709T130713.119791 20 20
20190709T130713.131794 260.655 260.301 63.9767 61.4532 128.666 277.824 311.217 298.626 313.331 20190709T130713.131794 20 20
20190709T130713.139656 20 20
20190709T130713.152492 20 20
20190709T130713.160210 261.56 260.471 63.7699 61.7338 128.242 278.467 311.731 299.345 313.481 20190709T130713.160210 20 20
20190709T130713.172335 20 20
20190709T130713.180146 20 20
20190709T130713.191576 262.355 260.976 64.2724 62.0007 127.748 279.319 311.715 300.128 313.482 20190709T130713.191576 20 20
20190709T130713.200609 20 20
20190709T130713.212121 20 20
20190709T130713.220187 263.257 260.058 64.0986 62.0376 135.898 280.403 310.846 301.154 312.603 20190709T130713.220187 20 20
20190709T130713.233673 20 20
20190709T130713.242242 20 20
20190709T130713.251514 264.009 259.076 63.9759 61.863 121.643 280.946 310.101 301.727 311.903 20190709T130713.251514 20 20
20190709T130713.260265 20 20
20190709T130713.271596 20 20
20190709T130713.280774 264.199 258.71 64.2274 61.8191 126.994 281.454 309.305 302.304 311.203 20190709T130713.280774 20 20
20190709T130713.292732 20 20
20190709T130713.300993 20 20
20190709T130713.312055 269.247 257.141 63.5996 61.0247 89.8563 284.735 306.972 305.696 308.493 20190709T130713.312055 20 20
20190709T130713.320276 20 20
20190709T130713.331557 20 20
20190709T130713.344083 -1 -1 63.5996 61.0247 89.8563 284.735 306.972 305.696 308.493 20190709T130713.344083 20 20
20190709T130713.352754 20 20
20190709T130713.364194 20 20
20190709T130713.372106 -1 -1 63.5996 61.0247 89.8563 284.735 306.972 305.696 308.493 20190709T130713.372106 20 20
20190709T130713.383631 20 20
20190709T130713.393074 20 20
20190709T130713.404089 270.007 262.159 52.2223 39.5156 10.2308 286.485 302.19 307.134 304.029 20190709T130713.404089 20 20
20190709T130713.413179 20 20
20190709T130713.424273 20 20
20190709T130713.432238 271.454 252.875 63.6561 61.7713 130.356 285.926 304.46 306.641 306.152 20190709T130713.432238 20 20
20190709T130713.444359 20 20
20190709T130713.452123 20 20
20190709T130713.463608 271.432 254.152 64.2644 62.1442 116.574 285.384 305.826 306.042 307.187 20190709T130713.463608 20 20
20190709T130713.474392 20 20
20190709T130713.483506 20 20
20190709T130713.492189 270.788 254.538 63.926 61.8339 113.087 284.948 305.957 305.655 307.453 20190709T130713.492189 20 20
20190709T130713.505602 20 20
20190709T130713.511971 20 20
20190709T130713.523674 270.564 254.6 64.1058 61.9423 118.42 284.897 306.113 305.481 307.562 20190709T130713.523674 20 20
20190709T130713.534677 20 20
20190709T130713.543796 20 20
20190709T130713.551604 270.959 254.746 64.0753 62.0344 128.996 285.177 306.125 305.831 307.787 20190709T130713.551604 20 20
20190709T130713.565073 20 20
20190709T130713.572089 20 20
20190709T130713.584166 271.476 254.771 64.4087 62.2246 132.038 285.76 306.329 306.439 307.822 20190709T130713.584166 20 20
20190709T130713.596999 20 20
20190709T130713.604071 20 20
20190709T130713.615608 271.031 254.778 64.07 61.6111 127.113 285.43 305.931 306.112 307.513 20190709T130713.615608 20 20
20190709T130713.625897 20 20
20190709T130713.635471 20 20
20190709T130713.644164 266.052 254.206 64.1929 61.3186 119.402 283.045 305.115 304.153 306.911 20190709T130713.644164 20 20
20190709T130713.656223 20 20
20190709T130713.664228 20 20
20190709T130713.676196 265.712 253.374 63.7507 60.875 136.545 282.682 304.554 303.788 306.382 20190709T130713.676196 20 20
20190709T130713.684678 20 20
20190709T130713.695483 20 20
20190709T130713.704129 265.454 252.982 63.8425 61.1732 130.64 282.451 304.03 303.614 305.826 20190709T130713.704129 20 20
20190709T130713.715676 20 20
20190709T130713.724548 20 20
20190709T130713.735559 265.842 252.032 64.149 61.0892 125.164 282.952 303.042 304.065 304.801 20190709T130713.735559 20 20
20190709T130713.745782 20 20
20190709T130713.755659 20 20
20190709T130713.763639 267.176 250.911 63.7863 60.7814 116.661 284.435 301.707 305.354 303.18 20190709T130713.763639 20 20
20190709T130713.778001 20 20
20190709T130713.785627 20 20
20190709T130713.795491 268.866 248.904 63.8464 61.095 119.663 286.03 299.865 306.98 301.491 20190709T130713.795491 20 20
20190709T130713.805381 20 20
20190709T130713.816205 20 20
20190709T130713.824199 269.694 247.037 63.6726 61.1436 131.047 286.778 297.895 307.7 299.625 20190709T130713.824199 20 20
20190709T130713.836978 20 20
20190709T130713.848974 20 20
20190709T130713.856118 268.862 245.095 63.6676 60.7762 123.975 286.006 296.136 306.94 297.823 20190709T130713.856118 20 20
20190709T130713.867541 20 20
20190709T130713.877419 20 20
20190709T130713.888947 266.952 243.855 63.9559 60.8466 124.128 284.13 295.054 304.983 296.699 20190709T130713.888947 20 20
20190709T130713.897353 20 20
20190709T130713.907602 20 20
20190709T130713.915647 264.88 243.466 64.1059 60.9149 131.146 282.15 294.452 303.105 296.342 20190709T130713.915647 20 20
20190709T130713.928595 20 20
20190709T130713.936148 20 20
20190709T130713.948160 263.754 243.148 63.8889 61.1539 116.731 281.071 294.159 302.092 296.035 20190709T130713.948160 20 20
20190709T130713.957737 20 20
20190709T130713.967452 20 20
20190709T130713.975467 263.522 242.66 64.2821 61.2947 123.018 281.027 293.832 302.086 295.589 20190709T130713.975467 20 20
20190709T130713.988200 20 20
20190709T130713.996331 20 20
20190709T130714.007495 264.26 242.355 64.3503 61.6412 125.483 281.804 293.234 302.761 295 20190709T130714.007495 20 20
20190709T130714.017282 20 20
20190709T130714.028523 20 20
20190709T130714.036470 265.025 241.627 64.104 61.7074 122.646 282.387 292.815 303.478 294.687 20190709T130714.036470 20 20
20190709T130714.048518 20 20
20190709T130714.056485 20 20
20190709T130714.067547 264.949 241.579 64.3019 61.4617 120.35 282.381 292.645 303.425 294.575 20190709T130714.067547 20 20
20190709T130714.076012 20 20
20190709T130714.088121 20 20
20190709T130714.938544 357.001 256.248 66.0407 59.504 46.7203 326.06 306.697 346.848 306.734 20190709T130714.938544 960 20
20190709T130714.950467 960 20
20190709T130714.960412 960 20
20190709T130714.969827 357.15 256.413 65.6237 59.4036 45.3799 326.271 306.777 347.003 306.692 20190709T130714.969827 960 20
20190709T130714.977907 960 20
20190709T130714.986145 960 20
20190709T130714.996737 357.966 256.147 65.2173 59.3864 47.4672 326.846 306.728 347.582 306.541 20190709T130714.996737 960 20
20190709T130715.006782 960 20
20190709T130715.017558 960 20
20190709T130715.024444 358.777 256.378 65.1491 59.1814 46.3066 327.667 306.902 348.282 306.848 20190709T130715.024444 960 20
20190709T130715.036675 960 20
20190709T130715.044561 960 20
20190709T130715.056743 359.558 256.311 64.9551 58.9174 44.9727 328.446 307.377 349.009 307.227 20190709T130715.056743 960 20
20190709T130715.064441 960 20
20190709T130715.075547 960 20
20190709T130715.083557 359.811 257.55 65.0566 58.9617 45.3224 328.737 308.159 349.306 308.358 20190709T130715.083557 960 20
20190709T130715.097382 960 20
20190709T130715.108205 960 20
20190709T130715.116178 360.058 258.589 64.4764 58.713 48.3523 328.898 309.398 349.606 309.429 20190709T130715.116178 960 20
20190709T130715.128529 960 20
20190709T130715.136196 960 20
20190709T130715.148223 360.382 259.534 64.5026 58.4432 46.8223 329.019 310.157 349.809 310.37 20190709T130715.148223 960 20
20190709T130715.157905 960 20
20190709T130715.167697 960 20
20190709T130715.176197 360.619 260.182 64.6008 58.3659 47.4428 329.528 310.935 350.009 311.009 20190709T130715.176197 960 20
20190709T130715.188369 960 20
20190709T130715.196194 960 20
20190709T130715.207644 360.998 260.708 64.4789 58.4493 46.1637 329.848 311.479 350.396 311.442 20190709T130715.207644 960 20
20190709T130715.219135 960 20
20190709T130715.229403 960 20
20190709T130715.235601 360.703 261.124 64.0862 58.5214 46.261 329.432 311.689 349.997 311.913 20190709T130715.235601 960 20
20190709T130715.247722 960 20
20190709T130715.256228 960 20
20190709T130715.267666 360.282 261.247 64.3388 58.3497 48.7217 329 312.069 349.836 312.089 20190709T130715.267666 960 20
20190709T130715.277656 960 20
20190709T130715.288820 960 20
20190709T130715.295661 360.025 261.579 64.2135 58.2497 47.0105 328.482 312.096 349.311 312.579 20190709T130715.295661 960 20
20190709T130715.307709 960 20
20190709T130715.316225 960 20
20190709T130715.327649 359.411 261.627 64.0533 58.3873 47.6924 328.281 312.389 349.086 312.32 20190709T130715.327649 960 20
20190709T130715.338157 960 20
20190709T130715.347562 960 20
20190709T130715.359728 359.372 261.545 64.3305 58.3149 46.9871 328.354 312.065 348.973 312.49 20190709T130715.359728 960 20
20190709T130715.368383 960 20
20190709T130715.380795 960 20
20190709T130715.388761 359.321 261.195 64.4551 58.2637 46.7709 328.375 312.341 348.991 311.9 20190709T130715.388761 960 20
20190709T130715.399553 960 20
20190709T130715.408222 960 20
20190709T130715.420248 359.058 261.07 64.0574 58.2601 46.4337 327.912 311.751 348.812 311.775 20190709T130715.420248 960 20
20190709T130715.429611 960 20
20190709T130715.439522 960 20
20190709T130715.448175 359.149 261.048 64.448 58.6628 48.7978 327.993 311.751 348.838 311.801 20190709T130715.448175 960 20
20190709T130715.461719 960 20
20190709T130715.468117 960 20
20190709T130715.479696 360.036 261.339 65.0913 58.4343 47.624 328.592 312.397 349.431 312.003 20190709T130715.479696 960 20
20190709T130715.490771 960 20
20190709T130715.499491 960 20
20190709T130715.507543 361.393 261.362 64.6909 58.6434 46.9195 330.35 312.201 351.066 312.247 20190709T130715.507543 960 20
20190709T130715.520224 960 20
20190709T130715.527540 960 20
20190709T130715.539641 363.185 262.779 64.5704 58.4747 46.6724 332.308 312.644 353.186 312.735 20190709T130715.539641 960 20
20190709T130715.548541 960 20
20190709T130715.560475 960 20
20190709T130715.569315 -1 -1 64.5704 58.4747 46.6724 332.308 312.644 353.186 312.735 20190709T130715.569315 960 20
20190709T130715.579560 960 20
20190709T130715.587682 960 20
20190709T130715.599658 -1 -1 64.5704 58.4747 46.6724 332.308 312.644 353.186 312.735 20190709T130715.599658 960 20
20190709T130715.612200 960 20
20190709T130715.620237 960 20
20190709T130715.632206 -1 -1 64.5704 58.4747 46.6724 332.308 312.644 353.186 312.735 20190709T130715.632206 960 20
20190709T130715.641645 960 20
20190709T130715.651558 960 20
20190709T130715.660238 362.501 256.644 64.1044 57.8975 49.9659 331.518 307.81 352.538 308.217 20190709T130715.660238 960 20
20190709T130715.673852 960 20
20190709T130715.680833 960 20
20190709T130715.692262 362.601 258.223 65.0547 58.7031 44.432 331.467 309.899 352.42 310.237 20190709T130715.692262 960 20
20190709T130715.701107 960 20
20190709T130715.711556 960 20
20190709T130715.719592 362.898 259.926 65.3278 58.8142 48.3197 331.943 311.393 353.141 311.477 20190709T130715.719592 960 20
20190709T130715.732752 960 20
20190709T130715.739514 960 20
20190709T130715.752244 362.971 261.139 65.061 59.082 48.3251 331.979 312.664 353.188 312.675 20190709T130715.752244 960 20
20190709T130715.761030 960 20
20190709T130715.771581 960 20
20190709T130715.780286 362.42 261.722 65.6659 58.821 44.7628 331.455 313.062 352.095 312.955 20190709T130715.780286 960 20
20190709T130715.792311 960 20
20190709T130715.800308 960 20
20190709T130715.811717 361.558 262.196 65.5466 59.1172 47.5455 330.657 313.387 351.5 313.5 20190709T130715.811717 960 20
20190709T130715.823228 960 20
20190709T130715.832761 960 20
20190709T130715.839571 361.472 262.491 65.5295 58.9761 46.2037 330.711 313.561 351.364 313.7 20190709T130715.839571 960 20
20190709T130715.852557 960 20
20190709T130715.863787 960 20
20190709T130715.873195 361.641 262.403 65.3946 59.0373 44.5858 330.767 313.307 351.5 313.369 20190709T130715.873195 960 20
20190709T130715.884740 960 20
20190709T130715.891692 960 20
20190709T130715.903689 361.933 261.346 65.1165 59.2725 44.9051 330.854 312.757 351.601 312.507 20190709T130715.903689 960 20
20190709T130715.913899 960 20
20190709T130715.923523 960 20
20190709T130715.931701 361.98 260.813 65.4578 58.8641 45.1588 331.095 312.27 351.791 312.277 20190709T130715.931701 960 20
20190709T130715.945058 960 20
20190709T130715.953052 960 20
20190709T130715.963573 362.033 260.944 65.1578 59.1052 44.3096 331.065 312.156 351.723 312.059 20190709T130715.963573 960 20
20190709T130715.974812 960 20
20190709T130715.984399 960 20
20190709T130715.991753 361.905 260.982 65.5621 59.0286 45.7445 330.852 312.266 351.56 312.289 20190709T130715.991753 960 20
20190709T130716.005113 960 20
20190709T130716.012377 960 20
20190709T130716.023682 362.039 261.266 65.2754 59.0124 42.9903 330.854 312.757 351.56 312.747 20190709T130716.023682 960 20
20190709T130716.033301 960 20
20190709T130716.043863 960 20
20190709T130716.052257 362.672 261.85 65.4438 59.103 44.6961 331.352 313.111 352.009 313.009 20190709T130716.052257 960 20
20190709T130716.064629 960 20
20190709T130716.071677 960 20
20190709T130716.083651 363.082 261.92 65.3029 59.0108 43.6941 331.676 313.164 352.66 313.102 20190709T130716.083651 960 20
20190709T130716.093147 960 20
20190709T130716.104277 960 20
20190709T130716.116265 363.379 262.099 65.3146 59.103 44.4463 332.078 313.389 352.943 313.393 20190709T130716.116265 960 20
20190709T130716.127610 960 20
20190709T130716.135740 960 20
20190709T130716.143716 363.755 262.204 65.3771 59.0671 41.2817 332.611 313.34 353.43 313.474 20190709T130716.143716 960 20
20190709T130716.157376 960 20
20190709T130716.165444 960 20
20190709T130716.177241 364.465 262.051 65.5232 58.8675 43.5091 333.18 313.297 354.009 313.136 20190709T130716.177241 960 20
20190709T130716.186751 960 20
20190709T130716.195560 960 20
20190709T130716.203740 365.233 262.016 65.3669 59.0672 43.5903 334.039 313.255 354.807 313.118 20190709T130716.203740 960 20
20190709T130716.215738 960 20
20190709T130716.223634 960 20
20190709T130716.236298 366.044 262.32 65.4153 59.1398 43.366 334.782 313.435 355.57 313.456 20190709T130716.236298 960 20
20190709T130716.244086 960 20
20190709T130716.256841 960 20
20190709T130716.265577 366.572 262.498 65.172 59.3548 42.8951 335.147 313.59 355.974 313.469 20190709T130716.265577 960 20
20190709T130716.277145 960 20
20190709T130716.283812 960 20
20190709T130716.295762 366.709 262.692 65.3405 59.1324 42.5898 335.229 313.734 356.168 313.841 20190709T130716.295762 960 20
20190709T130716.305664 960 20
20190709T130716.316319 960 20
20190709T130716.324226 370.083 263.451 65.3418 58.3832 43.7235 337.173 314.932 358.201 314.725 20190709T130716.324226 960 20
20190709T130716.340326 960 20
20190709T130716.345844 960 20
20190709T130716.355775 383.135 266.327 65.6719 58.1853 46.6575 342.9 316.545 363.997 316.323 20190709T130716.355775 960 20
20190709T130716.368598 960 20
20190709T130716.375735 960 20
20190709T130716.387672 382.266 266.841 65.895 57.9504 47.2985 342.536 317.464 363.438 316.859 20190709T130716.387672 960 20
20190709T130716.397483 960 20
20190709T130716.407553 960 20
20190709T130716.415722 381.579 268.068 66.018 58.4142 45.6833 341.951 318.608 362.954 318.056 20190709T130716.415722 960 20
20190709T130716.427749 960 20
20190709T130716.435873 960 20
20190709T130717.112751 -1 -1 66.018 58.4142 45.6833 341.951 318.608 362.954 318.056 20190709T130717.112751 1900 20
20190709T130717.124407 1900 20
20190709T130717.133512 1900 20
20190709T130717.145323 -1 -1 66.018 58.4142 45.6833 341.951 318.608 362.954 318.056 20190709T130717.145323 1900 20
20190709T130717.154965 1900 20
20190709T130717.164225 1900 20
20190709T130717.172140 463.047 289.099 65.2663 51.5741 57.6642 381.229 338.177 408.484 333.484 20190709T130717.172140 1900 20
20190709T130717.185845 1900 20
20190709T130717.193325 1900 20
20190709T130717.204727 460.076 289.244 65.6139 52.5547 58.5667 378.459 338.488 405.448 334.025 20190709T130717.204727 1900 20
20190709T130717.214837 1900 20
20190709T130717.224663 1900 20
20190709T130717.232595 457.959 289.922 66.2624 52.3644 59.0547 376.71 339.011 403.93 334.398 20190709T130717.232595 1900 20
20190709T130717.245283 1900 20
20190709T130717.252205 1900 20
20190709T130717.263614 457.182 289.953 66.3324 52.8464 58.4192 375.778 339.392 403.39 334.564 20190709T130717.263614 1900 20
20190709T130717.273247 1900 20
20190709T130717.283740 1900 20
20190709T130717.291780 457.621 289.688 66.5026 52.716 57.9948 376.553 338.956 403.494 334.536 20190709T130717.291780 1900 20
20190709T130717.305639 1900 20
20190709T130717.312651 1900 20
20190709T130717.324225 458.895 289.46 67.2395 52.8821 58.0437 377.642 339.068 405.24 334.24 20190709T130717.324225 1900 20
20190709T130717.332519 1900 20
20190709T130717.343497 1900 20
20190709T130717.352274 461.065 289.3 67.1899 53.1214 58.9392 379.823 339.105 407.333 334.28 20190709T130717.352274 1900 20
20190709T130717.363789 1900 20
20190709T130717.376329 1900 20
20190709T130717.384249 464.615 289.237 67.3933 53.1997 58.0726 383.368 339.029 410.928 334.41 20190709T130717.384249 1900 20
20190709T130717.398537 1900 20
20190709T130717.404576 1900 20
20190709T130717.417208 468.723 289.611 67.0919 53.5539 57.5684 387.448 339.362 415.145 334.43 20190709T130717.417208 1900 20
20190709T130717.426505 1900 20
20190709T130717.436736 1900 20
20190709T130717.444158 473.083 289.967 67.533 53.5433 57.3116 391.42 339.58 419.189 334.603 20190709T130717.444158 1900 20
20190709T130717.455757 1900 20
20190709T130717.464268 1900 20
20190709T130717.475704 476.386 290.665 67.4477 53.569 59.2233 394.708 339.325 421.919 335.054 20190709T130717.475704 1900 20
20190709T130717.484829 1900 20
20190709T130717.496563 1900 20
20190709T130717.503566 -1 -1 67.4477 53.569 59.2233 394.708 339.325 421.919 335.054 20190709T130717.503566 1900 20
20190709T130717.515829 1900 20
20190709T130717.524409 1900 20
20190709T130717.536369 -1 -1 67.4477 53.569 59.2233 394.708 339.325 421.919 335.054 20190709T130717.536369 1900 20
20190709T130717.546906 1900 20
20190709T130717.555659 1900 20
20190709T130717.563632 -1 -1 67.4477 53.569 59.2233 394.708 339.325 421.919 335.054 20190709T130717.563632 1900 20
20190709T130717.576354 1900 20
20190709T130717.584271 1900 20
20190709T130717.595683 476.537 288.612 66.1195 51.8424 59.472 395.839 335.011 423.076 331.018 20190709T130717.595683 1900 20
20190709T130717.605049 1900 20
20190709T130717.616516 1900 20
20190709T130717.627789 476.742 289.786 68.1468 54.1272 60.3729 396.446 337.179 423.327 333.272 20190709T130717.627789 1900 20
20190709T130717.635982 1900 20
20190709T130717.648304 1900 20
20190709T130717.655614 477.196 290.901 68.1861 54.8379 60.4074 396.876 338.429 423.76 334.434 20190709T130717.655614 1900 20
20190709T130717.668739 1900 20
20190709T130717.676274 1900 20
20190709T130717.687712 477.427 291.33 68.8612 54.7461 60.159 397.004 338.981 424.023 335.119 20190709T130717.687712 1900 20
20190709T130717.698419 1900 20
20190709T130717.708156 1900 20
20190709T130717.715562 477.306 291.676 68.8588 55.0047 59.3713 396.952 339.151 423.892 335.544 20190709T130717.715562 1900 20
20190709T130717.727824 1900 20
20190709T130717.736298 1900 20
20190709T130717.747770 477.513 291.422 69.1347 55.3105 59.5866 397.249 338.94 424.327 335.13 20190709T130717.747770 1900 20
20190709T130717.759191 1900 20
20190709T130717.767829 1900 20
20190709T130717.775809 478.27 290.979 69.6974 55.4354 60.3926 397.705 338.697 425.112 334.808 20190709T130717.775809 1900 20
20190709T130717.788976 1900 20
20190709T130717.797494 1900 20
20190709T130717.808330 478.999 290.293 69.351 55.4518 60.0189 398.165 338.35 425.445 334.38 20190709T130717.808330 1900 20
20190709T130717.817635 1900 20
20190709T130717.827567 1900 20
20190709T130717.836312 479.582 289.865 69.8627 55.2454 59.9146 398.628 338.038 426.066 333.914 20190709T130717.836312 1900 20
20190709T130717.848342 1900 20
20190709T130717.857052 1900 20
20190709T130717.868315 482.273 290.021 70.1927 54.7321 61.9334 399.466 338.324 427.454 334.036 20190709T130717.868315 1900 20
20190709T130717.879816 1900 20
20190709T130717.887739 1900 20
20190709T130717.900330 482.4 289.558 70.1921 54.9388 60.6963 399.706 338.005 427.544 333.616 20190709T130717.900330 1900 20
20190709T130717.909212 1900 20
20190709T130717.919748 1900 20
20190709T130717.928310 482.89 289.152 70.0725 55.0158 61.562 399.867 338.133 428.103 333.301 20190709T130717.928310 1900 20
20190709T130717.942568 1900 20
20190709T130717.949785 1900 20
20190709T130717.959620 483.302 288.425 69.5769 55.0807 61.6426 400.237 337.368 428.499 332.59 20190709T130717.959620 1900 20
20190709T130717.971197 1900 20
20190709T130717.980992 1900 20
20190709T130717.987801 483.317 287.207 69.5754 54.9269 60.1978 400.23 336.189 428.517 331.086 20190709T130717.987801 1900 20
20190709T130718.000857 1900 20
20190709T130718.008963 1900 20
20190709T130718.020321 483.115 285.916 70.0661 54.6732 60.7849 399.832 335.033 427.943 330.05 20190709T130718.020321 1900 20
20190709T130718.029172 1900 20
20190709T130718.039622 1900 20
20190709T130718.048288 482.317 284.67 69.6049 54.7158 60.0911 399.185 333.907 427.236 328.874 20190709T130718.048288 1900 20
20190709T130718.062542 1900 20
20190709T130718.069815 1900 20
20190709T130718.079947 481.266 283.891 69.6539 54.854 60.9165 398.159 332.991 426.497 327.855 20190709T130718.079947 1900 20
20190709T130718.088990 1900 20
20190709T130718.101251 1900 20
20190709T130718.108922 480.571 283.248 69.5708 54.3983 60.8579 397.448 332.43 425.515 327.381 20190709T130718.108922 1900 20
20190709T130718.119777 1900 20
20190709T130718.131800 1900 20
20190709T130718.140253 480.234 283.128 69.3019 54.3701 59.6356 397.273 332.07 425.441 326.885 20190709T130718.140253 1900 20
20190709T130718.152747 1900 20
20190709T130718.160257 1900 20
20190709T130718.171776 481.305 282.715 69.3758 54.345 60.3942 398.401 331.643 426.095 326.882 20190709T130718.171776 1900 20
20190709T130718.180901 1900 20
20190709T130718.192364 1900 20
20190709T130718.200344 483.157 281.553 69.2683 53.8346 59.5995 400.009 330.648 427.829 325.614 20190709T130718.200344 1900 20
20190709T130718.213178 1900 20
20190709T130718.221460 1900 20
20190709T130718.231709 484.503 280.413 69.3425 53.7397 59.2569 401.105 329.464 429.211 324.312 20190709T130718.231709 1900 20
20190709T130718.242198 1900 20
20190709T130718.252769 1900 20
20190709T130718.259711 483.447 280.884 68.9599 53.9239 59.9531 400.195 328.552 428.275 323.993 20190709T130718.259711 1900 20
20190709T130718.273733 1900 20
20190709T130718.280852 1900 20
20190709T130718.291696 -1 -1 68.9599 53.9239 59.9531 400.195 328.552 428.275 323.993 20190709T130718.291696 1900 20
20190709T130718.301226 1900 20
20190709T130718.313149 1900 20
20190709T130718.321203 -1 -1 68.9599 53.9239 59.9531 400.195 328.552 428.275 323.993 20190709T130718.321203 1900 20
20190709T130718.331643 1900 20
20190709T130718.340318 1900 20
20190709T130718.352201 -1 -1 68.9599 53.9239 59.9531 400.195 328.552 428.275 323.993 20190709T130718.352201 1900 20
20190709T130718.361656 1900 20
20190709T130718.371671 1900 20
20190709T130718.385156 474.51 290.399 68.2573 54.268 63.2446 397.273 326.5 421.251 324.623 20190709T130718.385156 1900 20
20190709T130718.393725 1900 20
20190709T130718.403718 1900 20
20190709T130718.411760 474.39 293.306 69.3836 54.8803 62.1541 397.149 329.285 421.193 327.943 20190709T130718.411760 1900 20
20190709T130718.424401 1900 20
20190709T130718.432276 1900 20
20190709T130718.443752 474.507 295.788 69.5461 55.2316 63.6446 397.3 331.562 421.348 330.179 20190709T130718.443752 1900 20
20190709T130718.457751 1900 20
20190709T130718.465258 1900 20
20190709T130718.472305 474.699 298.062 69.7197 55.1104 64.3449 397.353 333.596 421.408 332.286 20190709T130718.472305 1900 20
20190709T130718.483726 1900 20
20190709T130718.492348 1900 20
20190709T130718.504290 474.606 299.972 69.6934 55.26 63.8197 397.362 335.315 421.348 334.179 20190709T130718.504290 1900 20
20190709T130718.514150 1900 20
20190709T130718.523779 1900 20
20190709T130718.532375 475.001 300.786 69.7966 55.7562 63.8284 397.417 336.039 421.647 334.735 20190709T130718.532375 1900 20
20190709T130718.545753 1900 20
20190709T130718.553613 1900 20
20190709T130718.563839 474.837 300.726 69.4264 55.8644 64.4647 397.454 335.972 421.58 334.454 20190709T130718.563839 1900 20
20190709T130718.575405 1900 20
20190709T130718.583774 1900 20
20190709T130718.592368 474.219 300.377 69.7117 55.7823 64.3634 397.079 335.664 421.358 334.215 20190709T130718.592368 1900 20
20190709T130719.291852 1900 540
20190709T130719.300755 1900 540
20190709T130719.308411 -1 -1 69.7117 55.7823 64.3634 397.079 335.664 421.358 334.215 20190709T130719.308411 1900 540
20190709T130719.321161 1900 540
20190709T130719.329133 1900 540
20190709T130719.340666 466.619 318.42 60.9229 51.1303 66.5199 392.747 331.757 415.184 331.819 20190709T130719.340666 1900 540
20190709T130719.355871 1900 540
20190709T130719.362546 1900 540
20190709T130719.370047 466.379 317.774 68.8293 56.5641 71.0633 391.708 335.426 413.884 335.606 20190709T130719.370047 1900 540
20190709T130719.381923 1900 540
20190709T130719.392673 1900 540
20190709T130719.401270 466.805 320.028 69.5283 56.9617 72.2437 392.106 337.419 414.781 337.585 20190709T130719.401270 1900 540
20190709T130719.413547 1900 540
20190709T130719.419767 1900 540
20190709T130719.432378 467.599 321.709 68.4087 57.2878 68.797 393.199 339.433 415.435 339.755 20190709T130719.432378 1900 540
20190709T130719.442995 1900 540
20190709T130719.452348 1900 540
20190709T130719.459910 468.554 324.12 69.2325 56.6564 71.8985 393.785 341.397 416.379 341.65 20190709T130719.459910 1900 540
20190709T130719.471881 1900 540
20190709T130719.480391 1900 540
20190709T130719.492416 469.896 325.882 69.137 57.3077 71.287 395.416 343.342 417.602 343.431 20190709T130719.492416 1900 540
20190709T130719.501656 1900 540
20190709T130719.511685 1900 540
20190709T130719.519638 471.197 326.901 70.1546 56.9366 69.6899 396.155 343.7 418.835 344.143 20190709T130719.519638 1900 540
20190709T130719.532439 1900 540
20190709T130719.539832 1900 540
20190709T130719.551775 470.714 327.73 69.6839 57.2114 71.6939 395.713 344.872 418.379 344.899 20190709T130719.551775 1900 540
20190709T130719.563090 1900 540
20190709T130719.571932 1900 540
20190709T130719.579834 469.832 329.539 69.5063 57.0533 71.3959 395.209 346.442 417.397 346.802 20190709T130719.579834 1900 540
20190709T130719.593154 1900 540
20190709T130719.601358 1900 540
20190709T130719.613107 469.112 331.168 69.164 57.1518 71.2121 394.628 348.177 417.025 348.439 20190709T130719.613107 1900 540
20190709T130719.624290 1900 540
20190709T130719.635016 1900 540
20190709T130719.644083 468.854 333.131 69.2231 57.1911 70.1132 394.13 349.997 416.603 350.373 20190709T130719.644083 1900 540
20190709T130719.652776 1900 540
20190709T130719.665383 1900 540
20190709T130719.673167 468.668 334.415 69.6142 56.9837 70.8785 393.785 351.397 416.275 351.752 20190709T130719.673167 1900 540
20190709T130719.684275 1900 540
20190709T130719.691858 1900 540
20190709T130719.705359 468.492 334.876 69.6191 57.0455 71.1947 393.583 351.958 415.893 352.47 20190709T130719.705359 1900 540
20190709T130719.715798 1900 540
20190709T130719.726211 1900 540
20190709T130719.732658 468.413 334.739 69.0676 56.9521 70.4554 393.663 352.119 416.076 352.243 20190709T130719.732658 1900 540
20190709T130719.744617 1900 540
20190709T130719.752381 1900 540
20190709T130719.764382 468.763 335.653 69.4989 57.063 70.1312 393.753 352.836 416.471 353.034 20190709T130719.764382 1900 540
20190709T130719.775065 1900 540
20190709T130719.784739 1900 540
20190709T130719.792657 469.398 336.766 69.1588 57.056 70.6875 394.894 353.581 417.214 354.056 20190709T130719.792657 1900 540
20190709T130719.803972 1900 540
20190709T130719.812642 1900 540
20190709T130719.824304 -1 -1 69.1588 57.056 70.6875 394.894 353.581 417.214 354.056 20190709T130719.824304 1900 540
20190709T130719.833168 1900 540
20190709T130719.845255 1900 540
20190709T130719.852310 -1 -1 69.1588 57.056 70.6875 394.894 353.581 417.214 354.056 20190709T130719.852310 1900 540
20190709T130719.864419 1900 540
20190709T130719.872370 1900 540
20190709T130719.884354 -1 -1 69.1588 57.056 70.6875 394.894 353.581 417.214 354.056 20190709T130719.884354 1900 540
20190709T130719.895724 1900 540
20190709T130719.903683 1900 540
20190709T130719.916388 470.623 339.612 64.6353 56.8716 65.754 395.606 353.429 418.087 354.216 20190709T130719.916388 1900 540
20190709T130719.927395 1900 540
20190709T130719.935656 1900 540
20190709T130719.944349 469.237 340.555 69.2361 56.7268 71.6005 395.068 356.326 417.251 356.623 20190709T130719.944349 1900 540
20190709T130719.958177 1900 540
20190709T130719.964707 1900 540
20190709T130719.975657 468.352 342.947 69.4464 57.1439 71.1918 393.693 358.905 416.379 358.899 20190709T130719.975657 1900 540
20190709T130719.985489 1900 540
20190709T130719.996086 1900 540
20190709T130720.004337 467.312 343.975 68.949 57.5884 71.5729 393.204 359.888 415.296 360.143 20190709T130720.004337 1900 540
20190709T130720.015723 1900 540
20190709T130720.024386 1900 540
20190709T130720.035844 466.583 344.825 69.5823 57.3488 70.2168 392.11 360.515 414.872 360.881 20190709T130720.035844 1900 540
20190709T130720.046999 1900 540
20190709T130720.055885 1900 540
20190709T130720.063880 466.419 345.926 69.4245 57.6888 72.2391 391.737 361.742 414.517 362.039 20190709T130720.063880 1900 540
20190709T130720.078393 1900 540
20190709T130720.088255 1900 540
20190709T130720.095733 466.709 347.135 69.2709 57.6403 73.3638 392.267 362.661 414.868 362.978 20190709T130720.095733 1900 540
20190709T130720.105379 1900 540
20190709T130720.119710 1900 540
20190709T130720.128018 466.516 348.329 69.1301 57.8655 72.5958 391.889 363.939 414.667 364.373 20190709T130720.128018 1900 540
20190709T130720.137911 1900 540
20190709T130720.147628 1900 540
20190709T130720.155851 465.756 350.621 69.0949 57.4408 71.9225 391.251 366.186 413.623 366.621 20190709T130720.155851 1900 540
20190709T130720.168385 1900 540
20190709T130720.176409 1900 540
20190709T130720.189333 463.971 354.255 68.5303 57.7904 72.2996 389.475 369.694 411.984 370.145 20190709T130720.189333 1900 540
20190709T130720.199342 1900 540
20190709T130720.208860 1900 540
20190709T130720.215744 461.87 358.109 69.0042 57.5086 72.7715 387.5 373.5 409.648 373.846 20190709T130720.215744 1900 540
20190709T130720.228708 1900 540
20190709T130720.237308 1900 540
20190709T130720.247865 459.618 360.782 68.1467 57.3595 73.0209 385.397 376.025 407.637 376.435 20190709T130720.247865 1900 540
20190709T130720.256117 1900 540
20190709T130720.268799 1900 540
20190709T130720.275810 457.468 361.916 68.112 57.3318 71.9286 383.195 377.241 405.475 377.694 20190709T130720.275810 1900 540
20190709T130720.287709 1900 540
20190709T130720.295882 1900 540
20190709T130720.308387 455.359 362.582 67.9995 57.2566 73.4977 381.287 377.7 403.397 378.025 20190709T130720.308387 1900 540
20190709T130720.318574 1900 540
20190709T130720.329620 1900 540
20190709T130720.337942 453.33 362.716 67.7163 57.2944 73.8576 379.357 377.518 401.424 378.074 20190709T130720.337942 1900 540
20190709T130720.349751 1900 540
20190709T130720.358394 1900 540
20190709T130720.368680 451.473 363.121 68.3113 57.2278 74.9594 377.5 377.5 399.719 378.222 20190709T130720.368680 1900 540
20190709T130720.376925 1900 540
20190709T130720.388884 1900 540
20190709T130720.400796 448.108 377.57 67.2108 58.3892 80.1041 376.719 382.574 398.689 383.093 20190709T130720.400796 1900 540
20190709T130720.408585 1900 540
20190709T130720.420868 1900 540
20190709T130720.428447 447.046 376.767 67.5515 58.4036 81.2435 375.47 381.733 397.475 382.701 20190709T130720.428447 1900 540
20190709T130720.441068 1900 540
20190709T130720.448766 1900 540
20190709T130720.459850 447.283 376.162 68.0098 57.7153 78.902 375.844 380.947 397.749 381.425 20190709T130720.459850 1900 540
20190709T130720.468613 1900 540
20190709T130720.479703 1900 540
20190709T130720.488345 448.514 375.339 68.0678 58.1177 80.4597 376.894 380.056 399.104 380.475 20190709T130720.488345 1900 540
20190709T130720.499995 1900 540
20190709T130720.508384 1900 540
20190709T130720.519852 449.986 374.55 68.3674 58.5088 80.2452 378.448 379.219 400.618 379.697 20190709T130720.519852 1900 540
20190709T130720.530143 1900 540
20190709T130720.539690 1900 540
20190709T130720.547733 450.912 373.85 67.6915 58.5566 80.061 379.083 378.471 401.336 378.943 20190709T130720.547733 1900 540
20190709T130720.561691 1900 540
20190709T130720.568727 1900 540
20190709T130720.580390 450.822 373.21 68.0089 58.6935 80.7742 379.017 377.708 401.12 378.251 20190709T130720.580390 1900 540
20190709T130720.589229 1900 540
20190709T130720.599718 1900 540
20190709T130720.607654 450.479 372.947 68.2628 58.8499 79.4635 378.571 377.533 400.917 378.054 20190709T130720.607654 1900 540
20190709T130720.620039 1900 540
20190709T130720.628438 1900 540
20190709T130720.640433 450.273 372.441 68.2609 58.8753 80.1334 378.48 377.143 400.761 377.715 20190709T130720.640433 1900 540
20190709T130720.652022 1900 540
20190709T130720.659692 1900 540
20190709T130720.672476 450.728 372.462 68.4098 58.7524 81.298 378.997 377.043 401.22 377.613 20190709T130720.672476 1900 540
20190709T130720.681706 1900 540
20190709T130720.691672 1900 540
20190709T130720.699825 450.866 372.736 68.5211 58.7024 79.6942 379.095 377.323 401.333 377.925 20190709T130720.699825 1900 540
20190709T130720.712570 1900 540
20190709T130720.719688 1900 540
20190709T130720.731855 450.846 373.109 68.5745 58.7663 81.7626 379.036 377.469 401.22 378.179 20190709T130720.731855 1900 540
20190709T130720.740440 1900 540
20190709T130720.752794 1900 540
20190709T130720.760934 450.901 372.983 68.487 58.4124 79.6925 379.298 377.353 401.405 377.943 20190709T130720.760934 1900 540
20190709T130720.773758 1900 540
20190709T130720.779861 1900 540
20190709T130721.577391 374.547 334.73 68.7416 61.5757 54.9516 344.622 357.585 365.465 358.43 20190709T130721.577391 960 540
20190709T130721.590422 960 540
20190709T130721.599489 960 540
20190709T130721.608533 373.713 333.798 68.4716 60.7011 53.2121 343.921 357.272 364.436 357.88 20190709T130721.608533 960 540
20190709T130721.620601 960 540
20190709T130721.629016 960 540
20190709T130721.636942 373.142 334.287 68.3853 62.1846 59.8559 343.667 357.139 364.548 357.643 20190709T130721.636942 960 540
20190709T130721.650389 960 540
20190709T130721.660749 960 540
20190709T130721.670384 373.984 333.995 68.3169 62.4852 59.9256 344.65 356.638 365.436 357.222 20190709T130721.670384 960 540
20190709T130721.681349 960 540
20190709T130721.689330 960 540
20190709T130721.700562 375.414 333.652 68.0783 61.6229 56.8674 345.906 356.611 366.464 357.476 20190709T130721.700562 960 540
20190709T130721.711247 960 540
20190709T130721.720579 960 540
20190709T130721.727842 375.848 333.22 67.7668 59.826 53.5253 345.992 356.715 366.5 357.5 20190709T130721.727842 960 540
20190709T130721.741657 960 540
20190709T130721.749822 960 540
20190709T130721.760211 375.077 333.349 67.0421 60.2354 56.1199 345.201 356.756 366.169 357.365 20190709T130721.760211 960 540
20190709T130721.770036 960 540
20190709T130721.779874 960 540
20190709T130721.788467 374.302 333.224 66.8012 60.5001 58.2483 344.603 356.371 365.357 357.086 20190709T130721.788467 960 540
20190709T130721.800529 960 540
20190709T130721.808467 960 540
20190709T130721.820473 374.253 332.59 66.0388 60.1637 52.6108 344.558 355.813 365.123 356.782 20190709T130721.820473 960 540
20190709T130721.829829 960 540
20190709T130721.839739 960 540
20190709T130721.848433 374.524 332.397 66.0373 59.0059 47.8604 344.476 356.106 365.029 356.907 20190709T130721.848433 960 540
20190709T130721.860463 960 540
20190709T130721.868440 960 540
20190709T130721.880447 373.902 332.895 65.5102 59.0936 50.1188 344.258 356.712 364.5 357.5 20190709T130721.880447 960 540
20190709T130721.889891 960 540
20190709T130721.899768 960 540
20190709T130721.912523 373.396 333.347 65.9839 58.3482 49.7446 343.341 357.21 364.355 357.949 20190709T130721.912523 960 540
20190709T130721.922217 960 540
20190709T130721.932372 960 540
20190709T130721.940502 372.843 334.026 65.8876 58.7118 53.2679 342.821 357.756 363.5 358.5 20190709T130721.940502 960 540
20190709T130721.952521 960 540
20190709T130721.960415 960 540
20190709T130721.971940 372.996 334.213 64.729 58.1972 48.3709 342.741 358.427 363.444 358.896 20190709T130721.971940 960 540
20190709T130721.981747 960 540
20190709T130721.992458 960 540
20190709T130722.000479 373.196 334.143 64.846 57.2914 45.0702 343.204 358.437 363.903 359.202 20190709T130722.000479 960 540
20190709T130722.012007 960 540
20190709T130722.019994 960 540
20190709T130722.032508 373.266 334.64 65.4162 57.8665 48.2249 343.004 358.304 363.573 359.259 20190709T130722.032508 960 540
20190709T130722.040153 960 540
20190709T130722.051694 960 540
20190709T130722.060433 372.699 335.324 65.1491 58.3894 52.3993 342.537 358.525 362.957 359.294 20190709T130722.060433 960 540
20190709T130722.073438 960 540
20190709T130722.080727 960 540
20190709T130722.092403 373.39 334.686 64.8733 57.411 52.7633 342.724 358.163 363.177 358.833 20190709T130722.092403 960 540
20190709T130722.101239 960 540
20190709T130722.111931 960 540
20190709T130722.120450 -1 -1 64.8733 57.411 52.7633 342.724 358.163 363.177 358.833 20190709T130722.120450 960 540
20190709T130722.131856 960 540
20190709T130722.140044 960 540
20190709T130722.152469 -1 -1 64.8733 57.411 52.7633 342.724 358.163 363.177 358.833 20190709T130722.152469 960 540
20190709T130722.164527 960 540
20190709T130722.172439 960 540
20190709T130722.184429 376.148 334.044 51.7407 45.091 139.319 341.272 351.364 361.427 352.836 20190709T130722.184429 960 540
20190709T130722.193232 960 540
20190709T130722.203689 960 540
20190709T130722.212425 370.393 329.213 63.757 57.087 51.9795 340.457 354.142 360.771 355.219 20190709T130722.212425 960 540
20190709T130722.225163 960 540
20190709T130722.232951 960 540
20190709T130722.245001 370.406 330.841 63.8724 56.7634 53.0482 340.416 355.471 360.75 356.378 20190709T130722.245001 960 540
20190709T130722.252929 960 540
20190709T130722.263885 960 540
20190709T130722.272456 370.286 331.393 63.2709 56.7241 50.3201 340.44 356.567 360.782 357.372 20190709T130722.272456 960 540
20190709T130722.284429 960 540
20190709T130722.291967 960 540
20190709T130722.304435 370.038 331.625 63.16 56.851 53.9083 340.353 357.02 360.667 357.358 20190709T130722.304435 960 540
20190709T130722.312591 960 540
20190709T130722.324998 960 540
20190709T130722.332430 370.097 331.707 63.4008 56.779 51.6523 340.252 356.266 360.457 357.298 20190709T130722.332430 960 540
20190709T130722.343989 960 540
20190709T130722.352432 960 540
20190709T130722.364457 370.068 331.229 63.0649 57.2108 54.9791 340.374 355.956 360.613 356.73 20190709T130722.364457 960 540
20190709T130722.372970 960 540
20190709T130722.384868 960 540
20190709T130722.391631 370.103 330.568 62.8083 56.8969 56.154 340.41 355.41 360.58 355.92 20190709T130722.391631 960 540
20190709T130722.404333 960 540
20190709T130722.416442 960 540
20190709T130722.424425 369.644 329.842 63.147 56.563 52.2861 339.652 354.85 360.05 355.358 20190709T130722.424425 960 540
20190709T130722.437369 960 540
20190709T130722.445130 960 540
20190709T130722.456024 368.453 329.648 62.8021 56.6721 53.6835 338.402 354.736 358.8 355.285 20190709T130722.456024 960 540
20190709T130722.465325 960 540
20190709T130722.477025 960 540
20190709T130722.483949 368.059 329.959 62.7946 56.3446 54.2643 338.277 355.084 358.5 355.5 20190709T130722.483949 960 540
20190709T130722.495978 960 540
20190709T130722.503999 960 540
20190709T130722.516435 369.08 330.031 62.4983 56.4221 53.6958 339.148 355.126 359.793 355.446 20190709T130722.516435 960 540
20190709T130722.526086 960 540
20190709T130722.535767 960 540
20190709T130722.544442 370.737 329.821 62.4278 56.7257 55.1592 340.537 354.525 360.996 355.263 20190709T130722.544442 960 540
20190709T130722.557101 960 540
20190709T130722.564044 960 540
20190709T130722.575924 371.068 329.242 62.5673 56.5103 56.0831 341.06 354.06 361.216 354.879 20190709T130722.575924 960 540
20190709T130722.587433 960 540
20190709T130722.597695 960 540
20190709T130722.604337 369.927 328.999 62.396 56.3323 53.8459 340.078 353.726 360.388 354.26 20190709T130722.604337 960 540
20190709T130722.617150 960 540
20190709T130722.625035 960 540
20190709T130722.636387 367.89 329.488 62.602 56.2967 53.5608 337.956 354.367 358.359 355.098 20190709T130722.636387 960 540
20190709T130722.644274 960 540
20190709T130722.655795 960 540
20190709T130722.668442 366.694 329.961 62.7331 56.2856 53.6022 336.581 354.97 356.957 355.294 20190709T130722.668442 960 540
20190709T130722.680891 960 540
20190709T130722.688502 960 540
20190709T130722.695772 366.615 329.704 62.901 56.8108 54.6688 336.85 354.59 356.996 355.263 20190709T130722.695772 960 540
20190709T130722.707998 960 540
20190709T130722.716452 960 540
20190709T130722.729439 367.483 329.298 62.6007 56.525 53.3293 337.768 354.363 358.096 354.88 20190709T130722.729439 960 540
20190709T130722.738850 960 540
20190709T130722.748842 960 540
20190709T130722.756747 368.353 329.358 63.0809 56.6296 52.2343 338.365 354.273 358.413 354.822 20190709T130722.756747 960 540
20190709T130722.769821 960 540
20190709T130722.777572 960 540
20190709T130722.787933 368.393 329.481 63.4484 56.8876 52.9098 338.461 354.473 358.646 354.856 20190709T130722.787933 960 540
20190709T130722.797423 960 540
20190709T130722.808145 960 540
20190709T130722.816448 368.452 329.279 63.5824 57.2366 53.4741 338.52 354.084 358.73 354.709 20190709T130722.816448 960 540
20190709T130722.828859 960 540
20190709T130722.836489 960 540
20190709T130722.848476 368.68 328.89 63.6358 57.1334 53.4317 338.436 353.88 358.91 354.369 20190709T130722.848476 960 540
20190709T130722.857824 960 540
20190709T130722.868914 960 540
20190709T130722.876356 368.633 328.489 63.7218 57.4173 54.0875 338.671 353.437 359.172 353.689 20190709T130722.876356 960 540
20190709T130722.888027 960 540
20190709T130722.896430 960 540
20190709T130722.908462 368.865 327.833 63.7808 57.5174 52.9207 338.601 353.099 359.15 353.3 20190709T130722.908462 960 540
20190709T130722.922530 960 540
20190709T130722.928349 960 540
20190709T130722.940468 369.126 327.891 64.1041 57.2098 53.6667 339.011 353.1 359.5 353.5 20190709T130722.940468 960 540
20190709T130722.949934 960 540
20190709T130722.960869 960 540
20190709T130722.967994 369.489 328.138 63.8267 57.2311 53.5464 339.128 353.165 359.712 353.547 20190709T130722.967994 960 540
20190709T130722.981038 960 540
20190709T130722.988418 960 540
20190709T130723.000504 369.15 328.238 63.7182 57.6357 49.0491 339.011 353.178 359.442 353.57 20190709T130723.000504 960 540
20190709T130723.009497 960 540
20190709T130723.021443 960 540
20190709T130723.028988 368.429 328.295 63.9092 57.6833 54.8245 338.632 353.368 358.806 353.722 20190709T130723.028988 960 540
20190709T130723.039961 960 540
20190709T130723.048462 960 540
20190709T130723.059741 367.876 328.534 64.1859 57.4193 53.7372 338.291 353.314 358.397 353.916 20190709T130723.059741 960 540
20190709T130723.068450 960 540
20190709T130723.837978 20 540
20190709T130723.847034 272.34 323.721 62.7245 58.2179 82.5432 291.343 349.45 311.984 350.09 20190709T130723.847034 20 540
20190709T130723.858884 20 540
20190709T130723.865579 20 540
20190709T130723.876901 271.856 323.627 63.7962 57.9035 84.0507 291.236 349.324 311.765 349.939 20190709T130723.876901 20 540
20190709T130723.890798 20 540
20190709T130723.901106 20 540
20190709T130723.909146 271.343 323.57 63.6461 58.2056 82.7365 290.882 349.206 311.293 349.854 20190709T130723.909146 20 540
20190709T130723.919089 20 540
20190709T130723.930130 20 540
20190709T130723.937529 272.983 320.818 60.3391 59.0115 86.1826 291.274 347.566 312.062 348.301 20190709T130723.937529 20 540
20190709T130723.948992 20 540
20190709T130723.956936 20 540
20190709T130723.968424 -1 -1 60.3391 59.0115 86.1826 291.274 347.566 312.062 348.301 20190709T130723.968424 20 540
20190709T130723.977578 20 540
20190709T130723.989163 20 540
20190709T130723.996486 -1 -1 60.3391 59.0115 86.1826 291.274 347.566 312.062 348.301 20190709T130723.996486 20 540
20190709T130724.008115 20 540
20190709T130724.016532 20 540
20190709T130724.028507 -1 -1 60.3391 59.0115 86.1826 291.274 347.566 312.062 348.301 20190709T130724.028507 20 540
20190709T130724.037792 20 540
20190709T130724.048493 20 540
20190709T130724.056494 -1 -1 60.3391 59.0115 86.1826 291.274 347.566 312.062 348.301 20190709T130724.056494 20 540
20190709T130724.068084 20 540
20190709T130724.076471 20 540
20190709T130724.087883 274.2 310.376 77.4997 60.068 86.9963 293.796 341.198 314.196 342.196 20190709T130724.087883 20 540
20190709T130724.096975 20 540
20190709T130724.107788 20 540
20190709T130724.116542 276.048 318.885 66.0026 60.6181 83.2384 294.897 344.569 315.38 344.708 20190709T130724.116542 20 540
20190709T130724.128471 20 540
20190709T130724.136492 20 540
20190709T130724.148507 275.98 320.56 65.5069 60.2352 89.3 295.009 346.056 315.53 346.674 20190709T130724.148507 20 540
20190709T130724.157115 20 540
20190709T130724.167793 20 540
20190709T130724.180534 275.458 320.891 65.0396 60.9632 95.2933 294.726 346.5 315.178 347.189 20190709T130724.180534 20 540
20190709T130724.190164 20 540
20190709T130724.199822 20 540
20190709T130724.208023 274.966 321.768 67.1052 61.1554 85.5695 293.918 346.9 314.589 347.649 20190709T130724.208023 20 540
20190709T130724.220588 20 540
20190709T130724.229703 20 540
20190709T130724.240045 274.911 321.831 67.1592 61.3605 87.7117 293.884 346.884 314.446 347.626 20190709T130724.240045 20 540
20190709T130724.249712 20 540
20190709T130724.259993 20 540
20190709T130724.268481 276.02 322.056 68.1881 61.3971 81.1328 294.775 346.83 315.406 347.431 20190709T130724.268481 20 540
20190709T130724.280244 20 540
20190709T130724.288494 20 540
20190709T130724.300466 276.408 321.291 67.4586 60.8544 93.5571 295.616 346.695 316.146 347.026 20190709T130724.300466 20 540
20190709T130724.309925 20 540
20190709T130724.321044 20 540
20190709T130724.328007 276.185 321.555 67.3674 60.8924 87.2732 295.406 346.673 315.973 347.071 20190709T130724.328007 20 540
20190709T130724.340604 20 540
20190709T130724.348482 20 540
20190709T130724.360498 275.125 321.971 68.5276 61.4046 77.7812 293.877 346.264 314.188 346.946 20190709T130724.360498 20 540
20190709T130724.369826 20 540
20190709T130724.379789 20 540
20190709T130724.388433 273.004 320.306 67.4609 61.4166 80.785 291.625 344.77 311.946 345.188 20190709T130724.388433 20 540
20190709T130724.401298 20 540
20190709T130724.409238 20 540
20190709T130724.420355 -1 -1 67.4609 61.4166 80.785 291.625 344.77 311.946 345.188 20190709T130724.420355 20 540
20190709T130724.432537 20 540
20190709T130724.440475 20 540
20190709T130724.451999 -1 -1 67.4609 61.4166 80.785 291.625 344.77 311.946 345.188 20190709T130724.451999 20 540
20190709T130724.460499 20 540
20190709T130724.472031 20 540
20190709T130724.480518 -1 -1 67.4609 61.4166 80.785 291.625 344.77 311.946 345.188 20190709T130724.480518 20 540
20190709T130724.492077 20 540
20190709T130724.500594 20 540
20190709T130724.512599 -1 -1 67.4609 61.4166 80.785 291.625 344.77 311.946 345.188 20190709T130724.512599 20 540
20190709T130724.521908 20 540
20190709T130724.532090 20 540
20190709T130724.540126 -1 -1 67.4609 61.4166 80.785 291.625 344.77 311.946 345.188 20190709T130724.540126 20 540
20190709T130724.552743 20 540
20190709T130724.560538 20 540
20190709T130724.572080 -1 -1 67.4609 61.4166 80.785 291.625 344.77 311.946 345.188 20190709T130724.572080 20 540
20190709T130724.580660 20 540
20190709T130724.592607 20 540
20190709T130724.600483 -1 -1 67.4609 61.4166 80.785 291.625 344.77 311.946 345.188 20190709T130724.600483 20 540
20190709T130724.612067 20 540
20190709T130724.620469 20 540
20190709T130724.631940 -1 -1 67.4609 61.4166 80.785 291.625 344.77 311.946 345.188 20190709T130724.631940 20 540
20190709T130724.640525 20 540
20190709T130724.652483 20 540
20190709T130724.660432 -1 -1 67.4609 61.4166 80.785 291.625 344.77 311.946 345.188 20190709T130724.660432 20 540
20190709T130724.673507 20 540
20190709T130724.684515 20 540
20190709T130724.692491 -1 -1 67.4609 61.4166 80.785 291.625 344.77 311.946 345.188 20190709T130724.692491 20 540
20190709T130724.704107 20 540
20190709T130724.712501 20 540
20190709T130724.723969 277.166 307.079 66.5848 63.1612 90.7693 293.981 333.269 314.254 333.845 20190709T130724.723969 20 540
20190709T130724.733997 20 540
20190709T130724.744017 20 540
20190709T130724.752538 277.259 310.924 68.2144 63.0457 82.2521 293.942 336.199 314.162 336.976 20190709T130724.752538 20 540
20190709T130724.765129 20 540
20190709T130724.773096 20 540
20190709T130724.783848 277.513 313.28 68.4008 62.6661 83.2679 293.907 337.663 314.675 338.358 20190709T130724.783848 20 540
20190709T130724.792940 20 540
20190709T130724.804012 20 540
20190709T130724.812596 278.127 314.139 68.2014 62.9397 77.2582 294.369 339 314.838 339.469 20190709T130724.812596 20 540
20190709T130724.825830 20 540
20190709T130724.833509 20 540
20190709T130724.844571 278.345 314.31 66.8709 62.9832 91.8242 294.782 339.554 315.316 340.046 20190709T130724.844571 20 540
20190709T130724.853924 20 540
20190709T130724.863848 20 540
20190709T130724.872531 278.403 315.226 67.615 62.402 93.6744 294.756 340.023 315.356 340.443 20190709T130724.872531 20 540
20190709T130724.885673 20 540
20190709T130724.892574 20 540
20190709T130724.904498 273.1 315.214 67.2968 61.9846 88.0099 292.5 340.159 312.848 340.734 20190709T130724.904498 20 540
20190709T130724.914747 20 540
20190709T130724.923852 20 540
20190709T130724.937514 272.924 315.058 66.9074 62.2722 87.9766 292.35 339.967 312.772 340.336 20190709T130724.937514 20 540
20190709T130724.945897 20 540
20190709T130724.956030 20 540
20190709T130724.964555 272.614 314.88 67.7254 61.8223 84.7292 291.969 339.344 312.447 340.369 20190709T130724.964555 20 540
20190709T130724.977107 20 540
20190709T130724.984515 20 540
20190709T130724.996485 272.253 313.524 67.2047 61.6764 92.2876 292.021 338.277 312.302 338.975 20190709T130724.996485 20 540
20190709T130725.005298 20 540
20190709T130725.015808 20 540
20190709T130725.023783 272.105 310.368 66.5979 61.8188 88.9279 291.969 335.573 312.057 336.328 20190709T130725.023783 20 540
20190709T130725.035842 20 540
20190709T130725.044481 20 540
20190709T130725.057464 -1 -1 66.5979 61.8188 88.9279 291.969 335.573 312.057 336.328 20190709T130725.057464 20 540
20190709T130725.067153 20 540
20190709T130725.075933 20 540
20190709T130725.084019 -1 -1 66.5979 61.8188 88.9279 291.969 335.573 312.057 336.328 20190709T130725.084019 20 540
20190709T130725.096667 20 540
20190709T130725.104500 20 540
20190709T130725.116496 -1 -1 66.5979 61.8188 88.9279 291.969 335.573 312.057 336.328 20190709T130725.116496 20 540
20190709T130725.124771 20 540
20190709T130725.135808 20 540
20190709T130725.144475 276 313.273 60.749 52.8951 149.36 292.86 332.463 313.106 333.365 20190709T130725.144475 20 540
20190709T130725.156705 20 540
20190709T130725.164489 20 540
20190709T130725.176510 273.899 309.308 67.0847 62.1515 92.8834 293.779 334.321 314.074 335.139 20190709T130725.176510 20 540
20190709T130725.190227 20 540
20190709T130725.195999 20 540
20190709T130725.208006 274.505 311.496 67.9032 62.9694 81.1785 294.17 335.871 314.119 336.571 20190709T130725.208006 20 540
20190709T130725.218086 20 540
20190709T130725.227800 20 540
20190709T130725.236552 273.213 311.416 66.656 62.6414 94.1104 293.056 337.301 313.155 337.825 20190709T130725.236552 20 540
20190709T130725.248780 20 540
20190709T130725.256582 20 540
20190709T130725.268584 272.489 312.659 68.0525 62.5536 86.5784 292.341 337.451 312.64 338.161 20190709T130725.268584 20 540
20190709T130725.278263 20 540
20190709T130725.288508 20 540
20190709T130725.296589 272.605 313.183 68.4851 62.7995 86.1539 292.395 337.811 312.709 338.309 20190709T130725.296589 20 540
20190709T130725.309328 20 540
20190709T130725.316454 20 540
20190709T130725.328721 272.833 312.413 66.933 62.8861 91.6421 292.808 337.429 313.159 337.902 20190709T130725.328721 20 540
20190709T130726.045307 20 1060
20190709T130726.053137 20 1060
20190709T130726.065936 274.668 356.777 67.8948 60.9504 71.5986 294.957 357.294 315.859 357.646 20190709T130726.065936 20 1060
20190709T130726.076102 20 1060
20190709T130726.085467 20 1060
20190709T130726.094315 274.16 356.152 67.804 60.8007 69.9934 294.553 356.641 315.51 357.281 20190709T130726.094315 20 1060
20190709T130726.106591 20 1060
20190709T130726.114737 20 1060
20190709T130726.124593 273.049 355.671 67.9559 60.7113 70.4252 293.828 356.069 314.436 356.9 20190709T130726.124593 20 1060
20190709T130726.136065 20 1060
20190709T130726.144518 20 1060
20190709T130726.152483 271.137 355.173 67.7073 60.6418 70.1538 292.143 355.48 312.826 355.988 20190709T130726.152483 20 1060
20190709T130726.165669 20 1060
20190709T130726.173069 20 1060
20190709T130726.184620 269.113 355.394 68.298 59.7995 73.7597 290.408 355.761 311.003 356.087 20190709T130726.184620 20 1060
20190709T130726.197085 20 1060
20190709T130726.203979 20 1060
20190709T130726.216110 268.931 355.566 67.9945 60.9523 70.006 289.574 355.997 310.455 356.896 20190709T130726.216110 20 1060
20190709T130726.225696 20 1060
20190709T130726.235814 20 1060
20190709T130726.243726 269.398 355.888 67.8103 61.0672 69.8688 290.285 356.111 310.943 356.912 20190709T130726.243726 20 1060
20190709T130726.256615 20 1060
20190709T130726.264545 20 1060
20190709T130726.276569 270.332 355.835 68.1819 60.6148 70.81 290.963 356.33 311.922 356.798 20190709T130726.276569 20 1060
20190709T130726.285910 20 1060
20190709T130726.296150 20 1060
20190709T130726.304523 270.42 356.372 68.5496 60.0906 73.2914 291.356 356.58 312.106 357.277 20190709T130726.304523 20 1060
20190709T130726.316713 20 1060
20190709T130726.324602 20 1060
20190709T130726.336607 269.882 356.731 68.4674 60.1414 72.9411 290.856 357.207 311.644 357.536 20190709T130726.336607 20 1060
20190709T130726.345733 20 1060
20190709T130726.356024 20 1060
20190709T130726.364500 269.746 356.713 68.7561 60.9716 71.4847 290.314 357.291 311.221 357.561 20190709T130726.364500 20 1060
20190709T130726.376878 20 1060
20190709T130726.384075 20 1060
20190709T130726.396038 270.022 356.548 68.2165 61.8485 68.3349 290.314 357.291 311.07 357.45 20190709T130726.396038 20 1060
20190709T130726.406884 20 1060
20190709T130726.415956 20 1060
20190709T130726.424597 270.507 356.525 69.182 61.1593 69.3683 290.8 357.285 311.749 357.425 20190709T130726.424597 20 1060
20190709T130726.438231 20 1060
20190709T130726.448089 20 1060
20190709T130726.456124 271.466 356.623 68.6209 62.3063 67.7094 291.694 357.137 312.644 357.465 20190709T130726.456124 20 1060
20190709T130726.468176 20 1060
20190709T130726.476575 20 1060
20190709T130726.487990 271.484 356.625 69.0594 60.881 70.684 292.41 357.387 313.096 357.769 20190709T130726.487990 20 1060
20190709T130726.498205 20 1060
20190709T130726.508051 20 1060
20190709T130726.516544 275.464 352.684 67.8568 61.9627 71.2225 294.125 354.034 314.728 354.899 20190709T130726.516544 20 1060
20190709T130726.528737 20 1060
20190709T130726.536056 20 1060
20190709T130726.548608 -1 -1 67.8568 61.9627 71.2225 294.125 354.034 314.728 354.899 20190709T130726.548608 20 1060
20190709T130726.557986 20 1060
20190709T130726.568627 20 1060
20190709T130726.576634 -1 -1 67.8568 61.9627 71.2225 294.125 354.034 314.728 354.899 20190709T130726.576634 20 1060
20190709T130726.588127 20 1060
20190709T130726.596643 20 1060
20190709T130726.608536 -1 -1 67.8568 61.9627 71.2225 294.125 354.034 314.728 354.899 20190709T130726.608536 20 1060
20190709T130726.616837 20 1060
20190709T130726.628007 20 1060
20190709T130726.636554 -1 -1 67.8568 61.9627 71.2225 294.125 354.034 314.728 354.899 20190709T130726.636554 20 1060
20190709T130726.648110 20 1060
20190709T130726.656564 20 1060
20190709T130726.668542 279.076 359.522 57.4535 45.6391 130.235 293 351.815 313.161 351.882 20190709T130726.668542 20 1060
20190709T130726.677997 20 1060
20190709T130726.687845 20 1060
20190709T130726.700137 274.984 353.795 67.6265 60.7969 70.0303 293.467 354.213 314.286 354.852 20190709T130726.700137 20 1060
20190709T130726.709316 20 1060
20190709T130726.719873 20 1060
20190709T130726.728627 276.212 355.199 68.4442 60.8992 71.7096 294.535 355.57 315.214 356.049 20190709T130726.728627 20 1060
20190709T130726.740537 20 1060
20190709T130726.748094 20 1060
20190709T130726.760642 277.039 355.533 68.6282 60.8061 73.2553 295.685 355.899 316.168 356.69 20190709T130726.760642 20 1060
20190709T130726.770106 20 1060
20190709T130726.779842 20 1060
20190709T130726.787753 277.228 355.763 68.5716 60.6082 73.111 296.043 356 316.701 356.667 20190709T130726.787753 20 1060
20190709T130726.800329 20 1060
20190709T130726.807819 20 1060
20190709T130726.819769 277.536 355.847 68.3816 61.5549 73.0011 295.852 356.138 316.608 356.83 20190709T130726.819769 20 1060
20190709T130726.828168 20 1060
20190709T130726.841542 20 1060
20190709T130726.849184 277.605 356.518 68.9996 61.6821 71.4171 295.698 356.782 316.264 357.162 20190709T130726.849184 20 1060
20190709T130726.860218 20 1060
20190709T130726.867882 20 1060
20190709T130726.880080 272.996 355.55 68.673 61.4213 73.7745 293.993 356.106 314.733 356.893 20190709T130726.880080 20 1060
20190709T130726.892241 20 1060
20190709T130726.899957 20 1060
20190709T130726.908054 274.104 355.738 68.908 61.8524 66.6874 294.302 356.175 314.943 356.912 20190709T130726.908054 20 1060
20190709T130726.920643 20 1060
20190709T130726.928605 20 1060
20190709T130726.940060 274.662 355.66 68.8924 61.4092 72.0736 294.986 356.404 315.766 356.886 20190709T130726.940060 20 1060
20190709T130726.952635 20 1060
20190709T130726.960093 20 1060
20190709T130726.972132 275.717 356.139 68.7702 62.0831 73.8409 295.912 356.852 316.795 357.33 20190709T130726.972132 20 1060
20190709T130726.981826 20 1060
20190709T130726.992005 20 1060
20190709T130727.000152 275.851 356.102 68.7872 62.0175 72.724 296.096 356.839 316.904 357.333 20190709T130727.000152 20 1060
20190709T130727.012370 20 1060
20190709T130727.020606 20 1060
20190709T130727.032644 274.759 356.027 69.3517 61.4349 74.4783 295.16 356.757 315.891 357.086 20190709T130727.032644 20 1060
20190709T130727.042142 20 1060
20190709T130727.051848 20 1060
20190709T130727.060151 274.138 355.909 68.2075 62.3829 70.2885 294.366 356.773 315.199 357.433 20190709T130727.060151 20 1060
20190709T130727.072165 20 1060
20190709T130727.080213 20 1060
20190709T130727.092609 273.689 356.076 69.1222 62.0015 71.3215 293.954 356.904 314.687 357.41 20190709T130727.092609 20 1060
20190709T130727.102692 20 1060
20190709T130727.112090 20 1060
20190709T130727.120073 273.95 356.2 69.1596 61.9781 72.4253 294.322 357.033 315 357.5 20190709T130727.120073 20 1060
20190709T130727.134200 20 1060
20190709T130727.140970 20 1060
20190709T130727.152004 274.457 356.11 69.5492 61.7585 74.2017 294.751 357.103 315.57 357.456 20190709T130727.152004 20 1060
20190709T130727.160861 20 1060
20190709T130727.172577 20 1060
20190709T130727.180598 275.182 356.238 69.2906 62.3759 70.4474 295.033 357.257 315.785 357.397 20190709T130727.180598 20 1060
20190709T130727.194222 20 1060
20190709T130727.204086 20 1060
20190709T130727.212647 274.48 356.49 69.7514 61.2234 76.4084 294.88 357.344 315.509 357.795 20190709T130727.212647 20 1060
20190709T130727.225030 20 1060
20190709T130727.232103 20 1060
20190709T130727.244113 274.908 356.574 69.5146 61.9283 73.5672 294.859 357.385 315.584 357.978 20190709T130727.244113 20 1060
20190709T130727.253753 20 1060
20190709T130727.264068 20 1060
20190709T130727.272621 275.023 356.731 69.5752 61.7035 72.9296 295.172 357.447 315.776 358.191 20190709T130727.272621 20 1060
20190709T130727.284650 20 1060
20190709T130727.292614 20 1060
20190709T130727.304573 274.822 356.645 69.801 61.3006 73.1881 294.943 357.602 315.655 358.059 20190709T130727.304573 20 1060
20190709T130727.313092 20 1060
20190709T130727.324009 20 1060
20190709T130727.332598 274.744 356.418 69.1324 62.3968 74.7121 294.5 357.5 315.398 357.675 20190709T130727.332598 20 1060
20190709T130727.344226 20 1060
20190709T130727.351865 20 1060
20190709T130727.364119 274.326 356.307 69.1138 62.2901 70.5962 294.15 357.3 315.006 357.676 20190709T130727.364119 20 1060
20190709T130727.373198 20 1060
20190709T130727.384168 20 1060
20190709T130727.392606 273.957 356.316 69.0976 61.8447 73.0407 293.93 357.263 314.907 357.707 20190709T130727.392606 20 1060
20190709T130727.404144 20 1060
20190709T130727.412106 20 1060
20190709T130727.425629 274.552 356.58 68.7362 62.3456 72.2077 294.41 357.41 315.149 357.982 20190709T130727.425629 20 1060
20190709T130727.438631 20 1060
20190709T130727.444509 20 1060
20190709T130727.456035 275.202 357.065 68.8174 62.214 74.6814 294.631 357.808 315.501 358.499 20190709T130727.456035 20 1060
20190709T130727.466308 20 1060
20190709T130727.477317 20 1060
20190709T130727.484893 275.606 358.066 68.8773 62.2397 74.1202 295.123 358.782 315.708 359.372 20190709T130727.484893 20 1060
20190709T130727.497260 20 1060
20190709T130727.506574 20 1060
20190709T130727.517113 275.611 359.073 68.8335 61.8278 77.4735 295.218 359.509 316.019 360.065 20190709T130727.517113 20 1060
20190709T130727.525410 20 1060
20190709T130727.536021 20 1060
20190709T130728.255554 363.426 366.844 70.0722 63.7689 82.6297 335.463 364.277 355.934 365.043 20190709T130728.255554 960 1060
20190709T130728.263524 960 1060
20190709T130728.273038 960 1060
20190709T130728.280610 -1 -1 70.0722 63.7689 82.6297 335.463 364.277 355.934 365.043 20190709T130728.280610 960 1060
20190709T130728.292820 960 1060
20190709T130728.300753 960 1060
20190709T130728.312632 -1 -1 70.0722 63.7689 82.6297 335.463 364.277 355.934 365.043 20190709T130728.312632 960 1060
20190709T130728.323702 960 1060
20190709T130728.333328 960 1060
20190709T130728.342331 -1 -1 70.0722 63.7689 82.6297 335.463 364.277 355.934 365.043 20190709T130728.342331 960 1060
20190709T130728.353214 960 1060
20190709T130728.360911 960 1060
20190709T130728.372680 -1 -1 70.0722 63.7689 82.6297 335.463 364.277 355.934 365.043 20190709T130728.372680 960 1060
20190709T130728.383150 960 1060
20190709T130728.392530 960 1060
20190709T130728.400570 -1 -1 70.0722 63.7689 82.6297 335.463 364.277 355.934 365.043 20190709T130728.400570 960 1060
20190709T130728.414027 960 1060
20190709T130728.420181 960 1060
20190709T130728.432631 369.903 365.519 66.249 62.0075 87.2048 341.147 360.853 360.155 362.77 20190709T130728.432631 960 1060
20190709T130728.442586 960 1060
20190709T130728.452058 960 1060
20190709T130728.464124 369.69 366.572 68.5457 63.4602 70.8557 339.311 363.985 360.209 364.773 20190709T130728.464124 960 1060
20190709T130728.473366 960 1060
20190709T130728.484003 960 1060
20190709T130728.492596 369.498 368.207 69.2553 63.5472 73.6035 339.267 365.737 359.862 366.148 20190709T130728.492596 960 1060
20190709T130728.505432 960 1060
20190709T130728.512139 960 1060
20190709T130728.524064 369.189 369.18 68.9109 63.4604 72.8319 339.109 366.693 359.677 367.326 20190709T130728.524064 960 1060
20190709T130728.536474 960 1060
20190709T130728.543942 960 1060
20190709T130728.552039 369 369.648 68.9792 63.8395 73.3709 338.687 367.508 359.415 367.511 20190709T130728.552039 960 1060
20190709T130728.564671 960 1060
20190709T130728.572672 960 1060
20190709T130728.584142 369.004 370.258 68.844 63.4698 79.3644 338.659 367.61 359.265 368.192 20190709T130728.584142 960 1060
20190709T130728.594227 960 1060
20190709T130728.604056 960 1060
20190709T130728.612631 369.066 370.703 69.1991 63.4382 74.5634 338.924 368.137 359.444 368.896 20190709T130728.612631 960 1060
20190709T130728.625441 960 1060
20190709T130728.632803 960 1060
20190709T130728.644690 369.891 370.962 69.4551 63.6541 74.3622 339.739 368.291 360.247 368.853 20190709T130728.644690 960 1060
20190709T130728.653773 960 1060
20190709T130728.663926 960 1060
20190709T130728.672684 370.707 370.493 69.3474 63.6748 77.5497 340.455 368.081 360.783 368.518 20190709T130728.672684 960 1060
20190709T130728.684874 960 1060
20190709T130728.692125 960 1060
20190709T130728.704147 395.563 373.231 69.4579 60.559 77.4875 352.273 368.976 372.612 369.453 20190709T130728.704147 960 1060
20190709T130728.717426 960 1060
20190709T130728.724770 960 1060
20190709T130728.737615 423.405 375.061 69.3119 59.4669 83.6934 364.795 369.409 385.373 370.097 20190709T130728.737615 960 1060
20190709T130728.746768 960 1060
20190709T130728.755858 960 1060
20190709T130728.764584 433.733 377.342 68.4925 60.3741 89.0294 369.364 370.239 390.783 371.089 20190709T130728.764584 960 1060
20190709T130728.777431 960 1060
20190709T130728.785394 960 1060
20190709T130728.795975 431.299 378.11 68.4887 60.2517 88.7125 367.377 370.951 388.742 371.841 20190709T130728.795975 960 1060
20190709T130728.807053 960 1060
20190709T130728.816176 960 1060
20190709T130728.824234 430.388 378.664 69.2182 60.281 88.9647 366.094 371.245 387.339 372.541 20190709T130728.824234 960 1060
20190709T130728.837097 960 1060
20190709T130728.844764 960 1060
20190709T130728.857623 430.185 378.79 69.2655 60.2146 91.7343 365.991 371.204 387.276 372.342 20190709T130728.857623 960 1060
20190709T130728.867827 960 1060
20190709T130728.877023 960 1060
20190709T130728.883830 430.432 378.649 69.2891 60.5898 89.5336 366.142 371.142 387.525 372.059 20190709T130728.883830 960 1060
20190709T130728.896198 960 1060
20190709T130728.904595 960 1060
20190709T130728.916626 430.93 378.448 69.5536 60.6154 90.2431 366.676 371.066 387.912 372.123 20190709T130728.916626 960 1060
20190709T130728.927155 960 1060
20190709T130728.936130 960 1060
20190709T130728.944595 431.474 378.185 69.4565 60.7217 90.2076 367.111 370.976 388.783 371.783 20190709T130728.944595 960 1060
20190709T130728.957487 960 1060
20190709T130728.968608 960 1060
20190709T130728.976568 432.276 376.206 69.2933 60.5791 89.3965 367.664 368.855 389.369 369.889 20190709T130728.976568 960 1060
20190709T130728.988497 960 1060
20190709T130728.996788 960 1060
20190709T130729.008147 -1 -1 69.2933 60.5791 89.3965 367.664 368.855 389.369 369.889 20190709T130729.008147 960 1060
20190709T130729.017823 960 1060
20190709T130729.028115 960 1060
20190709T130729.036686 -1 -1 69.2933 60.5791 89.3965 367.664 368.855 389.369 369.889 20190709T130729.036686 960 1060
20190709T130729.048765 960 1060
20190709T130729.056685 960 1060
20190709T130729.068183 -1 -1 69.2933 60.5791 89.3965 367.664 368.855 389.369 369.889 20190709T130729.068183 960 1060
20190709T130729.078127 960 1060
20190709T130729.088628 960 1060
20190709T130729.096564 -1 -1 69.2933 60.5791 89.3965 367.664 368.855 389.369 369.889 20190709T130729.096564 960 1060
20190709T130729.108165 960 1060
20190709T130729.116648 960 1060
20190709T130729.128614 -1 -1 69.2933 60.5791 89.3965 367.664 368.855 389.369 369.889 20190709T130729.128614 960 1060
20190709T130729.139667 960 1060
20190709T130729.148132 960 1060
20190709T130729.156570 374.6 358.35 64.7079 58.8642 124.019 342.067 354.578 362.498 355.046 20190709T130729.156570 960 1060
20190709T130729.168528 960 1060
20190709T130729.176900 960 1060
20190709T130729.189612 373.713 356.14 69.1895 64.3819 71.319 343.07 355.771 363.5 356.5 20190709T130729.189612 960 1060
20190709T130729.197779 960 1060
20190709T130729.209113 960 1060
20190709T130729.220603 375.328 356.952 69.5997 64.5531 74.9648 344.395 356.891 364.73 357.511 20190709T130729.220603 960 1060
20190709T130729.232784 960 1060
20190709T130729.240095 960 1060
20190709T130729.248083 376.549 357.508 69.7344 64.6401 77.1982 345.547 357.298 366.394 357.913 20190709T130729.248083 960 1060
20190709T130729.260658 960 1060
20190709T130729.268618 960 1060
20190709T130729.280731 377.255 357.77 69.7985 64.4852 73.6391 346.548 357.643 366.707 358.189 20190709T130729.280731 960 1060
20190709T130729.290891 960 1060
20190709T130729.301044 960 1060
20190709T130729.308939 378.082 357.948 69.7315 64.9859 70.3942 346.596 357.404 367.676 358.072 20190709T130729.308939 960 1060
20190709T130729.321022 960 1060
20190709T130729.328624 960 1060
20190709T130729.340142 379.36 357.749 69.6534 64.6499 75.9398 348.258 357.198 368.584 358.032 20190709T130729.340142 960 1060
20190709T130729.348803 960 1060
20190709T130729.360148 960 1060
20190709T130729.368121 380.892 357.392 69.9509 64.4903 73.0969 349.693 357.172 370.436 357.88 20190709T130729.368121 960 1060
20190709T130729.379884 960 1060
20190709T130729.387943 960 1060
20190709T130729.400632 382.364 357.179 69.644 64.9617 75.0038 351.008 357.048 371.858 357.471 20190709T130729.400632 960 1060
20190709T130729.409209 960 1060
20190709T130729.420728 960 1060
20190709T130729.428666 383.537 357.522 69.6948 64.4294 71.594 352.313 357.118 372.724 357.776 20190709T130729.428666 960 1060
20190709T130729.440525 960 1060
20190709T130729.448177 960 1060
20190709T130729.460665 383.622 358.069 69.4794 65.0764 71.3885 352.498 358.046 373.08 358.341 20190709T130729.460665 960 1060
20190709T130729.473445 960 1060
20190709T130729.480207 960 1060
20190709T130729.492139 384.482 358.653 69.7404 64.5894 69.6415 353.087 358.025 373.695 358.776 20190709T130729.492139 960 1060
20190709T130729.502006 960 1060
20190709T130729.512205 960 1060
20190709T130729.520704 386.308 358.824 69.8468 64.5012 70.7881 354.502 358.399 375.365 359.169 20190709T130729.520704 960 1060
20190709T130729.532996 960 1060
20190709T130729.540234 960 1060
20190709T130729.552717 390.642 357.07 69.6511 64.2034 66.862 358.75 356.921 379.562 357.329 20190709T130729.552717 960 1060
20190709T130729.562975 960 1060
20190709T130729.572003 960 1060
20190709T130729.580040 398.445 352.142 70.067 64.5989 66.9137 366.436 351.88 387.231 352.636 20190709T130729.580040 960 1060
20190709T130729.593233 960 1060
20190709T130729.600638 960 1060
20190709T130729.613618 406.801 346.454 70.5291 65.3737 63.8992 374.728 346.079 395.582 346.784 20190709T130729.613618 960 1060
20190709T130729.623931 960 1060
20190709T130729.632190 960 1060
20190709T130729.640597 412.773 340.864 69.9602 65.3976 67.6532 380.429 340.895 401.302 341.451 20190709T130729.640597 960 1060
20190709T130729.653666 960 1060
20190709T130729.660704 960 1060
20190709T130729.673610 415.33 335.527 70.3193 65.1985 69.0647 382.927 336.01 403.671 336.365 20190709T130729.673610 960 1060
20190709T130729.682423 960 1060
20190709T130729.692152 960 1060
20190709T130729.700129 415.345 330.643 70.2172 65.2875 68.8123 383.032 331.081 404.101 331.511 20190709T130729.700129 960 1060
20190709T130729.713378 960 1060
20190709T130729.724716 960 1060
20190709T130729.732717 414.752 326.597 70.1653 65.7324 67.5544 382.575 326.831 403.342 327.5 20190709T130729.732717 960 1060
20190709T130729.745167 960 1060
20190709T130730.470094 1900 1060
20190709T130730.481444 -1 -1 70.1653 65.7324 67.5544 382.575 326.831 403.342 327.5 20190709T130730.481444 1900 1060
20190709T130730.489869 1900 1060
20190709T130730.500754 1900 1060
20190709T130730.509972 -1 -1 70.1653 65.7324 67.5544 382.575 326.831 403.342 327.5 20190709T130730.509972 1900 1060
20190709T130730.522908 1900 1060
20190709T130730.530104 1900 1060
20190709T130730.541130 -1 -1 70.1653 65.7324 67.5544 382.575 326.831 403.342 327.5 20190709T130730.541130 1900 1060
20190709T130730.551907 1900 1060
20190709T130730.560693 1900 1060
20190709T130730.568749 448.511 358.057 64.908 56.3817 68.6047 383.785 352.768 404.815 353.845 20190709T130730.568749 1900 1060
20190709T130730.582484 1900 1060
20190709T130730.589969 1900 1060
20190709T130730.600073 450.436 356.387 70.2415 60.5056 80.6194 382.91 355.369 405.048 355.922 20190709T130730.600073 1900 1060
20190709T130730.610685 1900 1060
20190709T130730.620210 1900 1060
20190709T130730.628241 451.405 356.993 71.1083 60.6808 83.8241 384.112 355.888 405.942 356.865 20190709T130730.628241 1900 1060
20190709T130730.642002 1900 1060
20190709T130730.648880 1900 1060
20190709T130730.659968 454.695 358.999 70.8376 60.04 82.143 385.452 357.385 407.242 358.223 20190709T130730.659968 1900 1060
20190709T130730.669545 1900 1060
20190709T130730.680693 1900 1060
20190709T130730.688671 459.013 363.259 71.5113 59.6863 85.0746 386.969 359.612 409.306 360.358 20190709T130730.688671 1900 1060
20190709T130730.701517 1900 1060
20190709T130730.708594 1900 1060
20190709T130730.720706 457.866 363.073 71.5895 59.7383 85.8783 385.96 359.277 407.906 360.066 20190709T130730.720706 1900 1060
20190709T130730.732051 1900 1060
20190709T130730.740005 1900 1060
20190709T130730.752714 457.016 360.045 71.1629 59.7474 84.4695 384.984 356.221 407.265 357.421 20190709T130730.752714 1900 1060
20190709T130730.763054 1900 1060
20190709T130730.772030 1900 1060
20190709T130730.780124 456.559 356.438 71.6255 60.0543 85.2419 384.673 352.791 406.904 353.518 20190709T130730.780124 1900 1060
20190709T130730.792834 1900 1060
20190709T130730.800780 1900 1060
20190709T130730.812278 455.577 353.034 71.7318 59.7801 84.3483 383.81 349.377 405.967 350.213 20190709T130730.812278 1900 1060
20190709T130730.821745 1900 1060
20190709T130730.832722 1900 1060
20190709T130730.840715 454.307 351.964 72.016 59.8099 85.9515 382.698 348.34 404.721 348.925 20190709T130730.840715 1900 1060
20190709T130730.852732 1900 1060
20190709T130730.860673 1900 1060
20190709T130730.872157 453.613 353.352 72.1978 59.7521 85.045 382.043 349.419 403.966 350.281 20190709T130730.872157 1900 1060
20190709T130730.884404 1900 1060
20190709T130730.892041 1900 1060
20190709T130730.900102 454.509 356.795 72.1537 59.8173 86.0069 382.5 352.349 404.645 353.04 20190709T130730.900102 1900 1060
20190709T130730.912749 1900 1060
20190709T130730.920179 1900 1060
20190709T130730.932171 455.213 361.465 71.8123 59.5992 86.9427 383.088 355.754 405.333 356.472 20190709T130730.932171 1900 1060
20190709T130730.943251 1900 1060
20190709T130730.952009 1900 1060
20190709T130730.960242 455.311 363.7 71.3899 59.8171 86.1043 383.358 357.959 405.427 359 20190709T130730.960242 1900 1060
20190709T130730.973070 1900 1060
20190709T130730.984208 1900 1060
20190709T130730.992699 455.192 364.928 70.8579 59.7705 86.0158 382.969 359.612 405.221 360.31 20190709T130730.992699 1900 1060
20190709T130731.004198 1900 1060
20190709T130731.012219 1900 1060
20190709T130731.025680 454.797 366.072 70.8455 59.6761 86.8891 382.91 360.645 404.766 361.439 20190709T130731.025680 1900 1060
20190709T130731.035635 1900 1060
20190709T130731.044058 1900 1060
20190709T130731.052138 454.859 367.58 71.4652 59.6194 86.8892 382.717 361.709 404.783 362.826 20190709T130731.052138 1900 1060
20190709T130731.065433 1900 1060
20190709T130731.072218 1900 1060
20190709T130731.084058 454.467 369.944 71.338 59.7911 85.5494 382.5 364.307 404.596 364.976 20190709T130731.084058 1900 1060
20190709T130731.095403 1900 1060
20190709T130731.104312 1900 1060
20190709T130731.112699 453.225 372.401 71.2853 59.7369 87.5922 381.26 366.457 403.311 367.321 20190709T130731.112699 1900 1060
20190709T130731.125261 1900 1060
20190709T130731.132242 1900 1060
20190709T130731.144169 451.031 373.778 71.0931 59.8173 86.9181 379.324 367.754 401.255 368.536 20190709T130731.144169 1900 1060
20190709T130731.152985 1900 1060
20190709T130731.164219 1900 1060
20190709T130731.172303 449.234 375.326 71.1154 59.8156 86.5663 377.325 369.125 399.499 370.038 20190709T130731.172303 1900 1060
20190709T130731.185794 1900 1060
20190709T130731.192641 1900 1060
20190709T130731.204041 448.415 377.148 71.2675 60.0204 86.8979 376.802 370.914 398.93 371.55 20190709T130731.204041 1900 1060
20190709T130731.212592 1900 1060
20190709T130731.224776 1900 1060
20190709T130731.236757 448.027 378.376 71.0337 59.4588 86.4031 376.446 372.377 398.34 373.043 20190709T130731.236757 1900 1060
20190709T130731.246167 1900 1060
20190709T130731.256066 1900 1060
20190709T130731.264759 447.209 377.817 71.0116 59.6757 87.7329 375.321 371.53 397.51 372.55 20190709T130731.264759 1900 1060
20190709T130731.276159 1900 1060
20190709T130731.284163 1900 1060
20190709T130731.297604 446.33 375.236 70.5588 59.6195 86.1504 374.239 369.091 396.354 369.9 20190709T130731.297604 1900 1060
20190709T130731.309275 1900 1060
20190709T130731.316469 1900 1060
20190709T130731.324031 443.186 367.973 73.0976 59.6478 93.8424 372.788 363.642 394.291 364.651 20190709T130731.324031 1900 1060
20190709T130731.337336 1900 1060
20190709T130731.344706 1900 1060
20190709T130731.356148 -1 -1 73.0976 59.6478 93.8424 372.788 363.642 394.291 364.651 20190709T130731.356148 1900 1060
20190709T130731.365612 1900 1060
20190709T130731.376747 1900 1060
20190709T130731.384709 -1 -1 73.0976 59.6478 93.8424 372.788 363.642 394.291 364.651 20190709T130731.384709 1900 1060
20190709T130731.396331 1900 1060
20190709T130731.404712 1900 1060
20190709T130731.416156 -1 -1 73.0976 59.6478 93.8424 372.788 363.642 394.291 364.651 20190709T130731.416156 1900 1060
20190709T130731.426522 1900 1060
20190709T130731.436111 1900 1060
20190709T130731.444692 -1 -1 73.0976 59.6478 93.8424 372.788 363.642 394.291 364.651 20190709T130731.444692 1900 1060
20190709T130731.456179 1900 1060
20190709T130731.464164 1900 1060
20190709T130731.476056 438.892 332.155 65.7418 55.4177 68.3832 373.442 342.772 394.576 342.545 20190709T130731.476056 1900 1060
20190709T130731.488716 1900 1060
20190709T130731.496178 1900 1060
20190709T130731.508149 440.896 331.305 70.8554 59.5404 71.1981 374.473 344.427 395.828 344.583 20190709T130731.508149 1900 1060
20190709T130731.519069 1900 1060
20190709T130731.528708 1900 1060
20190709T130731.536690 441.604 333.389 70.9954 60.1968 72.6594 374.755 346.743 396.06 346.948 20190709T130731.536690 1900 1060
20190709T130731.548448 1900 1060
20190709T130731.555974 1900 1060
20190709T130731.568180 440.744 335.155 71.0484 60.2581 75.8971 373.698 348.413 395.462 348.685 20190709T130731.568180 1900 1060
20190709T130731.576769 1900 1060
20190709T130731.588010 1900 1060
20190709T130731.596656 438.906 335.904 71.383 60.4354 76.1316 371.955 348.976 393.625 349.237 20190709T130731.596656 1900 1060
20190709T130731.608804 1900 1060
20190709T130731.616740 1900 1060
20190709T130731.628706 436.869 336.077 71.3804 60.3054 74.1079 370.01 349.343 391.5 349.5 20190709T130731.628706 1900 1060
20190709T130731.637953 1900 1060
20190709T130731.648138 1900 1060
20190709T130731.656691 435.782 336.146 70.7233 60.4069 73.7051 368.833 349.301 390.471 349.471 20190709T130731.656691 1900 1060
20190709T130731.668201 1900 1060
20190709T130731.676554 1900 1060
20190709T130731.688708 435.755 336.234 71.1913 60.2948 73.2203 368.857 349.52 390.761 349.715 20190709T130731.688708 1900 1060
20190709T130731.699305 1900 1060
20190709T130731.708655 1900 1060
20190709T130731.716174 436.321 337.328 70.5759 60.3764 72.8281 369.345 350.155 390.992 350.409 20190709T130731.716174 1900 1060
20190709T130731.729581 1900 1060
20190709T130731.740723 1900 1060
20190709T130731.748730 437.316 338.946 71.2794 60.3514 73.6473 370.083 351.479 391.774 352.056 20190709T130731.748730 1900 1060
20190709T130731.760534 1900 1060
20190709T130731.768273 1900 1060
20190709T130731.780604 438.273 340.333 70.81 60.2581 73.7984 371.098 353.418 392.955 353.839 20190709T130731.780604 1900 1060
20190709T130731.791222 1900 1060
20190709T130731.800719 1900 1060
20190709T130731.808752 438.868 342.038 71.0475 60.0698 75.0195 371.907 354.849 393.599 355.176 20190709T130731.808752 1900 1060
20190709T130731.820293 1900 1060
20190709T130731.828216 1900 1060
20190709T130731.840237 439.457 343.183 70.1025 60.3569 72.4253 372.72 356.156 394.061 356.492 20190709T130731.840237 1900 1060
20190709T130731.851723 1900 1060
20190709T130731.860135 1900 1060
20190709T130731.868194 440.037 344.584 70.7967 59.8662 73.5129 372.948 357.344 394.872 357.759 20190709T130731.868194 1900 1060
20190709T130731.881378 1900 1060
20190709T130731.889322 1900 1060
20190709T130731.900702 439.385 345.653 70.5246 60.2346 74.8181 372.826 358.249 394.275 358.782 20190709T130731.900702 1900 1060
20190709T130731.910857 1900 1060
20190709T130731.919998 1900 1060
20190709T130731.928730 405.787 335.132 68.9739 63.3802 79.1807 358.726 353.491 379.177 354.13 20190709T130731.928730 1900 1060
20190709T130731.940798 1900 1060
20190709T130731.948832 1900 1060
20190709T130731.960753 381.959 328.034 70.1413 64.2252 63.7337 347.092 350.063 367.474 350.826 20190709T130731.960753 1900 1060
