16132019302 960 540
16132019309 960 540
16132019321 960 540
16132019329 960 540
16132019342 960 540
16132019349 960 540
16132019361 960 540
16132019373 960 540
16132019381 960 540
16132019393 960 540
16132019401 960 540
16132019413 960 540
16132019421 960 540
16132019433 960 540
16132019441 960 540
16132019453 960 540
16132019461 960 540
16132019474 960 540
16132019481 960 540
16132019493 960 540
16132019501 960 540
16132019514 960 540
16132019522 960 540
16132019533 960 540
16132019541 960 540
16132019554 960 540
16132019561 960 540
16132019573 960 540
16132019581 960 540
16132019594 960 540
16132019602 960 540
16132019613 960 540
16132019625 960 540
16132019634 960 540
16132019646 960 540
16132019653 960 540
16132019665 960 540
16132019674 960 540
16132019686 960 540
16132019693 960 540
16132019706 960 540
16132019713 960 540
16132019725 960 540
16132019734 960 540
16132019746 960 540
16132019753 960 540
16132019765 960 540
16132019774 960 540
16132019786 960 540
16132019794 960 540
16132019806 960 540
16132019814 960 540
16132019826 960 540
16132019833 960 540
16132019845 960 540
16132019854 960 540
16132019865 960 540
16132019877 960 540
16132019885 960 540
16132019898 960 540
16132019906 960 540
16132019917 960 540
16132019926 960 540
16132019937 960 540
16132019945 960 540
16132019957 960 540
16132019966 960 540
16132019978 960 540
16132019986 960 540
16132019997 960 540
16132020006 960 540
16132020017 960 540
16132020025 960 540
16132020038 960 540
16132020046 960 540
16132020058 960 540
16132020066 960 540
16132020077 960 540
16132020085 960 540
16132020098 960 540
16132020105 960 540
16132020117 960 540
16132020129 960 540
16132020138 960 540
16132020149 960 540
16132020157 960 540
16132020169 960 540
16132020177 960 540
16132020190 960 540
16132020197 960 540
16132020209 960 540
16132020217 960 540
16132020229 960 540
16132020237 960 540
16132020249 960 540
16132020257 960 540
16132020270 960 540
16132020277 960 540
16132020289 960 540
16132020298 960 540
16132020310 960 540
16132020317 960 540
16132020329 960 540
16132020337 960 540
16132020350 960 540
16132020357 960 540
16132020369 960 540
16132020381 960 540
16132020390 960 540
16132020401 960 540
16132020409 960 540
16132020422 960 540
16132020430 960 540
16132020441 960 540
16132020449 960 540
16132020462 960 540
16132020470 960 540
16132020481 960 540
16132020489 960 540
16132020502 960 540
16132020510 960 540
16132020521 960 540
16132020529 960 540
16132020542 960 540
16132020550 960 540
16132020561 960 540
16132020569 960 540
16132020581 960 540
16132020589 960 540
16132020601 960 540
16132020609 960 540
16132020621 960 540
16132020633 960 540
16132020641 960 540
16132020654 960 540
16132020661 960 540
16132020673 960 540
16132020681 960 540
16132020693 960 540
16132020701 960 540
16132020713 960 540
16132020722 960 540
16132020734 960 540
16132020741 960 540
16132020753 960 540
16132020761 960 540
16132020774 960 540
16132020781 960 540
16132020793 960 540
16132020801 960 715
16132020814 960 715
16132020821 960 715
16132020833 960 715
16132020841 960 715
16132020854 960 715
16132020861 960 715
16132020873 960 715
16132020885 960 715
16132020894 960 715
16132020905 960 715
16132020913 960 715
16132020925 960 715
16132020933 960 715
16132020945 960 715
16132020953 960 715
16132020965 960 715
16132020973 960 715
16132020985 960 715
16132020993 960 715
16132021006 960 715
16132021014 960 715
16132021025 960 715
16132021033 960 715
16132021045 960 715
16132021053 960 715
16132021065 960 715
16132021073 960 715
16132021085 960 715
16132021093 960 715
16132021105 960 715
16132021114 960 715
16132021125 960 715
16132021137 960 715
16132021145 960 715
16132021157 960 715
16132021165 960 715
16132021177 960 715
16132021185 960 715
16132021197 960 715
16132021205 960 715
16132021217 960 715
16132021225 960 715
16132021237 960 715
16132021245 960 715
16132021258 960 715
16132021265 960 715
16132021277 960 715
16132021286 960 715
16132021298 960 715
16132021305 960 715
16132021317 960 715
16132021325 960 715
16132021338 960 715
16132021345 960 715
16132021357 960 715
16132021365 960 715
16132021377 960 715
16132021389 960 715
16132021397 960 715
16132021409 960 715
16132021417 960 715
16132021429 960 715
16132021437 960 715
16132021449 960 715
16132021457 960 715
16132021470 960 715
16132021478 960 715
16132021489 960 715
16132021497 960 715
16132021509 960 715
16132021517 960 715
16132021530 960 715
16132021538 960 715
16132021549 960 715
16132021557 960 715
16132021569 960 715
16132021577 960 715
16132021590 960 715
16132021598 960 715
16132021609 960 715
16132021617 960 715
16132021629 960 715
16132021641 960 715
16132021650 960 715
16132021661 960 715
16132021669 960 715
16132021681 960 715
16132021690 960 715
16132021702 960 715
16132021709 960 715
16132021721 960 715
16132021729 960 715
16132021741 960 715
16132021749 960 715
16132021761 960 715
16132021769 960 715
16132021781 960 715
16132021789 960 715
16132021801 960 715
16132021810 960 715
16132021822 960 715
16132021829 960 715
16132021841 960 715
16132021849 960 715
16132021861 960 715
16132021870 960 715
16132021882 960 715
16132021893 960 715
16132021901 960 715
16132021913 960 715
16132021921 960 715
16132021933 960 715
16132021941 960 715
16132021953 960 715
16132021961 960 715
16132021973 960 715
16132021981 960 715
16132021994 960 715
16132022002 960 715
16132022013 960 715
16132022021 960 715
16132022033 960 715
16132022041 960 715
16132022054 960 715
16132022062 960 715
16132022073 960 715
16132022081 960 715
16132022093 960 715
16132022101 960 715
16132022114 960 715
16132022122 960 715
16132022133 960 715
16132022145 960 715
16132022153 960 715
16132022165 960 715
16132022173 960 715
16132022185 960 715
16132022193 960 715
16132022205 960 715
16132022213 960 715
16132022225 960 715
16132022233 960 715
16132022245 960 715
16132022253 960 715
16132022265 960 715
16132022273 960 715
16132022285 960 715
16132022293 960 715
16132022306 960 540
16132022314 960 540
16132022325 960 540
16132022333 960 540
16132022345 960 540
16132022353 960 540
16132022365 960 540
16132022373 960 540
16132022385 960 540
16132022397 960 540
16132022405 960 540
16132022417 960 540
16132022425 960 540
16132022437 960 540
16132022445 960 540
16132022457 960 540
16132022465 960 540
16132022477 960 540
16132022485 960 540
16132022497 960 540
16132022505 960 540
16132022517 960 540
16132022525 960 540
16132022538 960 540
16132022546 960 540
16132022557 960 540
16132022565 960 540
16132022577 960 540
16132022585 960 540
16132022597 960 540
16132022606 960 540
16132022617 960 540
16132022625 960 540
16132022637 960 540
16132022649 960 540
16132022657 960 540
16132022669 960 540
16132022677 960 540
16132022689 960 540
16132022697 960 540
16132022709 960 540
16132022717 960 540
16132022729 960 540
16132022737 960 540
16132022749 960 540
16132022757 960 540
16132022769 960 540
16132022777 960 540
16132022789 960 540
16132022797 960 540
16132022809 960 540
16132022817 960 540
16132022829 960 540
16132022838 960 540
16132022850 960 540
16132022857 960 540
16132022869 960 540
16132022877 960 540
16132022889 960 540
16132022902 960 540
16132022910 960 540
16132022921 960 540
16132022929 960 540
16132022941 960 540
16132022949 960 540
16132022961 960 540
16132022969 960 540
16132022981 960 540
16132022989 960 540
16132023001 960 540
16132023009 960 540
16132023022 960 540
16132023030 960 540
16132023041 960 540
16132023049 960 540
16132023061 960 540
16132023069 960 540
16132023082 960 540
16132023089 960 540
16132023101 960 540
16132023109 960 540
16132023121 960 540
16132023130 960 540
16132023142 960 540
16132023154 960 540
16132023161 960 540
16132023173 960 540
16132023181 960 540
16132023193 960 540
16132023202 960 540
16132023213 960 540
16132023221 960 540
16132023233 960 540
16132023241 960 540
16132023253 960 540
16132023262 960 540
16132023274 960 540
16132023281 960 540
16132023293 960 540
16132023301 960 540
16132023313 960 540
16132023321 960 540
16132023333 960 540
16132023341 960 540
16132023353 960 540
16132023361 960 540
16132023373 960 540
16132023381 960 540
16132023393 960 540
16132023405 960 540
16132023413 960 540
16132023425 960 540
16132023433 960 540
16132023445 960 540
16132023453 960 540
16132023465 960 540
16132023473 960 540
16132023485 960 540
16132023493 960 540
16132023506 960 540
16132023513 960 540
16132023525 960 540
16132023533 960 540
16132023545 960 540
16132023553 960 540
16132023565 960 540
16132023574 960 540
16132023585 960 540
16132023593 960 540
16132023605 960 540
16132023613 960 540
16132023626 960 540
16132023633 960 540
16132023645 960 540
16132023657 960 540
16132023665 960 540
16132023677 960 540
16132023685 960 540
16132023697 960 540
16132023705 960 540
16132023717 960 540
16132023725 960 540
16132023737 960 540
16132023745 960 540
16132023757 960 540
16132023765 960 540
16132023777 960 540
16132023785 960 540
16132023797 960 540
16132023806 960 715
16132023818 960 715
16132023825 960 715
16132023837 960 715
16132023845 960 715
16132023857 960 715
16132023865 960 715
16132023877 960 715
16132023886 960 715
16132023898 960 715
16132023909 960 715
16132023917 960 715
16132023929 960 715
16132023937 960 715
16132023950 960 715
16132023958 960 715
16132023969 960 715
16132023977 960 715
16132023989 960 715
16132023997 960 715
16132024009 960 715
16132024017 960 715
16132024029 960 715
16132024037 960 715
16132024049 960 715
16132024057 960 715
16132024069 960 715
16132024077 960 715
16132024089 960 715
16132024097 960 715
16132024109 960 715
16132024117 960 715
16132024129 960 715
16132024137 960 715
16132024149 960 715
16132024161 960 715
16132024169 960 715
16132024181 960 715
16132024189 960 715
16132024202 960 715
16132024209 960 715
16132024221 960 715
16132024229 960 715
16132024241 960 715
16132024249 960 715
16132024261 960 715
16132024269 960 715
16132024281 960 715
16132024289 960 715
16132024301 960 715
16132024309 960 715
16132024321 960 715
16132024329 960 715
16132024341 960 715
16132024349 960 715
16132024361 960 715
16132024369 960 715
16132024381 960 715
16132024389 960 715
16132024401 960 715
16132024413 960 715
16132024421 960 715
16132024434 960 715
16132024441 960 715
16132024453 960 715
16132024461 960 715
16132024473 960 715
16132024481 960 715
16132024494 960 715
16132024502 960 715
16132024513 960 715
16132024521 960 715
16132024533 960 715
16132024541 960 715
16132024553 960 715
16132024561 960 715
16132024573 960 715
16132024581 960 715
16132024593 960 715
16132024601 960 715
16132024613 960 715
16132024621 960 715
16132024633 960 715
16132024641 960 715
16132024653 960 715
16132024665 960 715
16132024673 960 715
16132024685 960 715
16132024693 960 715
16132024705 960 715
16132024713 960 715
16132024725 960 715
16132024733 960 715
16132024745 960 715
16132024753 960 715
16132024765 960 715
16132024773 960 715
16132024785 960 715
16132024793 960 715
16132024806 960 715
16132024813 960 715
16132024825 960 715
16132024833 960 715
16132024845 960 715
16132024853 960 715
16132024865 960 715
16132024873 960 715
16132024885 960 715
16132024893 960 715
16132024905 960 715
16132024917 960 715
16132024925 960 715
16132024937 960 715
16132024945 960 715
16132024957 960 715
16132024965 960 715
16132024977 960 715
16132024985 960 715
16132024997 960 715
16132025005 960 715
16132025017 960 715
16132025025 960 715
16132025037 960 715
16132025046 960 715
16132025057 960 715
16132025065 960 715
16132025077 960 715
16132025085 960 715
16132025097 960 715
16132025105 960 715
16132025117 960 715
16132025125 960 715
16132025137 960 715
16132025145 960 715
16132025157 960 715
16132025169 960 715
16132025177 960 715
16132025189 960 715
16132025197 960 715
16132025209 960 715
16132025218 960 715
16132025229 960 715
16132025237 960 715
16132025249 960 715
16132025257 960 715
16132025269 960 715
16132025277 960 715
16132025289 960 715
16132025297 960 715
16132025310 960 540
16132025318 960 540
16132025329 960 540
16132025337 960 540
16132025349 960 540
16132025357 960 540
16132025369 960 540
16132025377 960 540
16132025389 960 540
16132025397 960 540
16132025409 960 540
16132025421 960 540
16132025429 960 540
16132025441 960 540
16132025449 960 540
16132025461 960 540
16132025469 960 540
16132025481 960 540
16132025489 960 540
16132025501 960 540
16132025509 960 540
16132025521 960 540
16132025529 960 540
16132025541 960 540
16132025549 960 540
16132025561 960 540
16132025569 960 540
16132025581 960 540
16132025589 960 540
16132025601 960 540
16132025609 960 540
16132025621 960 540
16132025629 960 540
16132025641 960 540
16132025649 960 540
16132025661 960 540
16132025673 960 540
16132025681 960 540
16132025693 960 540
16132025701 960 540
16132025713 960 540
16132025721 960 540
16132025733 960 540
16132025741 960 540
16132025753 960 540
16132025761 960 540
16132025773 960 540
16132025781 960 540
16132025794 960 540
16132025801 960 540
16132025813 960 540
16132025821 960 540
16132025833 960 540
16132025841 960 540
16132025853 960 540
16132025861 960 540
16132025873 960 540
16132025881 960 540
16132025893 960 540
16132025901 960 540
16132025913 960 540
16132025925 960 540
16132025934 960 540
16132025945 960 540
16132025953 960 540
16132025965 960 540
16132025973 960 540
16132025985 960 540
16132025993 960 540
16132026005 960 540
16132026013 960 540
16132026025 960 540
16132026033 960 540
16132026045 960 540
16132026053 960 540
16132026065 960 540
16132026073 960 540
16132026085 960 540
16132026093 960 540
16132026105 960 540
16132026113 960 540
16132026125 960 540
16132026133 960 540
16132026145 960 540
16132026153 960 540
16132026165 960 540
16132026177 960 540
16132026185 960 540
16132026197 960 540
16132026205 960 540
16132026217 960 540
16132026225 960 540
16132026237 960 540
16132026245 960 540
16132026257 960 540
16132026265 960 540
16132026277 960 540
16132026285 960 540
16132026297 960 540
16132026305 960 540
16132026317 960 540
16132026325 960 540
16132026337 960 540
16132026345 960 540
16132026357 960 540
16132026365 960 540
16132026377 960 540
16132026385 960 540
16132026397 960 540
16132026405 960 540
16132026417 960 540
16132026429 960 540
16132026437 960 540
16132026449 960 540
16132026457 960 540
16132026469 960 540
16132026477 960 540
16132026489 960 540
16132026497 960 540
16132026509 960 540
16132026517 960 540
16132026529 960 540
16132026537 960 540
16132026549 960 540
16132026557 960 540
16132026569 960 540
16132026577 960 540
16132026589 960 540
16132026597 960 540
16132026609 960 540
16132026617 960 540
16132026629 960 540
16132026637 960 540
16132026649 960 540
16132026657 960 540
16132026669 960 540
16132026681 960 540
16132026689 960 540
16132026701 960 540
16132026709 960 540
16132026721 960 540
16132026729 960 540
16132026741 960 540
16132026749 960 540
16132026761 960 540
16132026769 960 540
16132026781 960 540
16132026789 960 540
16132026801 960 540
16132026809 960 190
16132026822 960 190
16132026829 960 190
16132026841 960 190
16132026849 960 190
16132026861 960 190
16132026869 960 190
16132026881 960 190
16132026889 960 190
16132026901 960 190
16132026909 960 190
16132026921 960 190
16132026933 960 190
16132026941 960 190
16132026953 960 190
16132026961 960 190
16132026973 960 190
16132026981 960 190
16132026993 960 190
16132027001 960 190
16132027014 960 190
16132027021 960 190
16132027033 960 190
16132027041 960 190
16132027053 960 190
16132027061 960 190
16132027073 960 190
16132027081 960 190
16132027093 960 190
16132027101 960 190
16132027113 960 190
16132027121 960 190
16132027133 960 190
16132027141 960 190
16132027153 960 190
16132027161 960 190
16132027173 960 190
16132027185 960 190
16132027193 960 190
16132027205 960 190
16132027213 960 190
16132027225 960 190
16132027233 960 190
16132027245 960 190
16132027253 960 190
16132027265 960 190
16132027273 960 190
16132027285 960 190
16132027293 960 190
16132027305 960 190
16132027313 960 190
16132027325 960 190
16132027333 960 190
16132027345 960 190
16132027353 960 190
16132027365 960 190
16132027373 960 190
16132027385 960 190
16132027393 960 190
16132027405 960 190
16132027413 960 190
16132027425 960 190
16132027437 960 190
16132027445 960 190
16132027457 960 190
16132027465 960 190
16132027477 960 190
16132027485 960 190
16132027497 960 190
16132027505 960 190
16132027517 960 190
16132027525 960 190
16132027537 960 190
16132027545 960 190
16132027557 960 190
16132027565 960 190
16132027577 960 190
16132027585 960 190
16132027597 960 190
16132027605 960 190
16132027617 960 190
16132027625 960 190
16132027637 960 190
16132027645 960 190
16132027657 960 190
16132027665 960 190
16132027677 960 190
16132027689 960 190
16132027697 960 190
16132027709 960 190
16132027717 960 190
16132027729 960 190
16132027737 960 190
16132027749 960 190
16132027757 960 190
16132027769 960 190
16132027777 960 190
16132027789 960 190
16132027797 960 190
16132027809 960 190
16132027817 960 190
16132027829 960 190
16132027837 960 190
16132027849 960 190
16132027857 960 190
16132027869 960 190
16132027877 960 190
16132027889 960 190
16132027897 960 190
16132027909 960 190
16132027917 960 190
16132027929 960 190
16132027941 960 190
16132027949 960 190
16132027961 960 190
16132027969 960 190
16132027981 960 190
16132027989 960 190
16132028001 960 190
16132028009 960 190
16132028021 960 190
16132028029 960 190
16132028041 960 190
16132028049 960 190
16132028061 960 190
16132028069 960 190
16132028081 960 190
16132028089 960 190
16132028101 960 190
16132028109 960 190
16132028121 960 190
16132028129 960 190
16132028141 960 190
16132028149 960 190
16132028161 960 190
16132028169 960 190
16132028181 960 190
16132028193 960 190
16132028201 960 190
16132028213 960 190
16132028221 960 190
16132028233 960 190
16132028241 960 190
16132028253 960 190
16132028261 960 190
16132028273 960 190
16132028281 960 190
16132028293 960 190
16132028301 960 190
16132028314 960 540
16132028321 960 540
16132028333 960 540
16132028341 960 540
16132028353 960 540
16132028361 960 540
16132028373 960 540
16132028381 960 540
16132028393 960 540
16132028401 960 540
16132028413 960 540
16132028421 960 540
16132028433 960 540
16132028445 960 540
16132028453 960 540
16132028465 960 540
16132028473 960 540
16132028485 960 540
16132028493 960 540
16132028505 960 540
16132028513 960 540
16132028525 960 540
16132028533 960 540
16132028545 960 540
16132028553 960 540
16132028565 960 540
16132028573 960 540
16132028585 960 540
16132028593 960 540
16132028605 960 540
16132028613 960 540
16132028625 960 540
16132028633 960 540
16132028645 960 540
16132028653 960 540
16132028665 960 540
16132028673 960 540
16132028685 960 540
16132028697 960 540
16132028705 960 540
16132028717 960 540
16132028725 960 540
16132028737 960 540
16132028746 960 540
16132028757 960 540
16132028765 960 540
16132028777 960 540
16132028785 960 540
16132028797 960 540
16132028805 960 540
16132028817 960 540
16132028825 960 540
16132028837 960 540
16132028845 960 540
16132028857 960 540
16132028865 960 540
16132028877 960 540
16132028885 960 540
16132028897 960 540
16132028905 960 540
16132028917 960 540
16132028925 960 540
16132028937 960 540
16132028949 960 540
16132028957 960 540
16132028969 960 540
16132028977 960 540
16132028989 960 540
16132028997 960 540
16132029009 960 540
16132029017 960 540
16132029029 960 540
16132029037 960 540
16132029049 960 540
16132029057 960 540
16132029069 960 540
16132029077 960 540
16132029089 960 540
16132029097 960 540
16132029109 960 540
16132029117 960 540
16132029129 960 540
16132029137 960 540
16132029149 960 540
16132029157 960 540
16132029169 960 540
16132029177 960 540
16132029189 960 540
16132029201 960 540
16132029209 960 540
16132029221 960 540
16132029229 960 540
16132029241 960 540
16132029249 960 540
16132029261 960 540
16132029269 960 540
16132029281 960 540
16132029289 960 540
16132029301 960 540
16132029309 960 540
16132029321 960 540
16132029329 960 540
16132029341 960 540
16132029349 960 540
16132029361 960 540
16132029369 960 540
16132029381 960 540
16132029389 960 540
16132029401 960 540
16132029409 960 540
16132029421 960 540
16132029429 960 540
16132029441 960 540
16132029453 960 540
16132029461 960 540
16132029473 960 540
16132029481 960 540
16132029493 960 540
16132029501 960 540
16132029513 960 540
16132029521 960 540
16132029533 960 540
16132029541 960 540
16132029553 960 540
16132029561 960 540
16132029573 960 540
16132029581 960 540
16132029593 960 540
16132029601 960 540
16132029613 960 540
16132029621 960 540
16132029633 960 540
16132029641 960 540
16132029653 960 540
16132029661 960 540
16132029673 960 540
16132029681 960 540
16132029693 960 540
16132029705 960 540
16132029713 960 540
16132029725 960 540
16132029733 960 540
16132029745 960 540
16132029753 960 540
16132029765 960 540
16132029773 960 540
16132029785 960 540
16132029793 960 540
16132029805 960 540
16132029813 960 190
16132029826 960 190
16132029833 960 190
16132029845 960 190
16132029853 960 190
16132029865 960 190
16132029873 960 190
16132029885 960 190
16132029893 960 190
16132029905 960 190
16132029913 960 190
16132029925 960 190
16132029933 960 190
16132029945 960 190
16132029957 960 190
16132029965 960 190
16132029977 960 190
16132029985 960 190
16132029997 960 190
16132030005 960 190
16132030017 960 190
16132030025 960 190
16132030037 960 190
16132030045 960 190
16132030057 960 190
16132030065 960 190
16132030077 960 190
16132030085 960 190
16132030097 960 190
16132030105 960 190
16132030117 960 190
16132030125 960 190
16132030137 960 190
16132030145 960 190
16132030157 960 190
16132030165 960 190
16132030177 960 190
16132030185 960 190
16132030197 960 190
16132030209 960 190
16132030217 960 190
16132030229 960 190
16132030237 960 190
16132030249 960 190
16132030257 960 190
16132030269 960 190
16132030277 960 190
16132030289 960 190
16132030297 960 190
16132030309 960 190
16132030317 960 190
16132030329 960 190
16132030337 960 190
16132030349 960 190
16132030357 960 190
16132030369 960 190
16132030377 960 190
16132030389 960 190
16132030397 960 190
16132030409 960 190
16132030417 960 190
16132030429 960 190
16132030437 960 190
16132030449 960 190
16132030461 960 190
16132030469 960 190
16132030481 960 190
16132030489 960 190
16132030501 960 190
16132030509 960 190
16132030521 960 190
16132030529 960 190
16132030541 960 190
16132030549 960 190
16132030561 960 190
16132030569 960 190
16132030581 960 190
16132030589 960 190
16132030601 960 190
16132030609 960 190
16132030621 960 190
16132030629 960 190
16132030641 960 190
16132030649 960 190
16132030661 960 190
16132030669 960 190
16132030681 960 190
16132030689 960 190
16132030701 960 190
16132030713 960 190
16132030721 960 190
16132030733 960 190
16132030741 960 190
16132030753 960 190
16132030761 960 190
16132030773 960 190
16132030781 960 190
16132030793 960 190
16132030801 960 190
16132030813 960 190
16132030821 960 190
16132030833 960 190
16132030841 960 190
16132030853 960 190
16132030861 960 190
16132030873 960 190
16132030881 960 190
16132030893 960 190
16132030901 960 190
16132030913 960 190
16132030921 960 190
16132030933 960 190
16132030941 960 190
16132030953 960 190
16132030965 960 190
16132030973 960 190
16132030985 960 190
16132030993 960 190
16132031005 960 190
16132031013 960 190
16132031025 960 190
16132031033 960 190
16132031045 960 190
16132031053 960 190
16132031065 960 190
16132031073 960 190
16132031085 960 190
16132031093 960 190
16132031105 960 190
16132031113 960 190
16132031125 960 190
16132031133 960 190
16132031145 960 190
16132031153 960 190
16132031165 960 190
16132031173 960 190
16132031185 960 190
16132031193 960 190
16132031205 960 190
16132031217 960 190
16132031225 960 190
16132031237 960 190
16132031245 960 190
16132031257 960 190
16132031265 960 190
16132031277 960 190
16132031285 960 190
16132031297 960 190
16132031305 960 190
16132031318 960 540
16132031325 960 540
16132031337 960 540
16132031345 960 540
16132031357 960 540
16132031365 960 540
16132031377 960 540
16132031385 960 540
16132031397 960 540
16132031405 960 540
16132031417 960 540
16132031425 960 540
16132031437 960 540
16132031445 960 540
16132031457 960 540
16132031469 960 540
16132031477 960 540
16132031489 960 540
16132031497 960 540
16132031509 960 540
16132031517 960 540
16132031529 960 540
16132031537 960 540
16132031549 960 540
16132031557 960 540
16132031569 960 540
16132031577 960 540
16132031589 960 540
16132031597 960 540
16132031609 960 540
16132031617 960 540
16132031629 960 540
16132031637 960 540
16132031649 960 540
16132031657 960 540
16132031669 960 540
16132031677 960 540
16132031689 960 540
16132031697 960 540
16132031709 960 540
16132031721 960 540
16132031729 960 540
16132031741 960 540
16132031749 960 540
16132031761 960 540
16132031769 960 540
16132031781 960 540
16132031789 960 540
16132031801 960 540
16132031809 960 540
16132031821 960 540
16132031829 960 540
16132031841 960 540
16132031849 960 540
16132031861 960 540
16132031869 960 540
16132031881 960 540
16132031889 960 540
16132031901 960 540
16132031909 960 540
16132031921 960 540
16132031929 960 540
16132031941 960 540
16132031949 960 540
16132031961 960 540
16132031973 960 540
16132031981 960 540
16132031993 960 540
16132032001 960 540
16132032013 960 540
16132032021 960 540
16132032033 960 540
16132032041 960 540
16132032053 960 540
16132032061 960 540
16132032073 960 540
16132032081 960 540
16132032093 960 540
16132032101 960 540
16132032113 960 540
16132032121 960 540
16132032133 960 540
16132032141 960 540
16132032153 960 540
16132032161 960 540
16132032173 960 540
16132032181 960 540
16132032193 960 540
16132032201 960 540
16132032213 960 540
16132032225 960 540
16132032233 960 540
16132032245 960 540
16132032253 960 540
16132032265 960 540
16132032273 960 540
16132032285 960 540
16132032293 960 540
16132032305 960 540
16132032313 960 540
16132032325 960 540
16132032333 960 540
16132032345 960 540
16132032353 960 540
16132032365 960 540
16132032373 960 540
16132032385 960 540
16132032393 960 540
16132032405 960 540
16132032413 960 540
16132032424 960 540
16132032432 960 540
16132032444 960 540
16132032452 960 540
16132032465 960 540
16132032477 960 540
16132032486 960 540
16132032498 960 540
16132032506 960 540
16132032518 960 540
16132032526 960 540
16132032538 960 540
16132032546 960 540
16132032558 960 540
16132032566 960 540
16132032578 960 540
16132032586 960 540
16132032598 960 540
16132032606 960 540
16132032618 960 540
16132032626 960 540
16132032638 960 540
16132032646 960 540
16132032658 960 540
16132032666 960 540
16132032678 960 540
16132032686 960 540
16132032698 960 540
16132032706 960 540
16132032718 960 540
16132032730 960 540
16132032738 960 540
16132032750 960 540
16132032758 960 540
16132032770 960 540
16132032778 960 540
16132032790 960 540
16132032798 960 540
16132032810 960 540
16132032818 960 890
16132032830 960 890
16132032838 960 890
16132032850 960 890
16132032858 960 890
16132032870 960 890
16132032878 960 890
16132032890 960 890
16132032898 960 890
16132032910 960 890
16132032918 960 890
16132032930 960 890
16132032938 960 890
16132032950 960 890
16132032958 960 890
16132032970 960 890
16132032982 960 890
16132032990 960 890
16132033002 960 890
16132033010 960 890
16132033022 960 890
16132033030 960 890
16132033042 960 890
16132033050 960 890
16132033062 960 890
16132033070 960 890
16132033082 960 890
16132033090 960 890
16132033102 960 890
16132033110 960 890
16132033122 960 890
16132033130 960 890
16132033142 960 890
16132033150 960 890
16132033162 960 890
16132033170 960 890
16132033182 960 890
16132033190 960 890
16132033202 960 890
16132033210 960 890
16132033222 960 890
16132033234 960 890
16132033242 960 890
16132033254 960 890
16132033262 960 890
16132033274 960 890
16132033282 960 890
16132033294 960 890
16132033302 960 890
16132033314 960 890
16132033322 960 890
16132033334 960 890
16132033342 960 890
16132033354 960 890
16132033362 960 890
16132033374 960 890
16132033382 960 890
16132033394 960 890
16132033402 960 890
16132033414 960 890
16132033422 960 890
16132033434 960 890
16132033442 960 890
16132033454 960 890
16132033462 960 890
16132033474 960 890
16132033486 960 890
16132033494 960 890
16132033506 960 890
16132033514 960 890
16132033526 960 890
16132033534 960 890
16132033546 960 890
16132033554 960 890
16132033566 960 890
16132033574 960 890
16132033586 960 890
16132033594 960 890
16132033606 960 890
16132033614 960 890
16132033626 960 890
16132033634 960 890
16132033646 960 890
16132033654 960 890
16132033666 960 890
16132033674 960 890
16132033686 960 890
16132033694 960 890
16132033706 960 890
16132033714 960 890
16132033726 960 890
16132033738 960 890
16132033746 960 890
16132033758 960 890
16132033766 960 890
16132033778 960 890
16132033786 960 890
16132033798 960 890
16132033806 960 890
16132033818 960 890
16132033826 960 890
16132033838 960 890
16132033846 960 890
16132033858 960 890
16132033866 960 890
16132033878 960 890
16132033886 960 890
16132033898 960 890
16132033906 960 890
16132033918 960 890
16132033926 960 890
16132033938 960 890
16132033946 960 890
16132033958 960 890
16132033966 960 890
16132033978 960 890
16132033990 960 890
16132033998 960 890
16132034010 960 890
16132034018 960 890
16132034030 960 890
16132034038 960 890
16132034050 960 890
16132034058 960 890
16132034070 960 890
16132034078 960 890
16132034090 960 890
16132034098 960 890
16132034110 960 890
16132034118 960 890
16132034130 960 890
16132034138 960 890
16132034150 960 890
16132034158 960 890
16132034170 960 890
16132034178 960 890
16132034190 960 890
16132034198 960 890
16132034210 960 890
16132034218 960 890
16132034230 960 890
16132034242 960 890
16132034250 960 890
16132034262 960 890
16132034270 960 890
16132034282 960 890
16132034290 960 890
16132034302 960 890
16132034310 960 890
16132034322 960 540
16132034330 960 540
16132034342 960 540
16132034350 960 540
16132034362 960 540
16132034370 960 540
16132034382 960 540
16132034390 960 540
16132034402 960 540
16132034410 960 540
16132034422 960 540
16132034430 960 540
16132034442 960 540
16132034450 960 540
16132034462 960 540
16132034470 960 540
16132034482 960 540
16132034494 960 540
16132034502 960 540
16132034514 960 540
16132034522 960 540
16132034534 960 540
16132034542 960 540
16132034554 960 540
16132034562 960 540
16132034574 960 540
16132034582 960 540
16132034594 960 540
16132034602 960 540
16132034614 960 540
16132034622 960 540
16132034634 960 540
16132034642 960 540
16132034654 960 540
16132034662 960 540
16132034674 960 540
16132034682 960 540
16132034694 960 540
16132034702 960 540
16132034714 960 540
16132034722 960 540
16132034734 960 540
16132034746 960 540
16132034754 960 540
16132034766 960 540
16132034774 960 540
16132034786 960 540
16132034794 960 540
16132034806 960 540
16132034814 960 540
16132034826 960 540
16132034834 960 540
16132034846 960 540
16132034854 960 540
16132034866 960 540
16132034874 960 540
16132034886 960 540
16132034894 960 540
16132034906 960 540
16132034914 960 540
16132034926 960 540
16132034934 960 540
16132034946 960 540
16132034954 960 540
16132034966 960 540
16132034974 960 540
16132034986 960 540
16132034998 960 540
16132035006 960 540
16132035018 960 540
16132035026 960 540
16132035038 960 540
16132035046 960 540
16132035058 960 540
16132035066 960 540
16132035078 960 540
16132035086 960 540
16132035098 960 540
16132035106 960 540
16132035118 960 540
16132035126 960 540
16132035138 960 540
16132035146 960 540
16132035158 960 540
16132035166 960 540
16132035178 960 540
16132035186 960 540
16132035198 960 540
16132035206 960 540
16132035218 960 540
16132035226 960 540
16132035238 960 540
16132035250 960 540
16132035258 960 540
16132035270 960 540
16132035278 960 540
16132035290 960 540
16132035298 960 540
16132035310 960 540
16132035318 960 540
16132035330 960 540
16132035338 960 540
16132035350 960 540
16132035358 960 540
16132035370 960 540
16132035378 960 540
16132035390 960 540
16132035398 960 540
16132035410 960 540
16132035418 960 540
16132035430 960 540
16132035438 960 540
16132035450 960 540
16132035458 960 540
16132035470 960 540
16132035478 960 540
16132035490 960 540
16132035502 960 540
16132035510 960 540
16132035522 960 540
16132035530 960 540
16132035542 960 540
16132035550 960 540
16132035562 960 540
16132035570 960 540
16132035582 960 540
16132035590 960 540
16132035602 960 540
16132035610 960 540
16132035622 960 540
16132035630 960 540
16132035642 960 540
16132035650 960 540
16132035662 960 540
16132035670 960 540
16132035682 960 540
16132035690 960 540
16132035702 960 540
16132035710 960 540
16132035722 960 540
16132035730 960 540
16132035742 960 540
16132035754 960 540
16132035762 960 540
16132035774 960 540
16132035782 960 540
16132035794 960 540
16132035802 960 540
16132035814 960 540
16132035822 960 890
16132035834 960 890
16132035842 960 890
16132035854 960 890
16132035862 960 890
16132035874 960 890
16132035882 960 890
16132035894 960 890
16132035902 960 890
16132035914 960 890
16132035922 960 890
16132035934 960 890
16132035942 960 890
16132035954 960 890
16132035962 960 890
16132035974 960 890
16132035982 960 890
16132035994 960 890
16132036006 960 890
16132036014 960 890
16132036026 960 890
16132036034 960 890
16132036046 960 890
16132036054 960 890
16132036066 960 890
16132036074 960 890
16132036086 960 890
16132036094 960 890
16132036106 960 890
16132036114 960 890
16132036126 960 890
16132036134 960 890
16132036146 960 890
16132036154 960 890
16132036166 960 890
16132036174 960 890
16132036186 960 890
16132036194 960 890
16132036206 960 890
16132036214 960 890
16132036226 960 890
16132036234 960 890
16132036246 960 890
16132036258 960 890
16132036266 960 890
16132036278 960 890
16132036286 960 890
16132036298 960 890
16132036306 960 890
16132036318 960 890
16132036326 960 890
16132036338 960 890
16132036346 960 890
16132036358 960 890
16132036366 960 890
16132036378 960 890
16132036386 960 890
16132036398 960 890
16132036406 960 890
16132036418 960 890
16132036426 960 890
16132036438 960 890
16132036446 960 890
16132036458 960 890
16132036466 960 890
16132036478 960 890
16132036486 960 890
16132036498 960 890
16132036510 960 890
16132036518 960 890
16132036530 960 890
16132036538 960 890
16132036550 960 890
16132036558 960 890
16132036570 960 890
16132036578 960 890
16132036590 960 890
16132036598 960 890
16132036610 960 890
16132036618 960 890
16132036630 960 890
16132036638 960 890
16132036650 960 890
16132036658 960 890
16132036670 960 890
16132036678 960 890
16132036690 960 890
16132036698 960 890
16132036710 960 890
16132036718 960 890
16132036730 960 890
16132036738 960 890
16132036750 960 890
16132036762 960 890
16132036770 960 890
16132036782 960 890
16132036790 960 890
16132036802 960 890
16132036810 960 890
16132036822 960 890
16132036830 960 890
16132036842 960 890
16132036850 960 890
16132036862 960 890
16132036870 960 890
16132036882 960 890
16132036890 960 890
16132036902 960 890
16132036910 960 890
16132036922 960 890
16132036930 960 890
16132036942 960 890
16132036950 960 890
16132036962 960 890
16132036970 960 890
16132036982 960 890
16132036990 960 890
16132037002 960 890
16132037014 960 890
16132037022 960 890
16132037034 960 890
16132037042 960 890
16132037054 960 890
16132037062 960 890
16132037074 960 890
16132037082 960 890
16132037094 960 890
16132037102 960 890
16132037114 960 890
16132037122 960 890
16132037134 960 890
16132037142 960 890
16132037154 960 890
16132037162 960 890
16132037174 960 890
16132037182 960 890
16132037194 960 890
16132037202 960 890
16132037214 960 890
16132037222 960 890
16132037234 960 890
16132037242 960 890
16132037254 960 890
16132037266 960 890
16132037274 960 890
16132037286 960 890
16132037294 960 890
16132037306 960 890
16132037314 960 890
16132037326 960 540
16132037334 960 540
16132037346 960 540
16132037354 960 540
16132037366 960 540
16132037374 960 540
16132037386 960 540
16132037394 960 540
16132037406 960 540
16132037414 960 540
16132037426 960 540
16132037434 960 540
16132037446 960 540
16132037454 960 540
16132037466 960 540
16132037474 960 540
16132037486 960 540
16132037494 960 540
16132037506 960 540
16132037518 960 540
16132037526 960 540
16132037538 960 540
16132037546 960 540
16132037558 960 540
16132037566 960 540
16132037578 960 540
16132037586 960 540
16132037598 960 540
16132037606 960 540
16132037618 960 540
16132037626 960 540
16132037638 960 540
16132037646 960 540
16132037658 960 540
16132037666 960 540
16132037678 960 540
16132037686 960 540
16132037698 960 540
16132037706 960 540
16132037718 960 540
16132037726 960 540
16132037738 960 540
16132037746 960 540
16132037758 960 540
16132037770 960 540
16132037778 960 540
16132037790 960 540
16132037798 960 540
16132037810 960 540
16132037818 960 540
16132037830 960 540
16132037838 960 540
16132037850 960 540
16132037858 960 540
16132037870 960 540
16132037878 960 540
16132037890 960 540
16132037898 960 540
16132037910 960 540
16132037918 960 540
16132037930 960 540
16132037938 960 540
16132037950 960 540
16132037958 960 540
16132037970 960 540
16132037978 960 540
16132037990 960 540
16132037998 960 540
16132038010 960 540
16132038022 960 540
16132038030 960 540
16132038042 960 540
16132038050 960 540
16132038062 960 540
16132038070 960 540
16132038082 960 540
16132038090 960 540
16132038102 960 540
16132038110 960 540
16132038122 960 540
16132038130 960 540
16132038142 960 540
16132038150 960 540
16132038162 960 540
16132038170 960 540
16132038182 960 540
16132038190 960 540
16132038202 960 540
16132038210 960 540
16132038222 960 540
16132038230 960 540
16132038242 960 540
16132038250 960 540
16132038262 960 540
16132038274 960 540
16132038282 960 540
16132038294 960 540
16132038302 960 540
16132038314 960 540
16132038322 960 540
16132038334 960 540
16132038342 960 540
16132038354 960 540
16132038362 960 540
16132038374 960 540
16132038382 960 540
16132038394 960 540
16132038402 960 540
16132038414 960 540
16132038422 960 540
16132038434 960 540
16132038442 960 540
16132038454 960 540
16132038462 960 540
16132038474 960 540
16132038482 960 540
16132038494 960 540
16132038502 960 540
16132038514 960 540
16132038526 960 540
16132038534 960 540
16132038546 960 540
16132038554 960 540
16132038566 960 540
16132038574 960 540
16132038586 960 540
16132038594 960 540
16132038606 960 540
16132038614 960 540
16132038626 960 540
16132038634 960 540
16132038646 960 540
16132038654 960 540
16132038666 960 540
16132038674 960 540
16132038686 960 540
16132038694 960 540
16132038706 960 540
16132038714 960 540
16132038726 960 540
16132038734 960 540
16132038746 960 540
16132038754 960 540
16132038766 960 540
16132038778 960 540
16132038786 960 540
16132038798 960 540
16132038806 960 540
16132038818 960 540
16132038826 960 715
16132038838 960 715
16132038846 960 715
16132038858 960 715
16132038866 960 715
16132038878 960 715
16132038886 960 715
16132038898 960 715
16132038906 960 715
16132038918 960 715
16132038926 960 715
16132038938 960 715
16132038946 960 715
16132038958 960 715
16132038966 960 715
16132038978 960 715
16132038986 960 715
16132038998 960 715
16132039006 960 715
16132039018 960 715
16132039030 960 715
16132039038 960 715
16132039050 960 715
16132039058 960 715
16132039070 960 715
16132039078 960 715
16132039090 960 715
16132039098 960 715
16132039110 960 715
16132039118 960 715
16132039130 960 715
16132039138 960 715
16132039150 960 715
16132039158 960 715
16132039170 960 715
16132039178 960 715
16132039190 960 715
16132039198 960 715
16132039210 960 715
16132039218 960 715
16132039230 960 715
16132039238 960 715
16132039250 960 715
16132039258 960 715
16132039270 960 715
16132039282 960 715
16132039290 960 715
16132039302 960 715
16132039310 960 715
16132039322 960 715
16132039330 960 715
16132039342 960 715
16132039350 960 715
16132039362 960 715
16132039370 960 715
16132039382 960 715
16132039390 960 715
16132039402 960 715
16132039410 960 715
16132039422 960 715
16132039430 960 715
16132039442 960 715
16132039450 960 715
16132039462 960 715
16132039470 960 715
16132039482 960 715
16132039490 960 715
16132039502 960 715
16132039510 960 715
16132039522 960 715
16132039534 960 715
16132039542 960 715
16132039554 960 715
16132039562 960 715
16132039574 960 715
16132039582 960 715
16132039594 960 715
16132039602 960 715
16132039614 960 715
16132039622 960 715
16132039634 960 715
16132039642 960 715
16132039654 960 715
16132039662 960 715
16132039674 960 715
16132039682 960 715
16132039694 960 715
16132039702 960 715
16132039714 960 715
16132039722 960 715
16132039734 960 715
16132039742 960 715
16132039754 960 715
16132039762 960 715
16132039774 960 715
16132039786 960 715
16132039794 960 715
16132039806 960 715
16132039814 960 715
16132039826 960 715
16132039834 960 715
16132039846 960 715
16132039854 960 715
16132039866 960 715
16132039874 960 715
16132039886 960 715
16132039894 960 715
16132039906 960 715
16132039914 960 715
16132039926 960 715
16132039934 960 715
16132039946 960 715
16132039954 960 715
16132039966 960 715
16132039974 960 715
16132039986 960 715
16132039994 960 715
16132040006 960 715
16132040014 960 715
16132040026 960 715
16132040038 960 715
16132040046 960 715
16132040058 960 715
16132040066 960 715
16132040078 960 715
16132040086 960 715
16132040098 960 715
16132040106 960 715
16132040118 960 715
16132040126 960 715
16132040138 960 715
16132040146 960 715
16132040158 960 715
16132040166 960 715
16132040178 960 715
16132040186 960 715
16132040198 960 715
16132040206 960 715
16132040218 960 715
16132040226 960 715
16132040238 960 715
16132040246 960 715
16132040258 960 715
16132040266 960 715
16132040278 960 715
16132040290 960 715
16132040298 960 715
16132040310 960 715
16132040318 960 715
16132040330 960 540
16132040338 960 540
16132040350 960 540
16132040358 960 540
16132040370 960 540
16132040378 960 540
16132040390 960 540
16132040398 960 540
16132040410 960 540
16132040418 960 540
16132040430 960 540
16132040438 960 540
16132040450 960 540
16132040458 960 540
16132040470 960 540
16132040478 960 540
16132040490 960 540
16132040498 960 540
16132040510 960 540
16132040518 960 540
16132040530 960 540
16132040542 960 540
16132040550 960 540
16132040562 960 540
16132040570 960 540
16132040582 960 540
16132040590 960 540
16132040602 960 540
16132040610 960 540
16132040622 960 540
16132040630 960 540
16132040642 960 540
16132040650 960 540
16132040662 960 540
16132040670 960 540
16132040682 960 540
16132040690 960 540
16132040702 960 540
16132040710 960 540
16132040722 960 540
16132040730 960 540
16132040742 960 540
16132040750 960 540
16132040762 960 540
16132040770 960 540
16132040782 960 540
16132040794 960 540
16132040802 960 540
16132040814 960 540
16132040822 960 540
16132040834 960 540
16132040842 960 540
16132040854 960 540
16132040862 960 540
16132040874 960 540
16132040882 960 540
16132040894 960 540
16132040902 960 540
16132040914 960 540
16132040922 960 540
16132040934 960 540
16132040942 960 540
16132040954 960 540
16132040962 960 540
16132040974 960 540
16132040982 960 540
16132040994 960 540
16132041002 960 540
16132041014 960 540
16132041022 960 540
16132041034 960 540
16132041046 960 540
16132041054 960 540
16132041066 960 540
16132041074 960 540
16132041086 960 540
16132041094 960 540
16132041106 960 540
16132041114 960 540
16132041126 960 540
16132041134 960 540
16132041146 960 540
16132041154 960 540
16132041166 960 540
16132041174 960 540
16132041186 960 540
16132041194 960 540
16132041206 960 540
16132041214 960 540
16132041226 960 540
16132041234 960 540
16132041246 960 540
16132041254 960 540
16132041266 960 540
16132041274 960 540
16132041286 960 540
16132041298 960 540
16132041306 960 540
16132041318 960 540
16132041326 960 540
16132041338 960 540
16132041346 960 540
16132041358 960 540
16132041366 960 540
16132041378 960 540
16132041386 960 540
16132041398 960 540
16132041406 960 540
16132041418 960 540
16132041426 960 540
16132041438 960 540
16132041446 960 540
16132041458 960 540
16132041466 960 540
16132041478 960 540
16132041486 960 540
16132041498 960 540
16132041506 960 540
16132041518 960 540
16132041526 960 540
16132041538 960 540
16132041550 960 540
16132041558 960 540
16132041570 960 540
16132041578 960 540
16132041590 960 540
16132041598 960 540
16132041610 960 540
16132041618 960 540
16132041630 960 540
16132041638 960 540
16132041650 960 540
16132041658 960 540
16132041670 960 540
16132041678 960 540
16132041690 960 540
16132041698 960 540
16132041710 960 540
16132041718 960 540
16132041730 960 540
16132041738 960 540
16132041750 960 540
16132041758 960 540
16132041770 960 540
16132041778 960 540
16132041790 960 540
16132041802 960 540
16132041810 960 540
16132041822 960 540
16132041830 960 715
16132041842 960 715
16132041850 960 715
16132041862 960 715
16132041870 960 715
16132041882 960 715
16132041890 960 715
16132041902 960 715
16132041910 960 715
16132041922 960 715
16132041930 960 715
16132041942 960 715
16132041950 960 715
16132041962 960 715
16132041970 960 715
16132041982 960 715
16132041990 960 715
16132042002 960 715
16132042010 960 715
16132042022 960 715
16132042030 960 715
16132042042 960 715
16132042054 960 715
16132042062 960 715
16132042074 960 715
16132042082 960 715
16132042094 960 715
16132042102 960 715
16132042114 960 715
16132042122 960 715
16132042134 960 715
16132042142 960 715
16132042154 960 715
16132042162 960 715
16132042174 960 715
16132042182 960 715
16132042194 960 715
16132042202 960 715
16132042214 960 715
16132042222 960 715
16132042234 960 715
16132042242 960 715
16132042254 960 715
16132042262 960 715
16132042274 960 715
16132042282 960 715
16132042294 960 715
16132042306 960 715
16132042314 960 715
16132042326 960 715
16132042334 960 715
16132042346 960 715
16132042354 960 715
16132042366 960 715
16132042374 960 715
16132042386 960 715
16132042394 960 715
16132042406 960 715
16132042414 960 715
16132042426 960 715
16132042434 960 715
16132042446 960 715
16132042454 960 715
16132042466 960 715
16132042474 960 715
16132042486 960 715
16132042494 960 715
16132042506 960 715
16132042514 960 715
16132042526 960 715
16132042534 960 715
16132042546 960 715
16132042558 960 715
16132042566 960 715
16132042578 960 715
16132042586 960 715
16132042598 960 715
16132042606 960 715
16132042618 960 715
16132042626 960 715
16132042638 960 715
16132042646 960 715
16132042658 960 715
16132042666 960 715
16132042678 960 715
16132042686 960 715
16132042698 960 715
16132042706 960 715
16132042718 960 715
16132042726 960 715
16132042738 960 715
16132042746 960 715
16132042758 960 715
16132042766 960 715
16132042778 960 715
16132042786 960 715
16132042798 960 715
16132042810 960 715
16132042818 960 715
16132042830 960 715
16132042838 960 715
16132042850 960 715
16132042858 960 715
16132042870 960 715
16132042878 960 715
16132042890 960 715
16132042898 960 715
16132042910 960 715
16132042918 960 715
16132042930 960 715
16132042938 960 715
16132042950 960 715
16132042958 960 715
16132042970 960 715
16132042978 960 715
16132042990 960 715
16132042998 960 715
16132043010 960 715
16132043018 960 715
16132043030 960 715
16132043038 960 715
16132043050 960 715
16132043062 960 715
16132043070 960 715
16132043082 960 715
16132043090 960 715
16132043102 960 715
16132043110 960 715
16132043122 960 715
16132043130 960 715
16132043142 960 715
16132043150 960 715
16132043162 960 715
16132043170 960 715
16132043182 960 715
16132043190 960 715
16132043202 960 715
16132043210 960 715
16132043222 960 715
16132043230 960 715
16132043242 960 715
16132043250 960 715
16132043262 960 715
16132043270 960 715
16132043282 960 715
16132043290 960 715
16132043302 960 715
16132043314 960 715
16132043322 960 715
16132043334 960 540
16132043342 960 540
16132043354 960 540
16132043362 960 540
16132043374 960 540
16132043382 960 540
16132043394 960 540
16132043402 960 540
16132043414 960 540
16132043422 960 540
16132043434 960 540
16132043442 960 540
16132043454 960 540
16132043462 960 540
16132043474 960 540
16132043482 960 540
16132043494 960 540
16132043502 960 540
16132043514 960 540
16132043522 960 540
16132043534 960 540
16132043542 960 540
16132043554 960 540
16132043566 960 540
16132043574 960 540
16132043586 960 540
16132043594 960 540
16132043606 960 540
16132043614 960 540
16132043626 960 540
16132043634 960 540
16132043646 960 540
16132043654 960 540
16132043666 960 540
16132043674 960 540
16132043686 960 540
16132043694 960 540
16132043706 960 540
16132043714 960 540
16132043726 960 540
16132043734 960 540
16132043746 960 540
16132043754 960 540
16132043766 960 540
16132043774 960 540
16132043786 960 540
16132043794 960 540
16132043806 960 540
16132043818 960 540
16132043826 960 540
16132043838 960 540
16132043846 960 540
16132043858 960 540
16132043866 960 540
16132043878 960 540
16132043886 960 540
16132043898 960 540
16132043906 960 540
16132043918 960 540
16132043926 960 540
16132043938 960 540
16132043946 960 540
16132043958 960 540
16132043966 960 540
16132043978 960 540
16132043986 960 540
16132043998 960 540
16132044006 960 540
16132044018 960 540
16132044026 960 540
16132044038 960 540
16132044046 960 540
16132044058 960 540
16132044070 960 540
16132044078 960 540
16132044090 960 540
16132044098 960 540
16132044110 960 540
16132044118 960 540
16132044130 960 540
16132044138 960 540
16132044150 960 540
16132044158 960 540
16132044170 960 540
16132044178 960 540
16132044190 960 540
16132044198 960 540
16132044210 960 540
16132044218 960 540
16132044230 960 540
16132044238 960 540
16132044250 960 540
16132044258 960 540
16132044270 960 540
16132044278 960 540
16132044290 960 540
16132044298 960 540
16132044310 960 540
16132044322 960 540
16132044330 960 540
16132044342 960 540
16132044350 960 540
16132044362 960 540
16132044370 960 540
16132044382 960 540
16132044390 960 540
16132044402 960 540
16132044410 960 540
16132044422 960 540
16132044430 960 540
16132044442 960 540
16132044450 960 540
16132044462 960 540
16132044470 960 540
16132044482 960 540
16132044490 960 540
16132044502 960 540
16132044510 960 540
16132044522 960 540
16132044530 960 540
16132044542 960 540
16132044550 960 540
16132044562 960 540
16132044574 960 540
16132044582 960 540
16132044594 960 540
16132044602 960 540
16132044614 960 540
16132044622 960 540
16132044634 960 540
16132044642 960 540
16132044654 960 540
16132044662 960 540
16132044674 960 540
16132044682 960 540
16132044694 960 540
16132044702 960 540
16132044714 960 540
16132044722 960 540
16132044734 960 540
16132044742 960 540
16132044754 960 540
16132044762 960 540
16132044774 960 540
16132044782 960 540
16132044794 960 540
16132044802 960 540
16132044814 960 540
16132044826 960 540
16132044834 960 890
16132044846 960 890
16132044854 960 890
16132044866 960 890
16132044874 960 890
16132044886 960 890
16132044894 960 890
16132044906 960 890
16132044914 960 890
16132044926 960 890
16132044934 960 890
16132044946 960 890
16132044954 960 890
16132044966 960 890
16132044974 960 890
16132044986 960 890
16132044994 960 890
16132045006 960 890
16132045014 960 890
16132045026 960 890
16132045034 960 890
16132045046 960 890
16132045054 960 890
16132045066 960 890
16132045078 960 890
16132045086 960 890
16132045098 960 890
16132045106 960 890
16132045118 960 890
16132045126 960 890
16132045138 960 890
16132045146 960 890
16132045158 960 890
16132045166 960 890
16132045178 960 890
16132045186 960 890
16132045198 960 890
16132045206 960 890
16132045218 960 890
16132045226 960 890
16132045238 960 890
16132045246 960 890
16132045258 960 890
16132045266 960 890
16132045278 960 890
16132045286 960 890
16132045298 960 890
16132045306 960 890
16132045318 960 890
16132045330 960 890
16132045338 960 890
16132045350 960 890
16132045358 960 890
16132045370 960 890
16132045378 960 890
16132045390 960 890
16132045398 960 890
16132045410 960 890
16132045418 960 890
16132045430 960 890
16132045438 960 890
16132045450 960 890
16132045458 960 890
16132045470 960 890
16132045478 960 890
16132045490 960 890
16132045498 960 890
16132045510 960 890
16132045518 960 890
16132045530 960 890
16132045538 960 890
16132045550 960 890
16132045558 960 890
16132045570 960 890
16132045582 960 890
16132045590 960 890
16132045602 960 890
16132045610 960 890
16132045622 960 890
16132045630 960 890
16132045642 960 890
16132045650 960 890
16132045662 960 890
16132045670 960 890
16132045682 960 890
16132045690 960 890
16132045702 960 890
16132045710 960 890
16132045722 960 890
16132045730 960 890
16132045742 960 890
16132045750 960 890
16132045762 960 890
16132045770 960 890
16132045782 960 890
16132045790 960 890
16132045802 960 890
16132045810 960 890
16132045822 960 890
16132045834 960 890
16132045842 960 890
16132045854 960 890
16132045862 960 890
16132045874 960 890
16132045882 960 890
16132045894 960 890
16132045902 960 890
16132045914 960 890
16132045922 960 890
16132045934 960 890
16132045942 960 890
16132045954 960 890
16132045962 960 890
16132045974 960 890
16132045982 960 890
16132045994 960 890
16132046002 960 890
16132046014 960 890
16132046022 960 890
16132046034 960 890
16132046042 960 890
16132046054 960 890
16132046062 960 890
16132046074 960 890
16132046086 960 890
16132046094 960 890
16132046106 960 890
16132046114 960 890
16132046126 960 890
16132046134 960 890
16132046146 960 890
16132046154 960 890
16132046166 960 890
16132046174 960 890
16132046186 960 890
16132046194 960 890
16132046206 960 890
16132046214 960 890
16132046226 960 890
16132046234 960 890
16132046246 960 890
16132046254 960 890
16132046266 960 890
16132046274 960 890
16132046286 960 890
16132046294 960 890
16132046306 960 890
16132046314 960 890
16132046326 960 890
16132046338 960 540
16132046346 960 540
16132046358 960 540
16132046366 960 540
16132046378 960 540
16132046386 960 540
16132046398 960 540
16132046406 960 540
16132046418 960 540
16132046426 960 540
16132046438 960 540
16132046446 960 540
16132046458 960 540
16132046466 960 540
16132046478 960 540
16132046486 960 540
16132046498 960 540
16132046506 960 540
16132046518 960 540
16132046526 960 540
16132046538 960 540
16132046546 960 540
16132046558 960 540
16132046566 960 540
16132046578 960 540
16132046590 960 540
16132046598 960 540
16132046610 960 540
16132046618 960 540
16132046630 960 540
16132046638 960 540
16132046650 960 540
16132046658 960 540
16132046670 960 540
16132046678 960 540
16132046690 960 540
16132046698 960 540
16132046710 960 540
16132046718 960 540
16132046730 960 540
16132046738 960 540
16132046750 960 540
16132046758 960 540
16132046770 960 540
16132046778 960 540
16132046790 960 540
16132046798 960 540
16132046810 960 540
16132046818 960 540
16132046830 960 540
16132046842 960 540
16132046850 960 540
16132046862 960 540
16132046870 960 540
16132046882 960 540
16132046890 960 540
16132046902 960 540
16132046910 960 540
16132046922 960 540
16132046930 960 540
16132046942 960 540
16132046950 960 540
16132046962 960 540
16132046970 960 540
16132046982 960 540
16132046990 960 540
16132047002 960 540
16132047010 960 540
16132047022 960 540
16132047030 960 540
16132047042 960 540
16132047050 960 540
16132047062 960 540
16132047070 960 540
16132047082 960 540
16132047094 960 540
16132047102 960 540
16132047114 960 540
16132047122 960 540
16132047134 960 540
16132047142 960 540
16132047154 960 540
16132047162 960 540
16132047174 960 540
16132047182 960 540
16132047194 960 540
16132047202 960 540
16132047214 960 540
16132047222 960 540
16132047234 960 540
16132047242 960 540
16132047254 960 540
16132047262 960 540
16132047274 960 540
16132047282 960 540
16132047294 960 540
16132047302 960 540
16132047314 960 540
16132047322 960 540
16132047334 960 540
16132047346 960 540
16132047354 960 540
16132047366 960 540
16132047374 960 540
16132047386 960 540
16132047394 960 540
16132047406 960 540
16132047414 960 540
16132047426 960 540
16132047434 960 540
16132047446 960 540
16132047454 960 540
16132047466 960 540
16132047474 960 540
16132047486 960 540
16132047494 960 540
16132047506 960 540
16132047514 960 540
16132047526 960 540
16132047534 960 540
16132047546 960 540
16132047554 960 540
16132047566 960 540
16132047574 960 540
16132047586 960 540
16132047598 960 540
16132047606 960 540
16132047618 960 540
16132047626 960 540
16132047638 960 540
16132047646 960 540
16132047658 960 540
16132047666 960 540
16132047678 960 540
16132047686 960 540
16132047698 960 540
16132047706 960 540
16132047718 960 540
16132047726 960 540
16132047738 960 540
16132047746 960 540
16132047758 960 540
16132047766 960 540
16132047778 960 540
16132047786 960 540
16132047798 960 540
16132047806 960 540
16132047818 960 540
16132047826 960 540
16132047839 960 890
16132047850 960 890
16132047858 960 890
16132047870 960 890
16132047878 960 890
16132047890 960 890
16132047898 960 890
16132047910 960 890
16132047918 960 890
16132047930 960 890
16132047938 960 890
16132047950 960 890
16132047958 960 890
16132047970 960 890
16132047978 960 890
16132047990 960 890
16132047998 960 890
16132048010 960 890
16132048018 960 890
16132048030 960 890
16132048038 960 890
16132048050 960 890
16132048058 960 890
16132048070 960 890
16132048078 960 890
16132048090 960 890
16132048102 960 890
16132048110 960 890
16132048122 960 890
16132048130 960 890
16132048142 960 890
16132048150 960 890
16132048162 960 890
16132048170 960 890
16132048182 960 890
16132048190 960 890
16132048202 960 890
16132048210 960 890
16132048222 960 890
16132048230 960 890
16132048242 960 890
16132048250 960 890
16132048262 960 890
16132048270 960 890
16132048282 960 890
16132048290 960 890
16132048302 960 890
16132048310 960 890
16132048322 960 890
16132048330 960 890
16132048342 960 890
16132048354 960 890
16132048362 960 890
16132048374 960 890
16132048382 960 890
16132048394 960 890
16132048402 960 890
16132048414 960 890
16132048422 960 890
16132048434 960 890
16132048442 960 890
16132048454 960 890
16132048462 960 890
16132048474 960 890
16132048482 960 890
16132048494 960 890
16132048502 960 890
16132048514 960 890
16132048522 960 890
16132048534 960 890
16132048542 960 890
16132048554 960 890
16132048562 960 890
16132048574 960 890
16132048582 960 890
16132048594 960 890
16132048606 960 890
16132048614 960 890
16132048626 960 890
16132048634 960 890
16132048646 960 890
16132048654 960 890
16132048666 960 890
16132048674 960 890
16132048686 960 890
16132048694 960 890
16132048706 960 890
16132048714 960 890
16132048726 960 890
16132048734 960 890
16132048746 960 890
16132048754 960 890
16132048766 960 890
16132048774 960 890
16132048786 960 890
16132048794 960 890
16132048806 960 890
16132048814 960 890
16132048826 960 890
16132048834 960 890
16132048846 960 890
16132048858 960 890
16132048866 960 890
16132048878 960 890
16132048886 960 890
16132048898 960 890
16132048906 960 890
16132048918 960 890
16132048926 960 890
16132048938 960 890
16132048947 960 890
16132048958 960 890
16132048966 960 890
16132048978 960 890
16132048986 960 890
16132048998 960 890
16132049006 960 890
16132049018 960 890
16132049026 960 890
16132049038 960 890
16132049046 960 890
16132049058 960 890
16132049066 960 890
16132049078 960 890
16132049086 960 890
16132049098 960 890
16132049110 960 890
16132049118 960 890
16132049130 960 890
16132049138 960 890
16132049150 960 890
16132049158 960 890
16132049170 960 890
16132049178 960 890
16132049190 960 890
16132049198 960 890
16132049210 960 890
16132049218 960 890
16132049230 960 890
16132049238 960 890
16132049250 960 890
16132049258 960 890
16132049270 960 890
16132049278 960 890
16132049290 960 890
16132049298 960 890
16132049310 960 890
16132049318 960 890
16132049330 960 890
16132049338 960 540
16132049350 960 540
16132049362 960 540
16132049370 960 540
16132049382 960 540
16132049390 960 540
16132049402 960 540
16132049410 960 540
16132049422 960 540
16132049430 960 540
16132049442 960 540
16132049450 960 540
16132049462 960 540
16132049470 960 540
16132049482 960 540
16132049490 960 540
16132049502 960 540
16132049510 960 540
16132049522 960 540
16132049530 960 540
16132049542 960 540
16132049550 960 540
16132049562 960 540
16132049570 960 540
16132049582 960 540
16132049590 960 540
16132049602 960 540
16132049614 960 540
16132049622 960 540
16132049634 960 540
16132049642 960 540
16132049654 960 540
16132049662 960 540
16132049674 960 540
16132049682 960 540
16132049694 960 540
16132049702 960 540
16132049714 960 540
16132049722 960 540
16132049734 960 540
16132049742 960 540
16132049754 960 540
16132049762 960 540
16132049774 960 540
16132049782 960 540
16132049794 960 540
16132049802 960 540
16132049814 960 540
16132049822 960 540
16132049834 960 540
16132049842 960 540
16132049854 960 540
16132049866 960 540
16132049874 960 540
16132049886 960 540
16132049894 960 540
16132049906 960 540
16132049914 960 540
16132049926 960 540
16132049934 960 540
16132049946 960 540
16132049954 960 540
16132049966 960 540
16132049974 960 540
16132049986 960 540
16132049994 960 540
16132050006 960 540
16132050014 960 540
16132050026 960 540
16132050034 960 540
16132050046 960 540
16132050054 960 540
16132050066 960 540
16132050074 960 540
16132050086 960 540
16132050094 960 540
16132050106 960 540
16132050118 960 540
16132050126 960 540
16132050138 960 540
16132050146 960 540
16132050158 960 540
16132050166 960 540
16132050178 960 540
16132050186 960 540
16132050198 960 540
16132050206 960 540
16132050218 960 540
16132050226 960 540
16132050238 960 540
16132050246 960 540
16132050258 960 540
16132050266 960 540
16132050278 960 540
16132050286 960 540
16132050298 960 540
16132050306 960 540
16132050318 960 540
16132050326 960 540
16132050338 960 540
16132050346 960 540
16132050358 960 540
16132050370 960 540
16132050378 960 540
16132050390 960 540
16132050398 960 540
16132050410 960 540
16132050418 960 540
16132050430 960 540
16132050438 960 540
16132050450 960 540
16132050458 960 540
16132050470 960 540
16132050478 960 540
16132050490 960 540
16132050498 960 540
16132050510 960 540
16132050518 960 540
16132050530 960 540
16132050538 960 540
16132050550 960 540
16132050558 960 540
16132050570 960 540
16132050578 960 540
16132050590 960 540
16132050598 960 540
16132050610 960 540
16132050622 960 540
16132050630 960 540
16132050642 960 540
16132050650 960 540
16132050662 960 540
16132050670 960 540
16132050682 960 540
16132050690 960 540
16132050702 960 540
16132050710 960 540
16132050722 960 540
16132050730 960 540
16132050742 960 540
16132050750 960 540
16132050762 960 540
16132050770 960 540
16132050782 960 540
16132050790 960 540
16132050802 960 540
16132050810 960 540
16132050822 960 540
16132050830 960 540
16132050842 960 190
16132050850 960 190
16132050862 960 190
16132050874 960 190
16132050882 960 190
16132050894 960 190
16132050902 960 190
16132050914 960 190
16132050922 960 190
16132050934 960 190
16132050942 960 190
16132050954 960 190
16132050962 960 190
16132050974 960 190
16132050982 960 190
16132050994 960 190
16132051002 960 190
16132051014 960 190
16132051022 960 190
16132051034 960 190
16132051042 960 190
16132051054 960 190
16132051062 960 190
16132051074 960 190
16132051082 960 190
16132051094 960 190
16132051102 960 190
16132051114 960 190
16132051126 960 190
16132051134 960 190
16132051146 960 190
16132051154 960 190
16132051166 960 190
16132051174 960 190
16132051186 960 190
16132051194 960 190
16132051206 960 190
16132051214 960 190
16132051226 960 190
16132051234 960 190
16132051246 960 190
16132051254 960 190
16132051266 960 190
16132051274 960 190
16132051286 960 190
16132051294 960 190
16132051306 960 190
16132051314 960 190
16132051326 960 190
16132051334 960 190
16132051346 960 190
16132051354 960 190
16132051366 960 190
16132051378 960 190
16132051386 960 190
16132051398 960 190
16132051406 960 190
16132051418 960 190
16132051426 960 190
16132051438 960 190
16132051446 960 190
16132051458 960 190
16132051466 960 190
16132051478 960 190
16132051486 960 190
16132051498 960 190
16132051506 960 190
16132051518 960 190
16132051526 960 190
16132051538 960 190
16132051546 960 190
16132051558 960 190
16132051566 960 190
16132051578 960 190
16132051586 960 190
16132051598 960 190
16132051606 960 190
16132051618 960 190
16132051630 960 190
16132051638 960 190
16132051650 960 190
16132051658 960 190
16132051670 960 190
16132051678 960 190
16132051690 960 190
16132051698 960 190
16132051710 960 190
16132051718 960 190
16132051730 960 190
16132051738 960 190
16132051750 960 190
16132051758 960 190
16132051770 960 190
16132051778 960 190
16132051790 960 190
16132051798 960 190
16132051810 960 190
16132051818 960 190
16132051830 960 190
16132051838 960 190
16132051850 960 190
16132051858 960 190
16132051870 960 190
16132051882 960 190
16132051890 960 190
16132051902 960 190
16132051910 960 190
16132051922 960 190
16132051930 960 190
16132051942 960 190
16132051950 960 190
16132051962 960 190
16132051970 960 190
16132051982 960 190
16132051990 960 190
16132052002 960 190
16132052010 960 190
16132052022 960 190
16132052030 960 190
16132052042 960 190
16132052050 960 190
16132052062 960 190
16132052070 960 190
16132052082 960 190
16132052090 960 190
16132052102 960 190
16132052110 960 190
16132052122 960 190
16132052134 960 190
16132052142 960 190
16132052154 960 190
16132052162 960 190
16132052174 960 190
16132052182 960 190
16132052194 960 190
16132052202 960 190
16132052214 960 190
16132052222 960 190
16132052234 960 190
16132052242 960 190
16132052254 960 190
16132052262 960 190
16132052274 960 190
16132052282 960 190
16132052294 960 190
16132052302 960 190
16132052314 960 190
16132052322 960 190
16132052334 960 190
16132052342 960 540
16132052354 960 540
16132052362 960 540
16132052374 960 540
16132052386 960 540
16132052394 960 540
16132052406 960 540
16132052414 960 540
16132052426 960 540
16132052434 960 540
16132052446 960 540
16132052454 960 540
16132052467 960 540
16132052473 960 540
16132052485 960 540
16132052493 960 540
16132052505 960 540
16132052513 960 540
16132052525 960 540
16132052533 960 540
16132052545 960 540
16132052553 960 540
16132052565 960 540
16132052573 960 540
16132052585 960 540
16132052593 960 540
16132052605 960 540
16132052613 960 540
16132052625 960 540
16132052637 960 540
16132052645 960 540
16132052657 960 540
16132052665 960 540
16132052677 960 540
16132052685 960 540
16132052697 960 540
16132052705 960 540
16132052717 960 540
16132052725 960 540
16132052737 960 540
16132052745 960 540
16132052757 960 540
16132052765 960 540
16132052777 960 540
16132052785 960 540
16132052797 960 540
16132052805 960 540
16132052817 960 540
16132052825 960 540
16132052837 960 540
16132052845 960 540
16132052857 960 540
16132052865 960 540
16132052877 960 540
16132052889 960 540
16132052897 960 540
16132052909 960 540
16132052917 960 540
16132052929 960 540
16132052937 960 540
16132052949 960 540
16132052957 960 540
16132052969 960 540
16132052977 960 540
16132052989 960 540
16132052997 960 540
16132053009 960 540
16132053017 960 540
16132053029 960 540
16132053037 960 540
16132053049 960 540
16132053057 960 540
16132053069 960 540
16132053077 960 540
16132053089 960 540
16132053097 960 540
16132053109 960 540
16132053117 960 540
16132053129 960 540
16132053141 960 540
16132053149 960 540
16132053161 960 540
16132053169 960 540
16132053181 960 540
16132053189 960 540
16132053201 960 540
16132053209 960 540
16132053221 960 540
16132053229 960 540
16132053241 960 540
16132053249 960 540
16132053261 960 540
16132053269 960 540
16132053281 960 540
16132053289 960 540
16132053301 960 540
16132053309 960 540
16132053321 960 540
16132053329 960 540
16132053341 960 540
16132053349 960 540
16132053361 960 540
16132053369 960 540
16132053381 960 540
16132053393 960 540
16132053401 960 540
16132053413 960 540
16132053421 960 540
16132053433 960 540
16132053441 960 540
16132053453 960 540
16132053461 960 540
16132053473 960 540
16132053481 960 540
16132053493 960 540
16132053501 960 540
16132053513 960 540
16132053521 960 540
16132053533 960 540
16132053541 960 540
16132053553 960 540
16132053561 960 540
16132053573 960 540
16132053581 960 540
16132053593 960 540
16132053601 960 540
16132053613 960 540
16132053621 960 540
16132053633 960 540
16132053645 960 540
16132053653 960 540
16132053665 960 540
16132053673 960 540
16132053685 960 540
16132053693 960 540
16132053705 960 540
16132053713 960 540
16132053725 960 540
16132053733 960 540
16132053745 960 540
16132053753 960 540
16132053765 960 540
16132053773 960 540
16132053785 960 540
16132053793 960 540
16132053805 960 540
16132053813 960 540
16132053825 960 540
16132053833 960 540
16132053845 960 190
16132053853 960 190
16132053865 960 190
16132053873 960 190
16132053885 960 190
16132053897 960 190
16132053905 960 190
16132053917 960 190
16132053925 960 190
16132053937 960 190
16132053945 960 190
16132053957 960 190
16132053965 960 190
16132053977 960 190
16132053985 960 190
16132053997 960 190
16132054005 960 190
16132054017 960 190
16132054025 960 190
16132054037 960 190
16132054045 960 190
16132054057 960 190
16132054065 960 190
16132054077 960 190
16132054085 960 190
16132054097 960 190
16132054105 960 190
16132054117 960 190
16132054125 960 190
16132054137 960 190
16132054149 960 190
16132054157 960 190
16132054169 960 190
16132054177 960 190
16132054189 960 190
16132054197 960 190
16132054209 960 190
16132054217 960 190
16132054229 960 190
16132054237 960 190
16132054249 960 190
16132054257 960 190
16132054269 960 190
16132054277 960 190
16132054289 960 190
16132054297 960 190
16132054309 960 190
16132054317 960 190
16132054329 960 190
16132054337 960 190
16132054349 960 190
16132054357 960 190
16132054369 960 190
16132054377 960 190
16132054389 960 190
16132054401 960 190
16132054409 960 190
16132054421 960 190
16132054429 960 190
16132054441 960 190
16132054449 960 190
16132054461 960 190
16132054469 960 190
16132054481 960 190
16132054489 960 190
16132054501 960 190
16132054509 960 190
16132054521 960 190
16132054529 960 190
16132054541 960 190
16132054549 960 190
16132054561 960 190
16132054569 960 190
16132054581 960 190
16132054589 960 190
16132054601 960 190
16132054609 960 190
16132054621 960 190
16132054629 960 190
16132054641 960 190
16132054653 960 190
16132054661 960 190
16132054673 960 190
16132054681 960 190
16132054693 960 190
16132054701 960 190
16132054713 960 190
16132054721 960 190
16132054733 960 190
16132054741 960 190
16132054753 960 190
16132054761 960 190
16132054773 960 190
16132054781 960 190
16132054793 960 190
16132054801 960 190
16132054813 960 190
16132054821 960 190
16132054833 960 190
16132054841 960 190
16132054853 960 190
16132054861 960 190
16132054873 960 190
16132054881 960 190
16132054893 960 190
16132054905 960 190
16132054913 960 190
16132054925 960 190
16132054933 960 190
16132054945 960 190
16132054953 960 190
16132054965 960 190
16132054973 960 190
16132054985 960 190
16132054993 960 190
16132055005 960 190
16132055013 960 190
16132055025 960 190
16132055033 960 190
16132055045 960 190
16132055053 960 190
16132055065 960 190
16132055073 960 190
16132055085 960 190
16132055093 960 190
16132055105 960 190
16132055113 960 190
16132055125 960 190
16132055133 960 190
16132055145 960 190
16132055157 960 190
16132055165 960 190
16132055177 960 190
16132055185 960 190
16132055197 960 190
16132055205 960 190
16132055217 960 190
16132055225 960 190
16132055237 960 190
16132055245 960 190
16132055257 960 190
16132055265 960 190
16132055277 960 190
16132055285 960 190
16132055297 960 190
16132055305 960 190
16132055317 960 190
16132055325 960 190
16132055337 960 190
16132055345 960 540
16132055357 960 540
16132055365 960 540
16132055377 960 540
16132055385 960 540
16132055397 960 540
16132055409 960 540
16132055417 960 540
16132055429 960 540
16132055437 960 540
16132055449 960 540
16132055457 960 540
16132055469 960 540
16132055477 960 540
16132055489 960 540
16132055497 960 540
16132055509 960 540
16132055517 960 540
16132055530 960 540
16132055537 960 540
16132055549 960 540
16132055558 960 540
16132055569 960 540
16132055577 960 540
16132055590 960 540
16132055598 960 540
16132055610 960 540
16132055617 960 540
16132055629 960 540
16132055637 960 540
16132055649 960 540
16132055662 960 540
16132055669 960 540
16132055682 960 540
16132055690 960 540
16132055702 960 540
16132055710 960 540
16132055721 960 540
16132055729 960 540
16132055741 960 540
16132055749 960 540
16132055761 960 540
16132055769 960 540
16132055781 960 540
16132055789 960 540
16132055801 960 540
16132055809 960 540
16132055821 960 540
16132055829 960 540
16132055841 960 540
16132055849 960 540
16132055861 960 540
16132055869 960 540
16132055881 960 540
16132055889 960 540
16132055901 960 540
16132055913 960 540
16132055921 960 540
16132055933 960 540
16132055941 960 540
16132055953 960 540
16132055961 960 540
16132055973 960 540
16132055981 960 540
16132055993 960 540
16132056001 960 540
16132056013 960 540
16132056021 960 540
16132056033 960 540
16132056041 960 540
16132056053 960 540
16132056061 960 540
16132056073 960 540
16132056081 960 540
16132056093 960 540
16132056101 960 540
16132056113 960 540
16132056121 960 540
16132056133 960 540
16132056141 960 540
16132056153 960 540
16132056165 960 540
16132056173 960 540
16132056185 960 540
16132056193 960 540
16132056205 960 540
16132056213 960 540
16132056225 960 540
16132056233 960 540
16132056245 960 540
16132056253 960 540
16132056265 960 540
16132056273 960 540
16132056285 960 540
16132056293 960 540
16132056305 960 540
16132056313 960 540
16132056325 960 540
16132056333 960 540
16132056345 960 540
16132056353 960 540
16132056365 960 540
16132056373 960 540
16132056385 960 540
16132056393 960 540
16132056405 960 540
16132056417 960 540
16132056425 960 540
16132056437 960 540
16132056445 960 540
16132056457 960 540
16132056465 960 540
16132056477 960 540
16132056485 960 540
16132056497 960 540
16132056505 960 540
16132056517 960 540
16132056525 960 540
16132056538 960 540
16132056545 960 540
16132056557 960 540
16132056565 960 540
16132056577 960 540
16132056585 960 540
16132056597 960 540
16132056605 960 540
16132056617 960 540
16132056625 960 540
16132056637 960 540
16132056645 960 540
16132056657 960 540
16132056669 960 540
16132056677 960 540
16132056689 960 540
16132056697 960 540
16132056709 960 540
16132056717 960 540
16132056729 960 540
16132056737 960 540
16132056749 960 540
16132056757 960 540
16132056769 960 540
16132056777 960 540
16132056789 960 540
16132056797 960 540
16132056809 960 540
16132056817 960 540
16132056829 960 540
16132056837 960 540
16132056850 960 365
16132056857 960 365
16132056869 960 365
16132056877 960 365
16132056889 960 365
16132056897 960 365
16132056909 960 365
16132056921 960 365
16132056929 960 365
16132056941 960 365
16132056949 960 365
16132056961 960 365
16132056969 960 365
16132056981 960 365
16132056989 960 365
16132057001 960 365
16132057009 960 365
16132057022 960 365
16132057029 960 365
16132057041 960 365
16132057049 960 365
16132057061 960 365
16132057069 960 365
16132057081 960 365
16132057089 960 365
16132057101 960 365
16132057109 960 365
16132057121 960 365
16132057129 960 365
16132057141 960 365
16132057149 960 365
16132057161 960 365
16132057173 960 365
16132057181 960 365
16132057193 960 365
16132057201 960 365
16132057213 960 365
16132057221 960 365
16132057233 960 365
16132057241 960 365
16132057253 960 365
16132057261 960 365
16132057273 960 365
16132057281 960 365
16132057293 960 365
16132057301 960 365
16132057313 960 365
16132057321 960 365
16132057333 960 365
16132057341 960 365
16132057353 960 365
16132057361 960 365
16132057373 960 365
16132057381 960 365
16132057393 960 365
16132057401 960 365
16132057413 960 365
16132057425 960 365
16132057433 960 365
16132057445 960 365
16132057453 960 365
16132057465 960 365
16132057473 960 365
16132057485 960 365
16132057493 960 365
16132057505 960 365
16132057513 960 365
16132057525 960 365
16132057533 960 365
16132057545 960 365
16132057553 960 365
16132057565 960 365
16132057573 960 365
16132057585 960 365
16132057593 960 365
16132057605 960 365
16132057613 960 365
16132057625 960 365
16132057633 960 365
16132057645 960 365
16132057653 960 365
16132057665 960 365
16132057677 960 365
16132057685 960 365
16132057697 960 365
16132057705 960 365
16132057717 960 365
16132057725 960 365
16132057737 960 365
16132057745 960 365
16132057757 960 365
16132057765 960 365
16132057777 960 365
16132057785 960 365
16132057797 960 365
16132057805 960 365
16132057817 960 365
16132057825 960 365
16132057837 960 365
16132057845 960 365
16132057857 960 365
16132057865 960 365
16132057877 960 365
16132057885 960 365
16132057897 960 365
16132057905 960 365
16132057917 960 365
16132057929 960 365
16132057937 960 365
16132057949 960 365
16132057957 960 365
16132057969 960 365
16132057977 960 365
16132057989 960 365
16132057997 960 365
16132058009 960 365
16132058017 960 365
16132058029 960 365
16132058037 960 365
16132058049 960 365
16132058057 960 365
16132058069 960 365
16132058077 960 365
16132058089 960 365
16132058097 960 365
16132058109 960 365
16132058117 960 365
16132058129 960 365
16132058137 960 365
16132058149 960 365
16132058157 960 365
16132058169 960 365
16132058181 960 365
16132058189 960 365
16132058201 960 365
16132058209 960 365
16132058221 960 365
16132058229 960 365
16132058241 960 365
16132058249 960 365
16132058261 960 365
16132058269 960 365
16132058281 960 365
16132058289 960 365
16132058301 960 365
16132058309 960 365
16132058321 960 365
16132058329 960 365
16132058341 960 365
16132058349 960 540
16132058362 960 540
16132058369 960 540
16132058381 960 540
16132058389 960 540
16132058401 960 540
16132058409 960 540
16132058421 960 540
16132058433 960 540
16132058441 960 540
16132058453 960 540
16132058461 960 540
16132058473 960 540
16132058481 960 540
16132058493 960 540
16132058501 960 540
16132058513 960 540
16132058521 960 540
16132058533 960 540
16132058541 960 540
16132058553 960 540
16132058561 960 540
16132058573 960 540
16132058581 960 540
16132058594 960 540
16132058602 960 540
16132058614 960 540
16132058621 960 540
16132058633 960 540
16132058641 960 540
16132058653 960 540
16132058661 960 540
16132058674 960 540
16132058685 960 540
16132058693 960 540
16132058705 960 540
16132058713 960 540
16132058725 960 540
16132058733 960 540
16132058745 960 540
16132058753 960 540
16132058765 960 540
16132058773 960 540
16132058785 960 540
16132058793 960 540
16132058805 960 540
16132058813 960 540
16132058825 960 540
16132058833 960 540
16132058845 960 540
16132058853 960 540
16132058865 960 540
16132058873 960 540
16132058885 960 540
16132058893 960 540
16132058905 960 540
16132058913 960 540
16132058925 960 540
16132058937 960 540
16132058945 960 540
16132058957 960 540
16132058965 960 540
16132058977 960 540
16132058985 960 540
16132058997 960 540
16132059005 960 540
16132059017 960 540
16132059025 960 540
16132059037 960 540
16132059045 960 540
16132059057 960 540
16132059065 960 540
16132059077 960 540
16132059085 960 540
16132059097 960 540
16132059105 960 540
16132059117 960 540
16132059125 960 540
16132059137 960 540
16132059145 960 540
16132059157 960 540
16132059165 960 540
16132059177 960 540
16132059189 960 540
16132059197 960 540
16132059209 960 540
16132059217 960 540
16132059229 960 540
16132059237 960 540
16132059249 960 540
16132059257 960 540
16132059269 960 540
16132059277 960 540
16132059289 960 540
16132059297 960 540
16132059309 960 540
16132059317 960 540
16132059329 960 540
16132059337 960 540
16132059349 960 540
16132059357 960 540
16132059369 960 540
16132059377 960 540
16132059389 960 540
16132059397 960 540
16132059409 960 540
16132059417 960 540
16132059429 960 540
16132059441 960 540
16132059449 960 540
16132059461 960 540
16132059469 960 540
16132059481 960 540
16132059489 960 540
16132059501 960 540
16132059509 960 540
16132059521 960 540
16132059529 960 540
16132059541 960 540
16132059549 960 540
16132059561 960 540
16132059569 960 540
16132059581 960 540
16132059589 960 540
16132059601 960 540
16132059609 960 540
16132059621 960 540
16132059629 960 540
16132059641 960 540
16132059649 960 540
16132059661 960 540
16132059669 960 540
16132059681 960 540
16132059693 960 540
16132059701 960 540
16132059713 960 540
16132059721 960 540
16132059733 960 540
16132059741 960 540
16132059753 960 540
16132059761 960 540
16132059773 960 540
16132059781 960 540
16132059793 960 540
16132059801 960 540
16132059813 960 540
16132059821 960 540
16132059833 960 540
16132059841 960 540
16132059854 960 365
16132059861 960 365
16132059873 960 365
16132059881 960 365
16132059893 960 365
16132059901 960 365
16132059913 960 365
16132059921 960 365
16132059933 960 365
16132059945 960 365
16132059953 960 365
16132059965 960 365
16132059973 960 365
16132059985 960 365
16132059993 960 365
16132100005 960 365
16132100013 960 365
16132100025 960 365
16132100033 960 365
16132100045 960 365
16132100053 960 365
16132100065 960 365
16132100073 960 365
16132100085 960 365
16132100093 960 365
16132100105 960 365
16132100113 960 365
16132100125 960 365
16132100133 960 365
16132100145 960 365
16132100153 960 365
16132100165 960 365
16132100173 960 365
16132100185 960 365
16132100197 960 365
16132100205 960 365
16132100217 960 365
16132100225 960 365
16132100237 960 365
16132100245 960 365
16132100257 960 365
16132100265 960 365
16132100277 960 365
16132100285 960 365
16132100297 960 365
16132100305 960 365
16132100317 960 365
16132100325 960 365
16132100337 960 365
16132100345 960 365
16132100357 960 365
16132100365 960 365
16132100377 960 365
16132100385 960 365
16132100397 960 365
16132100405 960 365
16132100417 960 365
16132100425 960 365
16132100437 960 365
16132100449 960 365
16132100457 960 365
16132100469 960 365
16132100477 960 365
16132100489 960 365
16132100497 960 365
16132100509 960 365
16132100517 960 365
16132100529 960 365
16132100537 960 365
16132100549 960 365
16132100557 960 365
16132100569 960 365
16132100577 960 365
16132100589 960 365
16132100597 960 365
16132100609 960 365
16132100617 960 365
16132100629 960 365
16132100637 960 365
16132100649 960 365
16132100657 960 365
16132100669 960 365
16132100677 960 365
16132100689 960 365
16132100701 960 365
16132100709 960 365
16132100721 960 365
16132100729 960 365
16132100741 960 365
16132100749 960 365
16132100761 960 365
16132100769 960 365
16132100781 960 365
16132100789 960 365
16132100801 960 365
16132100809 960 365
16132100821 960 365
16132100829 960 365
16132100841 960 365
16132100849 960 365
16132100861 960 365
16132100869 960 365
16132100881 960 365
16132100889 960 365
16132100901 960 365
16132100909 960 365
16132100921 960 365
16132100929 960 365
16132100941 960 365
16132100953 960 365
16132100961 960 365
16132100973 960 365
16132100981 960 365
16132100993 960 365
16132101001 960 365
16132101013 960 365
16132101021 960 365
16132101033 960 365
16132101041 960 365
16132101053 960 365
16132101061 960 365
16132101073 960 365
16132101081 960 365
16132101093 960 365
16132101101 960 365
16132101113 960 365
16132101121 960 365
16132101133 960 365
16132101141 960 365
16132101153 960 365
16132101161 960 365
16132101173 960 365
16132101181 960 365
16132101193 960 365
16132101205 960 365
16132101213 960 365
16132101225 960 365
16132101233 960 365
16132101245 960 365
16132101253 960 365
16132101265 960 365
16132101273 960 365
16132101285 960 365
16132101293 960 365
16132101305 960 365
16132101313 960 365
16132101325 960 365
16132101333 960 365
16132101345 960 365
16132101353 960 540
16132101366 960 540
16132101373 960 540
16132101385 960 540
16132101393 960 540
16132101405 960 540
16132101413 960 540
16132101425 960 540
16132101433 960 540
16132101445 960 540
16132101457 960 540
16132101465 960 540
16132101477 960 540
16132101485 960 540
16132101497 960 540
16132101505 960 540
16132101517 960 540
16132101525 960 540
16132101537 960 540
16132101545 960 540
16132101557 960 540
16132101565 960 540
16132101577 960 540
16132101585 960 540
16132101597 960 540
16132101605 960 540
16132101617 960 540
16132101625 960 540
16132101637 960 540
16132101645 960 540
16132101657 960 540
16132101665 960 540
16132101677 960 540
16132101685 960 540
16132101697 960 540
16132101709 960 540
16132101717 960 540
16132101729 960 540
16132101737 960 540
16132101749 960 540
16132101757 960 540
16132101769 960 540
16132101777 960 540
16132101789 960 540
16132101797 960 540
16132101809 960 540
16132101817 960 540
16132101829 960 540
16132101837 960 540
16132101849 960 540
16132101857 960 540
16132101869 960 540
16132101877 960 540
16132101889 960 540
16132101897 960 540
16132101909 960 540
16132101917 960 540
16132101929 960 540
16132101937 960 540
16132101949 960 540
16132101961 960 540
16132101969 960 540
16132101981 960 540
16132101989 960 540
16132102001 960 540
16132102009 960 540
16132102021 960 540
16132102029 960 540
16132102041 960 540
16132102049 960 540
16132102061 960 540
16132102069 960 540
16132102081 960 540
16132102089 960 540
16132102101 960 540
16132102109 960 540
16132102121 960 540
16132102129 960 540
16132102141 960 540
16132102149 960 540
16132102161 960 540
16132102169 960 540
16132102181 960 540
16132102189 960 540
16132102201 960 540
16132102213 960 540
16132102221 960 540
16132102233 960 540
16132102241 960 540
16132102253 960 540
16132102261 960 540
16132102273 960 540
16132102281 960 540
16132102293 960 540
16132102301 960 540
16132102313 960 540
16132102321 960 540
16132102333 960 540
16132102341 960 540
16132102354 960 540
16132102361 960 540
16132102372 960 540
16132102380 960 540
16132102392 960 540
16132102400 960 540
16132102412 960 540
16132102420 960 540
16132102432 960 540
16132102440 960 540
16132102452 960 540
16132102464 960 540
16132102472 960 540
16132102484 960 540
16132102492 960 540
16132102504 960 540
16132102512 960 540
16132102524 960 540
16132102532 960 540
16132102544 960 540
16132102552 960 540
16132102564 960 540
16132102572 960 540
16132102584 960 540
16132102592 960 540
16132102605 960 540
16132102613 960 540
16132102625 960 540
16132102633 960 540
16132102645 960 540
16132102653 960 540
16132102665 960 540
16132102673 960 540
16132102685 960 540
16132102693 960 540
16132102705 960 540
16132102717 960 540
16132102725 960 540
16132102737 960 540
16132102745 960 540
16132102757 960 540
16132102765 960 540
16132102777 960 540
16132102785 960 540
16132102797 960 540
16132102805 960 540
16132102817 960 540
16132102825 960 540
16132102837 960 540
16132102845 960 540
16132102858 960 365
16132102865 960 365
16132102877 960 365
16132102885 960 365
16132102897 960 365
16132102905 960 365
16132102917 960 365
16132102925 960 365
16132102937 960 365
16132102945 960 365
16132102957 960 365
16132102969 960 365
16132102977 960 365
16132102989 960 365
16132102997 960 365
16132103009 960 365
16132103017 960 365
16132103029 960 365
16132103037 960 365
16132103049 960 365
16132103057 960 365
16132103069 960 365
16132103077 960 365
16132103089 960 365
16132103097 960 365
16132103109 960 365
16132103117 960 365
16132103129 960 365
16132103137 960 365
16132103149 960 365
16132103157 960 365
16132103169 960 365
16132103177 960 365
16132103189 960 365
16132103197 960 365
16132103209 960 365
16132103221 960 365
16132103229 960 365
16132103241 960 365
16132103249 960 365
16132103261 960 365
16132103269 960 365
16132103281 960 365
16132103289 960 365
16132103301 960 365
16132103309 960 365
16132103321 960 365
16132103329 960 365
16132103341 960 365
16132103349 960 365
16132103361 960 365
16132103369 960 365
16132103381 960 365
16132103389 960 365
16132103401 960 365
16132103409 960 365
16132103421 960 365
16132103429 960 365
16132103441 960 365
16132103449 960 365
16132103461 960 365
16132103473 960 365
16132103481 960 365
16132103493 960 365
16132103501 960 365
16132103513 960 365
16132103521 960 365
16132103533 960 365
16132103541 960 365
16132103553 960 365
16132103561 960 365
16132103573 960 365
16132103581 960 365
16132103593 960 365
16132103601 960 365
16132103613 960 365
16132103621 960 365
16132103633 960 365
16132103641 960 365
16132103653 960 365
16132103661 960 365
16132103673 960 365
16132103681 960 365
16132103693 960 365
16132103701 960 365
16132103713 960 365
16132103725 960 365
16132103733 960 365
16132103745 960 365
16132103753 960 365
16132103765 960 365
16132103773 960 365
16132103785 960 365
16132103793 960 365
16132103805 960 365
16132103813 960 365
16132103825 960 365
16132103833 960 365
16132103845 960 365
16132103853 960 365
16132103865 960 365
16132103873 960 365
16132103885 960 365
16132103893 960 365
16132103905 960 365
16132103913 960 365
16132103925 960 365
16132103933 960 365
16132103945 960 365
16132103953 960 365
16132103965 960 365
16132103977 960 365
16132103985 960 365
16132103997 960 365
16132104005 960 365
16132104017 960 365
16132104025 960 365
16132104037 960 365
16132104045 960 365
16132104057 960 365
16132104065 960 365
16132104077 960 365
16132104085 960 365
16132104097 960 365
16132104105 960 365
16132104117 960 365
16132104125 960 365
16132104137 960 365
16132104145 960 365
16132104157 960 365
16132104165 960 365
16132104177 960 365
16132104185 960 365
16132104197 960 365
16132104205 960 365
16132104217 960 365
16132104229 960 365
16132104237 960 365
16132104249 960 365
16132104257 960 365
16132104269 960 365
16132104277 960 365
16132104289 960 365
16132104297 960 365
16132104309 960 365
16132104317 960 365
16132104329 960 365
16132104337 960 365
16132104349 960 365
16132104357 960 540
16132104369 960 540
16132104377 960 540
16132104389 960 540
16132104397 960 540
16132104409 960 540
16132104417 960 540
16132104429 960 540
16132104437 960 540
16132104449 960 540
16132104457 960 540
16132104469 960 540
16132104481 960 540
16132104489 960 540
16132104501 960 540
16132104509 960 540
16132104521 960 540
16132104529 960 540
16132104541 960 540
16132104549 960 540
16132104561 960 540
16132104569 960 540
16132104581 960 540
16132104589 960 540
16132104601 960 540
16132104609 960 540
16132104621 960 540
16132104629 960 540
16132104641 960 540
16132104649 960 540
16132104661 960 540
16132104669 960 540
16132104681 960 540
16132104689 960 540
16132104701 960 540
16132104709 960 540
16132104721 960 540
16132104733 960 540
16132104741 960 540
16132104753 960 540
16132104761 960 540
16132104773 960 540
16132104781 960 540
16132104793 960 540
16132104801 960 540
16132104813 960 540
16132104821 960 540
16132104833 960 540
16132104841 960 540
16132104853 960 540
16132104861 960 540
16132104873 960 540
16132104881 960 540
16132104893 960 540
16132104901 960 540
16132104913 960 540
16132104921 960 540
16132104933 960 540
16132104941 960 540
16132104953 960 540
16132104961 960 540
16132104973 960 540
16132104985 960 540
16132104993 960 540
16132105005 960 540
16132105013 960 540
16132105025 960 540
16132105033 960 540
16132105045 960 540
16132105053 960 540
16132105065 960 540
16132105073 960 540
16132105085 960 540
16132105093 960 540
16132105105 960 540
16132105113 960 540
16132105125 960 540
16132105133 960 540
16132105145 960 540
16132105153 960 540
16132105165 960 540
16132105173 960 540
16132105185 960 540
16132105193 960 540
16132105205 960 540
16132105213 960 540
16132105225 960 540
16132105237 960 540
16132105245 960 540
16132105257 960 540
16132105265 960 540
16132105277 960 540
16132105285 960 540
16132105297 960 540
16132105305 960 540
16132105317 960 540
16132105325 960 540
16132105337 960 540
16132105345 960 540
16132105357 960 540
16132105365 960 540
16132105377 960 540
16132105385 960 540
16132105397 960 540
16132105405 960 540
16132105417 960 540
16132105425 960 540
16132105437 960 540
16132105445 960 540
16132105457 960 540
16132105465 960 540
16132105477 960 540
16132105489 960 540
16132105497 960 540
16132105509 960 540
16132105517 960 540
16132105529 960 540
16132105537 960 540
16132105549 960 540
16132105557 960 540
16132105569 960 540
16132105577 960 540
16132105589 960 540
16132105597 960 540
16132105609 960 540
16132105617 960 540
16132105629 960 540
16132105637 960 540
16132105649 960 540
16132105657 960 540
16132105669 960 540
16132105677 960 540
16132105689 960 540
16132105697 960 540
16132105709 960 540
16132105717 960 540
16132105729 960 540
16132105741 960 540
16132105749 960 540
16132105761 960 540
16132105769 960 540
16132105781 960 540
16132105789 960 540
16132105801 960 540
16132105809 960 540
16132105821 960 540
16132105829 960 540
16132105841 960 540
16132105849 960 540
16132105861 960 365
16132105869 960 365
16132105881 960 365
16132105889 960 365
16132105901 960 365
16132105909 960 365
16132105921 960 365
16132105929 960 365
16132105941 960 365
16132105949 960 365
16132105961 960 365
16132105969 960 365
16132105981 960 365
16132105993 960 365
16132106001 960 365
16132106013 960 365
16132106021 960 365
16132106033 960 365
16132106041 960 365
16132106053 960 365
16132106061 960 365
16132106073 960 365
16132106081 960 365
16132106093 960 365
16132106101 960 365
16132106113 960 365
16132106121 960 365
16132106133 960 365
16132106141 960 365
16132106153 960 365
16132106161 960 365
16132106173 960 365
16132106181 960 365
16132106193 960 365
16132106201 960 365
16132106213 960 365
16132106221 960 365
16132106233 960 365
16132106245 960 365
16132106253 960 365
16132106265 960 365
16132106273 960 365
16132106285 960 365
16132106293 960 365
16132106305 960 365
16132106313 960 365
16132106325 960 365
16132106333 960 365
16132106345 960 365
16132106353 960 365
16132106365 960 365
16132106373 960 365
16132106385 960 365
16132106393 960 365
16132106405 960 365
16132106413 960 365
16132106425 960 365
16132106433 960 365
16132106445 960 365
16132106453 960 365
16132106465 960 365
16132106473 960 365
16132106485 960 365
16132106497 960 365
16132106505 960 365
16132106517 960 365
16132106525 960 365
16132106537 960 365
16132106545 960 365
16132106557 960 365
16132106565 960 365
16132106577 960 365
16132106585 960 365
16132106597 960 365
16132106605 960 365
16132106617 960 365
16132106625 960 365
16132106637 960 365
16132106645 960 365
16132106657 960 365
16132106665 960 365
16132106677 960 365
16132106685 960 365
16132106697 960 365
16132106705 960 365
16132106717 960 365
16132106725 960 365
16132106737 960 365
16132106749 960 365
16132106757 960 365
16132106769 960 365
16132106777 960 365
16132106789 960 365
16132106797 960 365
16132106809 960 365
16132106817 960 365
16132106829 960 365
16132106837 960 365
16132106849 960 365
16132106857 960 365
16132106869 960 365
16132106877 960 365
16132106889 960 365
16132106897 960 365
16132106909 960 365
16132106917 960 365
16132106929 960 365
16132106937 960 365
16132106949 960 365
16132106957 960 365
16132106969 960 365
16132106977 960 365
16132106989 960 365
16132107001 960 365
16132107009 960 365
16132107021 960 365
16132107029 960 365
16132107041 960 365
16132107049 960 365
16132107061 960 365
16132107069 960 365
16132107081 960 365
16132107089 960 365
16132107101 960 365
16132107109 960 365
16132107121 960 365
16132107129 960 365
16132107141 960 365
16132107149 960 365
16132107161 960 365
16132107169 960 365
16132107181 960 365
16132107189 960 365
16132107201 960 365
16132107209 960 365
16132107221 960 365
16132107229 960 365
16132107241 960 365
16132107253 960 365
16132107261 960 365
16132107273 960 365
16132107281 960 365
16132107293 960 365
16132107301 960 365
16132107313 960 365
16132107321 960 365
16132107333 960 365
16132107341 960 365
16132107353 960 365
