04165113166 960 542
04165113174 960 542
04165113186 960 544
04165113194 960 544
04165113206 960 547
04165113214 960 547
04165113226 960 549
04165113234 960 549
04165113246 960 552
04165113254 960 552
04165113266 960 554
04165113275 960 554
04165113286 960 556
04165113294 960 556
04165113306 960 559
04165113314 960 559
04165113326 960 561
04165113334 960 561
04165113346 960 564
04165113354 960 564
04165113366 960 566
04165113374 960 566
04165113386 960 568
04165113398 960 568
04165113406 960 571
04165113418 960 571
04165113426 960 573
04165113438 960 573
04165113447 960 576
04165113458 960 576
04165113466 960 578
04165113478 960 578
04165113486 960 580
04165113498 960 580
04165113506 960 583
04165113518 960 583
04165113526 960 585
04165113538 960 585
04165113546 960 588
04165113558 960 588
04165113566 960 590
04165113578 960 590
04165113587 960 593
04165113598 960 595
04165113606 960 595
04165113618 960 597
04165113626 960 597
04165113638 960 597
04165113650 960 600
04165113658 960 602
04165113670 960 602
04165113678 960 605
04165113690 960 605
04165113698 960 607
04165113710 960 607
04165113718 960 609
04165113730 960 609
04165113738 960 612
04165113750 960 612
04165113758 960 614
04165113770 960 614
04165113778 960 617
04165113790 960 617
04165113798 960 619
04165113810 960 619
04165113818 960 621
04165113830 960 621
04165113838 960 624
04165113850 960 624
04165113858 960 626
04165113870 960 626
04165113878 960 629
04165113890 960 629
04165113902 960 631
04165113910 960 631
04165113922 960 633
04165113930 960 633
04165113942 960 636
04165113950 960 636
04165113962 960 638
04165113970 960 638
04165113982 960 641
04165113990 960 641
04165114003 960 643
04165114012 960 643
04165114026 960 646
04165114034 960 648
04165114046 960 648
04165114054 960 650
04165114066 960 650
04165114074 960 653
04165114086 960 653
04165114094 960 655
04165114106 960 655
04165114114 960 658
04165114124 960 658
04165114132 960 660
04165114145 960 660
04165114156 960 662
04165114164 960 662
04165114177 960 665
04165114184 960 665
04165114196 960 667
04165114204 960 667
04165114216 960 670
04165114224 960 670
04165114236 960 672
04165114245 960 672
04165114256 960 674
04165114264 960 674
04165114276 960 677
04165114284 960 677
04165114297 960 679
04165114304 960 679
04165114316 960 682
04165114324 960 682
04165114336 960 684
04165114345 960 684
04165114357 960 686
04165114364 960 686
04165114376 960 689
04165114384 960 689
04165114397 960 691
04165114408 960 691
04165114416 960 694
04165114429 960 696
04165114437 960 696
04165114448 960 699
04165114456 960 699
04165114468 960 701
04165114476 960 701
04165114488 960 703
04165114497 960 703
04165114508 960 706
04165114516 960 706
04165114529 960 708
04165114537 960 708
04165114548 960 711
04165114557 960 711
04165114568 960 713
04165114576 960 713
04165114588 960 715
04165114597 960 715
04165114608 960 718
04165114616 960 718
04165114629 960 720
04165114637 960 720
04165114648 960 723
04165114661 960 723
04165114668 960 725
04165114680 960 725
04165114688 960 727
04165114700 960 727
04165114708 960 730
04165114720 960 730
04165114728 960 732
04165114740 960 732
04165114748 960 735
04165114760 960 735
04165114768 960 737
04165114780 960 737
04165114788 960 739
04165114800 960 739
04165114808 960 742
04165114820 960 742
04165114829 960 744
04165114840 960 744
04165114848 960 747
04165114861 960 747
04165114868 960 749
04165114878 960 749
04165114886 960 752
04165114898 960 752
04165114910 960 754
04165114918 960 754
04165114931 960 756
04165114939 960 756
04165114950 960 759
04165114958 960 759
04165114971 960 761
04165114979 960 761
04165114992 960 764
04165115000 960 764
04165115013 960 766
04165115021 960 766
04165115033 960 768
04165115041 960 768
04165115053 960 771
04165115061 960 771
04165115073 960 773
04165115081 960 773
04165115093 960 776
04165115101 960 776
04165115113 960 778
04165115120 960 778
04165115133 960 780
04165115141 960 780
04165115153 960 783
04165115165 960 785
04165115173 960 785
04165115185 960 788
04165115193 960 788
04165115205 960 790
04165115213 960 790
04165115225 960 793
04165115233 960 793
04165115245 960 791
04165115253 960 791
04165115265 960 789
04165115273 960 789
04165115285 960 787
04165115293 960 787
04165115305 960 784
04165115313 960 784
04165115324 960 782
04165115333 960 782
04165115345 960 779
04165115351 960 779
04165115362 960 777
04165115370 960 777
04165115382 960 774
04165115390 960 774
04165115402 960 772
04165115414 960 772
04165115422 960 770
04165115434 960 770
04165115442 960 767
04165115454 960 767
04165115462 960 765
04165115474 960 765
04165115482 960 762
04165115494 960 762
04165115502 960 760
04165115514 960 760
04165115522 960 758
04165115534 960 758
04165115542 960 755
04165115554 960 755
04165115562 960 753
04165115574 960 753
04165115582 960 750
04165115594 960 750
04165115602 960 748
04165115614 960 748
04165115622 960 746
04165115634 960 746
04165115642 960 743
04165115654 960 743
04165115666 960 741
04165115674 960 741
04165115686 960 738
04165115694 960 738
04165115706 960 736
04165115714 960 736
04165115726 960 734
04165115734 960 734
04165115746 960 731
04165115754 960 731
04165115766 960 729
04165115774 960 729
04165115786 960 726
04165115794 960 724
04165115806 960 724
04165115814 960 721
04165115826 960 721
04165115834 960 719
04165115846 960 719
04165115854 960 717
04165115866 960 717
04165115874 960 714
04165115886 960 714
04165115894 960 712
04165115906 960 712
04165115918 960 709
04165115926 960 709
04165115938 960 707
04165115946 960 707
04165115958 960 705
04165115966 960 705
04165115978 960 702
04165115986 960 702
04165115998 960 700
04165116006 960 700
04165116019 960 697
04165116028 960 697
04165116043 960 695
04165116051 960 693
04165116063 960 693
04165116071 960 690
04165116084 960 690
04165116089 960 690
04165116098 960 688
04165116106 960 688
04165116118 960 685
04165116126 960 685
04165116138 960 683
04165116146 960 683
04165116158 960 681
04165116170 960 678
04165116178 960 678
04165116190 960 676
04165116198 960 676
04165116210 960 673
04165116218 960 673
04165116230 960 671
04165116238 960 671
04165116250 960 668
04165116258 960 668
04165116270 960 666
04165116278 960 666
04165116290 960 664
04165116298 960 664
04165116310 960 661
04165116318 960 661
04165116330 960 659
04165116338 960 659
04165116350 960 656
04165116358 960 656
04165116370 960 654
04165116378 960 654
04165116390 960 652
04165116398 960 652
04165116410 960 649
04165116422 960 649
04165116430 960 647
04165116442 960 647
04165116450 960 644
04165116462 960 644
04165116470 960 642
04165116482 960 642
04165116490 960 640
04165116502 960 640
04165116510 960 637
04165116522 960 637
04165116530 960 635
04165116542 960 635
04165116550 960 632
04165116562 960 632
04165116570 960 630
04165116582 960 630
04165116590 960 628
04165116602 960 628
04165116610 960 625
04165116622 960 625
04165116630 960 623
04165116642 960 623
04165116650 960 620
04165116662 960 620
04165116674 960 618
04165116682 960 618
04165116694 960 615
04165116702 960 613
04165116714 960 613
04165116722 960 611
04165116734 960 611
04165116742 960 608
04165116754 960 608
04165116762 960 606
04165116774 960 606
04165116782 960 603
04165116795 960 603
04165116804 960 601
04165116819 960 601
04165116828 960 599
04165116840 960 599
04165116848 960 596
04165116857 960 596
04165116865 960 594
04165116877 960 594
04165116885 960 591
04165116897 960 591
04165116905 960 589
04165116917 960 589
04165116929 960 587
04165116937 960 587
04165116949 960 584
04165116957 960 584
04165116969 960 582
04165116977 960 582
04165116989 960 579
04165116997 960 579
04165117009 960 577
04165117017 960 577
04165117029 960 575
04165117037 960 575
04165117049 960 572
04165117057 960 572
04165117069 960 570
04165117077 960 570
04165117089 960 567
04165117097 960 565
04165117109 960 565
04165117117 960 562
04165117129 960 562
04165117137 960 560
04165117149 960 560
04165117157 960 558
04165117169 960 558
04165117181 960 555
04165117189 960 555
04165117201 960 553
04165117209 960 553
04165117221 960 550
04165117229 960 550
04165117241 960 548
04165117249 960 548
04165117261 960 546
04165117269 960 546
04165117281 960 543
04165117289 960 543
04165117301 960 541
04165117309 960 541
04165117321 960 538
04165117329 960 538
04165117341 960 536
04165117349 960 536
04165117361 960 534
04165117369 960 534
04165117381 960 531
04165117389 960 531
04165117401 960 529
04165117409 960 529
04165117421 960 526
04165117433 960 524
04165117441 960 524
04165117453 960 521
04165117461 960 521
04165117473 960 519
04165117481 960 519
04165117493 960 517
04165117501 960 517
04165117513 960 514
04165117521 960 514
04165117533 960 512
04165117541 960 512
04165117553 960 509
04165117561 960 509
04165117573 960 507
04165117581 960 507
04165117590 960 505
04165117598 960 505
04165117610 960 502
04165117618 960 502
04165117630 960 500
04165117638 960 500
04165117650 960 497
04165117658 960 497
04165117670 960 495
04165117682 960 495
04165117690 960 493
04165117702 960 493
04165117710 960 490
04165117722 960 490
04165117730 960 488
04165117742 960 488
04165117750 960 485
04165117762 960 485
04165117770 960 483
04165117782 960 483
04165117790 960 481
04165117802 960 481
04165117810 960 478
04165117822 960 478
04165117830 960 476
04165117842 960 476
04165117850 960 473
04165117862 960 473
04165117870 960 471
04165117882 960 471
04165117890 960 468
04165117902 960 468
04165117910 960 466
04165117922 960 466
04165117934 960 464
04165117942 960 464
04165117954 960 461
04165117962 960 461
04165117974 960 459
04165117982 960 459
04165117994 960 456
04165118002 960 456
04165118015 960 454
04165118025 960 452
04165118039 960 452
04165118048 960 449
04165118058 960 449
04165118062 960 449
04165118074 960 447
04165118082 960 447
04165118094 960 444
04165118102 960 444
04165118114 960 442
04165118122 960 442
04165118134 960 440
04165118142 960 437
04165118154 960 437
04165118162 960 435
04165118174 960 435
04165118186 960 432
04165118194 960 432
04165118206 960 430
04165118214 960 430
04165118226 960 428
04165118234 960 428
04165118246 960 425
04165118254 960 425
04165118266 960 423
04165118274 960 423
04165118286 960 420
04165118294 960 420
04165118307 960 418
04165118315 960 418
04165118330 960 415
04165118338 960 415
04165118350 960 413
04165118358 960 413
04165118370 960 411
04165118379 960 411
04165118389 960 408
04165118396 960 408
04165118408 960 406
04165118416 960 406
04165118429 960 403
04165118441 960 401
04165118448 960 401
04165118461 960 399
04165118468 960 399
04165118480 960 396
04165118488 960 396
04165118500 960 394
04165118509 960 394
04165118520 960 391
04165118528 960 391
04165118541 960 389
04165118548 960 389
04165118561 960 387
04165118568 960 387
04165118580 960 384
04165118588 960 384
04165118600 960 382
04165118609 960 382
04165118620 960 379
04165118628 960 379
04165118641 960 377
04165118648 960 377
04165118661 960 375
04165118668 960 375
04165118680 960 372
04165118693 960 372
04165118700 960 370
04165118712 960 370
04165118720 960 367
04165118732 960 367
04165118741 960 365
04165118752 960 365
04165118761 960 362
04165118772 960 362
04165118780 960 360
04165118793 960 360
04165118800 960 358
04165118812 960 358
04165118820 960 355
04165118832 960 355
04165118840 960 353
04165118852 960 353
04165118861 960 350
04165118872 960 350
04165118880 960 348
04165118893 960 348
04165118900 960 346
04165118912 960 346
04165118920 960 343
04165118932 960 343
04165118944 960 341
04165118952 960 341
04165118964 960 338
04165118972 960 338
04165118984 960 336
04165118992 960 336
04165119004 960 334
04165119012 960 334
04165119024 960 331
04165119032 960 331
04165119044 960 329
04165119052 960 329
04165119064 960 326
04165119072 960 326
04165119084 960 324
04165119092 960 321
04165119102 960 321
04165119110 960 321
04165119122 960 319
04165119130 960 319
04165119142 960 317
04165119150 960 317
04165119162 960 314
04165119170 960 314
04165119182 960 312
04165119194 960 309
04165119202 960 309
04165119214 960 307
04165119222 960 307
04165119234 960 305
04165119242 960 305
04165119254 960 302
04165119262 960 302
04165119274 960 300
04165119282 960 300
04165119294 960 297
04165119302 960 297
04165119314 960 295
04165119322 960 295
04165119334 960 293
04165119342 960 293
04165119354 960 290
04165119362 960 290
04165119374 960 288
04165119382 960 288
04165119394 960 286
04165119402 960 286
04165119414 960 289
04165119422 960 289
04165119434 960 291
04165119446 960 294
04165119454 960 294
04165119466 960 296
04165119474 960 296
04165119486 960 298
04165119494 960 298
04165119506 960 301
04165119514 960 301
04165119526 960 303
04165119534 960 303
04165119546 960 306
04165119554 960 306
04165119566 960 308
04165119574 960 308
04165119586 960 310
04165119594 960 310
04165119606 960 313
04165119614 960 313
04165119626 960 315
04165119634 960 315
04165119646 960 318
04165119654 960 318
04165119666 960 320
04165119674 960 320
04165119686 960 323
04165119698 960 323
04165119706 960 325
04165119718 960 325
04165119726 960 327
04165119738 960 327
04165119746 960 330
04165119758 960 330
04165119766 960 332
04165119778 960 332
04165119786 960 335
04165119798 960 335
04165119806 960 337
04165119818 960 337
04165119826 960 339
04165119838 960 339
04165119846 960 342
04165119858 960 342
04165119866 960 344
04165119878 960 344
04165119886 960 347
04165119898 960 347
04165119906 960 349
04165119918 960 349
04165119926 960 351
04165119938 960 351
04165119950 960 354
04165119958 960 354
04165119970 960 356
04165119978 960 356
04165119990 960 359
04165119998 960 359
04165120010 960 361
04165120018 960 361
04165120030 960 363
04165120038 960 363
04165120050 960 366
04165120058 960 366
04165120070 960 368
04165120078 960 368
04165120090 960 371
04165120098 960 371
04165120110 960 373
04165120118 960 373
04165120130 960 376
04165120138 960 376
04165120150 960 378
04165120158 960 378
04165120170 960 380
04165120178 960 380
04165120190 960 383
04165120202 960 385
04165120210 960 385
04165120222 960 388
04165120230 960 388
04165120242 960 390
04165120250 960 390
04165120262 960 392
04165120270 960 392
04165120282 960 395
04165120290 960 395
04165120302 960 397
04165120310 960 397
04165120322 960 400
04165120330 960 400
04165120342 960 402
04165120350 960 402
04165120362 960 404
04165120370 960 404
04165120382 960 407
04165120390 960 407
04165120402 960 409
04165120410 960 409
04165120422 960 412
04165120430 960 412
04165120442 960 414
04165120454 960 414
04165120462 960 416
04165120474 960 416
04165120482 960 419
04165120494 960 419
04165120502 960 421
04165120514 960 421
04165120522 960 424
04165120534 960 424
04165120542 960 426
04165120554 960 426
04165120562 960 429
04165120574 960 429
04165120582 960 431
04165120594 960 433
04165120602 960 433
04165120614 960 436
04165120622 960 436
04165120634 960 438
04165120642 960 438
04165120654 960 441
04165120662 960 441
04165120674 960 443
04165120685 960 443
04165120694 960 445
04165120707 960 445
04165120716 960 448
04165120731 960 448
04165120738 960 450
04165120750 960 450
04165120758 960 453
04165120771 960 453
04165120779 960 455
04165120789 960 455
04165120797 960 457
04165120809 960 457
04165120816 960 460
04165120829 960 460
04165120837 960 462
04165120849 960 462
04165120857 960 465
04165120868 960 465
04165120877 960 467
04165120889 960 467
04165120897 960 469
04165120909 960 469
04165120916 960 472
04165120929 960 472
04165120937 960 474
04165120949 960 474
04165120961 960 477
04165120968 960 477
04165120981 960 479
04165120989 960 479
04165121001 960 482
04165121009 960 482
04165121021 960 484
04165121029 960 484
04165121041 960 486
04165121048 960 486
04165121061 960 489
04165121068 960 489
04165121081 960 491
04165121089 960 491
04165121101 960 494
04165121109 960 496
04165121121 960 496
04165121129 960 498
04165121141 960 498
04165121149 960 501
04165121161 960 501
04165121168 960 503
04165121180 960 503
04165121188 960 506
04165121201 960 506
04165121213 960 508
04165121221 960 508
04165121232 960 510
04165121241 960 510
04165121252 960 513
04165121261 960 513
04165121273 960 515
04165121280 960 515
04165121293 960 518
04165121300 960 518
04165121313 960 520
04165121321 960 520
04165121333 960 523
04165121341 960 523
04165121350 960 525
04165121358 960 525
04165121370 960 527
04165121378 960 527
04165121390 960 530
04165121398 960 530
04165121411 960 532
04165121419 960 532
04165121430 960 535
04165121438 960 535
04165121450 960 537
04165121462 960 537
04165121470 960 539
04165121482 960 539
04165121490 960 542
04165121503 960 544
04165121512 960 544
04165121526 960 547
04165121534 960 547
04165121546 960 549
04165121554 960 549
04165121566 960 551
04165121574 960 551
04165121586 960 554
04165121594 960 554
04165121606 960 556
04165121614 960 556
04165121624 960 559
04165121632 960 559
04165121644 960 561
04165121652 960 561
04165121664 960 563
04165121672 960 563
04165121684 960 566
04165121692 960 566
04165121704 960 568
04165121716 960 568
04165121724 960 571
04165121736 960 571
04165121744 960 573
04165121756 960 573
04165121764 960 576
04165121776 960 576
04165121784 960 578
04165121796 960 578
04165121804 960 580
04165121816 960 580
04165121824 960 583
04165121836 960 583
04165121845 960 585
04165121856 960 585
04165121864 960 588
04165121876 960 588
04165121884 960 590
04165121896 960 590
04165121904 960 592
04165121916 960 592
04165121924 960 595
04165121936 960 595
04165121944 960 597
04165121956 960 597
04165121968 960 600
04165121976 960 600
04165121988 960 602
04165121996 960 602
04165122008 960 604
04165122016 960 604
04165122028 960 607
04165122036 960 609
04165122048 960 609
04165122056 960 612
04165122068 960 612
04165122076 960 614
04165122088 960 614
04165122096 960 616
04165122106 960 616
04165122114 960 616
04165122126 960 619
04165122134 960 619
04165122146 960 621
04165122154 960 621
04165122166 960 624
04165122174 960 624
04165122186 960 626
04165122194 960 629
04165122206 960 629
04165122218 960 631
04165122226 960 631
04165122238 960 633
04165122246 960 633
04165122258 960 636
04165122266 960 636
04165122278 960 638
04165122286 960 638
04165122298 960 641
04165122306 960 641
04165122319 960 643
04165122328 960 643
04165122341 960 645
04165122349 960 645
04165122361 960 648
04165122369 960 648
04165122381 960 650
04165122389 960 650
04165122401 960 653
04165122409 960 653
04165122421 960 655
04165122429 960 655
04165122441 960 657
04165122449 960 657
04165122461 960 660
04165122473 960 662
04165122481 960 662
04165122493 960 665
04165122501 960 665
04165122513 960 667
04165122521 960 667
04165122533 960 669
04165122541 960 669
04165122553 960 672
04165122561 960 672
04165122573 960 674
04165122581 960 674
04165122593 960 677
04165122601 960 677
04165122613 960 679
04165122621 960 679
04165122633 960 682
04165122641 960 682
04165122653 960 684
04165122661 960 684
04165122673 960 686
04165122681 960 686
04165122693 960 689
04165122701 960 689
04165122713 960 691
04165122725 960 691
04165122733 960 694
04165122745 960 694
04165122753 960 696
04165122765 960 696
04165122773 960 698
04165122785 960 698
04165122793 960 701
04165122805 960 701
04165122813 960 703
04165122825 960 703
04165122833 960 706
04165122845 960 708
04165122853 960 708
04165122865 960 710
04165122873 960 710
04165122885 960 713
04165122893 960 713
04165122905 960 715
04165122913 960 715
04165122925 960 718
04165122933 960 718
04165122945 960 720
04165122953 960 720
04165122965 960 723
04165122977 960 723
04165122985 960 725
04165122997 960 725
04165123005 960 727
04165123017 960 727
04165123025 960 730
04165123037 960 730
04165123045 960 732
04165123057 960 732
04165123065 960 735
04165123077 960 735
04165123085 960 737
04165123097 960 737
04165123105 960 739
04165123117 960 739
04165123125 960 742
04165123137 960 742
04165123145 960 744
04165123157 960 744
04165123165 960 747
04165123177 960 747
04165123185 960 749
04165123197 960 749
04165123205 960 751
04165123217 960 751
04165123229 960 754
04165123237 960 754
04165123249 960 756
04165123257 960 756
04165123269 960 759
04165123277 960 759
04165123289 960 761
04165123297 960 761
04165123309 960 763
04165123317 960 763
04165123329 960 766
04165123337 960 766
04165123349 960 768
04165123357 960 768
04165123369 960 771
04165123377 960 771
04165123389 960 773
04165123397 960 776
04165123409 960 776
04165123417 960 778
04165123429 960 778
04165123437 960 780
04165123449 960 780
04165123457 960 783
04165123469 960 783
04165123481 960 785
04165123489 960 785
04165123501 960 788
04165123509 960 788
04165123521 960 790
04165123529 960 790
04165123541 960 792
04165123549 960 792
04165123561 960 791
04165123569 960 791
04165123581 960 789
04165123589 960 789
04165123601 960 787
04165123609 960 787
04165123621 960 784
04165123629 960 784
04165123641 960 782
04165123649 960 782
04165123661 960 779
04165123669 960 779
04165123681 960 777
04165123689 960 777
04165123701 960 775
04165123709 960 775
04165123721 960 772
04165123733 960 770
04165123741 960 770
04165123753 960 767
04165123761 960 767
04165123773 960 765
04165123781 960 765
04165123793 960 763
04165123801 960 763
04165123813 960 760
04165123821 960 760
04165123833 960 758
04165123841 960 758
04165123853 960 755
04165123861 960 755
04165123873 960 753
04165123881 960 753
04165123893 960 751
04165123901 960 751
04165123913 960 748
04165123921 960 748
04165123933 960 746
04165123941 960 746
04165123953 960 743
04165123961 960 743
04165123973 960 741
04165123985 960 741
04165123993 960 738
04165124005 960 738
04165124013 960 736
04165124025 960 736
04165124033 960 734
04165124045 960 734
04165124053 960 731
04165124065 960 731
04165124073 960 729
04165124085 960 729
04165124093 960 726
04165124105 960 726
04165124113 960 724
04165124125 960 724
04165124133 960 722
04165124145 960 719
04165124153 960 719
04165124165 960 717
04165124173 960 717
04165124185 960 714
04165124193 960 714
04165124205 960 712
04165124213 960 712
04165124225 960 710
04165124237 960 710
04165124245 960 707
04165124257 960 707
04165124265 960 705
04165124277 960 705
04165124285 960 702
04165124297 960 702
04165124305 960 700
04165124317 960 700
04165124325 960 698
04165124337 960 698
04165124345 960 695
04165124357 960 695
04165124365 960 693
04165124377 960 693
04165124385 960 690
04165124397 960 690
04165124405 960 688
04165124417 960 688
04165124425 960 685
04165124437 960 685
04165124445 960 683
04165124457 960 683
04165124465 960 681
04165124477 960 681
04165124489 960 678
04165124497 960 678
04165124509 960 676
04165124517 960 676
04165124529 960 673
04165124537 960 673
04165124549 960 671
04165124557 960 671
04165124569 960 669
04165124577 960 669
04165124589 960 666
04165124597 960 666
04165124609 960 664
04165124617 960 664
04165124629 960 661
04165124637 960 661
04165124649 960 659
04165124657 960 659
04165124669 960 657
04165124677 960 657
04165124689 960 654
04165124697 960 654
04165124709 960 652
04165124717 960 649
04165124729 960 649
04165124741 960 647
04165124749 960 647
04165124761 960 645
04165124769 960 645
04165124781 960 642
04165124789 960 642
04165124801 960 640
04165124809 960 640
04165124821 960 637
04165124829 960 637
04165124841 960 635
04165124849 960 635
04165124861 960 632
04165124869 960 632
04165124881 960 630
04165124889 960 630
04165124901 960 628
04165124909 960 628
04165124921 960 625
04165124929 960 625
04165124941 960 623
04165124949 960 623
04165124961 960 620
04165124969 960 620
04165124981 960 618
04165124993 960 616
04165125001 960 616
04165125013 960 613
04165125021 960 613
04165125033 960 611
04165125041 960 611
04165125053 960 608
04165125061 960 608
04165125073 960 606
04165125081 960 606
04165125093 960 604
04165125101 960 604
04165125113 960 601
04165125121 960 601
04165125133 960 599
04165125141 960 599
04165125153 960 596
04165125161 960 596
04165125173 960 594
04165125181 960 594
04165125193 960 591
04165125201 960 591
04165125213 960 589
04165125221 960 589
04165125233 960 587
04165125245 960 587
04165125253 960 584
04165125265 960 584
04165125273 960 582
04165125285 960 582
04165125293 960 579
04165125305 960 579
04165125313 960 577
04165125325 960 577
04165125333 960 575
04165125345 960 575
04165125353 960 572
04165125365 960 572
04165125373 960 570
04165125385 960 570
04165125393 960 567
04165125405 960 567
04165125413 960 565
04165125425 960 565
04165125433 960 563
04165125445 960 560
04165125453 960 560
04165125465 960 558
04165125473 960 558
04165125485 960 555
04165125497 960 555
04165125505 960 553
04165125517 960 553
04165125525 960 551
04165125537 960 551
04165125545 960 548
04165125557 960 548
04165125565 960 546
04165125577 960 546
04165125585 960 543
04165125597 960 543
04165125605 960 541
04165125617 960 541
04165125625 960 538
04165125637 960 538
04165125645 960 536
04165125657 960 536
04165125665 960 534
04165125677 960 534
04165125685 960 531
04165125697 960 531
04165125705 960 529
04165125717 960 529
04165125725 960 526
04165125737 960 526
04165125749 960 524
04165125757 960 524
04165125769 960 522
04165125777 960 522
04165125789 960 519
04165125797 960 519
04165125809 960 517
04165125817 960 517
04165125829 960 514
04165125837 960 514
04165125849 960 512
04165125857 960 512
04165125869 960 510
04165125877 960 510
04165125889 960 507
04165125897 960 507
04165125909 960 505
04165125917 960 505
04165125929 960 502
04165125937 960 502
04165125949 960 500
04165125957 960 500
04165125969 960 498
04165125977 960 498
04165125989 960 495
04165126001 960 493
04165126009 960 493
04165126021 960 490
04165126029 960 490
04165126041 960 488
04165126049 960 488
04165126061 960 485
04165126069 960 485
04165126081 960 483
04165126089 960 483
04165126101 960 481
04165126109 960 481
04165126121 960 478
04165126129 960 478
04165126141 960 476
04165126149 960 476
04165126161 960 473
04165126169 960 473
04165126181 960 471
04165126189 960 471
04165126199 960 469
04165126206 960 469
04165126218 960 466
04165126226 960 466
04165126238 960 464
04165126250 960 464
04165126258 960 461
04165126270 960 461
04165126278 960 459
04165126290 960 459
04165126298 960 457
04165126310 960 457
04165126318 960 454
04165126330 960 454
04165126338 960 452
04165126350 960 452
04165126358 960 449
04165126370 960 449
04165126378 960 447
04165126390 960 447
04165126398 960 445
04165126410 960 445
04165126418 960 442
04165126430 960 442
04165126438 960 440
04165126450 960 440
04165126458 960 437
04165126470 960 437
04165126478 960 435
04165126490 960 435
04165126502 960 432
04165126510 960 432
04165126522 960 430
04165126530 960 430
04165126542 960 428
04165126549 960 428
04165126562 960 425
04165126570 960 425
04165126582 960 423
04165126590 960 423
04165126602 960 420
04165126610 960 420
04165126622 960 418
04165126630 960 418
04165126642 960 416
04165126649 960 416
04165126661 960 413
04165126669 960 413
04165126682 960 411
04165126690 960 411
04165126702 960 408
04165126710 960 406
04165126722 960 406
04165126730 960 404
04165126742 960 404
04165126754 960 401
04165126761 960 401
04165126774 960 399
04165126782 960 399
04165126794 960 396
04165126802 960 396
04165126814 960 394
04165126822 960 394
04165126834 960 392
04165126842 960 392
04165126854 960 389
04165126862 960 389
04165126874 960 387
04165126882 960 387
04165126894 960 384
04165126902 960 384
04165126914 960 382
04165126922 960 382
04165126934 960 379
04165126942 960 379
04165126954 960 377
04165126962 960 377
04165126974 960 375
04165126981 960 375
04165126994 960 372
04165127006 960 370
04165127014 960 370
04165127026 960 367
04165127034 960 367
04165127046 960 365
04165127054 960 365
04165127066 960 363
04165127074 960 363
04165127086 960 360
04165127094 960 360
04165127106 960 358
04165127114 960 358
04165127126 960 355
04165127134 960 355
04165127146 960 353
04165127154 960 353
04165127166 960 351
04165127174 960 351
04165127186 960 348
04165127194 960 348
04165127206 960 346
04165127214 960 346
04165127226 960 343
04165127234 960 343
04165127246 960 341
04165127258 960 341
04165127266 960 338
04165127278 960 338
04165127286 960 336
04165127298 960 336
04165127306 960 334
04165127318 960 334
04165127326 960 331
04165127338 960 331
04165127346 960 329
04165127358 960 329
04165127366 960 326
04165127378 960 326
04165127386 960 324
04165127398 960 324
04165127406 960 322
04165127418 960 322
04165127426 960 319
04165127438 960 319
04165127446 960 317
04165127458 960 317
04165127466 960 314
04165127478 960 314
04165127486 960 312
04165127498 960 312
04165127510 960 310
04165127517 960 310
04165127530 960 307
04165127538 960 307
04165127550 960 305
04165127558 960 305
04165127570 960 302
04165127578 960 302
04165127590 960 300
04165127598 960 298
04165127610 960 298
04165127618 960 295
04165127630 960 295
04165127638 960 295
04165127650 960 293
04165127658 960 290
04165127670 960 290
04165127678 960 288
04165127690 960 288
04165127698 960 286
04165127710 960 286
04165127718 960 289
04165127730 960 289
04165127738 960 291
04165127750 960 291
04165127762 960 293
04165127770 960 293
04165127782 960 296
04165127790 960 296
04165127802 960 298
04165127810 960 298
04165127822 960 301
04165127830 960 301
04165127842 960 303
04165127850 960 303
04165127862 960 306
04165127870 960 306
04165127882 960 308
04165127890 960 308
04165127902 960 310
04165127910 960 310
04165127922 960 313
04165127930 960 313
04165127942 960 315
04165127950 960 315
04165127962 960 318
04165127970 960 318
04165127982 960 320
04165127990 960 320
04165128002 960 322
04165128014 960 325
04165128022 960 325
04165128034 960 327
04165128042 960 327
04165128054 960 330
04165128062 960 330
04165128074 960 332
04165128082 960 332
04165128094 960 334
04165128102 960 334
04165128114 960 337
04165128122 960 337
04165128134 960 339
04165128141 960 339
04165128153 960 342
04165128162 960 342
04165128174 960 344
04165128181 960 344
04165128194 960 346
04165128202 960 346
04165128213 960 349
04165128221 960 349
04165128233 960 351
04165128242 960 351
04165128254 960 354
04165128265 960 354
04165128274 960 356
04165128286 960 356
04165128294 960 359
04165128306 960 359
04165128314 960 361
04165128328 960 361
04165128335 960 363
04165128348 960 363
04165128356 960 366
04165128367 960 366
04165128376 960 368
04165128388 960 368
04165128396 960 371
04165128408 960 371
04165128416 960 373
04165128428 960 373
04165128436 960 375
04165128448 960 375
04165128456 960 378
04165128467 960 378
04165128476 960 380
04165128488 960 380
04165128496 960 383
04165128508 960 383
04165128520 960 385
04165128528 960 385
04165128540 960 387
04165128548 960 387
04165128560 960 390
04165128567 960 390
04165128580 960 392
04165128587 960 392
04165128600 960 395
04165128608 960 397
04165128620 960 397
04165128628 960 399
04165128640 960 399
04165128647 960 402
04165128660 960 402
04165128668 960 404
04165128680 960 404
04165128687 960 407
04165128700 960 407
04165128708 960 409
04165128720 960 409
04165128728 960 412
04165128740 960 412
04165128748 960 414
04165128760 960 414
04165128772 960 416
04165128780 960 416
04165128792 960 419
04165128800 960 419
04165128812 960 421
04165128820 960 421
04165128832 960 424
04165128840 960 424
04165128852 960 426
04165128860 960 426
04165128872 960 428
04165128880 960 428
04165128892 960 431
04165128899 960 431
04165128912 960 433
04165128920 960 433
04165128932 960 436
04165128940 960 436
04165128952 960 438
04165128960 960 438
04165128972 960 440
04165128980 960 440
04165128992 960 443
04165128999 960 443
04165129012 960 445
04165129023 960 448
04165129032 960 448
04165129044 960 450
04165129052 960 450
04165129064 960 453
04165129072 960 453
04165129083 960 455
04165129092 960 455
04165129103 960 457
04165129112 960 457
04165129124 960 460
04165129132 960 460
04165129144 960 462
04165129152 960 462
04165129164 960 465
04165129172 960 465
04165129183 960 467
04165129192 960 467
04165129204 960 469
04165129211 960 469
04165129223 960 472
04165129232 960 472
04165129244 960 474
04165129252 960 474
04165129264 960 477
04165129276 960 477
04165129283 960 479
04165129296 960 479
04165129304 960 481
04165129315 960 481
04165129323 960 484
04165129336 960 484
04165129344 960 486
04165129356 960 486
04165129364 960 489
04165129376 960 489
04165129384 960 491
04165129396 960 491
04165129404 960 493
04165129415 960 493
04165129423 960 496
04165129436 960 496
04165129444 960 498
04165129456 960 498
04165129464 960 501
04165129476 960 501
04165129483 960 503
04165129497 960 503
04165129506 960 506
04165129517 960 508
04165129530 960 508
04165129537 960 510
04165129550 960 510
04165129558 960 513
04165129570 960 513
04165129578 960 515
04165129590 960 515
04165129598 960 518
04165129610 960 518
04165129618 960 520
04165129630 960 520
04165129638 960 522
04165129648 960 522
04165129656 960 525
04165129668 960 525
04165129676 960 527
04165129688 960 527
04165129696 960 530
04165129708 960 530
04165129716 960 532
04165129728 960 532
04165129736 960 534
04165129748 960 534
04165129756 960 537
04165129768 960 537
04165129780 960 539
04165129788 960 539
04165129800 960 542
04165129808 960 542
04165129820 960 544
04165129828 960 544
04165129840 960 546
04165129848 960 546
04165129860 960 549
04165129868 960 549
04165129880 960 551
04165129888 960 551
04165129900 960 554
04165129908 960 554
04165129920 960 556
04165129928 960 556
04165129940 960 559
04165129948 960 559
04165129960 960 561
04165129968 960 561
04165129980 960 563
04165129988 960 563
04165130000 960 566
04165130008 960 566
04165130020 960 568
04165130032 960 571
04165130040 960 571
04165130052 960 573
04165130060 960 573
04165130072 960 575
04165130080 960 575
04165130092 960 578
04165130100 960 578
04165130112 960 580
04165130120 960 580
04165130132 960 583
04165130140 960 583
04165130152 960 585
04165130160 960 585
04165130172 960 587
04165130180 960 587
04165130192 960 590
04165130200 960 590
04165130212 960 592
04165130220 960 592
04165130232 960 595
04165130240 960 595
04165130252 960 597
04165130260 960 597
04165130272 960 599
04165130284 960 599
04165130292 960 602
04165130304 960 602
04165130312 960 604
04165130324 960 604
04165130332 960 607
04165130344 960 607
04165130352 960 609
04165130364 960 609
04165130372 960 612
04165130384 960 612
04165130392 960 614
04165130404 960 614
04165130412 960 616
04165130424 960 616
04165130432 960 619
04165130444 960 619
04165130452 960 621
04165130464 960 621
04165130472 960 624
04165130484 960 624
04165130492 960 626
04165130504 960 626
04165130512 960 628
04165130524 960 628
04165130536 960 631
04165130544 960 631
04165130556 960 633
04165130564 960 633
04165130576 960 636
04165130584 960 636
04165130596 960 638
04165130604 960 638
04165130616 960 640
04165130624 960 640
04165130636 960 643
04165130644 960 645
04165130656 960 645
04165130664 960 648
04165130676 960 648
04165130684 960 650
04165130696 960 650
04165130704 960 652
04165130716 960 652
04165130724 960 655
04165130736 960 655
04165130744 960 657
04165130756 960 657
04165130764 960 660
04165130776 960 660
04165130788 960 662
04165130796 960 662
04165130808 960 665
04165130816 960 665
04165130828 960 667
04165130836 960 667
04165130848 960 669
04165130856 960 669
04165130868 960 672
04165130876 960 672
04165130888 960 674
04165130896 960 674
04165130908 960 677
04165130916 960 677
04165130928 960 679
04165130936 960 679
04165130948 960 681
04165130956 960 681
04165130968 960 684
04165130976 960 684
04165130988 960 686
04165130996 960 686
04165131008 960 689
04165131016 960 689
04165131028 960 691
04165131040 960 693
04165131048 960 693
04165131060 960 696
04165131068 960 696
04165131080 960 698
04165131088 960 698
04165131100 960 701
04165131108 960 701
04165131120 960 703
04165131128 960 703
04165131140 960 706
04165131148 960 706
04165131160 960 708
04165131168 960 708
04165131180 960 710
04165131188 960 710
04165131200 960 713
04165131208 960 713
04165131220 960 715
04165131228 960 715
04165131240 960 718
04165131248 960 718
04165131260 960 720
04165131268 960 720
04165131280 960 722
04165131292 960 722
04165131300 960 725
04165131312 960 725
04165131320 960 727
04165131332 960 727
04165131340 960 730
04165131352 960 730
04165131360 960 732
04165131372 960 732
04165131380 960 734
04165131392 960 734
04165131400 960 737
04165131412 960 737
04165131420 960 739
04165131432 960 739
04165131440 960 742
04165131452 960 742
04165131460 960 744
04165131472 960 744
04165131480 960 746
04165131492 960 746
04165131500 960 749
04165131512 960 749
04165131520 960 751
04165131532 960 751
04165131544 960 754
04165131552 960 754
04165131564 960 756
04165131572 960 756
04165131584 960 759
04165131592 960 759
04165131604 960 761
04165131612 960 761
04165131624 960 763
04165131632 960 763
04165131644 960 766
04165131652 960 766
04165131664 960 768
04165131672 960 768
04165131684 960 771
04165131692 960 771
04165131704 960 773
04165131712 960 773
04165131724 960 775
04165131732 960 775
04165131744 960 778
04165131752 960 778
04165131764 960 780
04165131772 960 780
04165131784 960 783
04165131796 960 785
04165131804 960 785
04165131816 960 787
04165131824 960 787
04165131836 960 790
04165131844 960 790
04165131856 960 792
04165131864 960 792
04165131876 960 792
04165131884 960 792
04165131896 960 789
04165131904 960 789
04165131916 960 787
04165131924 960 787
04165131936 960 784
04165131944 960 784
04165131956 960 782
04165131964 960 782
04165131976 960 780
04165131984 960 780
04165131996 960 777
04165132004 960 777
04165132016 960 775
04165132024 960 775
04165132036 960 772
04165132048 960 772
04165132056 960 770
04165132068 960 770
04165132076 960 768
04165132088 960 768
04165132096 960 765
04165132108 960 765
04165132116 960 763
04165132128 960 763
04165132136 960 760
04165132148 960 760
04165132156 960 758
04165132168 960 758
04165132176 960 755
04165132188 960 755
04165132196 960 753
04165132208 960 753
04165132216 960 751
04165132228 960 748
04165132236 960 748
04165132248 960 746
04165132256 960 746
04165132268 960 743
04165132276 960 743
04165132288 960 741
04165132300 960 741
04165132308 960 739
04165132320 960 739
04165132328 960 736
04165132340 960 736
04165132348 960 734
04165132360 960 734
04165132368 960 731
04165132380 960 731
04165132388 960 729
04165132400 960 729
04165132408 960 727
04165132420 960 727
04165132428 960 724
04165132440 960 724
04165132448 960 722
04165132460 960 722
04165132468 960 719
04165132480 960 719
04165132488 960 717
04165132500 960 717
04165132508 960 715
04165132520 960 715
04165132528 960 712
04165132540 960 712
04165132552 960 710
04165132560 960 710
04165132572 960 707
04165132580 960 707
04165132592 960 705
04165132600 960 705
04165132612 960 702
04165132620 960 702
04165132632 960 700
04165132640 960 700
04165132652 960 698
04165132660 960 698
04165132672 960 695
04165132680 960 695
04165132692 960 693
04165132700 960 693
04165132712 960 690
04165132720 960 690
04165132732 960 688
04165132740 960 688
04165132752 960 686
04165132760 960 686
04165132772 960 683
04165132780 960 683
04165132792 960 681
04165132804 960 678
04165132812 960 678
04165132824 960 676
04165132832 960 676
04165132844 960 674
04165132852 960 674
04165132864 960 671
04165132872 960 671
04165132884 960 669
04165132892 960 669
04165132904 960 666
04165132912 960 666
04165132924 960 664
04165132932 960 664
04165132944 960 662
04165132952 960 662
04165132964 960 659
04165132972 960 659
04165132984 960 657
04165132992 960 657
04165133004 960 654
04165133012 960 654
04165133024 960 652
04165133033 960 652
04165133046 960 649
04165133057 960 649
04165133065 960 647
04165133077 960 647
04165133085 960 645
04165133097 960 645
04165133105 960 642
04165133117 960 642
04165133125 960 640
04165133137 960 640
04165133146 960 637
04165133157 960 637
04165133165 960 635
04165133177 960 633
04165133185 960 633
04165133197 960 630
04165133205 960 630
04165133217 960 628
04165133225 960 628
04165133237 960 625
04165133246 960 625
04165133257 960 623
04165133265 960 623
04165133277 960 621
04165133285 960 621
04165133297 960 618
04165133309 960 618
04165133317 960 616
04165133329 960 616
04165133337 960 613
04165133349 960 613
04165133357 960 611
04165133369 960 611
04165133377 960 608
04165133389 960 608
04165133397 960 606
04165133409 960 606
04165133417 960 604
04165133429 960 604
04165133437 960 601
04165133449 960 601
04165133457 960 599
04165133469 960 599
04165133477 960 596
04165133489 960 596
04165133497 960 594
04165133509 960 594
04165133517 960 592
04165133529 960 592
04165133537 960 589
04165133549 960 589
04165133562 960 587
04165133569 960 587
04165133581 960 584
04165133589 960 584
04165133601 960 582
04165133609 960 582
04165133621 960 580
04165133629 960 580
04165133640 960 577
04165133648 960 577
04165133660 960 575
04165133668 960 575
04165133680 960 572
04165133688 960 572
04165133700 960 570
04165133708 960 570
04165133720 960 568
04165133728 960 568
04165133740 960 565
04165133748 960 565
04165133760 960 563
04165133768 960 563
04165133780 960 560
04165133788 960 558
04165133800 960 558
04165133812 960 555
04165133820 960 555
04165133832 960 553
04165133840 960 553
04165133852 960 551
04165133860 960 551
04165133872 960 548
04165133880 960 548
04165133892 960 546
04165133900 960 546
04165133912 960 543
04165133920 960 543
04165133932 960 541
04165133940 960 541
04165133952 960 539
04165133960 960 539
04165133972 960 536
04165133980 960 536
04165133992 960 534
04165134000 960 534
04165134013 960 531
04165134021 960 531
04165134033 960 529
04165134041 960 529
04165134053 960 527
04165134064 960 524
04165134073 960 524
04165134084 960 524
04165134093 960 522
04165134104 960 519
04165134113 960 519
04165134125 960 517
04165134133 960 517
04165134145 960 515
04165134153 960 515
04165134165 960 512
04165134173 960 512
04165134185 960 510
04165134193 960 510
04165134205 960 507
04165134213 960 507
04165134225 960 505
04165134233 960 505
04165134245 960 502
04165134253 960 502
04165134265 960 500
04165134273 960 500
04165134285 960 498
04165134293 960 498
04165134305 960 495
04165134317 960 495
04165134325 960 493
04165134337 960 493
04165134345 960 490
04165134357 960 490
04165134365 960 488
04165134377 960 488
04165134385 960 486
04165134397 960 486
04165134405 960 483
04165134417 960 483
04165134425 960 481
04165134437 960 481
04165134445 960 478
04165134457 960 478
04165134465 960 476
04165134477 960 476
04165134485 960 474
04165134497 960 474
04165134505 960 471
04165134517 960 471
04165134525 960 469
04165134537 960 469
04165134545 960 466
04165134557 960 466
04165134569 960 464
04165134577 960 464
04165134589 960 462
04165134597 960 459
04165134609 960 459
04165134617 960 457
04165134629 960 457
04165134636 960 454
04165134649 960 454
04165134657 960 452
04165134669 960 452
04165134677 960 449
04165134689 960 449
04165134697 960 447
04165134709 960 447
04165134716 960 445
04165134729 960 445
04165134737 960 442
04165134749 960 442
04165134757 960 440
04165134769 960 440
04165134777 960 437
04165134789 960 437
04165134797 960 435
04165134809 960 435
04165134821 960 433
04165134829 960 433
04165134841 960 430
04165134848 960 430
04165134861 960 428
04165134869 960 428
04165134881 960 425
04165134889 960 425
04165134901 960 423
04165134909 960 423
04165134921 960 421
04165134929 960 421
04165134941 960 418
04165134949 960 418
04165134961 960 416
04165134968 960 416
04165134981 960 413
04165134989 960 413
04165135001 960 411
04165135009 960 411
04165135021 960 408
04165135029 960 408
04165135041 960 406
04165135049 960 406
04165135061 960 404
04165135072 960 401
04165135081 960 401
04165135093 960 399
04165135101 960 399
04165135113 960 396
04165135121 960 396
04165135132 960 394
04165135141 960 394
04165135153 960 392
04165135161 960 392
04165135173 960 389
04165135181 960 389
04165135193 960 387
04165135200 960 387
04165135213 960 384
04165135221 960 384
04165135233 960 382
04165135241 960 382
04165135253 960 380
04165135261 960 380
04165135273 960 377
04165135281 960 377
04165135293 960 375
04165135300 960 375
04165135313 960 372
04165135325 960 372
04165135333 960 370
04165135345 960 368
04165135353 960 368
04165135365 960 365
04165135373 960 365
04165135381 960 365
04165135390 960 363
04165135401 960 363
04165135410 960 360
04165135422 960 360
04165135430 960 358
04165135441 960 358
04165135450 960 355
04165135462 960 355
04165135470 960 353
04165135481 960 353
04165135490 960 351
04165135501 960 351
04165135510 960 348
04165135521 960 348
04165135530 960 346
04165135542 960 343
04165135550 960 343
04165135562 960 341
04165135574 960 341
04165135581 960 339
04165135594 960 339
04165135602 960 336
04165135613 960 336
04165135621 960 334
04165135633 960 334
04165135642 960 331
04165135654 960 331
04165135662 960 329
04165135674 960 329
04165135681 960 327
04165135694 960 327
04165135701 960 324
04165135713 960 324
04165135721 960 322
04165135733 960 322
04165135742 960 319
04165135754 960 319
04165135762 960 317
04165135774 960 317
04165135781 960 315
04165135794 960 315
04165135801 960 312
04165135813 960 312
04165135826 960 310
04165135833 960 310
04165135846 960 307
04165135854 960 307
04165135866 960 305
04165135874 960 305
04165135886 960 302
04165135894 960 302
04165135906 960 300
04165135913 960 300
04165135926 960 298
04165135933 960 298
04165135946 960 295
04165135954 960 295
04165135965 960 293
04165135974 960 293
04165135986 960 290
04165135994 960 290
04165136006 960 288
04165136013 960 288
04165136025 960 286
04165136033 960 286
04165136046 960 289
04165136054 960 289
04165136065 960 291
04165136078 960 293
04165136086 960 293
04165136097 960 296
04165136106 960 296
04165136117 960 298
04165136126 960 298
04165136137 960 301
04165136146 960 301
04165136158 960 303
04165136165 960 303
04165136178 960 305
04165136186 960 305
04165136197 960 308
04165136205 960 308
04165136217 960 310
04165136226 960 310
04165136238 960 313
04165136245 960 313
04165136258 960 315
04165136265 960 315
04165136277 960 317
04165136286 960 317
04165136297 960 320
04165136305 960 320
04165136317 960 322
04165136329 960 322
04165136337 960 325
04165136349 960 325
04165136357 960 327
04165136370 960 327
04165136377 960 329
04165136390 960 329
04165136397 960 332
04165136410 960 332
04165136417 960 334
04165136429 960 334
04165136438 960 337
04165136449 960 337
04165136458 960 339
04165136470 960 339
04165136478 960 342
04165136491 960 342
04165136500 960 344
04165136512 960 346
04165136520 960 346
04165136532 960 349
04165136541 960 349
04165136552 960 351
04165136560 960 351
04165136572 960 354
04165136584 960 354
04165136592 960 356
04165136604 960 356
04165136612 960 358
04165136625 960 358
04165136632 960 361
04165136645 960 361
04165136652 960 363
04165136664 960 363
04165136672 960 366
04165136684 960 366
04165136693 960 368
04165136704 960 368
04165136713 960 370
04165136725 960 370
04165136732 960 373
04165136745 960 373
04165136752 960 375
04165136764 960 375
04165136772 960 378
04165136784 960 378
04165136792 960 380
04165136804 960 380
04165136812 960 382
04165136824 960 382
04165136836 960 385
04165136845 960 385
04165136857 960 387
04165136864 960 387
04165136876 960 390
04165136884 960 390
04165136896 960 392
04165136904 960 392
04165136916 960 395
04165136924 960 395
04165136936 960 397
04165136944 960 397
04165136956 960 399
04165136964 960 402
04165136976 960 402
04165136984 960 402
04165136996 960 404
04165137004 960 404
04165137016 960 407
04165137024 960 409
04165137036 960 409
04165137044 960 411
04165137056 960 411
04165137064 960 414
04165137076 960 414
04165137088 960 416
04165137096 960 416
04165137108 960 419
04165137116 960 419
04165137128 960 421
04165137136 960 421
04165137148 960 423
04165137156 960 423
04165137168 960 426
04165137176 960 426
04165137188 960 428
04165137196 960 428
04165137208 960 431
04165137216 960 431
04165137229 960 433
04165137236 960 433
04165137248 960 436
04165137256 960 436
04165137268 960 438
04165137276 960 438
04165137288 960 440
04165137296 960 440
04165137308 960 443
04165137316 960 443
04165137329 960 445
04165137340 960 445
04165137348 960 448
04165137360 960 450
04165137368 960 450
04165137380 960 452
04165137388 960 452
04165137400 960 455
04165137408 960 455
04165137420 960 457
04165137429 960 457
04165137440 960 460
04165137448 960 460
04165137460 960 462
04165137468 960 462
04165137480 960 464
04165137488 960 464
04165137500 960 467
04165137508 960 467
04165137520 960 469
04165137529 960 469
04165137540 960 472
04165137548 960 472
04165137560 960 474
04165137568 960 474
04165137580 960 476
04165137593 960 476
04165137600 960 479
04165137612 960 479
04165137620 960 481
04165137632 960 481
04165137640 960 484
04165137652 960 484
04165137661 960 486
04165137672 960 486
04165137680 960 489
04165137693 960 489
04165137700 960 491
04165137712 960 491
04165137720 960 493
04165137732 960 493
04165137740 960 496
04165137752 960 496
04165137761 960 498
04165137772 960 498
04165137780 960 501
04165137793 960 501
04165137800 960 503
04165137812 960 503
04165137820 960 505
04165137832 960 505
04165137845 960 508
04165137852 960 508
04165137864 960 510
04165137872 960 510
04165137884 960 513
04165137892 960 513
04165137904 960 515
04165137913 960 515
04165137924 960 517
04165137932 960 517
04165137944 960 520
04165137952 960 520
04165137964 960 522
04165137972 960 522
04165137984 960 525
04165137992 960 525
04165138004 960 527
04165138013 960 527
04165138024 960 529
04165138032 960 529
04165138044 960 532
04165138052 960 532
04165138064 960 534
04165138072 960 534
04165138084 960 537
04165138096 960 539
04165138104 960 539
