20180621T151458.179756 20 20
20180621T151458.191533 20 20
20180621T151458.199511 308.357 213.535 101.85 90.9737 127.033 336.819 250.678 357.898 252.008 20180621T151458.199511 20 20
20180621T151458.211474 20 20
20180621T151458.219470 20 20
20180621T151458.231435 307.771 213.582 101.667 91.0529 124.582 336.132 250.736 357.305 252.098 20180621T151458.231435 20 20
20180621T151458.240476 20 20
20180621T151458.251569 20 20
20180621T151458.259497 308.028 213.669 101.131 90.8196 125.399 336.56 250.969 357.807 252.436 20180621T151458.259497 20 20
20180621T151458.271516 20 20
20180621T151458.279494 20 20
20180621T151458.291428 308.158 213.357 100.64 90.3651 124.801 336.952 250.554 357.92 252.092 20180621T151458.291428 20 20
20180621T151458.299530 20 20
20180621T151458.311439 20 20
20180621T151458.319536 309.303 212.124 100.623 90.207 126.002 338 249.475 358.833 250.944 20180621T151458.319536 20 20
20180621T151458.331485 20 20
20180621T151458.339516 20 20
20180621T151458.351425 309.641 211.753 100.24 89.9037 124.512 338.137 248.858 359.255 250.547 20180621T151458.351425 20 20
20180621T151458.359549 20 20
20180621T151458.371464 20 20
20180621T151458.379538 308.667 212.157 100.296 89.5658 125.255 337.5 249.328 358.55 250.967 20180621T151458.379538 20 20
20180621T151458.391471 20 20
20180621T151458.399469 20 20
20180621T151458.411478 307.8 212.224 99.7887 89.5781 124.746 336.641 249.824 357.536 250.977 20180621T151458.411478 20 20
20180621T151458.419503 20 20
20180621T151458.431497 20 20
20180621T151458.443497 306.776 211.994 99.6463 89.3656 123.533 335.5 249.328 356.564 250.88 20180621T151458.443497 20 20
20180621T151458.451503 20 20
20180621T151458.463588 20 20
20180621T151458.471495 306.958 212.118 99.4051 89.3838 123.563 335.891 249.426 356.616 251 20180621T151458.471495 20 20
20180621T151458.483565 20 20
20180621T151458.491552 20 20
20180621T151458.503428 307.889 211.857 99.1961 89.2703 123.275 336.764 249.287 357.976 250.5 20180621T151458.503428 20 20
20180621T151458.511438 20 20
20180621T151458.523473 20 20
20180621T151458.531459 308.654 211.655 99.5784 89.4528 124.136 337.446 248.702 358.325 250.399 20180621T151458.531459 20 20
20180621T151458.543537 20 20
20180621T151458.551494 20 20
20180621T151458.563418 309.385 211.159 99.3474 89.3848 124.966 338.37 248.418 359.179 249.685 20180621T151458.563418 20 20
20180621T151458.571602 20 20
20180621T151458.583557 20 20
20180621T151458.591584 309.73 210.723 99.1929 89.4976 124.222 338.547 248.047 359.732 249.813 20180621T151458.591584 20 20
20180621T151458.603530 20 20
20180621T151458.611581 20 20
20180621T151458.623444 309.589 210.681 99.7177 89.2989 123.921 338.5 248.328 359.231 249.58 20180621T151458.623444 20 20
20180621T151458.631513 20 20
20180621T151458.643487 20 20
20180621T151458.651430 308.971 210.838 99.5612 89.577 123.365 338.161 248.294 358.705 249.648 20180621T151458.651430 20 20
20180621T151458.663447 20 20
20180621T151458.671509 20 20
20180621T151458.683432 308.288 210.689 99.775 89.5001 123.812 337 247.943 358.462 249.474 20180621T151458.683432 20 20
20180621T151458.695553 20 20
20180621T151458.703521 20 20
20180621T151458.715423 308.582 210.507 99.8689 89.8527 123.351 337.339 247.988 358.35 249.547 20180621T151458.715423 20 20
20180621T151458.723498 20 20
20180621T151458.735575 20 20
20180621T151458.743501 308.963 210.44 99.7434 90.1876 122.611 337.967 247.694 358.742 249.258 20180621T151458.743501 20 20
20180621T151458.755501 20 20
20180621T151458.763630 20 20
20180621T151458.775444 309.091 210.292 99.9176 90.0179 122.269 338.182 247.682 359 249.24 20180621T151458.775444 20 20
20180621T151458.783464 20 20
20180621T151458.795604 20 20
20180621T151458.803427 309.417 209.934 100.147 90.0722 123.928 338.434 247.444 359.11 249.142 20180621T151458.803427 20 20
20180621T151458.815501 20 20
20180621T151458.823499 20 20
20180621T151458.835484 309.425 209.914 100.216 90.3034 123.667 338.366 247.415 359.193 249.049 20180621T151458.835484 20 20
20180621T151458.843569 20 20
20180621T151458.855493 20 20
20180621T151458.863584 310.668 209.547 100.179 90.7215 123.801 338.962 247.516 360.085 248.772 20180621T151458.863584 20 20
20180621T151458.875537 20 20
20180621T151458.883482 20 20
20180621T151458.895535 310.649 209.511 100.418 90.8075 123.909 339.039 247.438 360 248.742 20180621T151458.895535 20 20
20180621T151458.903487 20 20
20180621T151458.915568 20 20
20180621T151458.923586 310.958 209.071 100.685 90.5868 124.142 339.345 246.914 360.325 248.399 20180621T151458.923586 20 20
20180621T151458.935546 20 20
20180621T151458.947424 20 20
20180621T151458.955488 310.909 209.03 100.701 90.7169 124.101 339.346 246.814 360.289 248.427 20180621T151458.955488 20 20
20180621T151458.967768 20 20
20180621T151458.975484 20 20
20180621T151458.987423 310.344 209.102 100.753 90.687 124.214 338.556 247.14 359.727 248.474 20180621T151458.987423 20 20
20180621T151458.995494 20 20
20180621T151459.007429 20 20
20180621T151459.015444 310.234 209.177 100.421 90.8126 123.631 338.5 247.173 359.534 248.371 20180621T151459.015444 20 20
20180621T151459.027803 20 20
20180621T151459.035435 20 20
20180621T151459.047442 310.705 208.439 100.49 90.719 123.64 339.121 246.303 360.184 247.974 20180621T151459.047442 20 20
20180621T151459.055503 20 20
20180621T151459.067441 20 20
20180621T151459.075546 311.457 207.802 100.475 90.4258 123.896 339.789 245.744 360.635 247.169 20180621T151459.075546 20 20
20180621T151459.087435 20 20
20180621T151459.095498 20 20
20180621T151459.107416 311.771 207.316 100.34 90.8058 122.69 340.417 245.117 360.977 246.792 20180621T151459.107416 20 20
20180621T151459.115750 20 20
20180621T151459.127559 20 20
20180621T151459.135519 311.49 207.4 100.306 90.2505 123.856 340.097 245.048 360.778 246.719 20180621T151459.135519 20 20
20180621T151459.147476 20 20
20180621T151459.155486 20 20
20180621T151459.167483 310.497 207.557 100.721 90.5269 122.749 338.827 245.815 359.579 246.96 20180621T151459.167483 20 20
20180621T151459.175509 20 20
20180621T151459.187565 20 20
20180621T151459.199411 309.811 207.609 100.561 90.3997 124.467 338.406 245.842 359.141 247.108 20180621T151459.199411 20 20
20180621T151459.208603 20 20
20180621T151459.219409 20 20
20180621T151459.227489 310.135 207.636 100.994 90.4612 123.949 338.683 245.753 359.429 247.306 20180621T151459.227489 20 20
20180621T151459.239568 20 20
20180621T151459.247545 20 20
20180621T151459.259417 310.583 207.847 101.005 90.9025 123.607 338.877 246.173 359.968 247.217 20180621T151459.259417 20 20
20180621T151459.268424 20 20
20180621T151459.280149 20 20
20180621T151459.287452 311.058 207.877 101.31 91.1337 123.928 339.497 246.193 360.446 247.387 20180621T151459.287452 20 20
20180621T151459.299882 20 20
20180621T151459.307483 20 20
20180621T151459.319438 311.38 207.589 102.173 90.8621 123.545 339.82 245.704 360.635 247.169 20180621T151459.319438 20 20
20180621T151459.327460 20 20
20180621T151459.339412 20 20
20180621T151459.347415 311.649 207.626 102.41 91.6929 123.921 340.111 245.578 360.769 247.155 20180621T151459.347415 20 20
20180621T151459.359575 20 20
20180621T151459.367560 20 20
20180621T151459.379403 311.226 207.589 102.524 91.6179 123.33 339.549 245.538 360.635 247.169 20180621T151459.379403 20 20
20180621T151459.387485 20 20
20180621T151459.399529 20 20
20180621T151459.407582 310.316 207.872 103.014 91.9358 124.03 338.613 245.984 359.656 247.556 20180621T151459.407582 20 20
20180621T151459.419478 20 20
20180621T151459.427485 20 20
20180621T151459.439485 310.035 208.125 103.449 92.1505 123.284 338.5 246.328 359.199 247.764 20180621T151459.439485 20 20
20180621T151459.451465 20 20
20180621T151459.459476 20 20
20180621T151459.471466 309.934 208.328 103.525 92.4852 123.16 338.464 246.366 359.165 247.743 20180621T151459.471466 20 20
20180621T151459.479739 20 20
20180621T151459.491479 20 20
20180621T151459.499533 310.111 208.598 103.698 92.8852 123.042 338.417 246.467 359.5 248.089 20180621T151459.499533 20 20
20180621T151459.512635 20 20
20180621T151459.519473 20 20
20180621T151459.531443 310.391 208.633 103.885 93.4733 123.98 338.833 246.569 359.922 248.333 20180621T151459.531443 20 20
20180621T151459.539484 20 20
20180621T151459.551414 20 20
20180621T151459.559492 310.609 208.64 104.342 93.3811 124.541 338.863 246.643 359.903 248.165 20180621T151459.559492 20 20
20180621T151459.571513 20 20
20180621T151459.579565 20 20
20180621T151459.591409 310.346 209.232 104.835 93.5045 124.733 338.756 247.5 359.678 249.055 20180621T151459.591409 20 20
20180621T151459.600112 20 20
20180621T151459.611418 20 20
20180621T151459.619418 310.147 209.471 105.048 93.4264 124.462 338.639 247.828 359.466 249.076 20180621T151459.619418 20 20
20180621T151459.631449 20 20
20180621T151459.639430 20 20
20180621T151459.651409 310.205 210.001 104.633 93.8134 123.965 338.703 248.2 359.587 249.587 20180621T151459.651409 20 20
20180621T151459.660389 20 20
20180621T151459.671689 20 20
20180621T151459.679491 310.379 210.078 104.704 93.8384 123.985 338.634 247.94 359.821 249.841 20180621T151459.679491 20 20
20180621T151500.781774 960 20
20180621T151500.791537 960 20
20180621T151500.799401 403.441 202.884 105.925 102.437 27.643 390.855 243.547 410.731 243.186 20180621T151500.799401 960 20
20180621T151500.811457 960 20
20180621T151500.819450 960 20
20180621T151500.831449 403.466 202.734 106.053 102.309 25.6659 391.15 243.15 411.115 242.654 20180621T151500.831449 960 20
20180621T151500.839430 960 20
20180621T151500.851447 960 20
20180621T151500.859494 403.677 202.693 105.715 102.153 29.2932 391.382 242.943 411.25 242.705 20180621T151500.859494 960 20
20180621T151500.872577 960 20
20180621T151500.879387 960 20
20180621T151500.891374 403.562 202.864 105.728 102.302 25.9214 391.143 243.254 411.071 242.851 20180621T151500.891374 960 20
20180621T151500.899528 960 20
20180621T151500.911433 960 20
20180621T151500.919474 402.747 202.959 105.95 101.82 23.1259 390.076 243.571 410.304 242.875 20180621T151500.919474 960 20
20180621T151500.931447 960 20
20180621T151500.939516 960 20
20180621T151500.951355 402.705 203.023 105.81 101.707 24.9634 390.167 243.591 409.965 243.058 20180621T151500.951355 960 20
20180621T151500.963490 960 20
20180621T151500.971432 960 20
20180621T151500.983367 402.766 203.327 105.81 101.885 25.1636 390.227 243.659 409.929 243.475 20180621T151500.983367 960 20
20180621T151500.992596 960 20
20180621T151501.003473 960 20
20180621T151501.011431 402.507 203.303 106.011 101.743 25.6032 390.079 243.69 410.052 243.32 20180621T151501.011431 960 20
20180621T151501.023488 960 20
20180621T151501.031412 960 20
20180621T151501.043453 402.293 203.169 106.128 101.522 24.1703 390.022 243.428 409.948 243.255 20180621T151501.043453 960 20
20180621T151501.051454 960 20
20180621T151501.063428 960 20
20180621T151501.071432 402.713 203.179 105.93 101.662 24.8955 390.016 243.566 410.241 243.086 20180621T151501.071432 960 20
20180621T151501.083439 960 20
20180621T151501.091437 960 20
20180621T151501.103442 402.893 203.269 105.528 101.685 23.6686 390.133 243.792 410.432 243.765 20180621T151501.103442 960 20
20180621T151501.111448 960 20
20180621T151501.123406 960 20
20180621T151501.131433 402.866 203.158 105.577 101.357 23.2929 390.116 243.5 410.222 243.272 20180621T151501.131433 960 20
20180621T151501.143443 960 20
20180621T151501.151457 960 20
20180621T151501.163404 403.09 203.087 105.621 101.179 26.3616 390.312 243.391 410.758 243.388 20180621T151501.163404 960 20
20180621T151501.172748 960 20
20180621T151501.183491 960 20
20180621T151501.191423 403.115 203.162 105.433 101.441 22.8495 390.587 243.674 410.856 243.536 20180621T151501.191423 960 20
20180621T151501.203451 960 20
20180621T151501.215941 960 20
20180621T151501.223435 403.12 203.168 105.734 101.513 22.8432 390.629 243.477 410.824 243.459 20180621T151501.223435 960 20
20180621T151501.235533 960 20
20180621T151501.243414 960 20
20180621T151501.255361 402.783 203.215 105.721 101.452 23.183 390.076 243.591 410.286 243.754 20180621T151501.255361 960 20
20180621T151501.263481 960 20
20180621T151501.276177 960 20
20180621T151501.283932 402.556 203.167 106.013 101.726 21.0633 390.076 243.591 410.56 243.352 20180621T151501.283932 960 20
20180621T151501.295454 960 20
20180621T151501.303415 960 20
20180621T151501.315462 403.224 202.667 105.791 101.884 16.1005 390.907 243.403 410.91 242.887 20180621T151501.315462 960 20
20180621T151501.324414 960 20
20180621T151501.336428 960 20
20180621T151501.343423 404.131 201.764 106.502 102.036 18.6079 391.874 242.403 411.853 241.972 20180621T151501.343423 960 20
20180621T151501.356220 960 20
20180621T151501.363444 960 20
20180621T151501.375370 403.83 201.834 106.667 102.203 19.9569 391.442 242.565 411.583 242.217 20180621T151501.375370 960 20
20180621T151501.384588 960 20
20180621T151501.395368 960 20
20180621T151501.403335 402.378 202.447 106.909 102.551 16.9081 390.095 242.966 410 242.5 20180621T151501.403335 960 20
20180621T151501.415434 960 20
20180621T151501.423524 960 20
20180621T151501.435347 401.909 202.487 106.863 102.894 18.3231 389.732 242.819 409.634 242.601 20180621T151501.435347 960 20
20180621T151501.444481 960 20
20180621T151501.455489 960 20
20180621T151501.467431 401.746 202.87 107.283 103.367 15.354 389.57 243.579 409.672 242.966 20180621T151501.467431 960 20
20180621T151501.475449 960 20
20180621T151501.487627 960 20
20180621T151501.495429 402.244 202.938 107.179 103.349 18.368 390.16 243.41 410.109 243.152 20180621T151501.495429 960 20
20180621T151501.507432 960 20
20180621T151501.515456 960 20
20180621T151501.527402 403.011 202.953 107.759 103.312 18.9972 390.948 243.32 410.895 243.379 20180621T151501.527402 960 20
20180621T151501.536372 960 20
20180621T151501.547469 960 20
20180621T151501.555475 403.575 202.955 107.761 103.426 18.8775 391.104 243.264 411.411 243.054 20180621T151501.555475 960 20
20180621T151501.567411 960 20
20180621T151501.575455 960 20
20180621T151501.587366 404.024 202.554 107.414 103.026 24.5935 391.729 243.287 411.881 242.726 20180621T151501.587366 960 20
20180621T151501.595595 960 20
20180621T151501.607411 960 20
20180621T151501.615431 403.693 202.619 107.586 103.403 16.3528 391.415 242.704 411.516 242.616 20180621T151501.615431 960 20
20180621T151501.627485 960 20
20180621T151501.635425 960 20
20180621T151501.647414 402.969 202.526 107.468 102.688 18.5621 390.858 243.1 410.678 242.448 20180621T151501.647414 960 20
20180621T151501.655471 960 20
20180621T151501.667425 960 20
20180621T151501.675406 402.814 202.625 107.264 102.601 17.8663 390.682 243.129 410.5 242.577 20180621T151501.675406 960 20
20180621T151501.688360 960 20
20180621T151501.695497 960 20
20180621T151501.707428 402.462 202.745 106.721 101.815 19.6264 390.296 243.185 409.857 242.851 20180621T151501.707428 960 20
20180621T151501.719431 960 20
20180621T151501.727465 960 20
20180621T151501.739375 404.929 203.225 106.888 101.63 22.8095 391.568 243.364 411.571 242.929 20180621T151501.739375 960 20
20180621T151501.748333 960 20
20180621T151501.759489 960 20
20180621T151501.767470 405.567 203.087 106.423 101.161 21.4921 392.193 243.702 412.101 243.063 20180621T151501.767470 960 20
20180621T151501.779387 960 20
20180621T151501.787361 960 20
20180621T151501.799396 405.743 202.991 105.856 100.909 19.5684 392.371 243.524 412.48 243.013 20180621T151501.799396 960 20
20180621T151501.807491 960 20
20180621T151501.819428 960 20
20180621T151501.827422 405.707 202.865 105.998 100.658 20.0818 392.304 243.49 412.44 242.827 20180621T151501.827422 960 20
20180621T151501.839404 960 20
20180621T151501.847399 960 20
20180621T151501.859476 405.719 202.874 105.916 100.51 20.8026 392.636 242.955 412.423 242.5 20180621T151501.859476 960 20
20180621T151501.868292 960 20
20180621T151501.880288 960 20
20180621T151501.887396 405.693 203.101 105.493 100.262 20.1549 392.343 243.685 412.48 243.013 20180621T151501.887396 960 20
20180621T151501.899424 960 20
20180621T151501.907426 960 20
20180621T151501.919498 405.852 203.026 105.721 100.006 22.3556 392.343 243.685 412.389 243.142 20180621T151501.919498 960 20
20180621T151501.927480 960 20
20180621T151501.939353 960 20
20180621T151501.947361 405.721 202.779 105.31 100.085 17.6522 392.43 243.281 412.556 242.833 20180621T151501.947361 960 20
20180621T151501.959404 960 20
20180621T151501.971341 960 20
20180621T151501.979461 405.716 202.921 105.292 99.8185 19.2109 392.575 243.217 412.5 242.917 20180621T151501.979461 960 20
20180621T151501.991366 960 20
20180621T151501.999361 960 20
20180621T151502.011332 405.539 202.889 105.398 99.9007 20.0265 392.333 242.925 412.167 242.569 20180621T151502.011332 960 20
20180621T151502.020236 960 20
20180621T151502.031525 960 20
20180621T151502.039424 405.301 202.812 105.291 100.114 19.2105 392.312 242.986 412 242.5 20180621T151502.039424 960 20
20180621T151502.052230 960 20
20180621T151502.060217 960 20
20180621T151502.071383 405.992 202.133 105.467 100.026 23.6119 392.848 242.167 412.485 241.813 20180621T151502.071383 960 20
20180621T151502.080248 960 20
20180621T151502.091327 960 20
20180621T151502.099345 406.163 201.817 105.204 100.428 22.8832 392.82 241.96 412.954 241.649 20180621T151502.099345 960 20
20180621T151502.111423 960 20
20180621T151502.119342 960 20
20180621T151502.131470 405.991 202.17 105.425 100.572 21.0493 392.848 242.167 412.696 241.848 20180621T151502.131470 960 20
20180621T151502.139353 960 20
20180621T151502.151368 960 20
20180621T151502.159318 405.488 202.532 105.514 100.689 18.7917 392.281 242.516 412.179 242.179 20180621T151502.159318 960 20
20180621T151502.171351 960 20
20180621T151502.179414 960 20
20180621T151502.191344 404.633 202.859 105.748 101.054 17.3598 391.587 242.674 411.68 242.56 20180621T151502.191344 960 20
20180621T151502.199531 960 20
20180621T151502.211323 960 20
20180621T151502.223345 404.567 203.046 105.798 101.187 15.6314 391.732 242.819 411.68 242.56 20180621T151502.223345 960 20
20180621T151502.231506 960 20
20180621T151502.243458 960 20
20180621T151502.251457 405.47 203.146 105.898 101.709 20.4257 392.326 243.454 411.977 242.856 20180621T151502.251457 960 20
20180621T151502.263493 960 20
20180621T151502.271463 960 20
20180621T151503.302874 489.013 209.274 106.935 93.1611 51.8563 436.058 250.196 457.751 248.934 20180621T151503.302874 1900 20
20180621T151503.311441 1900 20
20180621T151503.319346 1900 20
20180621T151503.331407 489.183 209.403 106.76 92.9865 52.2552 436.295 250.143 458.247 248.918 20180621T151503.331407 1900 20
20180621T151503.339486 1900 20
20180621T151503.351463 1900 20
20180621T151503.359465 489.436 209.347 106.666 92.7488 52.1073 436.295 250.143 458.254 248.822 20180621T151503.359465 1900 20
20180621T151503.371843 1900 20
20180621T151503.379417 1900 20
20180621T151503.391303 489.507 209.163 106.454 92.7309 52.3963 436.343 250.117 458.378 248.689 20180621T151503.391303 1900 20
20180621T151503.400284 1900 20
20180621T151503.411468 1900 20
20180621T151503.419412 489.509 209.503 106.216 92.9385 52.7733 436.388 250.046 458.343 248.836 20180621T151503.419412 1900 20
20180621T151503.431327 1900 20
20180621T151503.439361 1900 20
20180621T151503.451475 489.168 209.612 106.076 92.5418 52.2722 436.171 250.214 457.987 249.278 20180621T151503.451475 1900 20
20180621T151503.459467 1900 20
20180621T151503.471460 1900 20
20180621T151503.483301 488.94 209.469 106.498 92.0789 50.974 436.063 250.425 457.798 249.167 20180621T151503.483301 1900 20
20180621T151503.491454 1900 20
20180621T151503.503418 1900 20
20180621T151503.511353 489.779 208.991 106.923 91.8477 49.9721 436.514 249.861 458.5 248.667 20180621T151503.511353 1900 20
20180621T151503.523392 1900 20
20180621T151503.531384 1900 20
20180621T151503.543377 490.448 208.863 106.193 92.4762 50.7568 437.338 249.681 459.348 248.148 20180621T151503.543377 1900 20
20180621T151503.552646 1900 20
20180621T151503.563386 1900 20
20180621T151503.571383 490.82 208.4 106.412 92.5382 51.2684 437.871 249.2 459.855 248.092 20180621T151503.571383 1900 20
20180621T151503.583392 1900 20
20180621T151503.591386 1900 20
20180621T151503.603428 490.529 208.659 106.608 92.5971 50.3889 437.451 249.662 459.456 248.152 20180621T151503.603428 1900 20
20180621T151503.611420 1900 20
20180621T151503.623318 1900 20
20180621T151503.631317 490.222 208.621 106.962 92.5205 49.9678 437 249.596 458.757 248.153 20180621T151503.631317 1900 20
20180621T151503.643317 1900 20
20180621T151503.651316 1900 20
20180621T151503.663489 490.223 208.548 107.128 92.4656 50.211 437.051 249.368 459.014 248.108 20180621T151503.663489 1900 20
20180621T151503.671509 1900 20
20180621T151503.683319 1900 20
20180621T151503.691315 490.841 208.513 106.703 92.7178 51.6908 437.779 249.479 459.771 248.104 20180621T151503.691315 1900 20
20180621T151503.703384 1900 20
20180621T151503.711403 1900 20
20180621T151503.723299 491.08 208.534 107.126 92.5796 50.8339 438.042 249.917 459.824 248.162 20180621T151503.723299 1900 20
20180621T151503.735432 1900 20
20180621T151503.743379 1900 20
20180621T151503.755315 491.285 208.6 107.049 93.1144 50.4533 438.374 249.347 460.231 248.069 20180621T151503.755315 1900 20
20180621T151503.763524 1900 20
20180621T151503.775352 1900 20
20180621T151503.783294 492.919 207.883 107.182 92.2697 51.7452 438.725 249.074 460.893 247.449 20180621T151503.783294 1900 20
20180621T151503.795387 1900 20
20180621T151503.803426 1900 20
20180621T151503.815389 492.691 207.86 107.299 92.774 50.8642 438.705 249 460.944 247.513 20180621T151503.815389 1900 20
20180621T151503.823400 1900 20
20180621T151503.835390 1900 20
20180621T151503.843360 492.553 207.789 107.379 92.8807 50.9315 438.725 249.074 460.858 247.475 20180621T151503.843360 1900 20
20180621T151503.855389 1900 20
20180621T151503.863380 1900 20
20180621T151503.875394 492.332 207.687 107.928 92.6892 51.4179 438.529 248.857 460.462 247.575 20180621T151503.875394 1900 20
20180621T151503.883390 1900 20
20180621T151503.895379 1900 20
20180621T151503.903356 492.209 207.393 107.796 92.5013 50.932 438.529 248.857 460.462 247.575 20180621T151503.903356 1900 20
20180621T151503.915486 1900 20
20180621T151503.923422 1900 20
20180621T151503.935511 492.325 207.542 107.966 92.8445 51.6839 438.619 248.857 460.721 247.789 20180621T151503.935511 1900 20
20180621T151503.943420 1900 20
20180621T151503.955314 1900 20
20180621T151503.963334 492.452 207.499 108.082 92.5814 51.4421 438.575 248.831 460.773 247.859 20180621T151503.963334 1900 20
20180621T151503.975385 1900 20
20180621T151503.987345 1900 20
20180621T151503.995416 492.283 207.435 107.586 92.8081 51.208 438.458 248.745 460.643 247.724 20180621T151503.995416 1900 20
20180621T151504.007357 1900 20
20180621T151504.015314 1900 20
20180621T151504.027384 492.301 207.407 107.657 92.5995 51.6943 438.458 248.745 460.5 247.82 20180621T151504.027384 1900 20
20180621T151504.035502 1900 20
20180621T151504.047565 1900 20
20180621T151504.055314 492.308 207.735 107.117 92.7262 53.0978 438.418 248.987 460.578 248.182 20180621T151504.055314 1900 20
20180621T151504.067383 1900 20
20180621T151504.075458 1900 20
20180621T151504.087292 492.148 207.813 107.029 92.6472 52.9841 438.374 249.059 460.391 247.729 20180621T151504.087292 1900 20
20180621T151504.095486 1900 20
20180621T151504.107440 1900 20
20180621T151504.115338 492.177 207.719 107.08 92.5446 53.0617 438.224 249.068 460.239 247.825 20180621T151504.115338 1900 20
20180621T151504.127381 1900 20
20180621T151504.135370 1900 20
20180621T151504.147373 491.966 207.962 106.916 92.6924 52.5588 438.12 249.259 460.279 248 20180621T151504.147373 1900 20
20180621T151504.155569 1900 20
20180621T151504.167407 1900 20
20180621T151504.175303 491.891 208.146 107.003 92.7901 52.3573 438.254 249.371 460.231 248.069 20180621T151504.175303 1900 20
20180621T151504.187427 1900 20
20180621T151504.195430 1900 20
20180621T151504.207288 492.175 207.949 107.099 92.8787 52.021 438.169 249.233 460.279 248 20180621T151504.207288 1900 20
20180621T151504.215395 1900 20
20180621T151504.227303 1900 20
20180621T151504.239298 493.227 207.141 107.542 92.2701 51.8687 439.181 248.456 461.11 247.142 20180621T151504.239298 1900 20
20180621T151504.247380 1900 20
20180621T151504.259327 1900 20
20180621T151504.267383 493.394 206.864 107.075 92.7137 50.353 439.545 248.052 461.641 246.714 20180621T151504.267383 1900 20
20180621T151504.279381 1900 20
20180621T151504.287463 1900 20
20180621T151504.299305 493.378 206.856 107.166 92.3847 50.7585 439.282 248.139 461.29 246.887 20180621T151504.299305 1900 20
20180621T151504.307466 1900 20
20180621T151504.319310 1900 20
20180621T151504.327314 493.027 207.186 107.215 92.4006 51.7579 438.705 248.29 460.962 247.175 20180621T151504.327314 1900 20
20180621T151504.339435 1900 20
20180621T151504.347442 1900 20
20180621T151504.359333 492.099 207.296 107.372 92.3786 51.6699 438.213 248.511 460.32 247.162 20180621T151504.359333 1900 20
20180621T151504.368338 1900 20
20180621T151504.379432 1900 20
20180621T151504.387402 491.966 207.479 107.259 92.7781 52.418 438.287 248.398 460.238 247.264 20180621T151504.387402 1900 20
20180621T151504.399369 1900 20
20180621T151504.407375 1900 20
20180621T151504.419330 492.745 207.581 107.834 92.1321 50.8154 438.587 248.761 460.913 247.408 20180621T151504.419330 1900 20
20180621T151504.427364 1900 20
20180621T151504.439308 1900 20
20180621T151504.447287 492.884 207.501 107.561 92.4298 52.0296 438.763 248.799 460.987 247.408 20180621T151504.447287 1900 20
20180621T151504.459302 1900 20
20180621T151504.467373 1900 20
20180621T151504.479916 493.2 207.36 107.38 92.7253 52.9711 439.232 248.425 461.3 247.062 20180621T151504.479916 1900 20
20180621T151504.491401 1900 20
20180621T151504.499365 1900 20
20180621T151504.511343 493.181 207.119 107.468 92.7775 52.0319 439.36 248.102 461.276 247.093 20180621T151504.511343 1900 20
20180621T151504.519374 1900 20
20180621T151504.531377 1900 20
20180621T151504.539365 493.096 206.859 108.053 92.6886 51.7632 439.048 248.108 461.087 247.058 20180621T151504.539365 1900 20
20180621T151504.551373 1900 20
20180621T151504.559358 1900 20
20180621T151504.571341 492.768 206.864 108.33 92.8305 51.7202 438.324 247.978 460.949 246.936 20180621T151504.571341 1900 20
20180621T151504.581065 1900 20
20180621T151504.591369 1900 20
20180621T151504.599412 492.312 207.163 108.535 93.2294 52.2377 438.295 248.143 460.421 247.022 20180621T151504.599412 1900 20
20180621T151504.611372 1900 20
20180621T151504.619372 1900 20
20180621T151504.631449 492.033 207.386 108.778 93.1549 51.7427 438.313 248.475 460.218 247.338 20180621T151504.631449 1900 20
20180621T151504.639386 1900 20
20180621T151504.651425 1900 20
20180621T151504.659412 492.301 207.34 108.78 93.5601 52.7224 438.412 248.461 460.709 247.175 20180621T151504.659412 1900 20
20180621T151504.671346 1900 20
20180621T151504.679432 1900 20
20180621T151504.691344 492.661 207.089 108.968 93.2164 52.5057 438.502 248.228 460.8 247.171 20180621T151504.691344 1900 20
20180621T151504.699832 1900 20
20180621T151504.711299 1900 20
20180621T151504.719304 492.699 207.099 108.927 93.4199 52.6732 438.784 248.19 460.976 247.163 20180621T151504.719304 1900 20
20180621T151504.731367 1900 20
20180621T151504.743305 1900 20
20180621T151504.751511 492.814 206.971 109.214 93.4687 51.953 439.058 248.196 461.141 247.124 20180621T151504.751511 1900 20
20180621T151504.763394 1900 20
20180621T151504.771293 1900 20
20180621T151504.783332 493.074 207.303 109.11 93.7747 51.1869 439.213 248.196 461.276 247.093 20180621T151504.783332 1900 20
20180621T151504.791342 1900 20
20180621T151505.719308 1900 540
20180621T151505.727270 488.908 249.636 110.989 98.6189 70.4728 437.678 267.889 458.65 268.011 20180621T151505.727270 1900 540
20180621T151505.740060 1900 540
20180621T151505.751622 1900 540
20180621T151505.759346 488.961 249.602 111.008 98.3043 69.5126 437.468 267.839 458.608 267.825 20180621T151505.759346 1900 540
20180621T151505.771575 1900 540
20180621T151505.779359 1900 540
20180621T151505.791289 488.975 249.66 111.006 98.5111 69.569 437.5 267.968 458.672 268.01 20180621T151505.791289 1900 540
20180621T151505.799284 1900 540
20180621T151505.811358 1900 540
20180621T151505.819298 488.901 250.027 110.587 98.067 70.332 437.536 268.366 458.635 268.292 20180621T151505.819298 1900 540
20180621T151505.831867 1900 540
20180621T151505.839324 1900 540
20180621T151505.851301 488.835 250.099 110.285 98.251 70.305 437.519 268.28 458.635 268.292 20180621T151505.851301 1900 540
20180621T151505.859397 1900 540
20180621T151505.871323 1900 540
20180621T151505.880019 488.834 250.001 109.886 97.9752 70.7296 437.4 268.45 458.37 268.418 20180621T151505.880019 1900 540
20180621T151505.891317 1900 540
20180621T151505.899324 1900 540
20180621T151505.911324 488.432 250.071 109.684 98.1238 71.4731 437 268.5 458.169 268.557 20180621T151505.911324 1900 540
20180621T151505.919342 1900 540
20180621T151505.931285 1900 540
20180621T151505.939295 488.191 250.13 110.11 97.5471 71.3303 436.464 268.366 457.565 268.458 20180621T151505.939295 1900 540
20180621T151505.951597 1900 540
20180621T151505.959307 1900 540
20180621T151505.971240 488.174 250.125 109.966 97.5355 71.3404 436.464 268.366 457.565 268.458 20180621T151505.971240 1900 540
20180621T151505.980220 1900 540
20180621T151505.991384 1900 540
20180621T151506.003249 488.327 250.146 109.888 97.5833 71.1496 436.5 268.328 457.563 268.311 20180621T151506.003249 1900 540
20180621T151506.011303 1900 540
20180621T151506.023280 1900 540
20180621T151506.031297 488.221 250.009 109.744 97.6351 71.4438 436.438 268.156 457.667 268.288 20180621T151506.031297 1900 540
20180621T151506.043268 1900 540
20180621T151506.051282 1900 540
20180621T151506.063253 487.912 249.758 109.798 97.3446 71.3905 436.311 268.311 457.074 268.101 20180621T151506.063253 1900 540
20180621T151506.071289 1900 540
20180621T151506.083278 1900 540
20180621T151506.091227 487.683 249.658 109.88 97.2529 71.2246 436.151 267.839 456.856 267.862 20180621T151506.091227 1900 540
20180621T151506.103347 1900 540
20180621T151506.111300 1900 540
20180621T151506.123242 487.622 249.703 110.126 97.0551 70.5999 435.967 268.137 456.856 267.862 20180621T151506.123242 1900 540
20180621T151506.131326 1900 540
20180621T151506.143279 1900 540
20180621T151506.151333 487.375 249.654 109.313 97.6907 71.4072 436 268.053 456.758 268.04 20180621T151506.151333 1900 540
20180621T151506.164782 1900 540
20180621T151506.171346 1900 540
20180621T151506.183255 487.282 249.851 110.032 97.5749 71.6673 435.798 268.268 456.682 268.146 20180621T151506.183255 1900 540
20180621T151506.191358 1900 540
20180621T151506.203268 1900 540
20180621T151506.211325 487.142 250.01 109.748 97.4115 71.4228 435.814 268.355 456.635 268.292 20180621T151506.211325 1900 540
20180621T151506.223647 1900 540
20180621T151506.231385 1900 540
20180621T151506.243253 487.133 249.978 109.606 97.4892 71.472 435.842 268.446 456.672 268.254 20180621T151506.243253 1900 540
20180621T151506.255263 1900 540
20180621T151506.263775 1900 540
20180621T151506.275257 488.665 251.065 109.099 97.8194 73.7395 436.732 268.536 457.969 268.807 20180621T151506.275257 1900 540
20180621T151506.283333 1900 540
20180621T151506.295233 1900 540
20180621T151506.303250 489.563 250.493 109.868 97.4877 70.9956 437.921 268.367 458.672 268.254 20180621T151506.303250 1900 540
20180621T151506.315389 1900 540
20180621T151506.323315 1900 540
20180621T151506.335424 489.61 250.083 109.629 97.5224 71.4711 437.782 268.282 458.602 268.095 20180621T151506.335424 1900 540
20180621T151506.343348 1900 540
20180621T151506.355282 1900 540
20180621T151506.363232 488.535 250.315 109.713 97.7395 71.7162 436.789 268.222 458.005 268.262 20180621T151506.363232 1900 540
20180621T151506.375362 1900 540
20180621T151506.383388 1900 540
20180621T151506.395250 488.38 250.577 109.147 98.1407 71.8339 436.603 268.374 457.863 268.415 20180621T151506.395250 1900 540
20180621T151506.403302 1900 540
20180621T151506.415233 1900 540
20180621T151506.423261 488.416 250.357 109.198 97.9226 71.3258 436.597 268.194 457.688 268.302 20180621T151506.423261 1900 540
20180621T151506.435331 1900 540
20180621T151506.443345 1900 540
20180621T151506.455272 488.44 250.115 109.375 97.6717 71.7975 436.656 267.906 457.776 268.229 20180621T151506.455272 1900 540
20180621T151506.464114 1900 540
20180621T151506.475421 1900 540
20180621T151506.483336 489.033 250.447 109.074 97.429 72.5347 437.202 268.24 458.37 268.418 20180621T151506.483336 1900 540
20180621T151506.495303 1900 540
20180621T151506.507284 1900 540
20180621T151506.515289 489.402 250.401 108.973 97.574 72.2287 437.61 268.333 458.672 268.254 20180621T151506.515289 1900 540
20180621T151506.527275 1900 540
20180621T151506.535278 1900 540
20180621T151506.547401 489.869 250.096 109.521 97.4763 72.7705 438.124 267.753 458.797 267.885 20180621T151506.547401 1900 540
20180621T151506.555334 1900 540
20180621T151506.567311 1900 540
20180621T151506.575394 489.54 249.778 108.646 98.2198 71.5532 438.167 267.414 458.906 268.012 20180621T151506.575394 1900 540
20180621T151506.587324 1900 540
20180621T151506.595412 1900 540
20180621T151506.607291 490.113 249.918 108.915 97.7005 72.7286 438.167 267.414 459.064 268.099 20180621T151506.607291 1900 540
20180621T151506.615296 1900 540
20180621T151506.627308 1900 540
20180621T151506.635302 490.259 249.75 108.73 98.2083 73.1606 438.345 267.508 459.338 267.768 20180621T151506.635302 1900 540
20180621T151506.647473 1900 540
20180621T151506.655379 1900 540
20180621T151506.667315 490.577 249.311 108.92 97.8635 72.4602 438.593 267.383 459.848 267.573 20180621T151506.667315 1900 540
20180621T151506.675317 1900 540
20180621T151506.687226 1900 540
20180621T151506.695359 490.402 249.202 108.893 98.004 72.0705 438.643 267.458 459.734 267.588 20180621T151506.695359 1900 540
20180621T151506.707251 1900 540
20180621T151506.715246 1900 540
20180621T151506.727238 490.69 249.141 108.796 97.9457 73.5129 438.643 267.458 459.612 267.361 20180621T151506.727238 1900 540
20180621T151506.735365 1900 540
20180621T151506.747321 1900 540
20180621T151506.759237 490.564 249.015 108.228 98.5285 72.5777 438.5 267.173 459.836 267.113 20180621T151506.759237 1900 540
20180621T151506.767320 1900 540
20180621T151506.779225 1900 540
20180621T151506.787235 490.897 248.83 108.894 97.91 72.9093 438.844 266.887 459.99 266.99 20180621T151506.787235 1900 540
20180621T151506.799318 1900 540
20180621T151506.807364 1900 540
20180621T151506.819291 491.359 248.865 108.559 97.8389 72.6155 439.175 266.858 460.378 267.011 20180621T151506.819291 1900 540
20180621T151506.827311 1900 540
20180621T151506.839299 1900 540
20180621T151506.847280 492.105 248.905 108.641 97.9384 71.9772 439.742 266.887 460.672 267.254 20180621T151506.847280 1900 540
20180621T151506.859297 1900 540
20180621T151506.867487 1900 540
20180621T151506.879303 491.923 249.048 108.762 98.4927 72.5898 439.828 267.052 460.688 267.302 20180621T151506.879303 1900 540
20180621T151506.887314 1900 540
20180621T151506.899332 1900 540
20180621T151506.907321 491.541 249.053 109.228 98.2283 71.9681 439.5 267 460.636 267.067 20180621T151506.907321 1900 540
20180621T151506.919321 1900 540
20180621T151506.927370 1900 540
20180621T151506.939218 491.776 248.617 108.941 98.4524 72.3794 439.717 266.628 460.694 266.995 20180621T151506.939218 1900 540
20180621T151506.947344 1900 540
20180621T151506.959235 1900 540
20180621T151506.967339 493.303 247.913 109.532 98.2987 72.7188 440.851 266.029 462.226 266.271 20180621T151506.967339 1900 540
20180621T151506.979819 1900 540
20180621T151506.987341 1900 540
20180621T151506.999227 493.565 247.508 109.465 98.045 72.0065 441.292 265.823 462.308 265.862 20180621T151506.999227 1900 540
20180621T151507.011365 1900 540
20180621T151507.019293 1900 540
20180621T151507.031254 492.313 247.674 109.157 98.1405 71.8991 440.19 265.867 460.903 265.914 20180621T151507.031254 1900 540
20180621T151507.039249 1900 540
20180621T151507.051225 1900 540
20180621T151507.059314 491.658 247.87 109.622 97.8352 72.1821 439.603 266.305 460.621 266.174 20180621T151507.059314 1900 540
20180621T151507.071286 1900 540
20180621T151507.079395 1900 540
20180621T151507.091209 490.777 247.774 109.357 97.7961 70.5791 438.646 266.153 460.05 266.294 20180621T151507.091209 1900 540
20180621T151507.099310 1900 540
20180621T151507.111227 1900 540
20180621T151507.119231 490.752 247.623 109.104 98.1013 71.6922 438.899 266.256 460.167 266.305 20180621T151507.119231 1900 540
20180621T151507.131339 1900 540
20180621T151507.139275 1900 540
20180621T151507.151287 491.189 247.675 108.656 98.0291 72.0203 439.397 266.374 460.635 266.292 20180621T151507.151287 1900 540
20180621T151507.159398 1900 540
20180621T151507.171279 1900 540
20180621T151507.179291 491.521 247.574 109.092 97.9992 70.9247 439.953 266.462 460.602 266.095 20180621T151507.179291 1900 540
20180621T151507.191302 1900 540
20180621T151507.199294 1900 540
20180621T151507.211227 492.443 247.509 109.115 97.56 71.4876 440.679 266.244 461.602 266.095 20180621T151507.211227 1900 540
20180621T151507.927279 960 540
20180621T151507.935259 960 540
20180621T151507.947861 407.531 245.245 108.484 104.831 68.9896 394.654 263.931 414.536 264.366 20180621T151507.947861 960 540
20180621T151507.956028 960 540
20180621T151507.967317 960 540
20180621T151507.975312 406.876 245.46 107.76 104.719 76.4061 394 264.293 414.228 264.5 20180621T151507.975312 960 540
20180621T151507.987300 960 540
20180621T151507.995519 960 540
20180621T151508.007240 406.297 245.494 107.623 104.054 73.92 393.874 264.403 413.739 264.536 20180621T151508.007240 960 540
20180621T151508.019349 960 540
20180621T151508.027279 960 540
20180621T151508.039236 405.948 245.54 106.945 104.047 71.3659 393.395 264.265 413.457 264.593 20180621T151508.039236 960 540
20180621T151508.047451 960 540
20180621T151508.059242 960 540
20180621T151508.067456 406.057 245.446 106.601 103.72 74.967 393.673 264.253 413.616 264.553 20180621T151508.067456 960 540
20180621T151508.079247 960 540
20180621T151508.087240 960 540
20180621T151508.099217 406.144 245.526 105.877 103.315 79.4485 393.958 264.201 413.714 264.351 20180621T151508.099217 960 540
20180621T151508.107336 960 540
20180621T151508.119238 960 540
20180621T151508.127235 406.199 245.385 105.248 103.345 77.0854 393.958 264.201 413.827 264.364 20180621T151508.127235 960 540
20180621T151508.139310 960 540
20180621T151508.147279 960 540
20180621T151508.159242 406.066 245.545 104.717 102.783 78.3075 393.958 264.201 413.874 264.403 20180621T151508.159242 960 540
20180621T151508.167527 960 540
20180621T151508.179277 960 540
20180621T151508.187278 406.144 245.636 104.672 102.306 78.6218 393.958 264.201 413.758 264.388 20180621T151508.187278 960 540
20180621T151508.199307 960 540
20180621T151508.207387 960 540
20180621T151508.219318 405.77 246.247 104.117 101.804 76.2115 393.462 264.659 413.571 264.929 20180621T151508.219318 960 540
20180621T151508.227294 960 540
20180621T151508.239302 960 540
20180621T151508.247305 405.82 246.441 103.552 101.873 71.4037 393.462 264.659 413.571 264.929 20180621T151508.247305 960 540
20180621T151508.260155 960 540
20180621T151508.271246 960 540
20180621T151508.279444 406.985 246.022 103.547 101.759 83.534 394.522 263.987 414.594 264.453 20180621T151508.279444 960 540
20180621T151508.291266 960 540
20180621T151508.299259 960 540
20180621T151508.311202 407.665 245.317 103.2 101.583 77.7238 395.44 263.753 415.339 264.129 20180621T151508.311202 960 540
20180621T151508.319300 960 540
20180621T151508.331449 960 540
20180621T151508.339272 407.568 245.706 103.203 101.188 71.4173 395.104 264.264 415.173 264.519 20180621T151508.339272 960 540
20180621T151508.351372 960 540
20180621T151508.359336 960 540
20180621T151508.371226 406.71 246.252 103.01 101.342 90 394.281 264.516 414.261 264.933 20180621T151508.371226 960 540
20180621T151508.379435 960 540
20180621T151508.391285 960 540
20180621T151508.399317 405.125 246.569 102.971 101.097 87.6472 392.887 265.369 412.5 265.233 20180621T151508.399317 960 540
20180621T151508.411245 960 540
20180621T151508.419209 960 540
20180621T151508.431214 404.678 246.974 103.132 101.251 87.427 392.5 265.5 412.308 265.859 20180621T151508.431214 960 540
20180621T151508.439380 960 540
20180621T151508.451559 960 540
20180621T151508.459284 405.078 247.35 102.992 100.704 89.1664 392.477 265.939 412.485 265.813 20180621T151508.459284 960 540
20180621T151508.471295 960 540
20180621T151508.479341 960 540
20180621T151508.491231 405.347 247.156 103.05 101.172 86.921 392.83 266.022 412.801 266.058 20180621T151508.491231 960 540
20180621T151508.501050 960 540
20180621T151508.511272 960 540
20180621T151508.523369 406.115 247.507 102.969 101.209 81.3207 393.958 266.201 413.874 266.403 20180621T151508.523369 960 540
20180621T151508.531298 960 540
20180621T151508.543298 960 540
20180621T151508.551427 406.582 247.648 102.92 101.315 97.4158 394.222 266.118 414.115 266.483 20180621T151508.551427 960 540
20180621T151508.563299 960 540
20180621T151508.571346 960 540
20180621T151508.583271 406.437 247.223 103.204 101.067 88.9719 394.014 265.769 413.874 266.403 20180621T151508.583271 960 540
20180621T151508.592192 960 540
20180621T151508.603300 960 540
20180621T151508.611291 405.96 247.54 103.158 101.038 99.7587 393.847 266.097 413.5 266.328 20180621T151508.611291 960 540
20180621T151508.623303 960 540
20180621T151508.631276 960 540
20180621T151508.643290 407.448 247.276 103.285 100.822 88.7283 394.281 266.176 414.251 266.392 20180621T151508.643290 960 540
20180621T151508.651317 960 540
20180621T151508.663743 960 540
20180621T151508.671277 407.102 247.513 103.28 100.848 90.883 394 266.293 414 266.5 20180621T151508.671277 960 540
20180621T151508.683307 960 540
20180621T151508.691393 960 540
20180621T151508.703305 406.935 247.442 103.11 100.701 90.5832 393.958 266.201 413.758 266.388 20180621T151508.703305 960 540
20180621T151508.711269 960 540
20180621T151508.723347 960 540
20180621T151508.731356 406.856 247.361 103.24 100.965 97.8135 393.83 266.32 413.758 266.388 20180621T151508.731356 960 540
20180621T151508.743272 960 540
20180621T151508.751486 960 540
20180621T151508.763819 407.06 247.278 103.133 100.323 99.2096 394 266.293 414 266.5 20180621T151508.763819 960 540
20180621T151508.775263 960 540
20180621T151508.783250 960 540
20180621T151508.795205 407.313 247.133 103.453 100.157 87.5754 394.305 265.979 414.208 266.429 20180621T151508.795205 960 540
20180621T151508.803241 960 540
20180621T151508.815238 960 540
20180621T151508.823274 407.373 246.952 103.296 100.204 89.5943 394.32 265.56 414.293 266.138 20180621T151508.823274 960 540
20180621T151508.835277 960 540
20180621T151508.843287 960 540
20180621T151508.855282 407.505 246.861 103.096 100.427 87.1993 394.212 265.985 414.293 266.138 20180621T151508.855282 960 540
20180621T151508.863393 960 540
20180621T151508.875267 960 540
20180621T151508.883289 407.308 247.119 103.239 100.145 88.229 394.233 266.082 414.115 266.483 20180621T151508.883289 960 540
20180621T151508.895296 960 540
20180621T151508.903266 960 540
20180621T151508.915271 407.158 246.979 103.033 100.29 94.7908 394.194 265.583 414.052 266.255 20180621T151508.915271 960 540
20180621T151508.923307 960 540
20180621T151508.935525 960 540
20180621T151508.943285 407.552 246.407 103.048 100.442 85.1293 394.829 265.543 414.5 265.701 20180621T151508.943285 960 540
20180621T151508.955202 960 540
20180621T151508.963210 960 540
20180621T151508.975225 407.857 245.97 102.406 100.256 80.8888 395.326 264.881 414.856 265.536 20180621T151508.975225 960 540
20180621T151508.983280 960 540
20180621T151508.995327 960 540
20180621T151509.003361 407.348 245.66 102.758 100.066 83.4466 394.279 264.915 414.241 265.086 20180621T151509.003361 960 540
20180621T151509.015289 960 540
20180621T151509.027301 960 540
20180621T151509.035362 406.849 245.955 102.665 100.464 81.5221 394.042 264.833 414.206 265.212 20180621T151509.035362 960 540
20180621T151509.048529 960 540
20180621T151509.056326 960 540
20180621T151509.067281 406.135 246.221 102.962 100.334 85.5126 393.341 265.205 413.156 265.339 20180621T151509.067281 960 540
20180621T151509.075237 960 540
20180621T151509.088278 960 540
20180621T151509.095355 405.976 246.087 102.885 100.554 79.8531 393.237 265.311 412.862 265.291 20180621T151509.095355 960 540
20180621T151509.107259 960 540
20180621T151509.115201 960 540
20180621T151509.127280 406.009 246.328 103.237 100.68 79.0416 393.13 265.449 412.922 265.744 20180621T151509.127280 960 540
20180621T151509.135286 960 540
20180621T151509.147432 960 540
20180621T151509.155267 406.282 246.423 102.983 100.58 75.5546 392.963 265.093 412.967 265.694 20180621T151509.155267 960 540
20180621T151509.167292 960 540
20180621T151509.175287 960 540
20180621T151509.187287 406.62 246.208 103.258 100.975 81.8234 393.456 265.156 413.548 265.345 20180621T151509.187287 960 540
20180621T151509.195468 960 540
20180621T151509.207218 960 540
20180621T151509.215209 406.64 246.02 103.54 101.004 85.8479 393.558 264.823 413.614 265.536 20180621T151509.215209 960 540
20180621T151509.228067 960 540
20180621T151509.235327 960 540
20180621T151509.247224 406.405 245.939 103.841 101.377 77.4475 393.248 265.209 412.856 265.536 20180621T151509.247224 960 540
20180621T151509.256114 960 540
20180621T151509.267492 960 540
20180621T151509.279198 406.256 245.787 104.095 101.238 76.7492 393.248 264.992 412.932 265.456 20180621T151509.279198 960 540
20180621T151509.288079 960 540
20180621T151509.299347 960 540
20180621T151509.307205 406.282 245.7 104.509 101.59 78.215 393.291 264.716 413.313 265.456 20180621T151509.307205 960 540
20180621T151509.319240 960 540
20180621T151509.327306 960 540
20180621T151509.339214 406.731 245.408 104.922 101.822 73.385 393.291 264.716 413.352 265.148 20180621T151509.339214 960 540
20180621T151509.347289 960 540
20180621T151509.359243 960 540
20180621T151509.367255 406.966 245.42 104.925 102.321 79.513 393.733 264.5 413.786 264.964 20180621T151509.367255 960 540
20180621T151509.379257 960 540
20180621T151509.387198 960 540
20180621T151509.399194 407.121 245.429 105.2 102.192 83.1777 393.926 264.574 413.901 265 20180621T151509.399194 960 540
20180621T151509.407316 960 540
20180621T151509.419306 960 540
20180621T151509.427221 407.222 245.219 105.639 102.773 80.4992 393.874 264.403 413.914 264.809 20180621T151509.427221 960 540
20180621T151510.287217 20 540
20180621T151510.295324 20 540
20180621T151510.307406 319.466 243.566 107.717 99.8091 96.9836 346.672 260.813 367.611 261.145 20180621T151510.307406 20 540
20180621T151510.315282 20 540
20180621T151510.327221 20 540
20180621T151510.335352 319.937 243.081 107.751 99.8217 96.4099 347.714 260.351 368.235 260.662 20180621T151510.335352 20 540
20180621T151510.347476 20 540
20180621T151510.355536 20 540
20180621T151510.367246 319.534 243.154 107.53 100.036 97.4158 347 260.467 367.95 260.726 20180621T151510.367246 20 540
20180621T151510.375313 20 540
20180621T151510.387349 20 540
20180621T151510.395448 317.991 243.557 107.963 99.9181 98.6381 345.808 260.853 366.236 260.907 20180621T151510.395448 20 540
20180621T151510.407250 20 540
20180621T151510.415280 20 540
20180621T151510.427259 317.424 243.67 107.76 99.8361 97.2703 344.703 260.928 365.676 261.219 20180621T151510.427259 20 540
20180621T151510.436341 20 540
20180621T151510.447355 20 540
20180621T151510.455351 316.93 243.921 107.729 99.7511 99.8828 344.45 261.491 365.302 261.498 20180621T151510.455351 20 540
20180621T151510.467271 20 540
20180621T151510.475269 20 540
20180621T151510.487277 316.851 243.995 107.877 99.7461 99.8107 344.524 261.512 365.235 261.662 20180621T151510.487277 20 540
20180621T151510.495328 20 540
20180621T151510.507262 20 540
20180621T151510.515287 316.664 244.304 107.887 99.6472 100.854 344.38 261.836 365.122 261.435 20180621T151510.515287 20 540
20180621T151510.527282 20 540
20180621T151510.539258 20 540
20180621T151510.547265 317.18 244.086 107.581 99.8678 96.6075 344.469 261.588 365.648 261.69 20180621T151510.547265 20 540
20180621T151510.559355 20 540
20180621T151510.567402 20 540
20180621T151510.579198 317.487 243.622 107.619 99.7968 98.4567 345.4 260.728 366.082 260.978 20180621T151510.579198 20 540
20180621T151510.587269 20 540
20180621T151510.599200 20 540
20180621T151510.607319 317.459 243.592 107.634 99.6605 97.9025 344.851 260.943 365.829 261.088 20180621T151510.607319 20 540
20180621T151510.619341 20 540
20180621T151510.627300 20 540
20180621T151510.639224 317.051 243.557 107.46 99.5929 98.7179 344.661 260.847 365.542 261.259 20180621T151510.639224 20 540
20180621T151510.647240 20 540
20180621T151510.659274 20 540
20180621T151510.667325 317.047 243.447 107.366 99.3632 98.1334 344.789 260.637 365.588 261.123 20180621T151510.667325 20 540
20180621T151510.679287 20 540
20180621T151510.687271 20 540
20180621T151510.699253 316.903 243.387 107.306 99.0264 97.2213 344.65 260.923 365.588 261.123 20180621T151510.699253 20 540
20180621T151510.707258 20 540
20180621T151510.719282 20 540
20180621T151510.727268 316.762 243.523 106.885 99.0768 97.2505 344.299 261.195 365.209 261.458 20180621T151510.727268 20 540
20180621T151510.739283 20 540
20180621T151510.747257 20 540
20180621T151510.759272 316.567 243.479 106.708 99.2539 97.5443 344.328 260.793 364.875 261.12 20180621T151510.759272 20 540
20180621T151510.767301 20 540
20180621T151510.779906 20 540
20180621T151510.791190 316.837 243.302 106.994 98.8316 96.7118 344.536 260.536 365.181 261.204 20180621T151510.791190 20 540
20180621T151510.800242 20 540
20180621T151510.811342 20 540
20180621T151510.819284 317.372 243.2 106.32 99.0353 98.439 344.885 260.483 365.963 260.712 20180621T151510.819284 20 540
20180621T151510.831279 20 540
20180621T151510.839270 20 540
20180621T151510.851270 317.336 243.273 106.44 99.3046 97.4144 344.789 260.637 365.909 260.854 20180621T151510.851270 20 540
20180621T151510.859257 20 540
20180621T151510.871253 20 540
20180621T151510.879861 316.561 243.756 106.541 98.5261 97.4819 344.339 261.226 365.053 261.311 20180621T151510.879861 20 540
20180621T151510.891284 20 540
20180621T151510.899360 20 540
20180621T151510.911247 316.461 243.873 106.428 98.6099 96.6253 344.103 261.282 364.8 261.646 20180621T151510.911247 20 540
20180621T151510.919279 20 540
20180621T151510.931249 20 540
20180621T151510.939184 317.162 243.406 105.838 98.5875 93.8453 344.763 260.565 365.772 260.864 20180621T151510.939184 20 540
20180621T151510.951259 20 540
20180621T151510.959345 20 540
20180621T151510.971224 317.84 242.605 105.693 98.4261 96.7896 345.792 259.891 366.295 260.143 20180621T151510.971224 20 540
20180621T151510.979359 20 540
20180621T151510.991182 20 540
20180621T151510.999349 318.205 241.82 105.206 98.0507 95.0198 346.074 258.938 366.566 259.328 20180621T151510.999349 20 540
20180621T151511.012182 20 540
20180621T151511.019328 20 540
20180621T151511.031178 317.669 242.188 105.518 97.6261 95.1545 345.617 259.217 366.101 259.874 20180621T151511.031178 20 540
20180621T151511.043206 20 540
20180621T151511.051396 20 540
20180621T151511.063229 316.034 242.896 105.063 97.352 94.869 343.842 260.303 364.338 260.169 20180621T151511.063229 20 540
20180621T151511.071255 20 540
20180621T151511.083336 20 540
20180621T151511.091389 315.235 242.956 104.947 97.1113 97.659 343.161 260.339 364.005 260.402 20180621T151511.091389 20 540
20180621T151511.103250 20 540
20180621T151511.111237 20 540
20180621T151511.123252 315.699 243.301 104.854 97.3678 95.5611 343.758 260.388 364.252 260.541 20180621T151511.123252 20 540
20180621T151511.131314 20 540
20180621T151511.143249 20 540
20180621T151511.151337 316.129 243.444 104.669 97.2959 93.1737 344 260.5 364.5 260.82 20180621T151511.151337 20 540
20180621T151511.163442 20 540
20180621T151511.171272 20 540
20180621T151511.183184 317.208 243.509 104.574 97.0609 94.6151 344.789 260.637 365.601 260.825 20180621T151511.183184 20 540
20180621T151511.191285 20 540
20180621T151511.203208 20 540
20180621T151511.211298 317.999 243.464 104.098 97.3399 92.6811 345.874 260.403 366.378 260.689 20180621T151511.211298 20 540
20180621T151511.224338 20 540
20180621T151511.231242 20 540
20180621T151511.243355 318.493 243.063 104.314 97.1257 94.4146 346.047 260.462 366.547 260.468 20180621T151511.243355 20 540
20180621T151511.252150 20 540
20180621T151511.263362 20 540
20180621T151511.271186 318.333 243.174 104.702 97.1937 95.1737 346 260.388 366.5 260.667 20180621T151511.271186 20 540
20180621T151511.283245 20 540
20180621T151511.295198 20 540
20180621T151511.303196 317.59 243.618 105.138 96.7891 96.4757 345.173 260.712 365.923 261.06 20180621T151511.303196 20 540
20180621T151511.315331 20 540
20180621T151511.323237 20 540
20180621T151511.335203 317.255 243.872 104.918 96.7659 94.9551 344.749 260.891 365.459 261.306 20180621T151511.335203 20 540
20180621T151511.343281 20 540
20180621T151511.355180 20 540
20180621T151511.363289 317.016 244.096 104.738 97.0331 94.7216 344.372 261.167 365.132 261.671 20180621T151511.363289 20 540
20180621T151511.375273 20 540
20180621T151511.383359 20 540
20180621T151511.395180 316.854 244.403 105.139 96.9498 94.8762 344.484 261.516 364.95 261.525 20180621T151511.395180 20 540
20180621T151511.403325 20 540
20180621T151511.415228 20 540
20180621T151511.423183 316.479 244.605 105.009 97.2512 95.6328 344.201 261.529 364.531 261.883 20180621T151511.423183 20 540
20180621T151511.435509 20 540
20180621T151511.443321 20 540
20180621T151511.455333 316.401 244.526 104.945 97.4849 94.8326 344.011 261.744 364.407 261.749 20180621T151511.455333 20 540
20180621T151511.463344 20 540
20180621T151511.475253 20 540
20180621T151511.483303 316.661 244.712 105.112 97.4831 94.5512 344.156 262.224 364.655 262.328 20180621T151511.483303 20 540
20180621T151511.495348 20 540
20180621T151511.503247 20 540
20180621T151511.515171 316.808 244.78 105.276 97.4296 96.6353 344.444 262.198 364.714 262.08 20180621T151511.515171 20 540
20180621T151511.523273 20 540
20180621T151511.535433 20 540
20180621T151511.547223 316.683 245.168 105.941 97.7478 97.2202 344.268 262.399 364.446 262.662 20180621T151511.547223 20 540
20180621T151511.555271 20 540
20180621T151511.567191 20 540
20180621T151511.575188 316.333 245.542 105.941 97.8358 95.7998 343.874 262.403 364.458 262.745 20180621T151511.575188 20 540
20180621T151511.587331 20 540
20180621T151511.595379 20 540
20180621T151511.607214 315.908 245.468 106.445 98.6944 95.5653 342.97 262.429 363.963 262.712 20180621T151511.607214 20 540
20180621T151511.615306 20 540
20180621T151511.627191 20 540
20180621T151511.635266 316.224 245.063 106.543 98.2546 97.3148 343.874 262.403 364.309 262.338 20180621T151511.635266 20 540
20180621T151511.647305 20 540
20180621T151511.655234 20 540
20180621T151511.667161 317.132 244 106.63 99.0346 95.8171 344.413 261.688 365.14 261.652 20180621T151511.667161 20 540
20180621T151511.675319 20 540
20180621T151511.687259 20 540
20180621T151511.695359 319.451 244.995 106.854 99.5021 95.5411 345.705 261.609 366.338 261.976 20180621T151511.695359 20 540
20180621T151511.707267 20 540
20180621T151511.715230 20 540
20180621T151511.727250 317.533 245.394 107.553 99.3296 96.112 344 262.293 364.5 262.5 20180621T151511.727250 20 540
20180621T151511.735296 20 540
20180621T151511.747404 20 540
20180621T151511.755238 317.024 245.565 107.409 99.5903 97.7708 343.615 262.481 364.18 262.635 20180621T151511.755238 20 540
20180621T151511.767353 20 540
20180621T151511.775291 20 540
20180621T151512.638794 325.006 281.443 111.754 102.006 76.2394 351.063 278.692 371.661 278.518 20180621T151512.638794 20 1060
20180621T151512.645952 20 1060
20180621T151512.655197 20 1060
20180621T151512.663215 325.115 281.316 111.772 101.899 76.4969 351.115 278.718 371.883 278.374 20180621T151512.663215 20 1060
20180621T151512.675224 20 1060
20180621T151512.683274 20 1060
20180621T151512.695257 325.163 281.313 111.691 101.882 76.035 351.345 278.52 372.167 278.305 20180621T151512.695257 20 1060
20180621T151512.703283 20 1060
20180621T151512.715243 20 1060
20180621T151512.723225 325.066 281.361 111.565 102.112 75.7229 350.897 278.519 371.839 278.339 20180621T151512.723225 20 1060
20180621T151512.735275 20 1060
20180621T151512.743234 20 1060
20180621T151512.755247 324.163 281.257 111.677 102.003 76.8094 349.929 278.429 370.645 278.081 20180621T151512.755247 20 1060
20180621T151512.763405 20 1060
20180621T151512.775229 20 1060
20180621T151512.783250 324.087 281.135 111.561 102.022 75.261 349.827 278.444 370.438 278.156 20180621T151512.783250 20 1060
20180621T151512.796944 20 1060
20180621T151512.807557 20 1060
20180621T151512.815186 323.941 281.39 111.669 101.836 77.0649 349.874 278.403 370.418 278.28 20180621T151512.815186 20 1060
20180621T151512.827183 20 1060
20180621T151512.835246 20 1060
20180621T151512.847413 323.846 281.375 111.872 101.45 77.6844 349.874 278.403 370.438 278.156 20180621T151512.847413 20 1060
20180621T151512.855920 20 1060
20180621T151512.867239 20 1060
20180621T151512.875233 324.47 281.209 111.431 101.857 78.8848 350.209 278.328 370.74 278.226 20180621T151512.875233 20 1060
20180621T151512.887226 20 1060
20180621T151512.895223 20 1060
20180621T151512.907251 324.8 281.12 111.566 101.762 77.4637 350.7 278.306 371.406 278 20180621T151512.907251 20 1060
20180621T151512.915320 20 1060
20180621T151512.927172 20 1060
20180621T151512.935179 324.847 280.953 112.05 101.415 77.3853 350.853 277.802 371.878 277.779 20180621T151512.935179 20 1060
20180621T151512.947175 20 1060
20180621T151512.955212 20 1060
20180621T151512.967155 324.657 280.59 111.626 101.584 78.6544 350.427 277.76 371.309 277.512 20180621T151512.967155 20 1060
20180621T151512.975225 20 1060
20180621T151512.987172 20 1060
20180621T151512.995260 323.932 281.252 111.862 101.454 75.8813 349.952 278.429 370.452 278.242 20180621T151512.995260 20 1060
20180621T151513.007333 20 1060
20180621T151513.015301 20 1060
20180621T151513.027203 323.603 281.425 111.996 101.012 78.2304 349.655 278.538 370.37 278.418 20180621T151513.027203 20 1060
20180621T151513.035322 20 1060
20180621T151513.047150 20 1060
20180621T151513.059185 324.148 280.855 111.778 101.685 78.3375 350 278.282 371 277.882 20180621T151513.059185 20 1060
20180621T151513.067242 20 1060
20180621T151513.079230 20 1060
20180621T151513.087228 324.985 280.211 111.788 101.811 77.6301 350.869 277.641 371.776 277.125 20180621T151513.087228 20 1060
20180621T151513.099211 20 1060
20180621T151513.107237 20 1060
20180621T151513.119243 325.058 279.763 112.249 101.923 77.5535 351.065 276.856 372.097 276.759 20180621T151513.119243 20 1060
20180621T151513.127219 20 1060
20180621T151513.139224 20 1060
20180621T151513.147233 324.579 279.95 112.552 101.489 79.5149 350.571 277.643 371.516 277.081 20180621T151513.147233 20 1060
20180621T151513.159668 20 1060
20180621T151513.167229 20 1060
20180621T151513.179352 323.991 280.658 112.507 101.985 77.2446 350.058 277.819 370.634 277.607 20180621T151513.179352 20 1060
20180621T151513.187250 20 1060
20180621T151513.199317 20 1060
20180621T151513.207215 323.865 280.766 112.508 101.798 76.8964 349.78 277.708 370.419 277.586 20180621T151513.207215 20 1060
20180621T151513.219296 20 1060
20180621T151513.227323 20 1060
20180621T151513.239242 324.098 280.92 112.73 102.101 76.6274 350.023 278.079 370.5 278.138 20180621T151513.239242 20 1060
20180621T151513.247288 20 1060
20180621T151513.259150 20 1060
20180621T151513.267195 324.023 280.992 113.021 101.965 76.2321 349.853 278.215 370.547 278.047 20180621T151513.267195 20 1060
20180621T151513.279258 20 1060
20180621T151513.287197 20 1060
20180621T151513.299251 324.25 280.989 112.925 102.414 77.7511 349.897 278.172 370.547 278.047 20180621T151513.299251 20 1060
20180621T151513.311197 20 1060
20180621T151513.319167 20 1060
20180621T151513.331194 324.198 280.877 112.819 102.753 78.3413 350 278.357 370.703 278.2 20180621T151513.331194 20 1060
20180621T151513.339231 20 1060
20180621T151513.351439 20 1060
20180621T151513.359285 324.211 280.947 113.026 102.55 78.7384 350.055 277.995 370.654 278.113 20180621T151513.359285 20 1060
20180621T151513.371278 20 1060
20180621T151513.379230 20 1060
20180621T151513.391173 324.046 280.804 113.049 103.112 77.0916 349.796 277.883 370.426 277.864 20180621T151513.391173 20 1060
20180621T151513.399251 20 1060
20180621T151513.411240 20 1060
20180621T151513.419207 323.721 280.742 112.869 102.81 76.8622 349.629 277.535 370.27 277.736 20180621T151513.419207 20 1060
20180621T151513.431161 20 1060
20180621T151513.439159 20 1060
20180621T151513.451191 323.814 280.746 112.68 103.155 77.8197 349.652 277.889 370.544 277.912 20180621T151513.451191 20 1060
20180621T151513.459177 20 1060
20180621T151513.471226 20 1060
20180621T151513.479271 324.028 280.746 112.924 103.15 76.2982 349.788 277.795 370.692 277.736 20180621T151513.479271 20 1060
20180621T151513.491160 20 1060
20180621T151513.499211 20 1060
20180621T151513.511158 324.002 280.675 112.717 103.309 76.3677 349.655 277.538 370.367 277.133 20180621T151513.511158 20 1060
20180621T151513.519341 20 1060
20180621T151513.531148 20 1060
20180621T151513.539194 323.805 280.565 112.969 103.186 76.3098 349.76 277.363 370.5 277 20180621T151513.539194 20 1060
20180621T151513.552106 20 1060
20180621T151513.563407 20 1060
20180621T151513.571223 323.961 280.418 112.96 103.618 76.2699 349.866 277.392 370.448 277.253 20180621T151513.571223 20 1060
20180621T151513.583201 20 1060
20180621T151513.591225 20 1060
20180621T151513.603152 324.245 280.245 112.777 103.506 76.5368 350.051 277.135 370.88 276.809 20180621T151513.603152 20 1060
20180621T151513.611213 20 1060
20180621T151513.623143 20 1060
20180621T151513.631182 324.003 280.039 112.803 103.695 75.6147 350.09 276.776 370.61 276.667 20180621T151513.631182 20 1060
20180621T151513.643195 20 1060
20180621T151513.651248 20 1060
20180621T151513.663688 323.436 280.567 112.776 103.359 77.2495 349.684 277.155 370.448 277.253 20180621T151513.663688 20 1060
20180621T151513.671247 20 1060
20180621T151513.683159 20 1060
20180621T151513.691138 323.199 280.487 112.985 103.596 77.2634 349.339 277.167 370.366 277.022 20180621T151513.691138 20 1060
20180621T151513.703263 20 1060
20180621T151513.711181 20 1060
20180621T151513.723161 323.545 279.709 112.744 103.509 78.4117 349.804 276.524 370.37 276.418 20180621T151513.723161 20 1060
20180621T151513.731303 20 1060
20180621T151513.743234 20 1060
20180621T151513.751215 323.797 279.176 113.251 103.254 79.6655 350.011 276.231 370.683 275.914 20180621T151513.751215 20 1060
20180621T151513.763229 20 1060
20180621T151513.771211 20 1060
20180621T151513.783206 324.131 278.858 113.236 103.314 78.9134 350.19 276 371.032 275.72 20180621T151513.783206 20 1060
20180621T151513.791239 20 1060
20180621T151513.803224 20 1060
20180621T151513.815218 323.694 279.168 113.339 103.605 80.1464 349.966 276.172 370.71 276.08 20180621T151513.815218 20 1060
20180621T151513.823396 20 1060
20180621T151513.835234 20 1060
20180621T151513.843318 322.512 279.55 113.53 103.541 78.5624 348.791 276.672 369.604 276.234 20180621T151513.843318 20 1060
20180621T151513.855201 20 1060
20180621T151513.863243 20 1060
20180621T151513.875217 322.02 279.546 113.751 103.711 80.0494 348.397 276.483 369.305 276.569 20180621T151513.875217 20 1060
20180621T151513.883457 20 1060
20180621T151513.895212 20 1060
20180621T151513.903194 322.424 279.664 114.13 103.537 79.3495 348.721 276.703 369.351 276.643 20180621T151513.903194 20 1060
20180621T151513.915233 20 1060
20180621T151513.923282 20 1060
20180621T151513.935145 322.924 279.534 113.763 103.667 80.0975 349.074 276.636 370.115 276.483 20180621T151513.935145 20 1060
20180621T151513.943277 20 1060
20180621T151513.955162 20 1060
20180621T151513.963156 325.229 280.823 113.937 104.015 77.3345 350.987 277.621 371.767 277.133 20180621T151513.963156 20 1060
20180621T151513.976130 20 1060
20180621T151513.984104 20 1060
20180621T151513.995334 325.414 280.726 113.778 103.779 78.8781 351.304 277.262 371.987 277.157 20180621T151513.995334 20 1060
20180621T151514.003344 20 1060
20180621T151514.015181 20 1060
20180621T151514.023179 325.597 280.257 114.157 103.588 78.5199 351.278 276.817 372.115 276.483 20180621T151514.023179 20 1060
20180621T151514.035289 20 1060
20180621T151514.043211 20 1060
20180621T151514.055204 325.495 280.086 114.233 103.475 78.9777 351.309 276.83 372.111 276.611 20180621T151514.055204 20 1060
20180621T151514.067329 20 1060
20180621T151514.075195 20 1060
20180621T151514.087192 325.131 280.335 114.138 103.915 78.4532 351.12 276.807 371.571 276.65 20180621T151514.087192 20 1060
20180621T151514.095257 20 1060
20180621T151514.107175 20 1060
20180621T151514.115193 325.029 280.291 114.197 103.914 78.1847 351.063 276.692 371.461 276.539 20180621T151514.115193 20 1060
20180621T151514.926686 960 1060
20180621T151514.933660 960 1060
20180621T151514.943238 410.889 279.034 111.033 107.992 53.0809 397.759 274.772 417.246 275.246 20180621T151514.943238 960 1060
20180621T151514.951692 960 1060
20180621T151514.963132 960 1060
20180621T151514.971157 413.06 291.823 97.842 79.5639 169.822 396.813 273.821 415.672 273.537 20180621T151514.971157 960 1060
20180621T151514.983249 960 1060
20180621T151514.991241 960 1060
20180621T151515.003106 407.215 277.323 112.391 108.357 85.3102 394.92 274.371 414.744 274.713 20180621T151515.003106 960 1060
20180621T151515.011165 960 1060
20180621T151515.023126 960 1060
20180621T151515.031166 408.091 279.179 109.575 107.975 63.292 395.538 274.727 415.684 275.887 20180621T151515.031166 960 1060
20180621T151515.043204 960 1060
20180621T151515.051151 960 1060
20180621T151515.063144 407.848 280.136 111.144 108.513 77.7544 395.518 277.054 415.577 278.086 20180621T151515.063144 960 1060
20180621T151515.075199 960 1060
20180621T151515.083259 960 1060
20180621T151515.095141 407.532 280.801 110.52 108.42 80.0102 394.967 277.694 415.283 278.061 20180621T151515.095141 960 1060
20180621T151515.103222 960 1060
20180621T151515.115138 960 1060
20180621T151515.123144 407.679 280.419 111.915 108.326 77.1634 395.607 277.69 415.53 278.146 20180621T151515.123144 960 1060
20180621T151515.135180 960 1060
20180621T151515.143171 960 1060
20180621T151515.155166 408.356 279.889 112.257 107.851 76.633 396.297 277.333 416.179 277.811 20180621T151515.155166 960 1060
20180621T151515.163155 960 1060
20180621T151515.175122 960 1060
20180621T151515.183229 408.53 279.383 112.322 107.935 80.2986 396.222 277.235 416.634 277.607 20180621T151515.183229 960 1060
20180621T151515.195307 960 1060
20180621T151515.203257 960 1060
20180621T151515.215103 408.287 279.802 112.312 108.131 80.1299 396.444 277.204 416.138 277.648 20180621T151515.215103 960 1060
20180621T151515.223145 960 1060
20180621T151515.235348 960 1060
20180621T151515.243249 407.702 280.538 112.701 108.316 80.8448 395.744 278.083 415.732 278.59 20180621T151515.243249 960 1060
20180621T151515.255241 960 1060
20180621T151515.263148 960 1060
20180621T151515.275085 407.642 280.475 112.835 108.523 76.7048 395.452 278.016 415.45 278.46 20180621T151515.275085 960 1060
20180621T151515.283204 960 1060
20180621T151515.295198 960 1060
20180621T151515.303197 407.715 280.516 112.887 109.013 75.1561 395.547 278.047 415.5 278.586 20180621T151515.303197 960 1060
20180621T151515.315225 960 1060
20180621T151515.327155 960 1060
20180621T151515.335154 407.926 280.765 113.157 109.026 76.3235 395.874 278.403 415.86 278.672 20180621T151515.335154 960 1060
20180621T151515.347144 960 1060
20180621T151515.355160 960 1060
20180621T151515.367196 408.595 280.453 113.351 109.529 77.1322 396.268 277.94 416.318 278.597 20180621T151515.367196 960 1060
20180621T151515.375168 960 1060
20180621T151515.387158 960 1060
20180621T151515.395203 408.336 280.283 113.643 109.778 79.0699 396.137 277.78 416.259 278.492 20180621T151515.395203 960 1060
20180621T151515.407156 960 1060
20180621T151515.415132 960 1060
20180621T151515.427364 407.969 280.166 113.994 110.361 80.7704 395.897 277.77 415.919 278.097 20180621T151515.427364 960 1060
20180621T151515.435147 960 1060
20180621T151515.447133 960 1060
20180621T151515.455271 408.08 279.968 114.167 110.29 78.8435 395.973 277.833 415.938 277.944 20180621T151515.455271 960 1060
20180621T151515.467275 960 1060
20180621T151515.475195 960 1060
20180621T151515.487097 408.427 279.62 114.535 110.474 78.7033 396.176 277.308 416.21 277.938 20180621T151515.487097 960 1060
20180621T151515.495134 960 1060
20180621T151515.507626 960 1060
20180621T151515.515161 408.39 279.778 114.466 110.567 81.192 396.176 277.308 416.138 277.9 20180621T151515.515161 960 1060
20180621T151515.527146 960 1060
20180621T151515.535162 960 1060
20180621T151515.547160 408.204 279.667 114.34 110.841 78.6658 396.025 277.272 416.104 278.09 20180621T151515.547160 960 1060
20180621T151515.555172 960 1060
20180621T151515.567247 960 1060
20180621T151515.579691 408.466 279.719 114.51 110.795 81.6201 396.301 277.569 416.138 277.9 20180621T151515.579691 960 1060
20180621T151515.587244 960 1060
20180621T151515.599122 960 1060
20180621T151515.607098 408.927 279.499 114.668 110.607 78.8267 396.241 277.086 416.591 278.076 20180621T151515.607098 960 1060
20180621T151515.619177 960 1060
20180621T151515.627165 960 1060
20180621T151515.639127 408.861 279.462 114.658 110.962 79.7538 396.444 277.204 416.348 277.828 20180621T151515.639127 960 1060
20180621T151515.647084 960 1060
20180621T151515.659120 960 1060
20180621T151515.667110 408.01 279.624 114.477 110.635 78.0623 395.518 277.369 415.822 278.113 20180621T151515.667110 960 1060
20180621T151515.679664 960 1060
20180621T151515.687123 960 1060
20180621T151515.699086 407.782 279.873 114.185 110.486 79.1005 395.269 277.613 415.591 277.97 20180621T151515.699086 960 1060
20180621T151515.707244 960 1060
20180621T151515.719157 960 1060
20180621T151515.727159 407.815 280.018 114.478 110.317 77.1995 395.236 277.701 415.281 278.181 20180621T151515.727159 960 1060
20180621T151515.739225 960 1060
20180621T151515.747235 960 1060
20180621T151515.759084 407.889 279.97 114.118 110.348 79.9909 395.408 277.529 415.5 277.938 20180621T151515.759084 960 1060
20180621T151515.767122 960 1060
20180621T151515.779203 960 1060
20180621T151515.787123 409.027 279.554 114.54 110.429 77.9282 396.453 277.292 416.417 277.625 20180621T151515.787123 960 1060
20180621T151515.799170 960 1060
20180621T151515.807164 960 1060
20180621T151515.819154 409.369 279.724 114.531 110.173 80.2033 396.856 277.536 416.742 277.554 20180621T151515.819154 960 1060
20180621T151515.831145 960 1060
20180621T151515.839161 960 1060
20180621T151515.851334 408.985 279.321 114.409 110.602 77.3273 396.389 277.142 416.581 277.586 20180621T151515.851334 960 1060
20180621T151515.859422 960 1060
20180621T151515.871155 960 1060
20180621T151515.879154 408.753 279.217 114.485 110.164 77.7701 396.124 276.914 416.275 277.564 20180621T151515.879154 960 1060
20180621T151515.891149 960 1060
20180621T151515.899204 960 1060
20180621T151515.911151 408.025 279.439 114.061 110.48 78.9811 395.571 276.929 415.554 277.563 20180621T151515.911151 960 1060
20180621T151515.919385 960 1060
20180621T151515.931232 960 1060
20180621T151515.939155 407.576 279.543 113.955 109.77 78.3057 395.194 276.879 415.242 277.585 20180621T151515.939155 960 1060
20180621T151515.951336 960 1060
20180621T151515.959158 960 1060
20180621T151515.971156 407.193 279.309 113.952 109.558 80.7602 394.798 276.858 414.592 277.403 20180621T151515.971156 960 1060
20180621T151515.979155 960 1060
20180621T151515.991156 960 1060
20180621T151515.999160 407.218 279.097 113.788 109.617 80.7955 395 276.5 414.671 277.239 20180621T151515.999160 960 1060
20180621T151516.011139 960 1060
20180621T151516.019148 960 1060
20180621T151516.031148 407.846 278.929 113.523 109.565 78.0806 395.714 276.351 415.687 277.021 20180621T151516.031148 960 1060
20180621T151516.039157 960 1060
20180621T151516.051292 960 1060
20180621T151516.059247 408.099 278.867 113.746 108.977 78.2668 395.724 276.34 415.856 276.79 20180621T151516.059247 960 1060
20180621T151516.071146 960 1060
20180621T151516.083084 960 1060
20180621T151516.091083 408.563 278.643 113.301 109.534 80.1556 396.243 276.023 416.144 276.723 20180621T151516.091083 960 1060
20180621T151516.103156 960 1060
20180621T151516.111211 960 1060
20180621T151516.123202 408.604 278.663 113.247 109.235 75.1414 396.129 276.023 416.338 276.681 20180621T151516.123202 960 1060
20180621T151516.132276 960 1060
20180621T151516.143148 960 1060
20180621T151516.151148 408.805 278.658 113.327 109.256 77.7855 396.17 276.115 416.28 276.512 20180621T151516.151148 960 1060
20180621T151516.163635 960 1060
20180621T151516.171199 960 1060
20180621T151516.183081 410.759 278.828 113.16 109.44 79.3079 397.172 276.052 417.45 276.28 20180621T151516.183081 960 1060
20180621T151516.191220 960 1060
20180621T151516.203080 960 1060
20180621T151516.211078 410.3 278.586 113.372 109.415 81.3604 396.801 276.023 417.114 276.219 20180621T151516.211078 960 1060
20180621T151516.224139 960 1060
20180621T151516.231150 960 1060
20180621T151516.243105 410.252 278.628 113.347 109.27 79.9508 396.824 276.208 416.969 276.286 20180621T151516.243105 960 1060
20180621T151516.251102 960 1060
20180621T151516.263078 960 1060
20180621T151516.271085 410.348 278.547 113.429 109.515 81.1993 396.801 276.023 416.814 276.355 20180621T151516.271085 960 1060
20180621T151516.283214 960 1060
20180621T151516.291149 960 1060
20180621T151516.303077 410.367 278.209 113.04 109.645 85.9821 396.833 275.701 416.857 276.014 20180621T151516.303077 960 1060
20180621T151516.311101 960 1060
20180621T151516.323113 960 1060
20180621T151516.335119 410.487 277.835 113.146 109.574 82.7201 396.988 275.726 417.057 275.729 20180621T151516.335119 960 1060
20180621T151516.343115 960 1060
20180621T151516.355102 960 1060
20180621T151516.363075 410.632 277.859 113.379 109.564 81.4471 397.111 275.753 417.097 275.845 20180621T151516.363075 960 1060
20180621T151516.375141 960 1060
20180621T151516.383114 960 1060
20180621T151516.395072 410.587 277.988 113.343 109.66 80.9873 396.833 275.578 416.985 276.03 20180621T151516.395072 960 1060
20180621T151516.403113 960 1060
20180621T151517.251056 1900 1060
20180621T151517.259197 489.854 276.136 112.764 103.002 93.4865 438.615 273.481 459.711 274.181 20180621T151517.259197 1900 1060
20180621T151517.271120 1900 1060
20180621T151517.279151 1900 1060
20180621T151517.291087 490.653 276.179 112.764 102.383 93.1141 439.716 273.716 460.579 274.333 20180621T151517.291087 1900 1060
20180621T151517.299263 1900 1060
20180621T151517.311293 1900 1060
20180621T151517.319064 491.359 276.154 112.652 102.396 95.3148 440.183 273.608 460.856 274.383 20180621T151517.319064 1900 1060
20180621T151517.331078 1900 1060
20180621T151517.343036 1900 1060
20180621T151517.351063 491.946 275.971 111.899 102.454 95.3448 440.467 273.285 461.575 274.169 20180621T151517.351063 1900 1060
20180621T151517.363071 1900 1060
20180621T151517.371038 1900 1060
20180621T151517.383130 491.988 275.932 111.976 102.051 94.3822 440.55 273.05 461.583 273.972 20180621T151517.383130 1900 1060
20180621T151517.391158 1900 1060
20180621T151517.403044 1900 1060
20180621T151517.411047 491.45 276.072 111.484 101.91 94.823 440.17 273.418 460.843 274.061 20180621T151517.411047 1900 1060
20180621T151517.423148 1900 1060
20180621T151517.431103 1900 1060
20180621T151517.443064 491.108 276.377 111.539 101.612 95.0442 439.943 273.684 460.562 274.249 20180621T151517.443064 1900 1060
20180621T151517.451845 1900 1060
20180621T151517.463115 1900 1060
20180621T151517.471121 490.612 277.099 111.006 101.783 93.4525 439.346 274.365 460.457 274.957 20180621T151517.471121 1900 1060
20180621T151517.483131 1900 1060
20180621T151517.491099 1900 1060
20180621T151517.503115 490.83 277.543 111.131 101.411 94.0394 439.667 274.772 460.672 275.768 20180621T151517.503115 1900 1060
20180621T151517.511128 1900 1060
20180621T151517.523045 1900 1060
20180621T151517.531059 491.48 278.48 110.905 101.614 95.4982 440.235 275.698 460.971 276.431 20180621T151517.531059 1900 1060
20180621T151517.543168 1900 1060
20180621T151517.551157 1900 1060
20180621T151517.563043 492.08 278.531 110.983 101.478 93.2571 440.733 275.893 461.63 276.418 20180621T151517.563043 1900 1060
20180621T151517.571193 1900 1060
20180621T151517.583115 1900 1060
20180621T151517.595225 493.158 278.518 111.216 101.09 94.156 441.667 275.801 462.63 276.418 20180621T151517.595225 1900 1060
20180621T151517.604165 1900 1060
20180621T151517.615100 1900 1060
20180621T151517.623114 493.278 278.424 111.08 101.344 94.2238 441.855 275.745 462.63 276.418 20180621T151517.623114 1900 1060
20180621T151517.635121 1900 1060
20180621T151517.643206 1900 1060
20180621T151517.655112 492.462 279.164 111.181 101.568 93.1425 441 276.293 461.877 276.928 20180621T151517.655112 1900 1060
20180621T151517.663843 1900 1060
20180621T151517.675030 1900 1060
20180621T151517.683047 492.152 279.473 110.829 101.653 92.7842 440.756 276.788 461.6 277.339 20180621T151517.683047 1900 1060
20180621T151517.695219 1900 1060
20180621T151517.703170 1900 1060
20180621T151517.715040 492.448 279.861 110.597 101.853 95.0685 441.104 277.264 462.053 277.873 20180621T151517.715040 1900 1060
20180621T151517.723085 1900 1060
20180621T151517.735096 1900 1060
20180621T151517.743039 493.087 279.627 110.725 101.521 92.9005 441.703 276.806 462.581 277.5 20180621T151517.743039 1900 1060
20180621T151517.755151 1900 1060
20180621T151517.763717 1900 1060
20180621T151517.775077 493.122 279.716 110.532 101.404 93.5552 441.95 276.969 462.823 277.98 20180621T151517.775077 1900 1060
20180621T151517.783106 1900 1060
20180621T151517.795068 1900 1060
20180621T151517.803104 492.674 280.19 110.449 101.671 94.5617 441.333 277.19 462.443 278.143 20180621T151517.803104 1900 1060
20180621T151517.815265 1900 1060
20180621T151517.823102 1900 1060
20180621T151517.835118 492.094 280.601 110.721 101.317 92.7608 440.446 277.78 461.677 278.453 20180621T151517.835118 1900 1060
20180621T151517.847115 1900 1060
20180621T151517.855104 1900 1060
20180621T151517.867119 491.69 280.716 110.764 101.553 91.7646 440.392 277.754 461.417 278.589 20180621T151517.867119 1900 1060
20180621T151517.876250 1900 1060
20180621T151517.887109 1900 1060
20180621T151517.895144 491.1 280.791 110.976 101.604 92.6337 439.948 278.255 460.747 278.54 20180621T151517.895144 1900 1060
20180621T151517.907116 1900 1060
20180621T151517.915132 1900 1060
20180621T151517.927106 491.178 280.861 110.816 101.331 94.3652 439.912 278.157 460.901 278.939 20180621T151517.927106 1900 1060
20180621T151517.935112 1900 1060
20180621T151517.947071 1900 1060
20180621T151517.955043 491.869 280.99 110.885 101.953 91.7776 440.667 278.122 461.699 278.956 20180621T151517.955043 1900 1060
20180621T151517.967208 1900 1060
20180621T151517.975089 1900 1060
20180621T151517.987046 492.16 280.562 111.019 102.103 93.6745 440.874 277.969 461.78 278.435 20180621T151517.987046 1900 1060
20180621T151517.995082 1900 1060
20180621T151518.007043 1900 1060
20180621T151518.015046 492.183 280.252 111.152 101.909 94.2455 440.824 277.459 461.959 278.262 20180621T151518.015046 1900 1060
20180621T151518.027129 1900 1060
20180621T151518.035087 1900 1060
20180621T151518.047164 491.903 280.365 111.41 102.236 94.4513 440.5 278.047 461.723 278.497 20180621T151518.047164 1900 1060
20180621T151518.055149 1900 1060
20180621T151518.067106 1900 1060
20180621T151518.075128 491.325 280.736 112.007 102.539 92.2554 440.176 278.208 460.932 278.52 20180621T151518.075128 1900 1060
20180621T151518.087175 1900 1060
20180621T151518.099025 1900 1060
20180621T151518.107044 491.032 280.757 111.967 102.698 93.1891 440.075 278.245 460.677 278.453 20180621T151518.107044 1900 1060
20180621T151518.119112 1900 1060
20180621T151518.127197 1900 1060
20180621T151518.139138 491.281 280.634 112.096 103.244 92.1993 440 278.028 460.78 278.435 20180621T151518.139138 1900 1060
20180621T151518.147132 1900 1060
20180621T151518.159026 1900 1060
20180621T151518.167042 491.221 280.529 112.223 103.059 93.512 440.348 277.986 460.836 278.471 20180621T151518.167042 1900 1060
20180621T151518.179062 1900 1060
20180621T151518.187048 1900 1060
20180621T151518.199040 491.253 280.442 112.349 103.019 93.2572 440.363 277.733 460.939 278.263 20180621T151518.199040 1900 1060
20180621T151518.207900 1900 1060
20180621T151518.219086 1900 1060
20180621T151518.227106 491.127 280.323 112.204 103.144 93.4812 440.363 277.733 460.833 278.208 20180621T151518.227106 1900 1060
20180621T151518.239122 1900 1060
20180621T151518.247308 1900 1060
20180621T151518.259104 490.681 280.175 112.159 103.114 95.0755 440.101 277.5 460.662 278.249 20180621T151518.259104 1900 1060
20180621T151518.267204 1900 1060
20180621T151518.279023 1900 1060
20180621T151518.287032 490.51 280.212 111.846 102.647 96.6217 439.733 277.5 460.662 278.249 20180621T151518.287032 1900 1060
20180621T151518.299150 1900 1060
20180621T151518.307127 1900 1060
20180621T151518.319039 490.412 280.419 111.587 102.762 95.0644 439.608 277.732 460.662 278.657 20180621T151518.319039 1900 1060
20180621T151518.328243 1900 1060
20180621T151518.339037 1900 1060
20180621T151518.351223 490.015 280.745 111.321 102.65 96.1066 438.96 278.1 460.547 278.741 20180621T151518.351223 1900 1060
20180621T151518.359082 1900 1060
20180621T151518.371033 1900 1060
20180621T151518.379034 490.42 279.96 110.987 102.845 91.4071 439.496 277.341 460.573 277.892 20180621T151518.379034 1900 1060
20180621T151518.391129 1900 1060
20180621T151518.399021 1900 1060
20180621T151518.411032 490.71 279.626 110.628 102.681 96.185 439.708 276.646 460.813 277.742 20180621T151518.411032 1900 1060
20180621T151518.420084 1900 1060
20180621T151518.431093 1900 1060
20180621T151518.439173 490.365 279.21 110.656 102.674 94.3292 439.614 276.536 460.606 277.121 20180621T151518.439173 1900 1060
20180621T151518.451200 1900 1060
20180621T151518.459080 1900 1060
20180621T151518.471097 489.739 279.447 110.386 102.385 94.7651 439.007 276.66 460.242 277.377 20180621T151518.471097 1900 1060
20180621T151518.479107 1900 1060
20180621T151518.491099 1900 1060
20180621T151518.499097 488.952 279.775 110.76 102.313 94.7442 437.958 277.201 458.938 277.914 20180621T151518.499097 1900 1060
20180621T151518.511204 1900 1060
20180621T151518.519077 1900 1060
20180621T151518.531100 488.675 279.945 110.582 102.37 93.8821 437.844 277.092 458.705 277.914 20180621T151518.531100 1900 1060
20180621T151518.539101 1900 1060
20180621T151518.551155 1900 1060
20180621T151518.559205 488.937 279.343 110.589 102.33 95.0588 438.04 276.74 458.892 277.636 20180621T151518.559205 1900 1060
20180621T151518.571115 1900 1060
20180621T151518.579090 1900 1060
20180621T151518.591101 489.314 279.911 110.708 102.188 94.2146 438.375 276.946 458.914 277.734 20180621T151518.591101 1900 1060
20180621T151518.603158 1900 1060
20180621T151518.611097 1900 1060
20180621T151518.623169 489.233 280.041 110.53 102.351 91.8115 438.017 277.667 459.333 278.052 20180621T151518.623169 1900 1060
20180621T151518.631978 1900 1060
20180621T151518.643007 1900 1060
20180621T151518.651029 489.286 279.627 110.313 102.582 95.1741 438.059 276.963 459.413 278.055 20180621T151518.651029 1900 1060
20180621T151518.663094 1900 1060
20180621T151518.671103 1900 1060
20180621T151518.683160 489.411 279.425 110.408 102.853 91.7785 438.142 276.5 459.225 277.25 20180621T151518.683160 1900 1060
20180621T151518.691097 1900 1060
20180621T151518.702999 1900 1060
20180621T151518.711047 489.247 279.353 110.396 102.571 93.2593 438.144 276.536 459.276 277.257 20180621T151518.711047 1900 1060
20180621T151518.723076 1900 1060
20180621T151518.731051 1900 1060
