15180546745 255 0
15180546753 255 0
15180546765 255 0
15180546773 255 0
15180546785 255 0
15180546793 255 0
15180546805 255 0
15180546817 255 0
15180546825 255 0
15180546837 255 0
15180546845 255 0
15180546857 255 0
15180546865 255 0
15180546877 255 0
15180546885 255 0
15180546897 255 0
15180546905 255 0
15180546917 255 0
15180546925 255 0
15180546937 255 0
15180546945 255 0
15180546957 255 0
15180546965 255 0
15180546977 255 0
15180546985 255 0
15180546997 255 0
15180547005 255 0
15180547017 255 0
15180547025 255 0
15180547037 255 0
15180547045 255 0
15180547057 255 0
15180547069 255 0
15180547077 255 0
15180547089 255 0
15180547097 255 0
15180547109 255 0
15180547117 255 0
15180547129 255 0
15180547137 255 0
15180547149 255 0
15180547157 255 0
15180547169 255 0
15180547177 255 0
15180547189 255 0
15180547197 255 0
15180547209 255 0
15180547217 255 0
15180547229 255 0
15180547237 255 0
15180547249 255 0
15180547257 255 0
15180547269 255 0
15180547277 255 0
15180547289 255 0
15180547297 255 0
15180547309 255 0
15180547321 255 0
15180547329 255 0
15180547341 255 0
15180547349 255 0
15180547361 255 0
15180547369 255 0
15180547381 255 0
15180547389 255 0
15180547401 255 0
15180547409 255 0
15180547421 255 0
15180547429 255 0
15180547441 255 0
15180547449 255 0
15180547461 255 0
15180547469 255 0
15180547481 255 0
15180547489 255 0
15180547501 255 0
15180547509 255 0
15180547521 255 0
15180547529 255 0
15180547541 255 0
15180547549 255 0
15180547561 255 0
15180547573 255 0
15180547581 255 0
15180547593 255 0
15180547601 255 0
15180547613 255 0
15180547621 255 0
15180547633 255 0
15180547641 255 0
15180547653 255 0
15180547661 255 0
15180547673 255 0
15180547681 255 0
15180547693 255 0
15180547701 255 0
15180547713 255 0
15180547721 255 0
15180547733 255 0
15180547741 255 0
15180547753 255 0
15180547761 255 0
15180547773 255 0
15180547781 255 0
15180547793 255 0
15180547801 255 0
15180547813 255 0
15180547825 255 0
15180547833 255 0
15180547845 255 0
15180547853 255 0
15180547865 255 0
15180547873 255 0
15180547885 255 0
15180547893 255 0
15180547905 255 0
15180547913 255 0
15180547925 255 0
15180547933 255 0
15180547945 255 0
15180547953 255 0
15180547965 255 0
15180547973 255 0
15180547985 255 0
15180547993 255 0
15180548005 255 0
15180548013 255 0
15180548025 255 0
15180548033 255 0
15180548045 255 0
15180548053 255 0
15180548065 255 0
15180548077 255 0
15180548085 255 0
15180548097 255 0
15180548105 255 0
15180548117 255 0
15180548125 255 0
15180548137 255 0
15180548145 255 0
15180548157 255 0
15180548165 255 0
15180548177 255 0
15180548185 255 0
15180548197 255 0
15180548205 255 0
15180548217 255 0
15180548225 255 0
15180548237 255 0
15180548245 0 0
15180548257 0 0
15180548265 0 0
15180548277 0 0
15180548285 0 0
15180548297 0 0
15180548305 0 0
15180548317 0 0
15180548329 0 0
15180548337 0 0
15180548349 0 0
15180548357 0 0
15180548369 0 0
15180548377 0 0
15180548389 0 0
15180548397 0 0
15180548409 0 0
15180548417 0 0
15180548429 0 0
15180548437 0 0
15180548449 0 0
15180548457 0 0
15180548469 0 0
15180548477 0 0
15180548489 0 0
15180548497 0 0
15180548509 0 0
15180548517 0 0
15180548529 0 0
15180548537 0 0
15180548549 0 0
15180548557 0 0
15180548569 0 0
15180548581 0 0
15180548589 0 0
15180548601 0 0
15180548609 0 0
15180548621 0 0
15180548629 0 0
15180548641 0 0
15180548649 0 0
15180548661 0 0
15180548669 0 0
15180548681 0 0
15180548689 0 0
15180548701 0 0
15180548709 0 0
15180548721 0 0
15180548729 0 0
15180548741 0 0
15180548749 0 0
15180548761 0 0
15180548769 0 0
15180548781 0 0
15180548789 0 0
15180548801 0 0
15180548809 0 0
15180548821 0 0
15180548833 0 0
15180548841 0 0
15180548853 0 0
15180548861 0 0
15180548873 0 0
15180548881 0 0
15180548893 0 0
15180548901 0 0
15180548913 0 0
15180548921 0 0
15180548933 0 0
15180548941 0 0
15180548953 0 0
15180548961 0 0
15180548973 0 0
15180548981 0 0
15180548993 0 0
15180549001 0 0
15180549013 0 0
15180549021 0 0
15180549033 0 0
15180549041 0 0
15180549053 0 0
15180549061 0 0
15180549073 0 0
15180549085 0 0
15180549093 0 0
15180549105 0 0
15180549113 0 0
15180549125 0 0
15180549133 0 0
15180549145 0 0
15180549153 0 0
15180549165 0 0
15180549173 0 0
15180549185 0 0
15180549193 0 0
15180549205 0 0
15180549213 0 0
15180549225 0 0
15180549233 0 0
15180549245 0 0
15180549253 0 0
15180549265 0 0
15180549273 0 0
15180549285 0 0
15180549293 0 0
15180549305 0 0
15180549313 0 0
15180549325 0 0
15180549337 0 0
15180549345 0 0
15180549357 0 0
15180549365 0 0
15180549377 0 0
15180549385 0 0
15180549397 0 0
15180549405 0 0
15180549417 0 0
15180549425 0 0
15180549437 0 0
15180549445 0 0
15180549457 0 0
15180549465 0 0
15180549477 0 0
15180549485 0 0
15180549497 0 0
15180549505 0 0
15180549517 0 0
15180549525 0 0
15180549537 0 0
15180549545 0 0
15180549557 0 0
15180549565 0 0
15180549577 0 0
15180549589 0 0
15180549597 0 0
15180549609 0 0
15180549617 0 0
15180549629 0 0
15180549637 0 0
15180549649 0 0
15180549657 0 0
15180549669 0 0
15180549677 0 0
15180549689 0 0
15180549697 0 0
15180549709 0 0
15180549717 0 0
15180549729 0 0
15180549737 0 0
15180549749 255 0
15180549757 255 0
15180549769 255 0
15180549777 255 0
15180549789 255 0
15180549797 255 0
15180549809 255 0
15180549817 255 0
15180549829 255 0
15180549841 255 0
15180549849 255 0
15180549861 255 0
15180549869 255 0
15180549881 255 0
15180549889 255 0
15180549901 255 0
15180549909 255 0
15180549921 255 0
15180549929 255 0
15180549941 255 0
15180549949 255 0
15180549961 255 0
15180549969 255 0
15180549981 255 0
15180549989 255 0
15180550001 255 0
15180550009 255 0
15180550021 255 0
15180550029 255 0
15180550041 255 0
15180550049 255 0
15180550061 255 0
15180550069 255 0
15180550081 255 0
15180550093 255 0
15180550101 255 0
15180550113 255 0
15180550121 255 0
15180550133 255 0
15180550141 255 0
15180550153 255 0
15180550161 255 0
15180550173 255 0
15180550181 255 0
15180550193 255 0
15180550201 255 0
15180550213 255 0
15180550221 255 0
15180550233 255 0
15180550241 255 0
15180550253 255 0
15180550261 255 0
15180550273 255 0
15180550281 255 0
15180550293 255 0
15180550301 255 0
15180550313 255 0
15180550321 255 0
15180550333 255 0
15180550345 255 0
15180550353 255 0
15180550365 255 0
15180550373 255 0
15180550385 255 0
15180550393 255 0
15180550405 255 0
15180550413 255 0
15180550425 255 0
15180550433 255 0
15180550445 255 0
15180550453 255 0
15180550465 255 0
15180550473 255 0
15180550485 255 0
15180550493 255 0
15180550505 255 0
15180550513 255 0
15180550525 255 0
15180550533 255 0
15180550545 255 0
15180550553 255 0
15180550565 255 0
15180550573 255 0
15180550585 255 0
15180550597 255 0
15180550605 255 0
15180550617 255 0
15180550625 255 0
15180550637 255 0
15180550645 255 0
15180550657 255 0
15180550665 255 0
15180550677 255 0
15180550685 255 0
15180550697 255 0
15180550705 255 0
15180550717 255 0
15180550725 255 0
15180550737 255 0
15180550745 255 0
15180550757 255 0
15180550765 255 0
15180550777 255 0
15180550785 255 0
15180550797 255 0
15180550805 255 0
15180550817 255 0
15180550825 255 0
15180550837 255 0
15180550849 255 0
15180550857 255 0
15180550869 255 0
15180550877 255 0
15180550889 255 0
15180550897 255 0
15180550909 255 0
15180550917 255 0
15180550929 255 0
15180550937 255 0
15180550949 255 0
15180550957 255 0
15180550969 255 0
15180550977 255 0
15180550989 255 0
15180550997 255 0
15180551009 255 0
15180551017 255 0
15180551029 255 0
15180551037 255 0
15180551049 255 0
15180551057 255 0
15180551069 255 0
15180551077 255 0
15180551089 255 0
15180551101 255 0
15180551109 255 0
15180551121 255 0
15180551129 255 0
15180551141 255 0
15180551149 255 0
15180551161 255 0
15180551169 255 0
15180551181 255 0
15180551189 255 0
15180551201 255 0
15180551209 255 0
15180551221 255 0
15180551229 255 0
15180551241 255 0
15180551249 0 0
15180551261 0 0
15180551269 0 0
15180551281 0 0
15180551289 0 0
15180551301 0 0
15180551309 0 0
15180551321 0 0
15180551329 0 0
15180551341 0 0
15180551353 0 0
15180551361 0 0
15180551373 0 0
15180551381 0 0
15180551393 0 0
15180551401 0 0
15180551413 0 0
15180551421 0 0
15180551433 0 0
15180551441 0 0
15180551453 0 0
15180551461 0 0
15180551473 0 0
15180551481 0 0
15180551493 0 0
15180551501 0 0
15180551513 0 0
15180551521 0 0
15180551533 0 0
15180551541 0 0
15180551553 0 0
15180551561 0 0
15180551573 0 0
15180551581 0 0
15180551593 0 0
15180551605 0 0
15180551613 0 0
15180551625 0 0
15180551633 0 0
15180551645 0 0
15180551653 0 0
15180551665 0 0
15180551673 0 0
15180551685 0 0
15180551693 0 0
15180551705 0 0
15180551713 0 0
15180551725 0 0
15180551733 0 0
15180551745 0 0
15180551753 0 0
15180551765 0 0
15180551773 0 0
15180551785 0 0
15180551793 0 0
15180551805 0 0
15180551813 0 0
15180551825 0 0
15180551833 0 0
15180551845 0 0
15180551857 0 0
15180551865 0 0
15180551877 0 0
15180551885 0 0
15180551897 0 0
15180551905 0 0
15180551917 0 0
15180551925 0 0
15180551937 0 0
15180551945 0 0
15180551957 0 0
15180551965 0 0
15180551977 0 0
15180551985 0 0
15180551997 0 0
15180552005 0 0
15180552017 0 0
15180552025 0 0
15180552037 0 0
15180552045 0 0
15180552057 0 0
15180552065 0 0
15180552077 0 0
15180552085 0 0
15180552097 0 0
15180552109 0 0
15180552117 0 0
15180552129 0 0
15180552137 0 0
15180552149 0 0
15180552157 0 0
15180552169 0 0
15180552177 0 0
15180552189 0 0
15180552197 0 0
15180552209 0 0
15180552217 0 0
15180552229 0 0
15180552237 0 0
15180552249 0 0
15180552257 0 0
15180552269 0 0
15180552277 0 0
15180552289 0 0
15180552297 0 0
15180552309 0 0
15180552317 0 0
15180552329 0 0
15180552337 0 0
15180552349 0 0
15180552361 0 0
15180552369 0 0
15180552381 0 0
15180552389 0 0
15180552401 0 0
15180552409 0 0
15180552421 0 0
15180552429 0 0
15180552441 0 0
15180552449 0 0
15180552461 0 0
15180552469 0 0
15180552481 0 0
15180552489 0 0
15180552501 0 0
15180552509 0 0
15180552521 0 0
15180552529 0 0
15180552541 0 0
15180552549 0 0
15180552561 0 0
15180552569 0 0
15180552581 0 0
15180552589 0 0
15180552601 0 0
15180552613 0 0
15180552621 0 0
15180552633 0 0
15180552641 0 0
15180552653 0 0
15180552661 0 0
15180552673 0 0
15180552681 0 0
15180552693 0 0
15180552701 0 0
15180552713 0 0
15180552721 0 0
15180552733 0 0
15180552741 0 0
15180552754 255 0
15180552761 255 0
15180552773 255 0
15180552781 255 0
15180552793 255 0
15180552801 255 0
15180552813 255 0
15180552821 255 0
15180552833 255 0
15180552841 255 0
15180552853 255 0
15180552865 255 0
15180552873 255 0
15180552885 255 0
15180552893 255 0
15180552905 255 0
15180552913 255 0
15180552925 255 0
15180552933 255 0
15180552945 255 0
15180552953 255 0
15180552965 255 0
15180552973 255 0
15180552985 255 0
15180552993 255 0
15180553005 255 0
15180553013 255 0
15180553025 255 0
15180553033 255 0
15180553045 255 0
15180553053 255 0
15180553065 255 0
15180553073 255 0
15180553085 255 0
15180553093 255 0
15180553105 255 0
15180553117 255 0
15180553125 255 0
15180553137 255 0
15180553145 255 0
15180553157 255 0
15180553165 255 0
15180553177 255 0
15180553185 255 0
15180553197 255 0
15180553205 255 0
15180553217 255 0
15180553225 255 0
15180553237 255 0
15180553245 255 0
15180553257 255 0
15180553265 255 0
15180553277 255 0
15180553285 255 0
15180553297 255 0
15180553305 255 0
15180553317 255 0
15180553325 255 0
15180553337 255 0
15180553345 255 0
15180553357 255 0
15180553369 255 0
15180553377 255 0
15180553389 255 0
15180553397 255 0
15180553409 255 0
15180553417 255 0
15180553429 255 0
15180553437 255 0
15180553449 255 0
15180553457 255 0
15180553469 255 0
15180553477 255 0
15180553489 255 0
15180553497 255 0
15180553509 255 0
15180553517 255 0
15180553529 255 0
15180553537 255 0
15180553549 255 0
15180553557 255 0
15180553569 255 0
15180553577 255 0
15180553589 255 0
15180553597 255 0
15180553609 255 0
15180553621 255 0
15180553629 255 0
15180553641 255 0
15180553649 255 0
15180553661 255 0
15180553669 255 0
15180553681 255 0
15180553689 255 0
15180553701 255 0
15180553709 255 0
15180553721 255 0
15180553729 255 0
15180553741 255 0
15180553749 255 0
15180553761 255 0
15180553769 255 0
15180553781 255 0
15180553789 255 0
15180553801 255 0
15180553809 255 0
15180553821 255 0
15180553829 255 0
15180553841 255 0
15180553849 255 0
15180553861 255 0
15180553873 255 0
15180553881 255 0
15180553893 255 0
15180553901 255 0
15180553913 255 0
15180553921 255 0
15180553933 255 0
15180553941 255 0
15180553953 255 0
15180553961 255 0
15180553973 255 0
15180553981 255 0
15180553993 255 0
15180554001 255 0
15180554013 255 0
15180554021 255 0
15180554033 255 0
15180554041 255 0
15180554053 255 0
15180554061 255 0
15180554073 255 0
15180554081 255 0
15180554093 255 0
15180554101 255 0
15180554113 255 0
15180554125 255 0
15180554133 255 0
15180554145 255 0
15180554153 255 0
15180554165 255 0
15180554173 255 0
15180554185 255 0
15180554193 255 0
15180554205 255 0
15180554213 255 0
15180554225 255 0
15180554233 255 0
15180554245 255 0
