28093810412 20 20
28093810424 20 20
28093810432 20 20
28093810445 20 20
28093810458 20 20
28093810465 20 20
28093810476 20 20
28093810484 20 20
28093810496 20 20
28093810504 20 20
28093810516 20 20
28093810524 20 20
28093810536 20 20
28093810544 20 20
28093810556 20 20
28093810564 20 20
28093810576 20 20
28093810584 20 20
28093810596 20 20
28093810604 20 20
28093810616 20 20
28093810624 20 20
28093810636 20 20
28093810644 20 20
28093810656 20 20
28093810664 20 20
28093810676 20 20
28093810684 20 20
28093810696 20 20
28093810708 20 20
28093810716 20 20
28093810728 20 20
28093810736 20 20
28093810748 20 20
28093810756 20 20
28093810768 20 20
28093810776 20 20
28093810788 20 20
28093810796 20 20
28093810808 20 20
28093810816 20 20
28093810828 20 20
28093810836 20 20
28093810848 20 20
28093810856 20 20
28093810868 20 20
28093810876 20 20
28093810888 20 20
28093810896 20 20
28093810908 20 20
28093810916 20 20
28093810928 20 20
28093810936 20 20
28093810948 20 20
28093810960 20 20
28093810968 20 20
28093810980 20 20
28093810988 20 20
28093811000 20 20
28093811008 20 20
28093811020 20 20
28093811028 20 20
28093811040 20 20
28093811048 20 20
28093811060 20 20
28093811068 20 20
28093811080 20 20
28093811088 20 20
28093811100 20 20
28093811108 20 20
28093811120 20 20
28093811128 20 20
28093811140 20 20
28093811148 20 20
28093811160 20 20
28093811168 20 20
28093811180 20 20
28093811188 20 20
28093811200 20 20
28093811212 20 20
28093811220 20 20
28093811232 20 20
28093811240 20 20
28093811252 20 20
28093811260 20 20
28093811272 20 20
28093811280 20 20
28093811292 20 20
28093811300 20 20
28093811312 20 20
28093811320 20 20
28093811332 20 20
28093811340 20 20
28093811352 20 20
28093811360 20 20
28093811372 20 20
28093811380 20 20
28093811392 20 20
28093811400 20 20
28093811412 20 20
28093811420 20 20
28093811432 20 20
28093811440 20 20
28093811452 20 20
28093811464 20 20
28093811472 20 20
28093811484 20 20
28093811492 20 20
28093811504 20 20
28093811512 20 20
28093811524 20 20
28093811532 20 20
28093811544 20 20
28093811552 20 20
28093811564 20 20
28093811572 20 20
28093811584 20 20
28093811592 20 20
28093811604 20 20
28093811612 20 20
28093811624 20 20
28093811632 20 20
28093811644 20 20
28093811652 20 20
28093811664 20 20
28093811672 20 20
28093811684 20 20
28093811692 20 20
28093811704 20 20
28093811716 20 20
28093811724 20 20
28093811736 20 20
28093811744 20 20
28093811756 20 20
28093811764 20 20
28093811776 20 20
28093811784 20 20
28093811796 20 20
28093811804 20 20
28093811816 20 20
28093811824 20 20
28093811836 20 20
28093811844 20 20
28093811856 20 20
28093811864 20 20
28093811876 20 20
28093811884 20 20
28093811896 20 20
28093811904 20 20
28093813417 960 20
28093813428 960 20
28093813436 960 20
28093813448 960 20
28093813456 960 20
28093813468 960 20
28093813480 960 20
28093813488 960 20
28093813500 960 20
28093813508 960 20
28093813520 960 20
28093813528 960 20
28093813540 960 20
28093813548 960 20
28093813560 960 20
28093813568 960 20
28093813580 960 20
28093813588 960 20
28093813600 960 20
28093813608 960 20
28093813620 960 20
28093813628 960 20
28093813640 960 20
28093813648 960 20
28093813660 960 20
28093813668 960 20
28093813680 960 20
28093813688 960 20
28093813700 960 20
28093813708 960 20
28093813720 960 20
28093813732 960 20
28093813740 960 20
28093813752 960 20
28093813760 960 20
28093813772 960 20
28093813780 960 20
28093813792 960 20
28093813800 960 20
28093813812 960 20
28093813820 960 20
28093813832 960 20
28093813840 960 20
28093813852 960 20
28093813860 960 20
28093813872 960 20
28093813880 960 20
28093813892 960 20
28093813900 960 20
28093813912 960 20
28093813920 960 20
28093813932 960 20
28093813940 960 20
28093813952 960 20
28093813960 960 20
28093813971 960 20
28093813984 960 20
28093813992 960 20
28093814004 960 20
28093814012 960 20
28093814024 960 20
28093814032 960 20
28093814044 960 20
28093814052 960 20
28093814064 960 20
28093814072 960 20
28093814084 960 20
28093814092 960 20
28093814104 960 20
28093814112 960 20
28093814124 960 20
28093814132 960 20
28093814144 960 20
28093814152 960 20
28093814164 960 20
28093814172 960 20
28093814184 960 20
28093814192 960 20
28093814204 960 20
28093814212 960 20
28093814224 960 20
28093814236 960 20
28093814244 960 20
28093814256 960 20
28093814264 960 20
28093814276 960 20
28093814284 960 20
28093814296 960 20
28093814304 960 20
28093814316 960 20
28093814324 960 20
28093814336 960 20
28093814344 960 20
28093814356 960 20
28093814364 960 20
28093814376 960 20
28093814384 960 20
28093814396 960 20
28093814404 960 20
28093814416 960 20
28093814424 960 20
28093814436 960 20
28093814444 960 20
28093814456 960 20
28093814464 960 20
28093814476 960 20
28093814488 960 20
28093814496 960 20
28093814508 960 20
28093814516 960 20
28093814528 960 20
28093814536 960 20
28093814548 960 20
28093814556 960 20
28093814568 960 20
28093814576 960 20
28093814587 960 20
28093814596 960 20
28093814608 960 20
28093814616 960 20
28093814628 960 20
28093814636 960 20
28093814647 960 20
28093814655 960 20
28093814668 960 20
28093814675 960 20
28093814688 960 20
28093814696 960 20
28093814708 960 20
28093814716 960 20
28093814728 960 20
28093814740 960 20
28093814748 960 20
28093814760 960 20
28093814768 960 20
28093814780 960 20
28093814788 960 20
28093814800 960 20
28093814808 960 20
28093814820 960 20
28093814828 960 20
28093814840 960 20
28093814848 960 20
28093814860 960 20
28093814868 960 20
28093814880 960 20
28093814888 960 20
28093814900 960 20
28093814908 960 20
28093816420 1900 20
28093816432 1900 20
28093816440 1900 20
28093816452 1900 20
28093816460 1900 20
28093816472 1900 20
28093816480 1900 20
28093816491 1900 20
28093816504 1900 20
28093816511 1900 20
28093816524 1900 20
28093816531 1900 20
28093816543 1900 20
28093816551 1900 20
28093816564 1900 20
28093816571 1900 20
28093816583 1900 20
28093816591 1900 20
28093816604 1900 20
28093816611 1900 20
28093816623 1900 20
28093816632 1900 20
28093816644 1900 20
28093816651 1900 20
28093816664 1900 20
28093816672 1900 20
28093816684 1900 20
28093816691 1900 20
28093816703 1900 20
28093816712 1900 20
28093816723 1900 20
28093816732 1900 20
28093816743 1900 20
28093816756 1900 20
28093816764 1900 20
28093816776 1900 20
28093816784 1900 20
28093816796 1900 20
28093816804 1900 20
28093816816 1900 20
28093816824 1900 20
28093816836 1900 20
28093816844 1900 20
28093816856 1900 20
28093816864 1900 20
28093816876 1900 20
28093816884 1900 20
28093816896 1900 20
28093816904 1900 20
28093816916 1900 20
28093816923 1900 20
28093816936 1900 20
28093816943 1900 20
28093816956 1900 20
28093816964 1900 20
28093816975 1900 20
28093816984 1900 20
28093816996 1900 20
28093817008 1900 20
28093817015 1900 20
28093817028 1900 20
28093817036 1900 20
28093817048 1900 20
28093817056 1900 20
28093817068 1900 20
28093817076 1900 20
28093817088 1900 20
28093817096 1900 20
28093817108 1900 20
28093817115 1900 20
28093817127 1900 20
28093817136 1900 20
28093817148 1900 20
28093817156 1900 20
28093817168 1900 20
28093817175 1900 20
28093817187 1900 20
28093817195 1900 20
28093817207 1900 20
28093817215 1900 20
28093817228 1900 20
28093817236 1900 20
28093817248 1900 20
28093817260 1900 20
28093817267 1900 20
28093817280 1900 20
28093817288 1900 20
28093817299 1900 20
28093817307 1900 20
28093817319 1900 20
28093817327 1900 20
28093817339 1900 20
28093817347 1900 20
28093817360 1900 20
28093817367 1900 20
28093817379 1900 20
28093817387 1900 20
28093817399 1900 20
28093817407 1900 20
28093817419 1900 20
28093817427 1900 20
28093817439 1900 20
28093817448 1900 20
28093817460 1900 20
28093817467 1900 20
28093817479 1900 20
28093817487 1900 20
28093817500 1900 20
28093817512 1900 20
28093817519 1900 20
28093817531 1900 20
28093817540 1900 20
28093817552 1900 20
28093817559 1900 20
28093817572 1900 20
28093817579 1900 20
28093817591 1900 20
28093817600 1900 20
28093817611 1900 20
28093817619 1900 20
28093817631 1900 20
28093817639 1900 20
28093817652 1900 20
28093817659 1900 20
28093817671 1900 20
28093817680 1900 20
28093817691 1900 20
28093817699 1900 20
28093817711 1900 20
28093817720 1900 20
28093817731 1900 20
28093817740 1900 20
28093817752 1900 20
28093817764 1900 20
28093817771 1900 20
28093817784 1900 20
28093817791 1900 20
28093817803 1900 20
28093817811 1900 20
28093817823 1900 20
28093817831 1900 20
28093817844 1900 20
28093817852 1900 20
28093817864 1900 20
28093817871 1900 20
28093817884 1900 20
28093817891 1900 20
28093817903 1900 20
28093817911 1900 20
28093819424 1900 540
28093819436 1900 540
28093819444 1900 540
28093819456 1900 540
28093819463 1900 540
28093819475 1900 540
28093819483 1900 540
28093819495 1900 540
28093819503 1900 540
28093819515 1900 540
28093819527 1900 540
28093819535 1900 540
28093819547 1900 540
28093819555 1900 540
28093819567 1900 540
28093819575 1900 540
28093819587 1900 540
28093819595 1900 540
28093819607 1900 540
28093819615 1900 540
28093819627 1900 540
28093819635 1900 540
28093819647 1900 540
28093819655 1900 540
28093819667 1900 540
28093819675 1900 540
28093819687 1900 540
28093819695 1900 540
28093819707 1900 540
28093819715 1900 540
28093819727 1900 540
28093819735 1900 540
28093819747 1900 540
28093819755 1900 540
28093819767 1900 540
28093819779 1900 540
28093819787 1900 540
28093819799 1900 540
28093819807 1900 540
28093819819 1900 540
28093819827 1900 540
28093819839 1900 540
28093819847 1900 540
28093819859 1900 540
28093819867 1900 540
28093819879 1900 540
28093819887 1900 540
28093819899 1900 540
28093819907 1900 540
28093819919 1900 540
28093819927 1900 540
28093819939 1900 540
28093819947 1900 540
28093819959 1900 540
28093819967 1900 540
28093819979 1900 540
28093819987 1900 540
28093819999 1900 540
28093820007 1900 540
28093820019 1900 540
28093820031 1900 540
28093820039 1900 540
28093820052 1900 540
28093820059 1900 540
28093820072 1900 540
28093820079 1900 540
28093820091 1900 540
28093820099 1900 540
28093820111 1900 540
28093820119 1900 540
28093820131 1900 540
28093820139 1900 540
28093820151 1900 540
28093820159 1900 540
28093820171 1900 540
28093820179 1900 540
28093820191 1900 540
28093820199 1900 540
28093820211 1900 540
28093820219 1900 540
28093820231 1900 540
28093820239 1900 540
28093820251 1900 540
28093820259 1900 540
28093820271 1900 540
28093820283 1900 540
28093820291 1900 540
28093820303 1900 540
28093820311 1900 540
28093820323 1900 540
28093820331 1900 540
28093820343 1900 540
28093820351 1900 540
28093820363 1900 540
28093820371 1900 540
28093820383 1900 540
28093820391 1900 540
28093820403 1900 540
28093820411 1900 540
28093820423 1900 540
28093820431 1900 540
28093820443 1900 540
28093820451 1900 540
28093820463 1900 540
28093820471 1900 540
28093820483 1900 540
28093820491 1900 540
28093820503 1900 540
28093820511 1900 540
28093820523 1900 540
28093820535 1900 540
28093820543 1900 540
28093820555 1900 540
28093820563 1900 540
28093820575 1900 540
28093820583 1900 540
28093820595 1900 540
28093820603 1900 540
28093820615 1900 540
28093820623 1900 540
28093820635 1900 540
28093820643 1900 540
28093820655 1900 540
28093820663 1900 540
28093820675 1900 540
28093820683 1900 540
28093820695 1900 540
28093820703 1900 540
28093820715 1900 540
28093820723 1900 540
28093820735 1900 540
28093820743 1900 540
28093820755 1900 540
28093820763 1900 540
28093820775 1900 540
28093820787 1900 540
28093820795 1900 540
28093820807 1900 540
28093820815 1900 540
28093820827 1900 540
28093820835 1900 540
28093820847 1900 540
28093820855 1900 540
28093820867 1900 540
28093820875 1900 540
28093820887 1900 540
28093820895 1900 540
28093820907 1900 540
28093820915 1900 540
28093822429 960 540
28093822440 960 540
28093822447 960 540
28093822459 960 540
28093822467 960 540
28093822479 960 540
28093822487 960 540
28093822499 960 540
28093822507 960 540
28093822519 960 540
28093822527 960 540
28093822539 960 540
28093822551 960 540
28093822559 960 540
28093822571 960 540
28093822579 960 540
28093822591 960 540
28093822599 960 540
28093822611 960 540
28093822619 960 540
28093822631 960 540
28093822639 960 540
28093822651 960 540
28093822659 960 540
28093822671 960 540
28093822679 960 540
28093822691 960 540
28093822699 960 540
28093822711 960 540
28093822719 960 540
28093822731 960 540
28093822739 960 540
28093822751 960 540
28093822759 960 540
28093822771 960 540
28093822779 960 540
28093822791 960 540
28093822803 960 540
28093822811 960 540
28093822823 960 540
28093822831 960 540
28093822843 960 540
28093822851 960 540
28093822863 960 540
28093822871 960 540
28093822883 960 540
28093822891 960 540
28093822903 960 540
28093822911 960 540
28093822923 960 540
28093822931 960 540
28093822943 960 540
28093822951 960 540
28093822963 960 540
28093822971 960 540
28093822983 960 540
28093822991 960 540
28093823003 960 540
28093823011 960 540
28093823023 960 540
28093823031 960 540
28093823043 960 540
28093823055 960 540
28093823063 960 540
28093823075 960 540
28093823083 960 540
28093823095 960 540
28093823103 960 540
28093823115 960 540
28093823123 960 540
28093823135 960 540
28093823143 960 540
28093823155 960 540
28093823163 960 540
28093823175 960 540
28093823183 960 540
28093823195 960 540
28093823203 960 540
28093823215 960 540
28093823223 960 540
28093823235 960 540
28093823243 960 540
28093823255 960 540
28093823263 960 540
28093823275 960 540
28093823283 960 540
28093823295 960 540
28093823307 960 540
28093823315 960 540
28093823327 960 540
28093823335 960 540
28093823347 960 540
28093823355 960 540
28093823367 960 540
28093823375 960 540
28093823387 960 540
28093823395 960 540
28093823407 960 540
28093823415 960 540
28093823427 960 540
28093823435 960 540
28093823447 960 540
28093823455 960 540
28093823467 960 540
28093823475 960 540
28093823487 960 540
28093823495 960 540
28093823507 960 540
28093823515 960 540
28093823527 960 540
28093823535 960 540
28093823547 960 540
28093823559 960 540
28093823567 960 540
28093823579 960 540
28093823587 960 540
28093823599 960 540
28093823607 960 540
28093823619 960 540
28093823627 960 540
28093823639 960 540
28093823647 960 540
28093823659 960 540
28093823667 960 540
28093823679 960 540
28093823687 960 540
28093823699 960 540
28093823707 960 540
28093823719 960 540
28093823727 960 540
28093823739 960 540
28093823747 960 540
28093823759 960 540
28093823767 960 540
28093823779 960 540
28093823787 960 540
28093823799 960 540
28093823811 960 540
28093823819 960 540
28093823831 960 540
28093823839 960 540
28093823851 960 540
28093823859 960 540
28093823871 960 540
28093823879 960 540
28093823891 960 540
28093823899 960 540
28093823911 960 540
28093823919 960 540
28093825433 20 540
28093825444 20 540
28093825452 20 540
28093825463 20 540
28093825471 20 540
28093825483 20 540
28093825491 20 540
28093825503 20 540
28093825511 20 540
28093825523 20 540
28093825531 20 540
28093825543 20 540
28093825551 20 540
28093825563 20 540
28093825575 20 540
28093825583 20 540
28093825595 20 540
28093825603 20 540
28093825615 20 540
28093825623 20 540
28093825635 20 540
28093825643 20 540
28093825655 20 540
28093825663 20 540
28093825675 20 540
28093825683 20 540
28093825695 20 540
28093825703 20 540
28093825715 20 540
28093825723 20 540
28093825735 20 540
28093825743 20 540
28093825755 20 540
28093825763 20 540
28093825775 20 540
28093825783 20 540
28093825795 20 540
28093825803 20 540
28093825815 20 540
28093825827 20 540
28093825835 20 540
28093825847 20 540
28093825855 20 540
28093825867 20 540
28093825875 20 540
28093825887 20 540
28093825895 20 540
28093825907 20 540
28093825915 20 540
28093825927 20 540
28093825935 20 540
28093825947 20 540
28093825955 20 540
28093825967 20 540
28093825975 20 540
28093825987 20 540
28093825995 20 540
28093826007 20 540
28093826015 20 540
28093826027 20 540
28093826035 20 540
28093826047 20 540
28093826055 20 540
28093826067 20 540
28093826079 20 540
28093826087 20 540
28093826099 20 540
28093826107 20 540
28093826119 20 540
28093826127 20 540
28093826139 20 540
28093826147 20 540
28093826159 20 540
28093826167 20 540
28093826179 20 540
28093826187 20 540
28093826199 20 540
28093826207 20 540
28093826219 20 540
28093826227 20 540
28093826239 20 540
28093826247 20 540
28093826259 20 540
28093826267 20 540
28093826279 20 540
28093826287 20 540
28093826299 20 540
28093826307 20 540
28093826319 20 540
28093826331 20 540
28093826339 20 540
28093826351 20 540
28093826359 20 540
28093826371 20 540
28093826379 20 540
28093826391 20 540
28093826399 20 540
28093826411 20 540
28093826419 20 540
28093826431 20 540
28093826439 20 540
28093826451 20 540
28093826459 20 540
28093826471 20 540
28093826479 20 540
28093826491 20 540
28093826499 20 540
28093826511 20 540
28093826519 20 540
28093826531 20 540
28093826539 20 540
28093826551 20 540
28093826559 20 540
28093826571 20 540
28093826583 20 540
28093826591 20 540
28093826603 20 540
28093826611 20 540
28093826623 20 540
28093826631 20 540
28093826643 20 540
28093826651 20 540
28093826663 20 540
28093826671 20 540
28093826683 20 540
28093826691 20 540
28093826703 20 540
28093826711 20 540
28093826723 20 540
28093826731 20 540
28093826743 20 540
28093826751 20 540
28093826763 20 540
28093826771 20 540
28093826783 20 540
28093826791 20 540
28093826803 20 540
28093826811 20 540
28093826823 20 540
28093826835 20 540
28093826843 20 540
28093826855 20 540
28093826863 20 540
28093826875 20 540
28093826883 20 540
28093826895 20 540
28093826903 20 540
28093826915 20 540
28093826923 20 540
28093828437 20 1060
28093828447 20 1060
28093828455 20 1060
28093828467 20 1060
28093828475 20 1060
28093828487 20 1060
28093828495 20 1060
28093828507 20 1060
28093828515 20 1060
28093828527 20 1060
28093828535 20 1060
28093828547 20 1060
28093828555 20 1060
28093828567 20 1060
28093828575 20 1060
28093828587 20 1060
28093828599 20 1060
28093828607 20 1060
28093828619 20 1060
28093828627 20 1060
28093828639 20 1060
28093828647 20 1060
28093828659 20 1060
28093828667 20 1060
28093828679 20 1060
28093828687 20 1060
28093828699 20 1060
28093828707 20 1060
28093828719 20 1060
28093828727 20 1060
28093828739 20 1060
28093828747 20 1060
28093828759 20 1060
28093828767 20 1060
28093828779 20 1060
28093828787 20 1060
28093828799 20 1060
28093828807 20 1060
28093828819 20 1060
28093828827 20 1060
28093828839 20 1060
28093828851 20 1060
28093828859 20 1060
28093828871 20 1060
28093828879 20 1060
28093828891 20 1060
28093828899 20 1060
28093828911 20 1060
28093828919 20 1060
28093828932 20 1060
28093828940 20 1060
28093828952 20 1060
28093828960 20 1060
28093828972 20 1060
28093828979 20 1060
28093828991 20 1060
28093828999 20 1060
28093829011 20 1060
28093829019 20 1060
28093829031 20 1060
28093829039 20 1060
28093829051 20 1060
28093829059 20 1060
28093829071 20 1060
28093829079 20 1060
28093829091 20 1060
28093829103 20 1060
28093829111 20 1060
28093829123 20 1060
28093829131 20 1060
28093829143 20 1060
28093829151 20 1060
28093829163 20 1060
28093829171 20 1060
28093829183 20 1060
28093829191 20 1060
28093829203 20 1060
28093829211 20 1060
28093829223 20 1060
28093829231 20 1060
28093829243 20 1060
28093829251 20 1060
28093829263 20 1060
28093829271 20 1060
28093829283 20 1060
28093829291 20 1060
28093829303 20 1060
28093829311 20 1060
28093829323 20 1060
28093829331 20 1060
28093829343 20 1060
28093829355 20 1060
28093829363 20 1060
28093829375 20 1060
28093829383 20 1060
28093829395 20 1060
28093829403 20 1060
28093829415 20 1060
28093829423 20 1060
28093829435 20 1060
28093829443 20 1060
28093829455 20 1060
28093829463 20 1060
28093829475 20 1060
28093829483 20 1060
28093829495 20 1060
28093829503 20 1060
28093829515 20 1060
28093829523 20 1060
28093829535 20 1060
28093829543 20 1060
28093829555 20 1060
28093829563 20 1060
28093829575 20 1060
28093829583 20 1060
28093829595 20 1060
28093829607 20 1060
28093829615 20 1060
28093829627 20 1060
28093829635 20 1060
28093829647 20 1060
28093829655 20 1060
28093829667 20 1060
28093829675 20 1060
28093829687 20 1060
28093829695 20 1060
28093829707 20 1060
28093829715 20 1060
28093829727 20 1060
28093829735 20 1060
28093829747 20 1060
28093829755 20 1060
28093829767 20 1060
28093829775 20 1060
28093829787 20 1060
28093829795 20 1060
28093829807 20 1060
28093829815 20 1060
28093829827 20 1060
28093829835 20 1060
28093829847 20 1060
28093829859 20 1060
28093829867 20 1060
28093829879 20 1060
28093829887 20 1060
28093829899 20 1060
28093829907 20 1060
28093829919 20 1060
28093829927 20 1060
28093831441 960 1060
28093831451 960 1060
28093831459 960 1060
28093831471 960 1060
28093831479 960 1060
28093831491 960 1060
28093831499 960 1060
28093831511 960 1060
28093831519 960 1060
28093831531 960 1060
28093831539 960 1060
28093831551 960 1060
28093831559 960 1060
28093831571 960 1060
28093831579 960 1060
28093831591 960 1060
28093831599 960 1060
28093831611 960 1060
28093831623 960 1060
28093831631 960 1060
28093831643 960 1060
28093831651 960 1060
28093831663 960 1060
28093831671 960 1060
28093831683 960 1060
28093831691 960 1060
28093831703 960 1060
28093831711 960 1060
28093831723 960 1060
28093831731 960 1060
28093831743 960 1060
28093831751 960 1060
28093831763 960 1060
28093831771 960 1060
28093831783 960 1060
28093831791 960 1060
28093831803 960 1060
28093831811 960 1060
28093831823 960 1060
28093831831 960 1060
28093831843 960 1060
28093831851 960 1060
28093831863 960 1060
28093831875 960 1060
28093831883 960 1060
28093831895 960 1060
28093831903 960 1060
28093831915 960 1060
28093831923 960 1060
28093831935 960 1060
28093831943 960 1060
28093831955 960 1060
28093831963 960 1060
28093831975 960 1060
28093831983 960 1060
28093831995 960 1060
28093832003 960 1060
28093832015 960 1060
28093832023 960 1060
28093832035 960 1060
28093832043 960 1060
28093832055 960 1060
28093832063 960 1060
28093832075 960 1060
28093832083 960 1060
28093832095 960 1060
28093832103 960 1060
28093832115 960 1060
28093832127 960 1060
28093832135 960 1060
28093832147 960 1060
28093832155 960 1060
28093832167 960 1060
28093832175 960 1060
28093832187 960 1060
28093832195 960 1060
28093832207 960 1060
28093832215 960 1060
28093832227 960 1060
28093832235 960 1060
28093832247 960 1060
28093832255 960 1060
28093832267 960 1060
28093832275 960 1060
28093832287 960 1060
28093832295 960 1060
28093832307 960 1060
28093832315 960 1060
28093832327 960 1060
28093832335 960 1060
28093832347 960 1060
28093832355 960 1060
28093832367 960 1060
28093832379 960 1060
28093832387 960 1060
28093832399 960 1060
28093832407 960 1060
28093832419 960 1060
28093832427 960 1060
28093832439 960 1060
28093832447 960 1060
28093832459 960 1060
28093832467 960 1060
28093832479 960 1060
28093832487 960 1060
28093832499 960 1060
28093832507 960 1060
28093832519 960 1060
28093832527 960 1060
28093832539 960 1060
28093832547 960 1060
28093832559 960 1060
28093832567 960 1060
28093832579 960 1060
28093832587 960 1060
28093832599 960 1060
28093832607 960 1060
28093832619 960 1060
28093832631 960 1060
28093832639 960 1060
28093832651 960 1060
28093832659 960 1060
28093832671 960 1060
28093832679 960 1060
28093832691 960 1060
28093832699 960 1060
28093832711 960 1060
28093832719 960 1060
28093832731 960 1060
28093832739 960 1060
28093832751 960 1060
28093832759 960 1060
28093832771 960 1060
28093832779 960 1060
28093832791 960 1060
28093832799 960 1060
28093832811 960 1060
28093832819 960 1060
28093832831 960 1060
28093832839 960 1060
28093832851 960 1060
28093832859 960 1060
28093832871 960 1060
28093832883 960 1060
28093832891 960 1060
28093832903 960 1060
28093832911 960 1060
28093832923 960 1060
28093832931 960 1060
28093834445 1900 1060
28093834455 1900 1060
28093834463 1900 1060
28093834475 1900 1060
28093834483 1900 1060
28093834495 1900 1060
28093834503 1900 1060
28093834515 1900 1060
28093834523 1900 1060
28093834535 1900 1060
28093834543 1900 1060
28093834555 1900 1060
28093834563 1900 1060
28093834575 1900 1060
28093834583 1900 1060
28093834595 1900 1060
28093834603 1900 1060
28093834615 1900 1060
28093834623 1900 1060
28093834635 1900 1060
28093834647 1900 1060
28093834655 1900 1060
28093834667 1900 1060
28093834675 1900 1060
28093834687 1900 1060
28093834695 1900 1060
28093834707 1900 1060
28093834715 1900 1060
28093834727 1900 1060
28093834735 1900 1060
28093834747 1900 1060
28093834755 1900 1060
28093834767 1900 1060
28093834775 1900 1060
28093834787 1900 1060
28093834795 1900 1060
28093834807 1900 1060
28093834815 1900 1060
28093834827 1900 1060
28093834835 1900 1060
28093834847 1900 1060
28093834855 1900 1060
28093834867 1900 1060
28093834875 1900 1060
28093834887 1900 1060
28093834899 1900 1060
28093834907 1900 1060
28093834919 1900 1060
28093834927 1900 1060
28093834939 1900 1060
28093834947 1900 1060
28093834959 1900 1060
28093834967 1900 1060
28093834979 1900 1060
28093834987 1900 1060
28093834999 1900 1060
28093835007 1900 1060
28093835019 1900 1060
28093835027 1900 1060
28093835039 1900 1060
28093835047 1900 1060
28093835059 1900 1060
28093835067 1900 1060
28093835079 1900 1060
28093835087 1900 1060
28093835099 1900 1060
28093835107 1900 1060
28093835119 1900 1060
28093835127 1900 1060
28093835139 1900 1060
28093835151 1900 1060
28093835159 1900 1060
28093835171 1900 1060
28093835179 1900 1060
28093835191 1900 1060
28093835199 1900 1060
28093835211 1900 1060
28093835219 1900 1060
28093835231 1900 1060
28093835239 1900 1060
28093835251 1900 1060
28093835259 1900 1060
28093835271 1900 1060
28093835279 1900 1060
28093835291 1900 1060
28093835299 1900 1060
28093835311 1900 1060
28093835319 1900 1060
28093835331 1900 1060
28093835339 1900 1060
28093835351 1900 1060
28093835359 1900 1060
28093835371 1900 1060
28093835379 1900 1060
28093835391 1900 1060
28093835403 1900 1060
28093835411 1900 1060
28093835423 1900 1060
28093835431 1900 1060
28093835443 1900 1060
28093835451 1900 1060
28093835463 1900 1060
28093835471 1900 1060
28093835483 1900 1060
28093835491 1900 1060
28093835503 1900 1060
28093835511 1900 1060
28093835523 1900 1060
28093835531 1900 1060
28093835543 1900 1060
28093835551 1900 1060
28093835563 1900 1060
28093835571 1900 1060
28093835583 1900 1060
28093835591 1900 1060
28093835603 1900 1060
28093835611 1900 1060
28093835623 1900 1060
28093835631 1900 1060
28093835643 1900 1060
28093835655 1900 1060
28093835663 1900 1060
28093835675 1900 1060
28093835683 1900 1060
28093835695 1900 1060
28093835703 1900 1060
28093835715 1900 1060
28093835723 1900 1060
28093835735 1900 1060
28093835743 1900 1060
28093835755 1900 1060
28093835763 1900 1060
28093835775 1900 1060
28093835783 1900 1060
28093835795 1900 1060
28093835803 1900 1060
28093835815 1900 1060
28093835823 1900 1060
28093835835 1900 1060
28093835843 1900 1060
28093835855 1900 1060
28093835863 1900 1060
28093835875 1900 1060
28093835883 1900 1060
28093835895 1900 1060
28093835907 1900 1060
28093835915 1900 1060
28093835927 1900 1060
28093835935 1900 1060
