26130421465 20 20
26130421481 20 20
26130421487 20 20
26130421494 20 20
26130421505 20 20
26130421512 20 20
26130421526 20 20
26130421538 20 20
26130421545 20 20
26130421557 20 20
26130421564 20 20
26130421576 20 20
26130421584 20 20
26130421598 20 20
26130421605 20 20
26130421616 20 20
26130421625 20 20
26130421638 20 20
26130421645 20 20
26130421657 20 20
26130421666 20 20
26130421676 20 20
26130421685 20 20
26130421698 20 20
26130421705 20 20
26130421716 20 20
26130421725 20 20
26130421737 20 20
26130421745 20 20
26130421758 20 20
26130421766 20 20
26130421778 20 20
26130421790 20 20
26130421798 20 20
26130421810 20 20
26130421817 20 20
26130421830 20 20
26130421837 20 20
26130421849 20 20
26130421858 20 20
26130421868 20 20
26130421878 20 20
26130421890 20 20
26130421898 20 20
26130421909 20 20
26130421917 20 20
26130421929 20 20
26130421941 20 20
26130421950 20 20
26130421956 20 20
26130421969 20 20
26130421978 20 20
26130421990 20 20
26130421997 20 20
26130422009 20 20
26130422017 20 20
26130422030 20 20
26130422042 20 20
26130422050 20 20
26130422061 20 20
26130422068 20 20
26130422081 20 20
26130422089 20 20
26130422100 20 20
26130422109 20 20
26130422121 20 20
26130422133 20 20
26130422140 20 20
26130422150 20 20
26130422162 20 20
26130422168 20 20
26130422182 20 20
26130422188 20 20
26130422202 20 20
26130422210 20 20
26130422221 20 20
26130422228 20 20
26130422241 20 20
26130422248 20 20
26130422261 20 20
26130422270 20 20
26130422280 20 20
26130422293 20 20
26130422301 20 20
26130422314 20 20
26130422322 20 20
26130422334 20 20
26130422340 20 20
26130422353 20 20
26130422362 20 20
26130422373 20 20
26130422382 20 20
26130422393 20 20
26130422401 20 20
26130422413 20 20
26130422422 20 20
26130422434 20 20
26130422441 20 20
26130422452 20 20
26130422461 20 20
26130422473 20 20
26130422481 20 20
26130422493 20 20
26130422501 20 20
26130422514 20 20
26130422521 20 20
26130422533 20 20
26130422544 20 20
26130422552 20 20
26130422565 20 20
26130422573 20 20
26130422585 20 20
26130422593 20 20
26130422605 20 20
26130422614 20 20
26130422626 20 20
26130422633 20 20
26130422645 20 20
26130422657 20 20
26130422664 20 20
26130422673 20 20
26130422689 20 20
26130422694 20 20
26130422709 20 20
26130422714 20 20
26130422726 20 20
26130422733 20 20
26130422745 20 20
26130422753 20 20
26130422764 20 20
26130422773 20 20
26130422786 20 20
26130422797 20 20
26130422805 20 20
26130422817 20 20
26130422827 20 20
26130422837 20 20
26130422845 20 20
26130422858 20 20
26130422866 20 20
26130422878 20 20
26130422886 20 20
26130422897 20 20
26130422905 20 20
26130422917 20 20
26130422925 20 20
26130422937 20 20
26130422945 20 20
26130422958 20 20
26130422966 20 20
26130425749 960 20
26130425759 960 20
26130425770 960 20
26130425778 960 20
26130425791 960 20
26130425798 960 20
26130425810 960 20
26130425822 960 20
26130425830 960 20
26130425849 960 20
26130425864 960 20
26130425869 960 20
26130425873 960 20
26130425880 960 20
26130425889 960 20
26130425902 960 20
26130425910 960 20
26130425920 960 20
26130425929 960 20
26130425942 960 20
26130425950 960 20
26130425961 960 20
26130425970 960 20
26130425982 960 20
26130425988 960 20
26130426001 960 20
26130426009 960 20
26130426021 960 20
26130426037 960 20
26130426043 960 20
26130426049 960 20
26130426062 960 20
26130426074 960 20
26130426081 960 20
26130426094 960 20
26130426101 960 20
26130426117 960 20
26130426122 960 20
26130426132 960 20
26130426141 960 20
26130426154 960 20
26130426160 960 20
26130426173 960 20
26130426180 960 20
26130426194 960 20
26130426202 960 20
26130426212 960 20
26130426222 960 20
26130426241 960 20
26130426246 960 20
26130426253 960 20
26130426261 960 20
26130426273 960 20
26130426285 960 20
26130426292 960 20
26130426301 960 20
26130426314 960 20
26130426325 960 20
26130426334 960 20
26130426346 960 20
26130426354 960 20
26130426365 960 20
26130426374 960 20
26130426385 960 20
26130426394 960 20
26130426405 960 20
26130426412 960 20
26130426425 960 20
26130426434 960 20
26130426445 960 20
26130426453 960 20
26130426464 960 20
26130426474 960 20
26130426485 960 20
26130426494 960 20
26130426506 960 20
26130426513 960 20
26130426525 960 20
26130426533 960 20
26130426544 960 20
26130426554 960 20
26130426566 960 20
26130426578 960 20
26130426585 960 20
26130426596 960 20
26130426605 960 20
26130426616 960 20
26130426625 960 20
26130426636 960 20
26130426644 960 20
26130426657 960 20
26130426665 960 20
26130426677 960 20
26130426684 960 20
26130426697 960 20
26130426704 960 20
26130426718 960 20
26130426726 960 20
26130426738 960 20
26130426746 960 20
26130426757 960 20
26130426765 960 20
26130426776 960 20
26130426785 960 20
26130426798 960 20
26130426806 960 20
26130426817 960 20
26130426828 960 20
26130426838 960 20
26130426850 960 20
26130426857 960 20
26130426869 960 20
26130426878 960 20
26130426889 960 20
26130426897 960 20
26130426913 960 20
26130426919 960 20
26130426930 960 20
26130426937 960 20
26130426950 960 20
26130426958 960 20
26130426970 960 20
26130426977 960 20
26130426989 960 20
26130426996 960 20
26130427009 960 20
26130427017 960 20
26130427029 960 20
26130427038 960 20
26130427050 960 20
26130427067 960 20
26130427072 960 20
26130427081 960 20
26130427088 960 20
26130427101 960 20
26130427108 960 20
26130427121 960 20
26130427128 960 20
26130427141 960 20
26130427148 960 20
26130427161 960 20
26130427170 960 20
26130427182 960 20
26130427189 960 20
26130427202 960 20
26130427210 960 20
26130427221 960 20
26130427228 960 20
26130427240 960 20
26130429286 1900 20
26130429299 1900 20
26130429309 1900 20
26130429318 1900 20
26130429326 1900 20
26130429340 1900 20
26130429350 1900 20
26130429358 1900 20
26130429370 1900 20
26130429378 1900 20
26130429390 1900 20
26130429398 1900 20
26130429410 1900 20
26130429418 1900 20
26130429430 1900 20
26130429438 1900 20
26130429450 1900 20
26130429460 1900 20
26130429469 1900 20
26130429478 1900 20
26130429489 1900 20
26130429497 1900 20
26130429509 1900 20
26130429517 1900 20
26130429532 1900 20
26130429537 1900 20
26130429548 1900 20
26130429557 1900 20
26130429570 1900 20
26130429576 1900 20
26130429590 1900 20
26130429602 1900 20
26130429610 1900 20
26130429622 1900 20
26130429630 1900 20
26130429641 1900 20
26130429648 1900 20
26130429661 1900 20
26130429670 1900 20
26130429681 1900 20
26130429690 1900 20
26130429701 1900 20
26130429709 1900 20
26130429721 1900 20
26130429729 1900 20
26130429741 1900 20
26130429749 1900 20
26130429761 1900 20
26130429770 1900 20
26130429781 1900 20
26130429789 1900 20
26130429801 1900 20
26130429808 1900 20
26130429821 1900 20
26130429829 1900 20
26130429842 1900 20
26130429853 1900 20
26130429860 1900 20
26130429877 1900 20
26130429882 1900 20
26130429893 1900 20
26130429902 1900 20
26130429913 1900 20
26130429920 1900 20
26130429932 1900 20
26130429940 1900 20
26130429953 1900 20
26130429963 1900 20
26130429974 1900 20
26130429982 1900 20
26130429992 1900 20
26130430001 1900 20
26130430014 1900 20
26130430022 1900 20
26130430034 1900 20
26130430040 1900 20
26130430053 1900 20
26130430061 1900 20
26130430074 1900 20
26130430085 1900 20
26130430094 1900 20
26130430106 1900 20
26130430123 1900 20
26130430130 1900 20
26130430134 1900 20
26130430145 1900 20
26130430153 1900 20
26130430166 1900 20
26130430174 1900 20
26130430184 1900 20
26130430192 1900 20
26130430205 1900 20
26130430217 1900 20
26130430229 1900 20
26130430235 1900 20
26130430246 1900 20
26130430254 1900 20
26130430266 1900 20
26130430273 1900 20
26130430285 1900 20
26130430294 1900 20
26130430306 1900 20
26130430314 1900 20
26130430326 1900 20
26130430334 1900 20
26130430345 1900 20
26130430358 1900 20
26130430365 1900 20
26130430377 1900 20
26130430385 1900 20
26130430396 1900 20
26130430404 1900 20
26130430417 1900 20
26130430429 1900 20
26130430437 1900 20
26130430444 1900 20
26130430456 1900 20
26130430464 1900 20
26130430478 1900 20
26130430485 1900 20
26130430497 1900 20
26130430505 1900 20
26130430517 1900 20
26130430525 1900 20
26130430537 1900 20
26130430546 1900 20
26130430558 1900 20
26130430566 1900 20
26130430576 1900 20
26130430589 1900 20
26130430596 1900 20
26130430608 1900 20
26130430617 1900 20
26130430628 1900 20
26130430637 1900 20
26130430650 1900 20
26130430658 1900 20
26130430669 1900 20
26130430678 1900 20
26130430689 1900 20
26130430697 1900 20
26130430708 1900 20
26130430718 1900 20
26130430730 1900 20
26130430738 1900 20
26130430753 1900 20
26130430759 1900 20
26130430769 1900 20
26130430785 1900 20
26130432376 1900 540
26130432383 1900 540
26130432394 1900 540
26130432402 1900 540
26130432414 1900 540
26130432424 1900 540
26130432433 1900 540
26130432446 1900 540
26130432453 1900 540
26130432461 1900 540
26130432472 1900 540
26130432481 1900 540
26130432493 1900 540
26130432501 1900 540
26130432512 1900 540
26130432521 1900 540
26130432533 1900 540
26130432541 1900 540
26130432553 1900 540
26130432561 1900 540
26130432572 1900 540
26130432582 1900 540
26130432594 1900 540
26130432602 1900 540
26130432614 1900 540
26130432626 1900 540
26130432634 1900 540
26130432644 1900 540
26130432653 1900 540
26130432666 1900 540
26130432673 1900 540
26130432684 1900 540
26130432693 1900 540
26130432706 1900 540
26130432714 1900 540
26130432726 1900 540
26130432734 1900 540
26130432746 1900 540
26130432753 1900 540
26130432768 1900 540
26130432774 1900 540
26130432786 1900 540
26130432793 1900 540
26130432805 1900 540
26130432813 1900 540
26130432825 1900 540
26130432833 1900 540
26130432846 1900 540
26130432852 1900 540
26130432865 1900 540
26130432878 1900 540
26130432885 1900 540
26130432898 1900 540
26130432906 1900 540
26130432925 1900 540
26130432931 1900 540
26130432938 1900 540
26130432946 1900 540
26130432957 1900 540
26130432964 1900 540
26130432976 1900 540
26130432986 1900 540
26130432998 1900 540
26130433006 1900 540
26130433018 1900 540
26130433025 1900 540
26130433037 1900 540
26130433045 1900 540
26130433057 1900 540
26130433065 1900 540
26130433077 1900 540
26130433085 1900 540
26130433098 1900 540
26130433106 1900 540
26130433118 1900 540
26130433129 1900 540
26130433138 1900 540
26130433149 1900 540
26130433158 1900 540
26130433169 1900 540
26130433178 1900 540
26130433190 1900 540
26130433197 1900 540
26130433209 1900 540
26130433218 1900 540
26130433230 1900 540
26130433246 1900 540
26130433253 1900 540
26130433259 1900 540
26130433268 1900 540
26130433276 1900 540
26130433290 1900 540
26130433298 1900 540
26130433310 1900 540
26130433318 1900 540
26130433330 1900 540
26130433337 1900 540
26130433349 1900 540
26130433358 1900 540
26130433368 1900 540
26130433381 1900 540
26130433388 1900 540
26130433402 1900 540
26130433409 1900 540
26130433421 1900 540
26130433429 1900 540
26130433442 1900 540
26130433449 1900 540
26130433461 1900 540
26130433470 1900 540
26130433482 1900 540
26130433489 1900 540
26130433501 1900 540
26130433510 1900 540
26130433521 1900 540
26130433529 1900 540
26130433541 1900 540
26130433550 1900 540
26130433562 1900 540
26130433569 1900 540
26130433582 1900 540
26130433589 1900 540
26130433601 1900 540
26130433609 1900 540
26130433620 1900 540
26130433633 1900 540
26130433643 1900 540
26130433653 1900 540
26130433660 1900 540
26130433674 1900 540
26130433682 1900 540
26130433693 1900 540
26130433700 1900 540
26130433714 1900 540
26130433720 1900 540
26130433734 1900 540
26130433741 1900 540
26130433754 1900 540
26130433760 1900 540
26130433773 1900 540
26130433781 1900 540
26130433793 1900 540
26130433802 1900 540
26130433815 1900 540
26130433822 1900 540
26130433834 1900 540
26130433842 1900 540
26130433853 1900 540
26130433861 1900 540
26130435870 960 540
26130435881 960 540
26130435889 960 540
26130435901 960 540
26130435909 960 540
26130435924 960 540
26130435931 960 540
26130435942 960 540
26130435950 960 540
26130435962 960 540
26130435970 960 540
26130435982 960 540
26130435990 960 540
26130436000 960 540
26130436010 960 540
26130436022 960 540
26130436030 960 540
26130436042 960 540
26130436050 960 540
26130436062 960 540
26130436070 960 540
26130436080 960 540
26130436089 960 540
26130436102 960 540
26130436110 960 540
26130436120 960 540
26130436129 960 540
26130436140 960 540
26130436153 960 540
26130436161 960 540
26130436172 960 540
26130436180 960 540
26130436192 960 540
26130436201 960 540
26130436212 960 540
26130436220 960 540
26130436233 960 540
26130436241 960 540
26130436252 960 540
26130436260 960 540
26130436272 960 540
26130436280 960 540
26130436292 960 540
26130436300 960 540
26130436312 960 540
26130436320 960 540
26130436333 960 540
26130436341 960 540
26130436352 960 540
26130436360 960 540
26130436373 960 540
26130436380 960 540
26130436393 960 540
26130436404 960 540
26130436412 960 540
26130436424 960 540
26130436432 960 540
26130436444 960 540
26130436452 960 540
26130436465 960 540
26130436473 960 540
26130436484 960 540
26130436492 960 540
26130436504 960 540
26130436512 960 540
26130436525 960 540
26130436532 960 540
26130436544 960 540
26130436553 960 540
26130436564 960 540
26130436572 960 540
26130436584 960 540
26130436592 960 540
26130436604 960 540
26130436612 960 540
26130436624 960 540
26130436633 960 540
26130436644 960 540
26130436657 960 540
26130436665 960 540
26130436676 960 540
26130436685 960 540
26130436697 960 540
26130436706 960 540
26130436716 960 540
26130436724 960 540
26130436736 960 540
26130436745 960 540
26130436756 960 540
26130436765 960 540
26130436776 960 540
26130436785 960 540
26130436798 960 540
26130436806 960 540
26130436818 960 540
26130436826 960 540
26130436838 960 540
26130436845 960 540
26130436856 960 540
26130436864 960 540
26130436876 960 540
26130436884 960 540
26130436896 960 540
26130436908 960 540
26130436917 960 540
26130436928 960 540
26130436937 960 540
26130436948 960 540
26130436956 960 540
26130436968 960 540
26130436977 960 540
26130436988 960 540
26130436996 960 540
26130437010 960 540
26130437018 960 540
26130437028 960 540
26130437036 960 540
26130437048 960 540
26130437056 960 540
26130437069 960 540
26130437077 960 540
26130437089 960 540
26130437097 960 540
26130437109 960 540
26130437117 960 540
26130437130 960 540
26130437137 960 540
26130437149 960 540
26130437162 960 540
26130437170 960 540
26130437181 960 540
26130437189 960 540
26130437201 960 540
26130437210 960 540
26130437221 960 540
26130437229 960 540
26130437240 960 540
26130437248 960 540
26130437260 960 540
26130437268 960 540
26130437280 960 540
26130437289 960 540
26130437300 960 540
26130437308 960 540
26130437320 960 540
26130437328 960 540
26130437342 960 540
26130437349 960 540
26130437362 960 540
26130437376 960 540
26130438775 20 540
26130438783 20 540
26130438794 20 540
26130438802 20 540
26130438813 20 540
26130438823 20 540
26130438833 20 540
26130438841 20 540
26130438852 20 540
26130438860 20 540
26130438872 20 540
26130438882 20 540
26130438892 20 540
26130438901 20 540
26130438912 20 540
26130438924 20 540
26130438932 20 540
26130438944 20 540
26130438953 20 540
26130438964 20 540
26130438972 20 540
26130438984 20 540
26130438992 20 540
26130439004 20 540
26130439012 20 540
26130439024 20 540
26130439032 20 540
26130439044 20 540
26130439054 20 540
26130439065 20 540
26130439073 20 540
26130439086 20 540
26130439093 20 540
26130439104 20 540
26130439112 20 540
26130439124 20 540
26130439134 20 540
26130439145 20 540
26130439153 20 540
26130439165 20 540
26130439176 20 540
26130439184 20 540
26130439196 20 540
26130439204 20 540
26130439216 20 540
26130439226 20 540
26130439236 20 540
26130439244 20 540
26130439256 20 540
26130439264 20 540
26130439276 20 540
26130439284 20 540
26130439296 20 540
26130439305 20 540
26130439317 20 540
26130439325 20 540
26130439337 20 540
26130439345 20 540
26130439358 20 540
26130439365 20 540
26130439377 20 540
26130439385 20 540
26130439397 20 540
26130439405 20 540
26130439416 20 540
26130439429 20 540
26130439437 20 540
26130439449 20 540
26130439457 20 540
26130439468 20 540
26130439476 20 540
26130439488 20 540
26130439497 20 540
26130439508 20 540
26130439516 20 540
26130439528 20 540
26130439537 20 540
26130439548 20 540
26130439556 20 540
26130439568 20 540
26130439576 20 540
26130439588 20 540
26130439596 20 540
26130439608 20 540
26130439616 20 540
26130439628 20 540
26130439636 20 540
26130439648 20 540
26130439656 20 540
26130439668 20 540
26130439680 20 540
26130439688 20 540
26130439702 20 540
26130439710 20 540
26130439720 20 540
26130439730 20 540
26130439740 20 540
26130439748 20 540
26130439761 20 540
26130439768 20 540
26130439780 20 540
26130439788 20 540
26130439800 20 540
26130439808 20 540
26130439820 20 540
26130439829 20 540
26130439840 20 540
26130439848 20 540
26130439860 20 540
26130439869 20 540
26130439880 20 540
26130439888 20 540
26130439901 20 540
26130439908 20 540
26130439920 20 540
26130439932 20 540
26130439940 20 540
26130439952 20 540
26130439960 20 540
26130439973 20 540
26130439980 20 540
26130439993 20 540
26130440000 20 540
26130440012 20 540
26130440022 20 540
26130440032 20 540
26130440040 20 540
26130440053 20 540
26130440061 20 540
26130440072 20 540
26130440081 20 540
26130440092 20 540
26130440100 20 540
26130440112 20 540
26130440121 20 540
26130440133 20 540
26130440141 20 540
26130440152 20 540
26130440160 20 540
26130440173 20 540
26130440184 20 540
26130440192 20 540
26130440206 20 540
26130440214 20 540
26130440225 20 540
26130440233 20 540
26130440245 20 540
26130440253 20 540
26130441514 20 1060
26130441528 20 1060
26130441537 20 1060
26130441545 20 1060
26130441554 20 1060
26130441565 20 1060
26130441574 20 1060
26130441586 20 1060
26130441593 20 1060
26130441609 20 1060
26130441614 20 1060
26130441626 20 1060
26130441634 20 1060
26130441646 20 1060
26130441653 20 1060
26130441665 20 1060
26130441673 20 1060
26130441685 20 1060
26130441697 20 1060
26130441704 20 1060
26130441717 20 1060
26130441725 20 1060
26130441736 20 1060
26130441757 20 1060
26130441761 20 1060
26130441765 20 1060
26130441778 20 1060
26130441786 20 1060
26130441797 20 1060
26130441806 20 1060
26130441818 20 1060
26130441826 20 1060
26130441838 20 1060
26130441846 20 1060
26130441857 20 1060
26130441866 20 1060
26130441877 20 1060
26130441885 20 1060
26130441897 20 1060
26130441905 20 1060
26130441917 20 1060
26130441925 20 1060
26130441937 20 1060
26130441949 20 1060
26130441957 20 1060
26130441969 20 1060
26130441978 20 1060
26130441990 20 1060
26130441997 20 1060
26130442009 20 1060
26130442018 20 1060
26130442030 20 1060
26130442037 20 1060
26130442049 20 1060
26130442056 20 1060
26130442069 20 1060
26130442076 20 1060
26130442089 20 1060
26130442097 20 1060
26130442109 20 1060
26130442117 20 1060
26130442128 20 1060
26130442137 20 1060
26130442149 20 1060
26130442157 20 1060
26130442170 20 1060
26130442178 20 1060
26130442189 20 1060
26130442201 20 1060
26130442209 20 1060
26130442221 20 1060
26130442229 20 1060
26130442241 20 1060
26130442248 20 1060
26130442261 20 1060
26130442270 20 1060
26130442280 20 1060
26130442288 20 1060
26130442301 20 1060
26130442309 20 1060
26130442321 20 1060
26130442329 20 1060
26130442341 20 1060
26130442348 20 1060
26130442360 20 1060
26130442369 20 1060
26130442380 20 1060
26130442388 20 1060
26130442400 20 1060
26130442408 20 1060
26130442420 20 1060
26130442428 20 1060
26130442440 20 1060
26130442454 20 1060
26130442461 20 1060
26130442474 20 1060
26130442481 20 1060
26130442492 20 1060
26130442500 20 1060
26130442512 20 1060
26130442520 20 1060
26130442532 20 1060
26130442541 20 1060
26130442552 20 1060
26130442560 20 1060
26130442572 20 1060
26130442581 20 1060
26130442592 20 1060
26130442600 20 1060
26130442612 20 1060
26130442620 20 1060
26130442632 20 1060
26130442640 20 1060
26130442652 20 1060
26130442660 20 1060
26130442672 20 1060
26130442680 20 1060
26130442692 20 1060
26130442704 20 1060
26130442712 20 1060
26130442724 20 1060
26130442733 20 1060
26130442745 20 1060
26130442753 20 1060
26130442766 20 1060
26130442773 20 1060
26130442785 20 1060
26130442792 20 1060
26130442804 20 1060
26130442812 20 1060
26130442824 20 1060
26130442832 20 1060
26130442844 20 1060
26130442852 20 1060
26130442864 20 1060
26130442872 20 1060
26130442884 20 1060
26130442893 20 1060
26130442904 20 1060
26130442913 20 1060
26130442925 20 1060
26130442933 20 1060
26130442944 20 1060
26130442956 20 1060
26130442964 20 1060
26130442976 20 1060
26130442985 20 1060
26130442996 20 1060
26130443004 20 1060
26130444185 960 1060
26130444198 960 1060
26130444208 960 1060
26130444218 960 1060
26130444224 960 1060
26130444237 960 1060
26130444244 960 1060
26130444256 960 1060
26130444264 960 1060
26130444276 960 1060
26130444285 960 1060
26130444297 960 1060
26130444304 960 1060
26130444316 960 1060
26130444324 960 1060
26130444338 960 1060
26130444346 960 1060
26130444356 960 1060
26130444365 960 1060
26130444377 960 1060
26130444385 960 1060
26130444396 960 1060
26130444404 960 1060
26130444416 960 1060
26130444426 960 1060
26130444437 960 1060
26130444445 960 1060
26130444457 960 1060
26130444469 960 1060
26130444478 960 1060
26130444489 960 1060
26130444497 960 1060
26130444510 960 1060
26130444518 960 1060
26130444529 960 1060
26130444537 960 1060
26130444549 960 1060
26130444557 960 1060
26130444569 960 1060
26130444577 960 1060
26130444589 960 1060
26130444598 960 1060
26130444609 960 1060
26130444617 960 1060
26130444630 960 1060
26130444638 960 1060
26130444650 960 1060
26130444656 960 1060
26130444669 960 1060
26130444676 960 1060
26130444689 960 1060
26130444696 960 1060
26130444708 960 1060
26130444720 960 1060
26130444729 960 1060
26130444740 960 1060
26130444750 960 1060
26130444761 960 1060
26130444769 960 1060
26130444781 960 1060
26130444788 960 1060
26130444801 960 1060
26130444808 960 1060
26130444821 960 1060
26130444829 960 1060
26130444841 960 1060
26130444848 960 1060
26130444860 960 1060
26130444869 960 1060
26130444881 960 1060
26130444889 960 1060
26130444901 960 1060
26130444908 960 1060
26130444920 960 1060
26130444929 960 1060
26130444941 960 1060
26130444950 960 1060
26130444960 960 1060
26130444973 960 1060
26130444980 960 1060
26130444993 960 1060
26130445001 960 1060
26130445013 960 1060
26130445022 960 1060
26130445032 960 1060
26130445041 960 1060
26130445053 960 1060
26130445061 960 1060
26130445077 960 1060
26130445083 960 1060
26130445093 960 1060
26130445101 960 1060
26130445114 960 1060
26130445122 960 1060
26130445134 960 1060
26130445141 960 1060
26130445153 960 1060
26130445162 960 1060
26130445174 960 1060
26130445182 960 1060
26130445194 960 1060
26130445201 960 1060
26130445214 960 1060
26130445224 960 1060
26130445233 960 1060
26130445245 960 1060
26130445253 960 1060
26130445265 960 1060
26130445272 960 1060
26130445285 960 1060
26130445293 960 1060
26130445304 960 1060
26130445313 960 1060
26130445325 960 1060
26130445333 960 1060
26130445345 960 1060
26130445353 960 1060
26130445365 960 1060
26130445373 960 1060
26130445385 960 1060
26130445393 960 1060
26130445405 960 1060
26130445413 960 1060
26130445425 960 1060
26130445432 960 1060
26130445445 960 1060
26130445453 960 1060
26130445465 960 1060
26130445477 960 1060
26130445485 960 1060
26130445497 960 1060
26130445505 960 1060
26130445517 960 1060
26130445525 960 1060
26130445537 960 1060
26130445545 960 1060
26130445557 960 1060
26130445565 960 1060
26130445577 960 1060
26130445586 960 1060
26130445598 960 1060
26130445607 960 1060
26130445618 960 1060
26130445626 960 1060
26130445638 960 1060
26130445645 960 1060
26130445657 960 1060
26130445664 960 1060
26130445676 960 1060
26130447089 1900 1060
26130447099 1900 1060
26130447110 1900 1060
26130447118 1900 1060
26130447129 1900 1060
26130447140 1900 1060
26130447150 1900 1060
26130447157 1900 1060
26130447169 1900 1060
26130447178 1900 1060
26130447189 1900 1060
26130447197 1900 1060
26130447209 1900 1060
26130447217 1900 1060
26130447229 1900 1060
26130447241 1900 1060
26130447249 1900 1060
26130447261 1900 1060
26130447269 1900 1060
26130447282 1900 1060
26130447289 1900 1060
26130447301 1900 1060
26130447310 1900 1060
26130447321 1900 1060
26130447330 1900 1060
26130447340 1900 1060
26130447349 1900 1060
26130447369 1900 1060
26130447374 1900 1060
26130447381 1900 1060
26130447389 1900 1060
26130447402 1900 1060
26130447408 1900 1060
26130447422 1900 1060
26130447430 1900 1060
26130447441 1900 1060
26130447450 1900 1060
26130447462 1900 1060
26130447470 1900 1060
26130447480 1900 1060
26130447494 1900 1060
26130447502 1900 1060
26130447514 1900 1060
26130447522 1900 1060
26130447534 1900 1060
26130447541 1900 1060
26130447554 1900 1060
26130447562 1900 1060
26130447574 1900 1060
26130447582 1900 1060
26130447593 1900 1060
26130447600 1900 1060
26130447613 1900 1060
26130447621 1900 1060
26130447633 1900 1060
26130447642 1900 1060
26130447654 1900 1060
26130447662 1900 1060
26130447672 1900 1060
26130447681 1900 1060
26130447694 1900 1060
26130447701 1900 1060
26130447714 1900 1060
26130447721 1900 1060
26130447733 1900 1060
26130447745 1900 1060
26130447753 1900 1060
26130447765 1900 1060
26130447773 1900 1060
26130447786 1900 1060
26130447794 1900 1060
26130447806 1900 1060
26130447814 1900 1060
26130447825 1900 1060
26130447834 1900 1060
26130447845 1900 1060
26130447853 1900 1060
26130447865 1900 1060
26130447874 1900 1060
26130447885 1900 1060
26130447894 1900 1060
26130447905 1900 1060
26130447914 1900 1060
26130447926 1900 1060
26130447934 1900 1060
26130447944 1900 1060
26130447952 1900 1060
26130447965 1900 1060
26130447973 1900 1060
26130447984 1900 1060
26130447996 1900 1060
26130448004 1900 1060
26130448016 1900 1060
26130448024 1900 1060
26130448036 1900 1060
26130448045 1900 1060
26130448057 1900 1060
26130448065 1900 1060
26130448077 1900 1060
26130448085 1900 1060
26130448098 1900 1060
26130448106 1900 1060
26130448118 1900 1060
26130448125 1900 1060
26130448137 1900 1060
26130448145 1900 1060
26130448161 1900 1060
26130448167 1900 1060
26130448177 1900 1060
26130448185 1900 1060
26130448197 1900 1060
26130448205 1900 1060
26130448216 1900 1060
26130448224 1900 1060
26130448237 1900 1060
26130448249 1900 1060
26130448257 1900 1060
26130448270 1900 1060
26130448276 1900 1060
26130448289 1900 1060
26130448296 1900 1060
26130448309 1900 1060
26130448317 1900 1060
26130448329 1900 1060
26130448337 1900 1060
26130448349 1900 1060
26130448357 1900 1060
26130448368 1900 1060
26130448377 1900 1060
26130448388 1900 1060
26130448398 1900 1060
26130448409 1900 1060
26130448417 1900 1060
26130448429 1900 1060
26130448438 1900 1060
26130448449 1900 1060
26130448456 1900 1060
26130448470 1900 1060
26130448476 1900 1060
26130448490 1900 1060
26130448501 1900 1060
26130448508 1900 1060
26130448521 1900 1060
26130448528 1900 1060
26130448543 1900 1060
26130448548 1900 1060
26130448560 1900 1060
26130448569 1900 1060
