15155142074 20 20
15155142082 20 20
15155142093 20 20
15155142101 20 20
15155142113 20 20
15155142122 20 20
15155142134 20 20
15155142143 20 20
15155142155 20 20
15155142163 20 20
15155142175 20 20
15155142183 20 20
15155142195 20 20
15155142207 20 20
15155142215 20 20
15155142227 20 20
15155142235 20 20
15155142247 20 20
15155142255 20 20
15155142267 20 20
15155142275 20 20
15155142287 20 20
15155142295 20 20
15155142307 20 20
15155142315 20 20
15155142327 20 20
15155142335 20 20
15155142347 20 20
15155142355 20 20
15155142367 20 20
15155142375 20 20
15155142387 20 20
15155142395 20 20
15155142407 20 20
15155142415 20 20
15155142427 20 20
15155142435 20 20
15155142447 20 20
15155142459 20 20
15155142467 20 20
15155142479 20 20
15155142487 20 20
15155142499 20 20
15155142507 20 20
15155142519 20 20
15155142527 20 20
15155142539 20 20
15155142547 20 20
15155142559 20 20
15155142567 20 20
15155142579 20 20
15155142587 20 20
15155142599 20 20
15155142607 20 20
15155142619 20 20
15155142627 20 20
15155142639 20 20
15155142647 20 20
15155142659 20 20
15155142667 20 20
15155142679 20 20
15155142687 20 20
15155142699 20 20
15155142711 20 20
15155142719 20 20
15155142731 20 20
15155142739 20 20
15155142751 20 20
15155142759 20 20
15155142771 20 20
15155142779 20 20
15155142791 20 20
15155142799 20 20
15155142811 20 20
15155142819 20 20
15155142831 20 20
15155142839 20 20
15155142851 20 20
15155142859 20 20
15155142871 20 20
15155142879 20 20
15155142891 20 20
15155142899 20 20
15155142911 20 20
15155142919 20 20
15155142931 20 20
15155142939 20 20
15155142951 20 20
15155142963 20 20
15155142971 20 20
15155142983 20 20
15155142991 20 20
15155143003 20 20
15155143011 20 20
15155143023 20 20
15155143031 20 20
15155143043 20 20
15155143051 20 20
15155143063 20 20
15155143071 20 20
15155143083 20 20
15155143091 20 20
15155143103 20 20
15155143111 20 20
15155143123 20 20
15155143131 20 20
15155143143 20 20
15155143151 20 20
15155143163 20 20
15155143171 20 20
15155143183 20 20
15155143191 20 20
15155143203 20 20
15155143215 20 20
15155143223 20 20
15155143235 20 20
15155143243 20 20
15155143255 20 20
15155143263 20 20
15155143275 20 20
15155143283 20 20
15155143295 20 20
15155143303 20 20
15155143315 20 20
15155143323 20 20
15155143335 20 20
15155143343 20 20
15155143355 20 20
15155143363 20 20
15155143375 20 20
15155143383 20 20
15155143395 20 20
15155143403 20 20
15155143415 20 20
15155143423 20 20
15155143435 20 20
15155143443 20 20
15155143455 20 20
15155143467 20 20
15155143475 20 20
15155143487 20 20
15155143495 20 20
15155143507 20 20
15155143515 20 20
15155143527 20 20
15155143535 20 20
15155143547 20 20
15155143555 20 20
15155143567 20 20
15155143575 20 20
15155145451 960 20
15155145459 960 20
15155145471 960 20
15155145483 960 20
15155145491 960 20
15155145503 960 20
15155145511 960 20
15155145523 960 20
15155145531 960 20
15155145543 960 20
15155145551 960 20
15155145563 960 20
15155145571 960 20
15155145583 960 20
15155145591 960 20
15155145603 960 20
15155145611 960 20
15155145623 960 20
15155145631 960 20
15155145643 960 20
15155145651 960 20
15155145663 960 20
15155145671 960 20
15155145683 960 20
15155145691 960 20
15155145703 960 20
15155145711 960 20
15155145723 960 20
15155145735 960 20
15155145743 960 20
15155145755 960 20
15155145763 960 20
15155145775 960 20
15155145783 960 20
15155145795 960 20
15155145803 960 20
15155145815 960 20
15155145823 960 20
15155145835 960 20
15155145843 960 20
15155145855 960 20
15155145863 960 20
15155145875 960 20
15155145883 960 20
15155145895 960 20
15155145903 960 20
15155145915 960 20
15155145923 960 20
15155145935 960 20
15155145943 960 20
15155145955 960 20
15155145963 960 20
15155145975 960 20
15155145987 960 20
15155145995 960 20
15155146007 960 20
15155146015 960 20
15155146027 960 20
15155146035 960 20
15155146047 960 20
15155146055 960 20
15155146067 960 20
15155146075 960 20
15155146087 960 20
15155146095 960 20
15155146107 960 20
15155146115 960 20
15155146127 960 20
15155146135 960 20
15155146147 960 20
15155146155 960 20
15155146167 960 20
15155146175 960 20
15155146187 960 20
15155146195 960 20
15155146207 960 20
15155146215 960 20
15155146227 960 20
15155146239 960 20
15155146247 960 20
15155146259 960 20
15155146267 960 20
15155146279 960 20
15155146287 960 20
15155146299 960 20
15155146307 960 20
15155146319 960 20
15155146327 960 20
15155146339 960 20
15155146347 960 20
15155146359 960 20
15155146367 960 20
15155146379 960 20
15155146387 960 20
15155146399 960 20
15155146407 960 20
15155146419 960 20
15155146427 960 20
15155146439 960 20
15155146447 960 20
15155146459 960 20
15155146467 960 20
15155146479 960 20
15155146491 960 20
15155146499 960 20
15155146511 960 20
15155146519 960 20
15155146531 960 20
15155146539 960 20
15155146551 960 20
15155146559 960 20
15155146571 960 20
15155146579 960 20
15155146591 960 20
15155146599 960 20
15155146611 960 20
15155146619 960 20
15155146631 960 20
15155146639 960 20
15155146651 960 20
15155146659 960 20
15155146671 960 20
15155146679 960 20
15155146691 960 20
15155146699 960 20
15155146711 960 20
15155146719 960 20
15155146731 960 20
15155146743 960 20
15155146751 960 20
15155146763 960 20
15155146771 960 20
15155146783 960 20
15155146791 960 20
15155146803 960 20
15155146811 960 20
15155146823 960 20
15155146831 960 20
15155146843 960 20
15155146851 960 20
15155146863 960 20
15155146871 960 20
15155146883 960 20
15155146891 960 20
15155146903 960 20
15155146911 960 20
15155146923 960 20
15155146931 960 20
15155146943 960 20
15155148779 1900 20
15155148788 1900 20
15155148799 1900 20
15155148807 1900 20
15155148819 1900 20
15155148827 1900 20
15155148839 1900 20
15155148847 1900 20
15155148859 1900 20
15155148867 1900 20
15155148879 1900 20
15155148887 1900 20
15155148899 1900 20
15155148907 1900 20
15155148919 1900 20
15155148927 1900 20
15155148939 1900 20
15155148947 1900 20
15155148959 1900 20
15155148967 1900 20
15155148979 1900 20
15155148987 1900 20
15155148999 1900 20
15155149011 1900 20
15155149019 1900 20
15155149031 1900 20
15155149039 1900 20
15155149051 1900 20
15155149059 1900 20
15155149071 1900 20
15155149079 1900 20
15155149091 1900 20
15155149099 1900 20
15155149111 1900 20
15155149119 1900 20
15155149131 1900 20
15155149139 1900 20
15155149151 1900 20
15155149159 1900 20
15155149171 1900 20
15155149179 1900 20
15155149191 1900 20
15155149199 1900 20
15155149211 1900 20
15155149219 1900 20
15155149231 1900 20
15155149239 1900 20
15155149251 1900 20
15155149263 1900 20
15155149271 1900 20
15155149283 1900 20
15155149291 1900 20
15155149303 1900 20
15155149311 1900 20
15155149323 1900 20
15155149331 1900 20
15155149343 1900 20
15155149351 1900 20
15155149363 1900 20
15155149371 1900 20
15155149383 1900 20
15155149391 1900 20
15155149403 1900 20
15155149411 1900 20
15155149423 1900 20
15155149431 1900 20
15155149443 1900 20
15155149451 1900 20
15155149463 1900 20
15155149471 1900 20
15155149483 1900 20
15155149491 1900 20
15155149503 1900 20
15155149515 1900 20
15155149523 1900 20
15155149535 1900 20
15155149543 1900 20
15155149555 1900 20
15155149563 1900 20
15155149575 1900 20
15155149583 1900 20
15155149595 1900 20
15155149603 1900 20
15155149615 1900 20
15155149623 1900 20
15155149635 1900 20
15155149643 1900 20
15155149655 1900 20
15155149663 1900 20
15155149675 1900 20
15155149683 1900 20
15155149695 1900 20
15155149703 1900 20
15155149715 1900 20
15155149723 1900 20
15155149735 1900 20
15155149743 1900 20
15155149755 1900 20
15155149767 1900 20
15155149775 1900 20
15155149787 1900 20
15155149795 1900 20
15155149807 1900 20
15155149815 1900 20
15155149827 1900 20
15155149835 1900 20
15155149847 1900 20
15155149855 1900 20
15155149867 1900 20
15155149875 1900 20
15155149887 1900 20
15155149895 1900 20
15155149907 1900 20
15155149915 1900 20
15155149927 1900 20
15155149935 1900 20
15155149947 1900 20
15155149955 1900 20
15155149967 1900 20
15155149975 1900 20
15155149987 1900 20
15155149995 1900 20
15155150007 1900 20
15155150019 1900 20
15155150027 1900 20
15155150039 1900 20
15155150047 1900 20
15155150059 1900 20
15155150067 1900 20
15155150079 1900 20
15155150087 1900 20
15155150099 1900 20
15155150107 1900 20
15155150119 1900 20
15155150127 1900 20
15155150139 1900 20
15155150147 1900 20
15155150159 1900 20
15155150167 1900 20
15155150179 1900 20
15155150187 1900 20
15155150199 1900 20
15155150207 1900 20
15155150219 1900 20
15155150227 1900 20
15155150239 1900 20
15155150247 1900 20
15155150259 1900 20
15155150271 1900 20
15155152647 1900 540
15155152659 1900 540
15155152667 1900 540
15155152679 1900 540
15155152687 1900 540
15155152699 1900 540
15155152707 1900 540
15155152719 1900 540
15155152727 1900 540
15155152739 1900 540
15155152747 1900 540
15155152759 1900 540
15155152771 1900 540
15155152779 1900 540
15155152791 1900 540
15155152799 1900 540
15155152811 1900 540
15155152819 1900 540
15155152831 1900 540
15155152839 1900 540
15155152851 1900 540
15155152859 1900 540
15155152871 1900 540
15155152879 1900 540
15155152891 1900 540
15155152899 1900 540
15155152911 1900 540
15155152919 1900 540
15155152931 1900 540
15155152939 1900 540
15155152951 1900 540
15155152959 1900 540
15155152971 1900 540
15155152979 1900 540
15155152991 1900 540
15155152999 1900 540
15155153011 1900 540
15155153023 1900 540
15155153031 1900 540
15155153043 1900 540
15155153051 1900 540
15155153063 1900 540
15155153071 1900 540
15155153083 1900 540
15155153091 1900 540
15155153103 1900 540
15155153111 1900 540
15155153123 1900 540
15155153131 1900 540
15155153143 1900 540
15155153151 1900 540
15155153163 1900 540
15155153171 1900 540
15155153183 1900 540
15155153191 1900 540
15155153203 1900 540
15155153211 1900 540
15155153223 1900 540
15155153231 1900 540
15155153243 1900 540
15155153251 1900 540
15155153263 1900 540
15155153275 1900 540
15155153283 1900 540
15155153295 1900 540
15155153303 1900 540
15155153315 1900 540
15155153323 1900 540
15155153335 1900 540
15155153343 1900 540
15155153355 1900 540
15155153363 1900 540
15155153375 1900 540
15155153383 1900 540
15155153395 1900 540
15155153403 1900 540
15155153415 1900 540
15155153423 1900 540
15155153435 1900 540
15155153443 1900 540
15155153455 1900 540
15155153463 1900 540
15155153475 1900 540
15155153483 1900 540
15155153495 1900 540
15155153503 1900 540
15155153515 1900 540
15155153527 1900 540
15155153535 1900 540
15155153547 1900 540
15155153555 1900 540
15155153567 1900 540
15155153575 1900 540
15155153587 1900 540
15155153595 1900 540
15155153607 1900 540
15155153615 1900 540
15155153627 1900 540
15155153635 1900 540
15155153647 1900 540
15155153655 1900 540
15155153667 1900 540
15155153675 1900 540
15155153687 1900 540
15155153695 1900 540
15155153707 1900 540
15155153715 1900 540
15155153727 1900 540
15155153735 1900 540
15155153747 1900 540
15155153755 1900 540
15155153767 1900 540
15155153779 1900 540
15155153787 1900 540
15155153799 1900 540
15155153807 1900 540
15155153819 1900 540
15155153827 1900 540
15155153839 1900 540
15155153847 1900 540
15155153859 1900 540
15155153867 1900 540
15155153879 1900 540
15155153887 1900 540
15155153899 1900 540
15155153907 1900 540
15155153919 1900 540
15155153927 1900 540
15155153939 1900 540
15155153947 1900 540
15155153959 1900 540
15155153967 1900 540
15155153979 1900 540
15155153987 1900 540
15155153999 1900 540
15155154007 1900 540
15155154019 1900 540
15155154031 1900 540
15155154039 1900 540
15155154051 1900 540
15155154059 1900 540
15155154071 1900 540
15155154079 1900 540
15155154091 1900 540
15155154099 1900 540
15155154111 1900 540
15155154119 1900 540
15155154131 1900 540
15155154139 1900 540
15155155955 950 540
15155155963 950 540
15155155975 950 540
15155155983 950 540
15155155995 950 540
15155156003 950 540
15155156015 950 540
15155156023 950 540
15155156035 950 540
15155156047 950 540
15155156055 950 540
15155156067 950 540
15155156075 950 540
15155156087 950 540
15155156095 950 540
15155156107 950 540
15155156115 950 540
15155156127 950 540
15155156135 950 540
15155156147 950 540
15155156155 950 540
15155156167 950 540
15155156175 950 540
15155156187 950 540
15155156195 950 540
15155156207 950 540
15155156215 950 540
15155156227 950 540
15155156235 950 540
15155156247 950 540
15155156255 950 540
15155156267 950 540
15155156275 950 540
15155156287 950 540
15155156299 950 540
15155156307 950 540
15155156319 950 540
15155156327 950 540
15155156339 950 540
15155156347 950 540
15155156359 950 540
15155156367 950 540
15155156379 950 540
15155156387 950 540
15155156399 950 540
15155156407 950 540
15155156419 950 540
15155156427 950 540
15155156439 950 540
15155156447 950 540
15155156459 950 540
15155156467 950 540
15155156479 950 540
15155156487 950 540
15155156499 950 540
15155156507 950 540
15155156519 950 540
15155156527 950 540
15155156539 950 540
15155156551 950 540
15155156559 950 540
15155156571 950 540
15155156579 950 540
15155156591 950 540
15155156599 950 540
15155156611 950 540
15155156619 950 540
15155156631 950 540
15155156639 950 540
15155156651 950 540
15155156659 950 540
15155156671 950 540
15155156679 950 540
15155156691 950 540
15155156699 950 540
15155156711 950 540
15155156719 950 540
15155156731 950 540
15155156739 950 540
15155156751 950 540
15155156759 950 540
15155156771 950 540
15155156779 950 540
15155156791 950 540
15155156803 950 540
15155156811 950 540
15155156823 950 540
15155156831 950 540
15155156843 950 540
15155156851 950 540
15155156863 950 540
15155156871 950 540
15155156883 950 540
15155156891 950 540
15155156903 950 540
15155156911 950 540
15155156923 950 540
15155156931 950 540
15155156943 950 540
15155156951 950 540
15155156963 950 540
15155156971 950 540
15155156983 950 540
15155156991 950 540
15155157003 950 540
15155157011 950 540
15155157023 950 540
15155157031 950 540
15155157043 950 540
15155157055 950 540
15155157063 950 540
15155157075 950 540
15155157083 950 540
15155157095 950 540
15155157103 950 540
15155157115 950 540
15155157123 950 540
15155157135 950 540
15155157143 950 540
15155157155 950 540
15155157163 950 540
15155157175 950 540
15155157183 950 540
15155157195 950 540
15155157203 950 540
15155157215 950 540
15155157223 950 540
15155157235 950 540
15155157243 950 540
15155157255 950 540
15155157263 950 540
15155157275 950 540
15155157283 950 540
15155157295 950 540
15155157307 950 540
15155157315 950 540
15155157327 950 540
15155157335 950 540
15155157347 950 540
15155157355 950 540
15155157367 950 540
15155157375 950 540
15155157387 950 540
15155157395 950 540
15155157407 950 540
15155157415 950 540
15155157427 950 540
15155157435 950 540
15155157447 950 540
15155158979 20 540
15155158987 20 540
15155158999 20 540
15155159007 20 540
15155159019 20 540
15155159027 20 540
15155159039 20 540
15155159047 20 540
15155159059 20 540
15155159071 20 540
15155159079 20 540
15155159091 20 540
15155159099 20 540
15155159111 20 540
15155159119 20 540
15155159131 20 540
15155159139 20 540
15155159151 20 540
15155159159 20 540
15155159171 20 540
15155159179 20 540
15155159191 20 540
15155159199 20 540
15155159211 20 540
15155159219 20 540
15155159231 20 540
15155159239 20 540
15155159251 20 540
15155159259 20 540
15155159271 20 540
15155159279 20 540
15155159291 20 540
15155159299 20 540
15155159311 20 540
15155159323 20 540
15155159331 20 540
15155159343 20 540
15155159351 20 540
15155159363 20 540
15155159371 20 540
15155159383 20 540
15155159391 20 540
15155159403 20 540
15155159411 20 540
15155159423 20 540
15155159431 20 540
15155159443 20 540
15155159451 20 540
15155159463 20 540
15155159471 20 540
15155159483 20 540
15155159491 20 540
15155159503 20 540
15155159511 20 540
15155159523 20 540
15155159531 20 540
15155159543 20 540
15155159551 20 540
15155159563 20 540
15155159575 20 540
15155159583 20 540
15155159595 20 540
15155159603 20 540
15155159615 20 540
15155159623 20 540
15155159635 20 540
15155159643 20 540
15155159655 20 540
15155159663 20 540
15155159675 20 540
15155159683 20 540
15155159695 20 540
15155159703 20 540
15155159715 20 540
15155159723 20 540
15155159735 20 540
15155159743 20 540
15155159755 20 540
15155159763 20 540
15155159775 20 540
15155159783 20 540
15155159795 20 540
15155159803 20 540
15155159815 20 540
15155159827 20 540
15155159835 20 540
15155159847 20 540
15155159855 20 540
15155159867 20 540
15155159875 20 540
15155159887 20 540
15155159895 20 540
15155159907 20 540
15155159915 20 540
15155159927 20 540
15155159935 20 540
15155159947 20 540
15155159955 20 540
15155159967 20 540
15155159975 20 540
15155159987 20 540
15155159995 20 540
15155200007 20 540
15155200015 20 540
15155200027 20 540
15155200035 20 540
15155200047 20 540
15155200055 20 540
15155200067 20 540
15155200079 20 540
15155200087 20 540
15155200099 20 540
15155200107 20 540
15155200119 20 540
15155200127 20 540
15155200139 20 540
15155200147 20 540
15155200159 20 540
15155200167 20 540
15155200179 20 540
15155200187 20 540
15155200199 20 540
15155200207 20 540
15155200219 20 540
15155200227 20 540
15155200239 20 540
15155200247 20 540
15155200259 20 540
15155200267 20 540
15155200279 20 540
15155200287 20 540
15155200299 20 540
15155200307 20 540
15155200319 20 540
15155200331 20 540
15155200339 20 540
15155200351 20 540
15155200359 20 540
15155200371 20 540
15155200379 20 540
15155200391 20 540
15155200399 20 540
15155200411 20 540
15155200419 20 540
15155200431 20 540
15155200439 20 540
15155200451 20 540
15155200459 20 540
15155200471 20 540
15155202011 20 1060
15155202023 20 1060
15155202031 20 1060
15155202043 20 1060
15155202051 20 1060
15155202063 20 1060
15155202071 20 1060
15155202083 20 1060
15155202095 20 1060
15155202103 20 1060
15155202115 20 1060
15155202123 20 1060
15155202135 20 1060
15155202143 20 1060
15155202155 20 1060
15155202163 20 1060
15155202175 20 1060
15155202183 20 1060
15155202195 20 1060
15155202203 20 1060
15155202215 20 1060
15155202223 20 1060
15155202235 20 1060
15155202243 20 1060
15155202255 20 1060
15155202263 20 1060
15155202275 20 1060
15155202283 20 1060
15155202295 20 1060
15155202303 20 1060
15155202315 20 1060
15155202323 20 1060
15155202335 20 1060
15155202347 20 1060
15155202355 20 1060
15155202367 20 1060
15155202375 20 1060
15155202387 20 1060
15155202395 20 1060
15155202407 20 1060
15155202415 20 1060
15155202427 20 1060
15155202435 20 1060
15155202447 20 1060
15155202455 20 1060
15155202467 20 1060
15155202475 20 1060
15155202487 20 1060
15155202495 20 1060
15155202507 20 1060
15155202515 20 1060
15155202527 20 1060
15155202535 20 1060
15155202547 20 1060
15155202555 20 1060
15155202567 20 1060
15155202575 20 1060
15155202587 20 1060
15155202599 20 1060
15155202607 20 1060
15155202619 20 1060
15155202627 20 1060
15155202639 20 1060
15155202647 20 1060
15155202659 20 1060
15155202667 20 1060
15155202679 20 1060
15155202687 20 1060
15155202699 20 1060
15155202707 20 1060
15155202719 20 1060
15155202727 20 1060
15155202739 20 1060
15155202747 20 1060
15155202759 20 1060
15155202767 20 1060
15155202779 20 1060
15155202787 20 1060
15155202799 20 1060
15155202807 20 1060
15155202819 20 1060
15155202827 20 1060
15155202839 20 1060
15155202851 20 1060
15155202859 20 1060
15155202871 20 1060
15155202879 20 1060
15155202891 20 1060
15155202899 20 1060
15155202911 20 1060
15155202919 20 1060
15155202931 20 1060
15155202939 20 1060
15155202951 20 1060
15155202959 20 1060
15155202971 20 1060
15155202979 20 1060
15155202991 20 1060
15155202999 20 1060
15155203011 20 1060
15155203019 20 1060
15155203031 20 1060
15155203039 20 1060
15155203051 20 1060
15155203059 20 1060
15155203071 20 1060
15155203079 20 1060
15155203091 20 1060
15155203103 20 1060
15155203111 20 1060
15155203123 20 1060
15155203131 20 1060
15155203143 20 1060
15155203151 20 1060
15155203163 20 1060
15155203171 20 1060
15155203183 20 1060
15155203191 20 1060
15155203203 20 1060
15155203211 20 1060
15155203223 20 1060
15155203231 20 1060
15155203243 20 1060
15155203251 20 1060
15155203263 20 1060
15155203271 20 1060
15155203283 20 1060
15155203291 20 1060
15155203303 20 1060
15155203311 20 1060
15155203323 20 1060
15155203331 20 1060
15155203343 20 1060
15155203355 20 1060
15155203363 20 1060
15155203375 20 1060
15155203383 20 1060
15155203395 20 1060
15155203403 20 1060
15155203415 20 1060
15155203423 20 1060
15155203435 20 1060
15155203443 20 1060
15155203455 20 1060
15155203463 20 1060
15155203475 20 1060
15155203483 20 1060
15155203495 20 1060
15155203503 20 1060
15155205159 950 1060
15155205167 950 1060
15155205179 950 1060
15155205187 950 1060
15155205199 950 1060
15155205207 950 1060
15155205219 950 1060
15155205227 950 1060
15155205239 950 1060
15155205247 950 1060
15155205259 950 1060
15155205267 950 1060
15155205279 950 1060
15155205287 950 1060
15155205299 950 1060
15155205307 950 1060
15155205319 950 1060
15155205327 950 1060
15155205339 950 1060
15155205347 950 1060
15155205359 950 1060
15155205371 950 1060
15155205379 950 1060
15155205391 950 1060
15155205399 950 1060
15155205411 950 1060
15155205419 950 1060
15155205431 950 1060
15155205439 950 1060
15155205451 950 1060
15155205459 950 1060
15155205471 950 1060
15155205479 950 1060
15155205491 950 1060
15155205499 950 1060
15155205511 950 1060
15155205519 950 1060
15155205531 950 1060
15155205539 950 1060
15155205551 950 1060
15155205559 950 1060
15155205571 950 1060
15155205579 950 1060
15155205591 950 1060
15155205599 950 1060
15155205611 950 1060
15155205623 950 1060
15155205631 950 1060
15155205643 950 1060
15155205651 950 1060
15155205663 950 1060
15155205671 950 1060
15155205683 950 1060
15155205691 950 1060
15155205703 950 1060
15155205711 950 1060
15155205723 950 1060
15155205731 950 1060
15155205743 950 1060
15155205751 950 1060
15155205763 950 1060
15155205771 950 1060
15155205783 950 1060
15155205791 950 1060
15155205803 950 1060
15155205811 950 1060
15155205823 950 1060
15155205831 950 1060
15155205843 950 1060
15155205851 950 1060
15155205863 950 1060
15155205875 950 1060
15155205883 950 1060
15155205895 950 1060
15155205903 950 1060
15155205915 950 1060
15155205923 950 1060
15155205935 950 1060
15155205943 950 1060
15155205955 950 1060
15155205963 950 1060
15155205975 950 1060
15155205983 950 1060
15155205995 950 1060
15155206003 950 1060
15155206015 950 1060
15155206023 950 1060
15155206035 950 1060
15155206043 950 1060
15155206055 950 1060
15155206063 950 1060
15155206075 950 1060
15155206083 950 1060
15155206095 950 1060
15155206103 950 1060
15155206115 950 1060
15155206127 950 1060
15155206135 950 1060
15155206147 950 1060
15155206155 950 1060
15155206167 950 1060
15155206175 950 1060
15155206187 950 1060
15155206195 950 1060
15155206207 950 1060
15155206215 950 1060
15155206227 950 1060
15155206235 950 1060
15155206247 950 1060
15155206255 950 1060
15155206267 950 1060
15155206275 950 1060
15155206287 950 1060
15155206295 950 1060
15155206307 950 1060
15155206315 950 1060
15155206327 950 1060
15155206335 950 1060
15155206347 950 1060
15155206355 950 1060
15155206367 950 1060
15155206379 950 1060
15155206387 950 1060
15155206399 950 1060
15155206407 950 1060
15155206419 950 1060
15155206427 950 1060
15155206439 950 1060
15155206447 950 1060
15155206459 950 1060
15155206467 950 1060
15155206479 950 1060
15155206487 950 1060
15155206499 950 1060
15155206507 950 1060
15155206519 950 1060
15155206527 950 1060
15155206539 950 1060
15155206547 950 1060
15155206559 950 1060
15155206567 950 1060
15155206579 950 1060
15155206587 950 1060
15155206599 950 1060
15155206607 950 1060
15155206619 950 1060
15155206631 950 1060
15155206639 950 1060
15155206651 950 1060
15155208051 1900 1060
15155208059 1900 1060
15155208071 1900 1060
15155208079 1900 1060
15155208091 1900 1060
15155208099 1900 1060
15155208111 1900 1060
15155208119 1900 1060
15155208131 1900 1060
15155208143 1900 1060
15155208151 1900 1060
15155208163 1900 1060
15155208171 1900 1060
15155208183 1900 1060
15155208191 1900 1060
15155208203 1900 1060
15155208211 1900 1060
15155208223 1900 1060
15155208231 1900 1060
15155208243 1900 1060
15155208251 1900 1060
15155208263 1900 1060
15155208271 1900 1060
15155208283 1900 1060
15155208291 1900 1060
15155208303 1900 1060
15155208311 1900 1060
15155208323 1900 1060
15155208331 1900 1060
15155208343 1900 1060
15155208351 1900 1060
15155208363 1900 1060
15155208371 1900 1060
15155208383 1900 1060
15155208395 1900 1060
15155208403 1900 1060
15155208415 1900 1060
15155208423 1900 1060
15155208435 1900 1060
15155208443 1900 1060
15155208455 1900 1060
15155208463 1900 1060
15155208475 1900 1060
15155208483 1900 1060
15155208495 1900 1060
15155208503 1900 1060
15155208515 1900 1060
15155208523 1900 1060
15155208535 1900 1060
15155208543 1900 1060
15155208555 1900 1060
15155208563 1900 1060
15155208575 1900 1060
15155208583 1900 1060
15155208595 1900 1060
15155208603 1900 1060
15155208615 1900 1060
15155208623 1900 1060
15155208635 1900 1060
15155208647 1900 1060
15155208655 1900 1060
15155208667 1900 1060
15155208675 1900 1060
15155208687 1900 1060
15155208695 1900 1060
15155208707 1900 1060
15155208715 1900 1060
15155208727 1900 1060
15155208735 1900 1060
15155208747 1900 1060
15155208755 1900 1060
15155208767 1900 1060
15155208775 1900 1060
15155208787 1900 1060
15155208795 1900 1060
15155208807 1900 1060
15155208815 1900 1060
15155208827 1900 1060
15155208835 1900 1060
15155208847 1900 1060
15155208855 1900 1060
15155208867 1900 1060
15155208875 1900 1060
15155208887 1900 1060
15155208899 1900 1060
15155208907 1900 1060
15155208919 1900 1060
15155208927 1900 1060
15155208939 1900 1060
15155208947 1900 1060
15155208959 1900 1060
15155208967 1900 1060
15155208979 1900 1060
15155208987 1900 1060
15155208999 1900 1060
15155209007 1900 1060
15155209019 1900 1060
15155209027 1900 1060
15155209039 1900 1060
15155209047 1900 1060
15155209059 1900 1060
15155209067 1900 1060
15155209079 1900 1060
15155209087 1900 1060
15155209099 1900 1060
15155209107 1900 1060
15155209119 1900 1060
15155209127 1900 1060
15155209139 1900 1060
15155209151 1900 1060
15155209159 1900 1060
15155209171 1900 1060
15155209179 1900 1060
15155209191 1900 1060
15155209199 1900 1060
15155209211 1900 1060
15155209219 1900 1060
15155209231 1900 1060
15155209239 1900 1060
15155209251 1900 1060
15155209259 1900 1060
15155209271 1900 1060
15155209279 1900 1060
15155209291 1900 1060
15155209299 1900 1060
15155209311 1900 1060
15155209319 1900 1060
15155209331 1900 1060
15155209339 1900 1060
15155209351 1900 1060
15155209359 1900 1060
15155209371 1900 1060
15155209379 1900 1060
15155209391 1900 1060
15155209403 1900 1060
15155209411 1900 1060
15155209423 1900 1060
15155209431 1900 1060
15155209443 1900 1060
15155209451 1900 1060
15155209463 1900 1060
15155209471 1900 1060
15155209483 1900 1060
15155209491 1900 1060
15155209503 1900 1060
15155209511 1900 1060
15155209523 1900 1060
15155209531 1900 1060
15155209543 1900 1060
