20180430T140722.017675 20 20
20180430T140722.026535 20 20
20180430T140722.037002 187.281 283.115 79.3933 67.0764 126.404 215.348 325.441 238.463 326.174 20180430T140722.037002 20 20
20180430T140722.045509 20 20
20180430T140722.056794 20 20
20180430T140722.065288 187.631 283.235 79.2146 66.7926 126.348 215.485 325.513 238.755 326.093 20180430T140722.065288 20 20
20180430T140722.076717 20 20
20180430T140722.084489 20 20
20180430T140722.096437 187.299 283.154 79.4824 66.9025 125.791 215.348 325.441 238.368 326.107 20180430T140722.096437 20 20
20180430T140722.108503 20 20
20180430T140722.117105 20 20
20180430T140722.129219 186.262 283.016 79.3795 66.8007 126.603 214.043 325.223 237.5 326.077 20180430T140722.129219 20 20
20180430T140722.136819 20 20
20180430T140722.148452 20 20
20180430T140722.156438 185.432 282.617 79.0166 66.9026 126.861 213.397 324.876 236.559 325.537 20180430T140722.156438 20 20
20180430T140722.168495 20 20
20180430T140722.176440 20 20
20180430T140722.188432 185.308 282.61 79.3679 66.7375 126.405 213.428 324.857 236.5 325.5 20180430T140722.188432 20 20
20180430T140722.196456 20 20
20180430T140722.208440 20 20
20180430T140722.216433 185.945 283.111 79.2267 66.5992 125.764 213.708 325.179 237.241 326.045 20180430T140722.216433 20 20
20180430T140722.229634 20 20
20180430T140722.236466 20 20
20180430T140722.248497 186.79 283.483 79.3069 66.6493 125.677 214.762 325.737 237.749 326.343 20180430T140722.248497 20 20
20180430T140722.257564 20 20
20180430T140722.268459 20 20
20180430T140722.276425 187.21 283.543 79.1381 66.8467 126.299 215.252 325.837 238.221 326.245 20180430T140722.276425 20 20
20180430T140722.288458 20 20
20180430T140722.296413 20 20
20180430T140722.308419 187.008 283.401 79.4479 66.6977 126.481 215.133 325.662 237.965 326.265 20180430T140722.308419 20 20
20180430T140722.316472 20 20
20180430T140722.328469 20 20
20180430T140722.336405 187.066 283.464 78.9341 66.8901 125.916 215.163 325.687 237.938 326.324 20180430T140722.336405 20 20
20180430T140722.349546 20 20
20180430T140722.360762 20 20
20180430T140722.368415 187.267 283.616 79.1073 66.6455 126.066 215.163 325.687 238.154 326.328 20180430T140722.368415 20 20
20180430T140722.380862 20 20
20180430T140722.388834 20 20
20180430T140722.400813 187.311 283.499 79.1619 66.7819 125.928 215.252 325.837 238.101 326.367 20180430T140722.400813 20 20
20180430T140722.408847 20 20
20180430T140722.420449 20 20
20180430T140722.428449 187.185 283.68 78.9221 66.7991 126.118 215.134 325.879 237.921 326.376 20180430T140722.428449 20 20
20180430T140722.442055 20 20
20180430T140722.448451 20 20
20180430T140722.460419 187.105 283.999 79.3371 66.9414 126.797 215.193 326.096 237.864 326.476 20180430T140722.460419 20 20
20180430T140722.469240 20 20
20180430T140722.480483 20 20
20180430T140722.488418 187.604 284.23 79.5191 66.7432 126.362 215.386 326.19 238.34 326.592 20180430T140722.488418 20 20
20180430T140722.500451 20 20
20180430T140722.508413 20 20
20180430T140722.520401 188.066 284.428 79.5863 67.1103 126.485 215.618 326.581 238.664 326.908 20180430T140722.520401 20 20
20180430T140722.529226 20 20
20180430T140722.540424 20 20
20180430T140722.548515 186.816 285.008 79.107 67.117 126.14 215.316 326.621 237.971 327.249 20180430T140722.548515 20 20
20180430T140722.560447 20 20
20180430T140722.568404 20 20
20180430T140722.580402 186.411 284.817 79.5892 67.1379 126.332 214.714 326.877 237.447 327.249 20180430T140722.580402 20 20
20180430T140722.588460 20 20
20180430T140722.600420 20 20
20180430T140722.612404 185.946 284.779 79.593 66.8206 125.914 213.998 326.506 237.241 326.973 20180430T140722.612404 20 20
20180430T140722.620503 20 20
20180430T140722.632454 20 20
20180430T140722.640405 185.328 284.536 79.4554 66.9491 126.554 213.7 326.314 236.599 326.935 20180430T140722.640405 20 20
20180430T140722.652478 20 20
20180430T140722.660426 20 20
20180430T140722.672416 185.104 284.511 79.721 67.0972 125.632 213.478 326.353 236.308 326.703 20180430T140722.672416 20 20
20180430T140722.680499 20 20
20180430T140722.692427 20 20
20180430T140722.700408 185.358 284.409 79.8109 66.9394 126.612 213.749 326.343 236.602 326.843 20180430T140722.700408 20 20
20180430T140722.713489 20 20
20180430T140722.721423 20 20
20180430T140722.732422 186.078 284.712 79.516 66.7544 126.527 214.5 326.5 237.373 327.024 20180430T140722.732422 20 20
20180430T140722.740953 20 20
20180430T140722.752930 20 20
20180430T140722.760914 186.321 284.738 79.5439 66.4312 127.7 214.807 326.539 237.582 327.072 20180430T140722.760914 20 20
20180430T140722.773529 20 20
20180430T140722.781492 20 20
20180430T140722.792405 186.065 284.488 79.5197 66.5198 125.362 214.557 326.464 237.349 326.838 20180430T140722.792405 20 20
20180430T140722.800822 20 20
20180430T140722.812419 20 20
20180430T140722.820388 185.637 284.539 79.3943 66.3671 127.22 214.135 326.581 237.298 327 20180430T140722.820388 20 20
20180430T140722.832466 20 20
20180430T140722.840405 20 20
20180430T140722.852392 185.62 284.167 78.9118 66.3369 127.103 214.098 326.362 237.302 326.778 20180430T140722.852392 20 20
20180430T140722.864460 20 20
20180430T140722.872407 20 20
20180430T140722.884392 185.894 284.162 78.4541 66.3627 126.435 214.559 326.355 237.447 326.798 20180430T140722.884392 20 20
20180430T140722.892459 20 20
20180430T140722.904412 20 20
20180430T140722.912396 186.513 284.493 78.5417 66.0707 127.31 215.265 326.397 237.782 326.777 20180430T140722.912396 20 20
20180430T140722.924433 20 20
20180430T140722.932407 20 20
20180430T140722.944397 186.486 284.409 78.6034 65.8206 126.732 215.202 326.388 237.667 326.667 20180430T140722.944397 20 20
20180430T140722.952477 20 20
20180430T140722.964402 20 20
20180430T140722.972407 185.731 284.293 78.3948 65.7858 127.46 214.231 326.366 237.38 326.701 20180430T140722.972407 20 20
20180430T140722.985526 20 20
20180430T140722.992400 20 20
20180430T140723.004399 185.215 284.135 78.0953 65.6034 127.254 213.672 325.923 236.613 326.5 20180430T140723.004399 20 20
20180430T140723.013550 20 20
20180430T140723.024434 20 20
20180430T140723.032412 185.088 283.942 78.047 65.9464 125.879 213.622 325.836 236.499 326.376 20180430T140723.032412 20 20
20180430T140723.044436 20 20
20180430T140723.052388 20 20
20180430T140723.064389 185.571 283.859 77.9809 65.8898 126.832 213.976 325.657 237.014 326.371 20180430T140723.064389 20 20
20180430T140723.072413 20 20
20180430T140723.084435 20 20
20180430T140723.092377 186.312 283.918 77.8253 65.7176 127.001 214.896 325.576 237.636 326.357 20180430T140723.092377 20 20
20180430T140723.105871 20 20
20180430T140723.116432 20 20
20180430T140723.124394 186.849 284.049 78.3525 65.4382 126.768 215.386 325.619 238.113 326.371 20180430T140723.124394 20 20
20180430T140723.136427 20 20
20180430T140723.144403 20 20
20180430T140723.156387 186.622 283.177 78.3048 65.6128 127.136 215.179 324.669 237.698 325.638 20180430T140723.156387 20 20
20180430T140723.164639 20 20
20180430T140723.176429 20 20
20180430T140723.184402 186.119 282.638 78.075 65.9572 126.743 214.772 324.392 237.53 324.72 20180430T140723.184402 20 20
20180430T140723.196431 20 20
20180430T140723.204400 20 20
20180430T140723.216415 186.149 282.439 78.1886 66.0776 127.875 214.776 324.197 237.556 324.613 20180430T140723.216415 20 20
20180430T140723.224434 20 20
20180430T140723.236413 20 20
20180430T140723.245846 186.391 282.012 78.4923 66.09 126.684 214.868 323.601 237.69 324.31 20180430T140723.245846 20 20
20180430T140723.258183 20 20
20180430T140723.264862 20 20
20180430T140723.276390 186.453 281.838 78.5765 65.9864 127.49 214.957 323.354 237.657 324.251 20180430T140723.276390 20 20
20180430T140723.286087 20 20
20180430T140723.297193 20 20
20180430T140723.304384 186.327 281.862 78.6706 66.205 126.237 214.779 323.063 237.657 324.251 20180430T140723.304384 20 20
20180430T140723.316466 20 20
20180430T140723.325185 20 20
20180430T140723.336395 186.444 281.651 78.5985 66.3508 126.929 214.937 323.049 237.624 324.079 20180430T140723.336395 20 20
20180430T140723.346402 20 20
20180430T140723.356972 20 20
20180430T140723.368689 186.639 281.727 78.6746 66.3865 126.834 215.086 322.853 237.659 323.966 20180430T140723.368689 20 20
20180430T140723.378256 20 20
20180430T140723.388429 20 20
20180430T140723.396412 186.709 281.555 78.8004 66.4736 124.713 215.165 322.997 237.634 323.926 20180430T140723.396412 20 20
20180430T140723.408460 20 20
20180430T140723.416395 20 20
20180430T140723.428434 186.465 281.402 79.4462 66.6489 126.131 214.76 322.733 237.536 323.71 20180430T140723.428434 20 20
20180430T140723.436455 20 20
20180430T140723.448484 20 20
20180430T140723.456419 186.527 281.497 79.5413 66.568 126.014 214.891 322.654 237.563 323.716 20180430T140723.456419 20 20
20180430T140723.468713 20 20
20180430T140723.476701 20 20
20180430T140723.488684 186.579 281.561 79.4131 66.7579 126.688 214.947 322.616 237.589 323.71 20180430T140723.488684 20 20
20180430T140723.496726 20 20
20180430T140723.508419 20 20
20180430T140724.902562 272.788 271.501 75.5926 69.1668 166.871 262.565 315.973 284.035 315.707 20180430T140724.902562 960 20
20180430T140724.910978 960 20
20180430T140724.920693 960 20
20180430T140724.928696 272.682 272.153 75.1928 70.0946 161.728 262.657 316.135 284.162 316.081 20180430T140724.928696 960 20
20180430T140724.940753 960 20
20180430T140724.948733 960 20
20180430T140724.960719 272.921 272.184 75.3856 69.5655 165.849 262.634 316.301 284.322 316.201 20180430T140724.960719 960 20
20180430T140724.968524 960 20
20180430T140724.980380 960 20
20180430T140724.988345 273.095 272.302 75.6022 69.3724 166.896 262.727 316.398 284.333 316.541 20180430T140724.988345 960 20
20180430T140725.000392 960 20
20180430T140725.008353 960 20
20180430T140725.020359 273.023 272.711 75.3691 69.9823 165.067 262.762 316.59 284.231 316.46 20180430T140725.020359 960 20
20180430T140725.028389 960 20
20180430T140725.040356 960 20
20180430T140725.048973 272.755 273.113 75.1741 69.4101 164.335 262.646 316.795 284.139 316.956 20180430T140725.048973 960 20
20180430T140725.061031 960 20
20180430T140725.069304 960 20
20180430T140725.081321 272.865 272.795 75.3996 68.7871 169.758 262.672 316.893 284.015 317.131 20180430T140725.081321 960 20
20180430T140725.088821 960 20
20180430T140725.100354 960 20
20180430T140725.108322 273.087 273.273 75.9814 69.1243 165.884 263.138 316.984 284.529 317.159 20180430T140725.108322 960 20
20180430T140725.120381 960 20
20180430T140725.132354 960 20
20180430T140725.141786 273.499 273.763 75.3888 70.0786 164.226 263.321 317.417 284.907 317.516 20180430T140725.141786 960 20
20180430T140725.152654 960 20
20180430T140725.160655 960 20
20180430T140725.172647 273.447 273.581 75.9605 69.2059 166.878 263.241 317.644 284.802 317.568 20180430T140725.172647 960 20
20180430T140725.180798 960 20
20180430T140725.192657 960 20
20180430T140725.200641 273.638 273.939 76.1624 69.356 166.473 263.5 317.982 284.906 317.84 20180430T140725.200641 960 20
20180430T140725.212377 960 20
20180430T140725.220347 960 20
20180430T140725.232347 299.553 277.228 74.2499 71.4455 16.3728 276.431 320.211 297.477 319.942 20180430T140725.232347 960 20
20180430T140725.241473 960 20
20180430T140725.252353 960 20
20180430T140725.260331 301.609 277.513 74.5609 71.5618 174.027 277.782 320.277 298.709 320.228 20180430T140725.260331 960 20
20180430T140725.272369 960 20
20180430T140725.280337 960 20
20180430T140725.292324 301.471 277.168 74.65 71.4485 178.773 278.306 320.078 299.26 319.977 20180430T140725.292324 960 20
20180430T140725.302074 960 20
20180430T140725.312347 960 20
20180430T140725.320830 301.736 277.394 75.063 71.4422 0.434998 278.373 319.942 299.279 319.81 20180430T140725.320830 960 20
20180430T140725.332375 960 20
20180430T140725.340334 960 20
20180430T140725.352337 301.586 277.579 74.9082 72.4764 175.591 278.167 319.98 299.26 319.977 20180430T140725.352337 960 20
20180430T140725.360356 960 20
20180430T140725.372331 960 20
20180430T140725.384320 279.694 275.569 75.5442 70.159 154.756 266.193 319.174 287.354 318.743 20180430T140725.384320 960 20
20180430T140725.394869 960 20
20180430T140725.404734 960 20
20180430T140725.412720 272.326 276.028 76.7969 71.2243 164.209 261.614 318.81 283.201 319.141 20180430T140725.412720 960 20
20180430T140725.426019 960 20
20180430T140725.432729 960 20
20180430T140725.445113 271.673 275.758 77.0459 71.3408 162.581 261.42 318.813 283.104 319.133 20180430T140725.445113 960 20
20180430T140725.455017 960 20
20180430T140725.464319 960 20
20180430T140725.472316 271.561 275.194 77.2485 70.8082 163.755 261.537 318.821 283.085 318.718 20180430T140725.472316 960 20
20180430T140725.485003 960 20
20180430T140725.492972 960 20
20180430T140725.504962 272.045 275.35 77.417 71.6765 159.109 261.869 318.612 283.39 318.544 20180430T140725.504962 960 20
20180430T140725.513048 960 20
20180430T140725.524973 960 20
20180430T140725.532312 272.848 275.673 77.5395 72.2067 160.251 262.786 319.035 283.921 318.723 20180430T140725.532312 960 20
20180430T140725.544360 960 20
20180430T140725.552449 960 20
20180430T140725.564329 273.643 275.557 77.7746 71.821 162.54 263.47 318.724 285.087 318.785 20180430T140725.564329 960 20
20180430T140725.573206 960 20
20180430T140725.584334 960 20
20180430T140725.592307 273.138 274.941 78.1743 71.8035 160.171 263.083 318.538 284.422 318.5 20180430T140725.592307 960 20
20180430T140725.605810 960 20
20180430T140725.612959 960 20
20180430T140725.624962 271.856 274.904 78.1063 72.7623 160.634 261.741 318.221 283.438 318.198 20180430T140725.624962 960 20
20180430T140725.638021 960 20
20180430T140725.644327 960 20
20180430T140725.656317 270.997 274.261 78.4782 72.5649 158.232 261.202 317.356 282.5 317.468 20180430T140725.656317 960 20
20180430T140725.664630 960 20
20180430T140725.676330 960 20
20180430T140725.685800 270.953 274.377 78.2519 73.4651 153.892 261.356 316.91 282.591 317.125 20180430T140725.685800 960 20
20180430T140725.697317 960 20
20180430T140725.704975 960 20
20180430T140725.716953 272.792 273.817 79.1367 73.1187 155.421 262.008 317.041 283.371 316.771 20180430T140725.716953 960 20
20180430T140725.724422 960 20
20180430T140725.736334 960 20
20180430T140725.744316 272.852 273.87 79.0972 71.958 158.849 262.375 317.328 283.657 317.569 20180430T140725.744316 960 20
20180430T140725.756365 960 20
20180430T140725.764328 960 20
20180430T140725.776313 272.63 273.613 79.0217 71.732 163.298 262.085 317.197 283.378 317.378 20180430T140725.776313 960 20
20180430T140725.784363 960 20
20180430T140725.796326 960 20
20180430T140725.804308 272.414 273.241 78.8423 70.9273 168.803 261.605 317.243 283.073 317.461 20180430T140725.804308 960 20
20180430T140725.816339 960 20
20180430T140725.824307 960 20
20180430T140725.836307 272.347 273.11 79.109 70.1338 165.818 261.637 317.117 283.023 317.413 20180430T140725.836307 960 20
20180430T140725.845194 960 20
20180430T140725.856309 960 20
20180430T140725.864739 273.062 273.364 78.7534 72.646 160.059 262.042 316.649 283.34 316.674 20180430T140725.864739 960 20
20180430T140725.876684 960 20
20180430T140725.889192 960 20
20180430T140725.897611 271.109 273.319 78.5864 67.8703 166.239 260.113 314.371 281.297 314.759 20180430T140725.897611 960 20
20180430T140725.908653 960 20
20180430T140725.916648 960 20
20180430T140725.929223 -1 -1 78.5864 67.8703 166.239 260.113 314.371 281.297 314.759 20180430T140725.929223 960 20
20180430T140725.937975 960 20
20180430T140725.948253 960 20
20180430T140725.957208 -1 -1 78.5864 67.8703 166.239 260.113 314.371 281.297 314.759 20180430T140725.957208 960 20
20180430T140725.968281 960 20
20180430T140725.977048 960 20
20180430T140725.989224 272.314 266.479 78.278 69.7188 163.197 261.333 309.893 282.9 310.091 20180430T140725.989224 960 20
20180430T140725.997358 960 20
20180430T140726.008371 960 20
20180430T140726.016287 271.589 268.576 78.0161 71.5457 163.47 260.623 312.123 282.343 312.376 20180430T140726.016287 960 20
20180430T140726.028822 960 20
20180430T140726.036724 960 20
20180430T140726.050094 271.175 269.878 78.1062 72.1441 161.902 260.224 313.179 282.098 313.575 20180430T140726.050094 960 20
20180430T140726.057991 960 20
20180430T140726.068369 960 20
20180430T140726.076320 271.121 270.548 78.1851 71.78 161.512 260.276 314.088 281.982 314.159 20180430T140726.076320 960 20
20180430T140726.088367 960 20
20180430T140726.096322 960 20
20180430T140726.108318 270.957 270.857 78.1863 71.7961 161.381 260.15 314.492 281.744 314.782 20180430T140726.108318 960 20
20180430T140726.116368 960 20
20180430T140726.128726 960 20
20180430T140726.142997 270.879 272.285 78.1945 73.526 153.597 259.926 314.637 281.538 315.241 20180430T140726.142997 960 20
20180430T140726.151635 960 20
20180430T140726.160329 960 20
20180430T140726.168304 270.868 272.326 78.0429 72.5142 158.608 259.761 315.405 281.456 315.956 20180430T140726.168304 960 20
20180430T140726.180375 960 20
20180430T140726.188322 960 20
20180430T140726.200313 270.593 272.489 77.9699 72.3419 159.011 259.61 315.65 281.094 316.267 20180430T140726.200313 960 20
20180430T140726.208375 960 20
20180430T140726.220340 960 20
20180430T140726.228315 270.472 273.011 78.0049 72.5712 163.261 259.55 316.205 280.932 316.778 20180430T140726.228315 960 20
20180430T140726.240421 960 20
20180430T140726.248384 960 20
20180430T140726.260325 270.275 273.237 78.2198 72.8686 154.746 259.5 316.331 281.041 316.698 20180430T140726.260325 960 20
20180430T140726.270090 960 20
20180430T140726.280628 960 20
20180430T140726.288611 270.096 272.899 78.2907 71.9048 159.493 259.356 316.416 280.728 316.785 20180430T140726.288611 960 20
20180430T140726.300347 960 20
20180430T140726.308380 960 20
20180430T140726.320311 269.851 273.181 77.8765 72.4305 161.585 258.848 316.478 280.594 316.759 20180430T140726.320311 960 20
20180430T140726.328439 960 20
20180430T140726.340311 960 20
20180430T140726.348291 269.258 272.415 78.3397 71.0164 163.928 258.476 316.356 280.212 316.608 20180430T140726.348291 960 20
20180430T140726.360498 960 20
20180430T140726.368302 960 20
20180430T140726.380299 268.003 272.466 78.1489 72.4821 160.805 257.777 316.315 279.707 316.542 20180430T140726.380299 960 20
20180430T140726.392334 960 20
20180430T140727.802354 1900 20
20180430T140727.814053 357.005 281.101 71.1003 64.5831 57.9885 302.626 325.356 323.527 326.452 20180430T140727.814053 1900 20
20180430T140727.821606 1900 20
20180430T140727.832311 1900 20
20180430T140727.840279 357.284 280.979 70.7904 64.5423 54.6795 303.097 325.248 324.638 325.724 20180430T140727.840279 1900 20
20180430T140727.852397 1900 20
20180430T140727.860368 1900 20
20180430T140727.873081 357.737 281.188 71.1041 64.4406 55.3933 303.519 325.264 325.386 325.551 20180430T140727.873081 1900 20
20180430T140727.882886 1900 20
20180430T140727.892754 1900 20
20180430T140727.904258 358.087 281.184 70.8169 64.3218 58.208 303.76 325.357 326.092 325.416 20180430T140727.904258 1900 20
20180430T140727.912292 1900 20
20180430T140727.924266 1900 20
20180430T140727.933967 358.021 280.555 70.9281 64.6069 57.096 303.74 324.912 326.199 324.582 20180430T140727.933967 1900 20
20180430T140727.945214 1900 20
20180430T140727.953157 1900 20
20180430T140727.964257 357.79 280.591 70.6334 64.2491 59.3728 303.586 324.955 326.078 324.276 20180430T140727.964257 1900 20
20180430T140727.974766 1900 20
20180430T140727.984671 1900 20
20180430T140727.992650 357.809 280.764 70.5372 64.4583 58.4363 303.58 325.206 325.926 324.503 20180430T140727.992650 1900 20
20180430T140728.004333 1900 20
20180430T140728.012342 1900 20
20180430T140728.024254 357.888 281.077 70.4841 64.304 57.7212 303.612 325.498 325.904 325.079 20180430T140728.024254 1900 20
20180430T140728.033453 1900 20
20180430T140728.045375 1900 20
20180430T140728.052252 358.037 281.439 70.4764 64.4945 55.7113 303.791 325.808 325.896 325.13 20180430T140728.052252 1900 20
20180430T140728.064802 1900 20
20180430T140728.072795 1900 20
20180430T140728.084291 358.091 281.275 70.3794 64.3114 56.9869 303.718 325.625 325.963 324.994 20180430T140728.084291 1900 20
20180430T140728.092975 1900 20
20180430T140728.104298 1900 20
20180430T140728.112267 358.059 281.077 70.3075 64.3583 56.0795 303.728 325.395 326.006 324.703 20180430T140728.112267 1900 20
20180430T140728.124327 1900 20
20180430T140728.132284 1900 20
20180430T140728.144241 358.377 281.162 70.4452 64.0446 57.4378 304.037 325.676 326.084 324.769 20180430T140728.144241 1900 20
20180430T140728.156325 1900 20
20180430T140728.164307 1900 20
20180430T140728.176256 358.802 281.41 70.6616 63.8547 57.5407 304.487 325.767 326.745 324.695 20180430T140728.176256 1900 20
20180430T140728.184314 1900 20
20180430T140728.196266 1900 20
20180430T140728.204242 358.886 281.628 70.687 64.1024 56.0232 304.419 326 326.493 324.882 20180430T140728.204242 1900 20
20180430T140728.216327 1900 20
20180430T140728.224283 1900 20
20180430T140728.236272 358.374 281.626 70.6582 64.1426 58.1583 303.967 325.931 326.272 324.882 20180430T140728.236272 1900 20
20180430T140728.244396 1900 20
20180430T140728.257139 1900 20
20180430T140728.265706 358.035 281.566 70.5941 64.5945 58.2123 303.797 326.057 326.279 324.379 20180430T140728.265706 1900 20
20180430T140728.278374 1900 20
20180430T140728.284322 1900 20
20180430T140728.297356 358.033 281.559 70.713 64.4398 56.6741 303.557 325.977 326.219 324.221 20180430T140728.297356 1900 20
20180430T140728.305453 1900 20
20180430T140728.317378 1900 20
20180430T140728.325334 357.975 281.827 70.9591 64.3859 55.7658 303.724 326.163 326.094 324.89 20180430T140728.325334 1900 20
20180430T140728.337158 1900 20
20180430T140728.344255 1900 20
20180430T140728.356240 358.206 282.462 71.1753 64.5427 56.7038 304.067 327.16 326.51 325.079 20180430T140728.356240 1900 20
20180430T140728.365130 1900 20
20180430T140728.377116 1900 20
20180430T140728.384267 358.942 283.039 71.2874 64.6104 58.132 304.582 327.317 327.157 325.664 20180430T140728.384267 1900 20
20180430T140728.396682 1900 20
20180430T140728.409437 1900 20
20180430T140728.417686 359.417 283.191 70.9376 64.8981 57.0594 305.331 327.69 327.746 326.082 20180430T140728.417686 1900 20
20180430T140728.429722 1900 20
20180430T140728.436258 1900 20
20180430T140728.448241 360.07 283.204 71.4201 64.8553 57.9466 306.034 327.835 328.012 326.303 20180430T140728.448241 1900 20
20180430T140728.457983 1900 20
20180430T140728.468776 1900 20
20180430T140728.477436 360.742 283.647 71.6611 64.9996 57.8598 306.685 328.247 328.627 326.609 20180430T140728.477436 1900 20
20180430T140728.489905 1900 20
20180430T140728.496316 1900 20
20180430T140728.508717 360.941 284.013 71.5327 65.1576 59.4115 306.76 328.603 328.833 327.088 20180430T140728.508717 1900 20
20180430T140728.517117 1900 20
20180430T140728.529468 1900 20
20180430T140728.536239 361.17 284.355 71.5346 65.4511 55.5225 306.865 328.844 328.917 327.163 20180430T140728.536239 1900 20
20180430T140728.549063 1900 20
20180430T140728.556253 1900 20
20180430T140728.568751 361.018 284.265 71.804 65.4505 57.2626 306.766 328.816 328.917 327.068 20180430T140728.568751 1900 20
20180430T140728.577898 1900 20
20180430T140728.588263 1900 20
20180430T140728.596243 360.848 284.35 71.922 65.7536 57.865 306.788 328.86 328.658 327.167 20180430T140728.596243 1900 20
20180430T140728.608269 1900 20
20180430T140728.617669 1900 20
20180430T140728.628878 360.315 284.59 72.0449 65.7266 57.6457 306.162 329.23 328.142 327.461 20180430T140728.628878 1900 20
20180430T140728.637230 1900 20
20180430T140728.648272 1900 20
20180430T140728.660236 359.666 284.638 72.0184 65.8407 58.2122 305.562 329.306 327.53 327.49 20180430T140728.660236 1900 20
20180430T140728.668909 1900 20
20180430T140728.680262 1900 20
20180430T140728.688251 359.031 284.678 72.2899 65.9234 60.2025 304.906 329.259 326.88 327.915 20180430T140728.688251 1900 20
20180430T140728.700308 1900 20
20180430T140728.708265 1900 20
20180430T140728.720231 358.866 284.815 72.3719 65.9534 57.6623 304.733 329.262 326.496 327.944 20180430T140728.720231 1900 20
20180430T140728.728333 1900 20
20180430T140728.740249 1900 20
20180430T140728.748224 359.433 284.878 72.0937 66.3463 58.3405 305.197 329.684 326.881 328.293 20180430T140728.748224 1900 20
20180430T140728.760259 1900 20
20180430T140728.768236 1900 20
20180430T140728.780224 360.019 285.155 72.5485 66.1227 58.9238 305.958 329.69 327.697 328.67 20180430T140728.780224 1900 20
20180430T140728.790108 1900 20
20180430T140728.800641 1900 20
20180430T140728.808702 360.612 285.273 72.5889 66.1512 60.9404 306.352 329.789 328.064 328.811 20180430T140728.808702 1900 20
20180430T140728.821671 1900 20
20180430T140728.829028 1900 20
20180430T140728.841647 360.664 285.658 72.7974 65.9925 61.3271 306.532 330.118 328.191 329.118 20180430T140728.841647 1900 20
20180430T140728.849907 1900 20
20180430T140728.860300 1900 20
20180430T140728.868220 360.42 285.846 72.5915 66.5954 60.1032 306.418 330.552 327.918 329.195 20180430T140728.868220 1900 20
20180430T140728.880290 1900 20
20180430T140728.888246 1900 20
20180430T140728.900510 360.287 285.758 72.663 66.193 60.8505 305.996 330.172 327.625 329.152 20180430T140728.900510 1900 20
20180430T140728.912550 1900 20
20180430T140728.920532 1900 20
20180430T140728.932510 359.798 285.095 72.5537 66.3005 60.8419 305.93 329.712 327.218 328.356 20180430T140728.932510 1900 20
20180430T140728.940281 1900 20
20180430T140728.952225 1900 20
20180430T140728.960213 359.946 284.94 72.4438 66.4873 58.3682 305.901 329.281 327.223 328.148 20180430T140728.960213 1900 20
20180430T140728.972292 1900 20
20180430T140728.980261 1900 20
20180430T140728.992228 360.093 285.305 72.74 65.8977 61.8626 306.209 329.611 327.43 328.642 20180430T140728.992228 1900 20
20180430T140729.000311 1900 20
20180430T140729.012230 1900 20
20180430T140729.020317 360.333 285.673 72.643 66.1337 63.5856 306.227 329.904 327.614 329.078 20180430T140729.020317 1900 20
20180430T140729.032287 1900 20
20180430T140729.041668 1900 20
20180430T140729.053700 360.299 285.571 72.376 65.8338 62.1403 306.67 330.077 327.641 329.141 20180430T140729.053700 1900 20
20180430T140729.061022 1900 20
20180430T140729.072648 1900 20
20180430T140729.080659 360.597 285.773 72.2705 65.6798 60.0764 306.961 330.049 327.765 329.121 20180430T140729.080659 1900 20
20180430T140729.093293 1900 20
20180430T140729.100240 1900 20
20180430T140729.112216 360.601 285.902 72.0374 65.7189 58.9612 307.157 330.28 327.883 329.222 20180430T140729.112216 1900 20
20180430T140729.120231 1900 20
20180430T140729.132216 1900 20
20180430T140729.140220 360.615 285.985 72.1306 65.2374 61.1816 307.214 330.163 327.966 329.234 20180430T140729.140220 1900 20
20180430T140729.152839 1900 20
20180430T140729.164513 1900 20
20180430T140729.173394 360.813 286.004 71.938 65.1681 61.0915 307.233 330.214 328.133 329.125 20180430T140729.173394 1900 20
20180430T140729.185252 1900 20
20180430T140729.193221 1900 20
20180430T140729.204211 360.856 285.75 71.7979 65.2435 61.2399 307.244 330.054 328.133 329.125 20180430T140729.204211 1900 20
20180430T140729.213015 1900 20
20180430T140729.224812 1900 20
20180430T140729.233696 360.489 285.554 71.7928 65.2536 63.5267 307.034 329.887 327.533 329.2 20180430T140729.233696 1900 20
20180430T140729.244798 1900 20
20180430T140729.252284 1900 20
20180430T140729.264218 360.191 285.123 71.6207 65.3008 61.7902 306.585 329.215 327.203 328.527 20180430T140729.264218 1900 20
20180430T140729.273246 1900 20
20180430T140729.284740 1900 20
20180430T140729.293719 359.429 284.451 71.648 64.8546 60.86 305.792 328.683 326.652 327.304 20180430T140729.293719 1900 20
20180430T140730.332794 1900 540
20180430T140730.342236 1900 540
20180430T140730.352786 356.605 312.976 77.7457 69.4843 85.7248 302.368 334.529 323.983 334.848 20180430T140730.352786 1900 540
20180430T140730.361996 1900 540
20180430T140730.372256 1900 540
20180430T140730.380338 356.867 313.326 77.673 69.758 88.6668 303.007 334.478 324.673 334.935 20180430T140730.380338 1900 540
20180430T140730.392415 1900 540
20180430T140730.400268 1900 540
20180430T140730.412748 356.958 313.31 77.7051 69.5674 89.2264 303.067 334.358 324.759 334.623 20180430T140730.412748 1900 540
20180430T140730.425953 1900 540
20180430T140730.433111 1900 540
20180430T140730.444224 356.563 312.885 77.3 69.6614 88.325 302.694 334.285 324.153 334.568 20180430T140730.444224 1900 540
20180430T140730.453109 1900 540
20180430T140730.464286 1900 540
20180430T140730.472521 355.526 312.739 77.4973 70 91.679 301.757 333.867 323.499 334.408 20180430T140730.472521 1900 540
20180430T140730.484571 1900 540
20180430T140730.492527 1900 540
20180430T140730.504524 354.766 312.162 77.5462 69.8094 91.1328 301.342 333.694 322.779 333.723 20180430T140730.504524 1900 540
20180430T140730.512305 1900 540
20180430T140730.524221 1900 540
20180430T140730.532205 354.843 311.583 77.0744 69.7115 87.9197 301.283 332.815 322.667 333.062 20180430T140730.532205 1900 540
20180430T140730.544234 1900 540
20180430T140730.552217 1900 540
20180430T140730.564202 355.459 312.074 77.3119 70.1632 89.6562 301.747 333.149 323.427 333.415 20180430T140730.564202 1900 540
20180430T140730.572707 1900 540
20180430T140730.584220 1900 540
20180430T140730.592206 357.086 312.471 77.7355 69.3451 87.2416 303.408 333.829 324.826 334.18 20180430T140730.592206 1900 540
20180430T140730.604247 1900 540
20180430T140730.613688 1900 540
20180430T140730.625673 358.226 312.941 77.402 69.9513 89.5045 304.164 334.086 325.913 334.459 20180430T140730.625673 1900 540
20180430T140730.634223 1900 540
20180430T140730.645674 1900 540
20180430T140730.653661 358.417 312.911 77.1147 69.9239 88.5582 304.284 334.326 326.101 334.398 20180430T140730.653661 1900 540
20180430T140730.665062 1900 540
20180430T140730.677431 1900 540
20180430T140730.685686 357.965 312.952 77.2977 69.9079 90.9733 303.95 333.932 325.635 334.405 20180430T140730.685686 1900 540
20180430T140730.697894 1900 540
20180430T140730.705340 1900 540
20180430T140730.716214 357.603 312.92 77.2229 69.8491 90.5313 303.54 333.944 325.3 334.358 20180430T140730.716214 1900 540
20180430T140730.724810 1900 540
20180430T140730.736757 1900 540
20180430T140730.746015 357.644 312.625 76.9855 69.5124 86.6206 303.434 333.852 325.221 334.29 20180430T140730.746015 1900 540
20180430T140730.756774 1900 540
20180430T140730.764743 1900 540
20180430T140730.777019 357.126 312.623 77.2441 69.5919 91.1571 303.408 333.829 325 334 20180430T140730.777019 1900 540
20180430T140730.786156 1900 540
20180430T140730.796741 1900 540
20180430T140730.805197 356.89 312.422 77.5768 69.3837 87.7523 302.913 333.831 324.544 333.939 20180430T140730.805197 1900 540
20180430T140730.816896 1900 540
20180430T140730.824871 1900 540
20180430T140730.837191 356.056 312.488 77.4165 70.0803 91.1983 302.45 333.422 323.985 333.673 20180430T140730.837191 1900 540
20180430T140730.846242 1900 540
20180430T140730.856205 1900 540
20180430T140730.864272 355.834 311.984 77.4179 69.8146 91.0488 301.935 332.992 323.693 333.154 20180430T140730.864272 1900 540
20180430T140730.876266 1900 540
20180430T140730.884224 1900 540
20180430T140730.896201 355.846 311.8 77.6325 69.7169 90.3804 301.957 332.962 323.715 333.091 20180430T140730.896201 1900 540
20180430T140730.904223 1900 540
20180430T140730.916201 1900 540
20180430T140730.929416 356.796 311.577 77.1586 69.6631 88.8821 302.72 332.841 324.596 333.061 20180430T140730.929416 1900 540
20180430T140730.938398 1900 540
20180430T140730.948523 1900 540
20180430T140730.956499 357.562 311.698 77.3422 69.9198 87.756 303.639 333 325.3 333.117 20180430T140730.956499 1900 540
20180430T140730.969236 1900 540
20180430T140730.977035 1900 540
20180430T140730.988867 358.124 312.151 77.4292 70.1232 93.8293 304.101 333.074 325.985 333.463 20180430T140730.988867 1900 540
20180430T140731.000018 1900 540
20180430T140731.008808 1900 540
20180430T140731.016197 358.671 311.87 77.2642 69.755 90.8939 304.677 333.07 326.155 333.239 20180430T140731.016197 1900 540
20180430T140731.029054 1900 540
20180430T140731.037025 1900 540
20180430T140731.049015 358.905 311.831 76.9567 69.5759 89.8132 304.767 332.918 326.527 333.098 20180430T140731.049015 1900 540
20180430T140731.057789 1900 540
20180430T140731.068282 1900 540
20180430T140731.076206 358.635 311.852 76.5016 69.592 90.0329 304.412 332.932 326.178 333.026 20180430T140731.076206 1900 540
20180430T140731.088639 1900 540
20180430T140731.096620 1900 540
20180430T140731.108722 357.963 311.381 76.9052 69.0484 90.7712 303.623 332.442 325.651 332.588 20180430T140731.108722 1900 540
20180430T140731.118218 1900 540
20180430T140731.128207 1900 540
20180430T140731.136179 357.165 310.885 76.6021 69.0251 92.4526 303.043 332.038 324.887 332.404 20180430T140731.136179 1900 540
20180430T140731.149358 1900 540
20180430T140731.157320 1900 540
20180430T140731.168204 356.506 310.561 76.3793 68.659 92.2036 302.525 331.697 324.208 331.902 20180430T140731.168204 1900 540
20180430T140731.180271 1900 540
20180430T140731.188204 1900 540
20180430T140731.200203 356.705 310.44 76.0825 68.3969 88.533 302.399 331.547 324.258 331.841 20180430T140731.200203 1900 540
20180430T140731.208234 1900 540
20180430T140731.220216 1900 540
20180430T140731.228210 357.41 310.5 76.4041 68.4266 88.862 302.844 331.784 324.756 331.938 20180430T140731.228210 1900 540
20180430T140731.240248 1900 540
20180430T140731.248214 1900 540
20180430T140731.261689 357.762 310.885 76.7227 68.5145 88.6551 303.448 331.885 325.3 332.226 20180430T140731.261689 1900 540
20180430T140731.268981 1900 540
20180430T140731.280520 1900 540
20180430T140731.289407 357.851 310.924 76.7111 68.6555 90.1951 303.408 331.829 325.395 332.054 20180430T140731.289407 1900 540
20180430T140731.301027 1900 540
20180430T140731.309083 1900 540
20180430T140731.320722 357.661 310.778 76.7175 68.4572 87.412 303.322 331.895 325.084 332.238 20180430T140731.320722 1900 540
20180430T140731.328336 1900 540
20180430T140731.340197 1900 540
20180430T140731.348177 357.338 310.496 76.4951 68.7778 90.6598 303.142 331.639 324.95 331.853 20180430T140731.348177 1900 540
20180430T140731.361043 1900 540
20180430T140731.368263 1900 540
20180430T140731.380182 357.269 310.122 77.1536 68.8403 88.1932 303.176 331.429 324.974 331.822 20180430T140731.380182 1900 540
20180430T140731.389085 1900 540
20180430T140731.400204 1900 540
20180430T140731.408174 357.288 310.454 77.3932 69.0638 93.4035 303.599 331.428 325.307 331.738 20180430T140731.408174 1900 540
20180430T140731.420222 1900 540
20180430T140731.432519 1900 540
20180430T140731.440493 357.976 310.239 77.537 69.2698 90.1153 303.755 331.445 325.908 331.661 20180430T140731.440493 1900 540
20180430T140731.452219 1900 540
20180430T140731.460184 1900 540
20180430T140731.472185 358.206 310.363 77.8119 69.5274 90.9916 304.088 331.33 326.127 331.715 20180430T140731.472185 1900 540
20180430T140731.480602 1900 540
20180430T140731.492738 1900 540
20180430T140731.502073 357.762 310.41 77.5468 69.4484 92.1285 303.797 331.37 325.667 331.539 20180430T140731.502073 1900 540
20180430T140731.512757 1900 540
20180430T140731.520733 1900 540
20180430T140731.533415 357.211 310.144 77.5885 69.9194 92.2914 303.325 330.945 325.267 331.164 20180430T140731.533415 1900 540
20180430T140731.541655 1900 540
20180430T140731.552216 1900 540
20180430T140731.560168 357.059 310.239 78.4417 69.816 95.1088 303.325 330.945 325.229 331.102 20180430T140731.560168 1900 540
20180430T140731.572206 1900 540
20180430T140731.580186 1900 540
20180430T140731.592173 357.381 310.319 77.6308 70.2912 91.62 303.758 331.185 325.599 331.428 20180430T140731.592173 1900 540
20180430T140731.602395 1900 540
20180430T140731.612220 1900 540
20180430T140731.620182 357.64 310.383 77.9734 70.3555 92.7595 304.033 331.142 325.81 331.377 20180430T140731.620182 1900 540
20180430T140731.632240 1900 540
20180430T140731.640172 1900 540
20180430T140731.652172 357.909 310.192 77.9748 70.4833 91.6073 304.029 330.979 325.94 331.096 20180430T140731.652172 1900 540
20180430T140731.660609 1900 540
20180430T140731.672599 1900 540
20180430T140731.684597 357.51 309.923 78.7109 70.4423 90.5339 303.755 330.635 325.616 330.669 20180430T140731.684597 1900 540
20180430T140731.694283 1900 540
20180430T140731.704220 1900 540
20180430T140731.712263 357.213 309.952 78.5249 70.3272 91.75 303.632 330.469 325.5 330.636 20180430T140731.712263 1900 540
20180430T140731.724225 1900 540
20180430T140731.732194 1900 540
20180430T140731.744183 357.445 309.81 78.6582 70.341 89.842 303.859 330.282 325.565 330.524 20180430T140731.744183 1900 540
20180430T140731.752209 1900 540
20180430T140731.764191 1900 540
20180430T140731.773389 357.953 309.693 78.9933 70.439 89.3723 304.254 330.155 326.085 330.432 20180430T140731.773389 1900 540
20180430T140731.784221 1900 540
20180430T140731.792184 1900 540
20180430T140731.804167 357.808 309.865 78.7451 71.3121 93.9729 304.514 330.462 326.162 330.92 20180430T140731.804167 1900 540
20180430T140731.812208 1900 540
20180430T140731.824186 1900 540
20180430T140732.781165 268.65 313.539 78.2659 74.8158 114.563 257.618 333.265 278.479 334.025 20180430T140732.781165 960 540
20180430T140732.792990 960 540
20180430T140732.800170 960 540
20180430T140732.812174 268.203 313.3 78.2477 74.5226 116.231 257.435 332.994 278.16 333.67 20180430T140732.812174 960 540
20180430T140732.820253 960 540
20180430T140732.832220 960 540
20180430T140732.840203 268.012 313.197 78.1237 74.5216 115.825 257.183 332.778 277.821 333.327 20180430T140732.840203 960 540
20180430T140732.853237 960 540
20180430T140732.860216 960 540
20180430T140732.872931 268.545 312.326 77.7 74.4971 118.021 256.951 332.455 278.34 333 20180430T140732.872931 960 540
20180430T140732.882624 960 540
20180430T140732.892250 960 540
20180430T140732.900144 268.523 312.413 77.6653 74.1749 115.309 256.922 332.404 278.34 333 20180430T140732.900144 960 540
20180430T140732.913195 960 540
20180430T140732.920161 960 540
20180430T140732.932131 268.135 312.615 77.8741 74.1466 114.697 256.698 332.437 278.34 333 20180430T140732.932131 960 540
20180430T140732.944162 960 540
20180430T140732.952134 960 540
20180430T140732.964132 268.016 312.68 77.9169 74.0181 114.246 256.433 332.487 278.003 333.133 20180430T140732.964132 960 540
20180430T140732.972302 960 540
20180430T140732.984149 960 540
20180430T140732.993595 268.471 312.841 77.9251 74.3458 114.554 256.619 332.567 278.307 333.07 20180430T140732.993595 960 540
20180430T140733.005636 960 540
20180430T140733.013133 960 540
20180430T140733.025128 268.915 312.971 77.5692 74.2914 109.093 257.193 333.222 278.7 333.259 20180430T140733.025128 960 540
20180430T140733.033435 960 540
20180430T140733.044157 960 540
20180430T140733.052193 269.633 313.144 77.9411 74.0069 110.91 258.04 333.329 279 333.646 20180430T140733.052193 960 540
20180430T140733.065641 960 540
20180430T140733.072162 960 540
20180430T140733.084149 269.987 313.218 77.7092 74.0394 109.598 258.402 333.137 279.567 333.862 20180430T140733.084149 960 540
20180430T140733.092164 960 540
20180430T140733.104128 960 540
20180430T140733.112120 269.815 313.144 77.7983 74.0504 109.766 258.071 333.294 279.37 333.709 20180430T140733.112120 960 540
20180430T140733.125614 960 540
20180430T140733.132416 960 540
20180430T140733.144443 269.222 312.765 77.9723 74.6135 111.13 257.321 332.691 278.634 333.059 20180430T140733.144443 960 540
20180430T140733.152224 960 540
20180430T140733.164143 960 540
20180430T140733.172113 268.978 312.86 77.7675 74.4297 105.791 256.823 332.641 278.478 332.962 20180430T140733.172113 960 540
20180430T140733.184158 960 540
20180430T140733.196139 960 540
20180430T140733.204103 269.078 312.911 78.0915 74.58 106.555 257.364 332.649 278.631 332.842 20180430T140733.204103 960 540
20180430T140733.216164 960 540
20180430T140733.224139 960 540
20180430T140733.236454 269.373 313.177 78.5484 75.0328 104.846 257.735 333.025 278.99 333.082 20180430T140733.236454 960 540
20180430T140733.245238 960 540
20180430T140733.256167 960 540
20180430T140733.264190 269.349 313.375 78.7003 75.0066 110.217 257.72 333.135 278.771 333.67 20180430T140733.264190 960 540
20180430T140733.276173 960 540
20180430T140733.284139 960 540
20180430T140733.296119 269.381 313.496 78.6937 75.3162 108.676 257.723 333.433 278.92 333.8 20180430T140733.296119 960 540
20180430T140733.304144 960 540
20180430T140733.316085 960 540
20180430T140733.324046 270.639 312.979 78.9604 75.5609 103.933 258.651 332.988 280.077 333.192 20180430T140733.324046 960 540
20180430T140733.336094 960 540
20180430T140733.344091 960 540
20180430T140733.356033 267.369 310.497 74.3929 70.9814 54.6405 258.308 327.305 279.168 327.859 20180430T140733.356033 960 540
20180430T140733.365253 960 540
20180430T140733.376106 960 540
20180430T140733.384053 -1 -1 74.3929 70.9814 54.6405 258.308 327.305 279.168 327.859 20180430T140733.384053 960 540
20180430T140733.397227 960 540
20180430T140733.405193 960 540
20180430T140733.416683 270.972 310.517 70.5195 64.1938 11.7999 281.465 324.31 282.528 307.667 20180430T140733.416683 960 540
20180430T140733.425261 960 540
20180430T140733.436105 960 540
20180430T140733.448079 272.734 308.28 78.3727 75.7795 99.0579 261.383 328.549 281.967 327.894 20180430T140733.448079 960 540
20180430T140733.456163 960 540
20180430T140733.468097 960 540
20180430T140733.476089 273.572 310.23 80.1404 75.7596 103.985 262.098 330.72 282.592 330.739 20180430T140733.476089 960 540
20180430T140733.489110 960 540
20180430T140733.497081 960 540
20180430T140733.509542 273.877 311.51 79.9733 75.8183 103.633 262.308 332.069 283.069 332.194 20180430T140733.509542 960 540
20180430T140733.519206 960 540
20180430T140733.528132 960 540
20180430T140733.536102 273.495 312.475 79.6882 75.8342 104.072 261.796 333.154 282.446 333.071 20180430T140733.536102 960 540
20180430T140733.548167 960 540
20180430T140733.556168 960 540
20180430T140733.568916 272.767 313.047 79.2783 75.6719 102.597 261.076 333.422 281.215 333.266 20180430T140733.568916 960 540
20180430T140733.580123 960 540
20180430T140733.589143 960 540
20180430T140733.597127 271.767 313.32 79.067 75.5162 104.546 259.84 333.891 280.697 334.312 20180430T140733.597127 960 540
20180430T140733.608173 960 540
20180430T140733.616165 960 540
20180430T140733.628097 270.68 313.464 78.9408 74.9424 105.777 259.255 333.969 279.826 334.241 20180430T140733.628097 960 540
20180430T140733.636155 960 540
20180430T140733.648146 960 540
20180430T140733.656094 269.842 313.524 78.5539 74.8771 106.778 258.045 333.798 278.897 334.121 20180430T140733.656094 960 540
20180430T140733.668168 960 540
20180430T140733.676099 960 540
20180430T140733.688098 268.434 313.206 78.3873 74.4709 102.9 256.814 333.572 277.536 333.443 20180430T140733.688098 960 540
20180430T140733.700145 960 540
20180430T140733.708102 960 540
20180430T140733.720111 267.191 313.109 78.0945 74.4527 105.982 255.561 333.5 276.064 333.522 20180430T140733.720111 960 540
20180430T140733.728213 960 540
20180430T140733.740178 960 540
20180430T140733.748157 266.552 313.043 78.0522 74.4235 103.99 254.5 333.5 275.442 333.622 20180430T140733.748157 960 540
20180430T140733.760201 960 540
20180430T140733.769146 960 540
20180430T140733.780105 266.241 312.668 78.0324 74.34 103.374 254.467 332.886 275.212 332.95 20180430T140733.780105 960 540
20180430T140733.788140 960 540
20180430T140733.800104 960 540
20180430T140733.808095 266.486 312.826 77.866 74.0972 103.343 254.82 333.153 275.533 333.357 20180430T140733.808095 960 540
20180430T140733.822109 960 540
20180430T140733.828128 960 540
20180430T140733.840097 267.136 313.405 78.032 73.908 108.382 255.328 334.068 276.19 334.151 20180430T140733.840097 960 540
20180430T140733.848193 960 540
20180430T140733.860138 960 540
20180430T140733.868100 267.249 313.847 77.7037 74.1247 103.914 255.289 334.79 276.333 334.57 20180430T140733.868100 960 540
20180430T140733.880156 960 540
20180430T140733.889149 960 540
20180430T140733.900911 267.109 313.901 77.8662 74.4693 106.393 255.316 334.462 275.989 334.526 20180430T140733.900911 960 540
20180430T140733.908385 960 540
20180430T140733.920191 960 540
20180430T140733.928090 263.921 314.174 78.5702 74.2315 108.536 253.602 334.349 274.599 334.339 20180430T140733.928090 960 540
20180430T140733.940126 960 540
20180430T140733.953578 960 540
20180430T140733.961064 264.738 314.259 78.1656 74.7636 105.58 253.688 334.435 274.814 334.345 20180430T140733.961064 960 540
20180430T140733.972931 960 540
20180430T140733.980899 960 540
20180430T140733.992103 264.915 314.355 78.4042 74.3709 106.11 253.714 334.459 274.693 334.351 20180430T140733.992103 960 540
20180430T140734.001985 960 540
20180430T140734.012929 960 540
20180430T140734.020576 264.887 314.807 78.3755 74.4624 104.095 253.884 335.02 274.976 335.034 20180430T140734.020576 960 540
20180430T140734.032168 960 540
20180430T140734.040141 960 540
20180430T140734.052090 265.074 315.104 78.4627 74.5385 104.949 253.81 335.079 275.035 335.235 20180430T140734.052090 960 540
20180430T140734.060125 960 540
20180430T140734.072092 960 540
20180430T140734.082253 264.94 314.547 78.4333 74.8062 101.649 253.765 334.757 274.877 334.928 20180430T140734.082253 960 540
20180430T140734.093768 960 540
20180430T140734.100952 960 540
20180430T140734.112847 264.468 314.316 78.4209 74.8657 108.979 253.434 334.515 274.529 334.471 20180430T140734.112847 960 540
20180430T140734.120922 960 540
20180430T140734.132891 960 540
20180430T140734.140074 265.846 314.083 78.3983 74.2552 111.403 254.087 334.949 275.192 334.694 20180430T140734.140074 960 540
20180430T140734.152913 960 540
20180430T140734.160878 960 540
20180430T140734.172086 265.008 313.779 78.6009 75.0237 107.346 253.455 334.403 274.651 334.469 20180430T140734.172086 960 540
20180430T140734.182225 960 540
20180430T140734.192895 960 540
20180430T140734.204099 264.601 313.73 78.4572 74.918 103.106 253.128 334.287 274 334.449 20180430T140734.204099 960 540
20180430T140734.213093 960 540
20180430T140734.225082 960 540
20180430T140734.233083 264.125 313.318 78.5174 74.7654 106.528 252.707 333.688 273.896 333.933 20180430T140734.233083 960 540
20180430T140734.244183 960 540
20180430T140734.252144 960 540
20180430T140734.264115 264.075 313.301 78.4236 75.1148 104.861 252.538 333.456 273.571 333.648 20180430T140734.264115 960 540
20180430T140734.272151 960 540
20180430T140735.253261 20 540
20180430T140735.262585 180.442 309.639 77.6584 67.9325 108.738 208.727 328.486 229.434 328.708 20180430T140735.262585 20 540
20180430T140735.272504 20 540
20180430T140735.280744 20 540
20180430T140735.293270 180.161 310.283 76.886 68.3279 108.973 208.035 329.577 229.24 329.118 20180430T140735.293270 20 540
20180430T140735.300592 20 540
20180430T140735.312103 20 540
20180430T140735.320068 179.077 309.988 76.9487 67.9239 108.585 207.309 329.128 228.37 328.878 20180430T140735.320068 20 540
20180430T140735.332101 20 540
20180430T140735.341064 20 540
20180430T140735.353027 178.327 310.002 76.9946 67.3148 107.871 206.617 329.036 227.606 328.807 20180430T140735.353027 20 540
20180430T140735.361053 20 540
20180430T140735.372060 20 540
20180430T140735.380040 178.318 310.188 76.8496 67.43 108.618 206.677 329.467 227.698 329.029 20180430T140735.380040 20 540
20180430T140735.392961 20 540
20180430T140735.400049 20 540
20180430T140735.412049 178.675 310.454 76.8999 67.6895 107.758 206.658 329.771 227.633 329.29 20180430T140735.412049 20 540
20180430T140735.420076 20 540
20180430T140735.433255 20 540
20180430T140735.441493 177.894 310.156 76.7376 67.2244 108.623 205.882 329.672 227.254 329.262 20180430T140735.441493 20 540
20180430T140735.452732 20 540
20180430T140735.465039 20 540
20180430T140735.473509 176.956 310.002 76.3874 67.6149 106.767 204.884 329.259 225.987 328.737 20180430T140735.473509 20 540
20180430T140735.484907 20 540
20180430T140735.492943 20 540
20180430T140735.504710 176.24 309.844 76.9124 67.2105 108.221 204.246 329.162 225.635 328.637 20180430T140735.504710 20 540
20180430T140735.513386 20 540
20180430T140735.524090 20 540
20180430T140735.532565 176.578 309.749 76.7092 68.0325 107.914 204.906 328.941 225.803 328.892 20180430T140735.532565 20 540
20180430T140735.544107 20 540
20180430T140735.552105 20 540
20180430T140735.564094 177.151 310.035 77.1172 67.7362 108.757 205.5 329.372 226.593 328.87 20180430T140735.564094 20 540
20180430T140735.572111 20 540
20180430T140735.584564 20 540
20180430T140735.593233 178.087 310.622 77.4655 67.7914 110.601 206.254 329.847 227.435 329.755 20180430T140735.593233 20 540
20180430T140735.604076 20 540
20180430T140735.612047 20 540
20180430T140735.625237 178.421 310.747 77.8242 68.237 108.867 206.573 329.797 227.638 329.483 20180430T140735.625237 20 540
20180430T140735.633416 20 540
20180430T140735.644052 20 540
20180430T140735.652022 178.537 310.689 77.7248 68.4615 106.944 206.402 329.738 227.627 329.322 20180430T140735.652022 20 540
20180430T140735.664105 20 540
20180430T140735.672038 20 540
20180430T140735.684032 178.776 310.532 78.0052 68.6047 107.947 206.852 329.645 227.822 329.172 20180430T140735.684032 20 540
20180430T140735.692059 20 540
20180430T140735.704043 20 540
20180430T140735.716040 178.969 310.651 77.9383 68.8869 107.626 206.97 329.827 228.149 329.304 20180430T140735.716040 20 540
20180430T140735.726355 20 540
20180430T140735.736069 20 540
20180430T140735.744344 177.272 311.037 78.3893 69.2925 105.146 205.943 330.213 227.43 329.544 20180430T140735.744344 20 540
20180430T140735.757534 20 540
20180430T140735.764699 20 540
20180430T140735.776685 177.954 311.751 78.4295 69.4201 107.886 206.032 330.901 227.6 330.119 20180430T140735.776685 20 540
20180430T140735.785738 20 540
20180430T140735.796062 20 540
20180430T140735.804028 178.507 312.277 79.0603 69.1513 107.146 206.691 331.194 227.807 330.978 20180430T140735.804028 20 540
20180430T140735.816358 20 540
20180430T140735.824344 20 540
20180430T140735.836330 179.035 312.676 78.6026 69.0344 108.303 207.131 331.792 228.392 331.378 20180430T140735.836330 20 540
20180430T140735.844566 20 540
20180430T140735.856688 20 540
20180430T140735.864613 179.627 313.24 78.9593 69.0216 108.365 207.732 332.299 229.316 331.828 20180430T140735.864613 20 540
20180430T140735.876470 20 540
20180430T140735.884435 20 540
20180430T140735.896017 180.197 313.509 78.7712 68.9149 109.479 208.042 332.661 229.541 332.199 20180430T140735.896017 20 540
20180430T140735.906119 20 540
20180430T140735.916329 20 540
20180430T140735.924311 179.952 313.814 78.8217 68.8792 107.443 207.855 332.765 229.357 332.46 20180430T140735.924311 20 540
20180430T140735.937245 20 540
20180430T140735.944668 20 540
20180430T140735.956683 179.953 313.806 78.533 69.3204 108.43 207.786 332.947 229.24 332.414 20180430T140735.956683 20 540
20180430T140735.969508 20 540
20180430T140735.976549 20 540
20180430T140735.988544 179.964 313.751 78.9094 69.2236 108.107 207.732 332.55 229.397 332.025 20180430T140735.988544 20 540
20180430T140735.996541 20 540
20180430T140736.008035 20 540
20180430T140736.016676 179.944 312.961 78.7522 68.6668 107.021 208.096 331.822 229.43 331.474 20180430T140736.016676 20 540
20180430T140736.029522 20 540
20180430T140736.036690 20 540
20180430T140736.048677 180.124 312.081 78.756 68.9679 106.909 208 331 229.508 330.839 20180430T140736.048677 20 540
20180430T140736.056527 20 540
20180430T140736.068052 20 540
20180430T140736.076032 179.865 311.285 78.7376 69.0257 108.095 207.838 330.246 229.438 329.966 20180430T140736.076032 20 540
20180430T140736.088064 20 540
20180430T140736.096043 20 540
20180430T140736.108031 179.226 309.96 78.6865 69.0786 107.327 207.5 329.018 228.919 328.803 20180430T140736.108031 20 540
20180430T140736.116067 20 540
20180430T140736.128040 20 540
20180430T140736.136031 179.121 309.793 78.5445 69.07 108.114 207.36 328.743 228.774 328.432 20180430T140736.136031 20 540
20180430T140736.149535 20 540
20180430T140736.157015 20 540
20180430T140736.169002 179.381 309.725 78.8559 68.8198 108.102 207.694 328.642 229.273 328.328 20180430T140736.169002 20 540
20180430T140736.177376 20 540
20180430T140736.188839 20 540
20180430T140736.196070 179.58 309.307 78.7365 68.7986 107.978 207.929 328.422 229.454 328.182 20180430T140736.196070 20 540
20180430T140736.208865 20 540
20180430T140736.220044 20 540
20180430T140736.228054 179.045 308.932 78.9973 68.5867 109.13 207.348 328.029 229.006 327.654 20180430T140736.228054 20 540
20180430T140736.240085 20 540
20180430T140736.249508 20 540
20180430T140736.261010 178.03 308.532 78.8496 68.7396 108.261 206.602 327.587 227.565 327.372 20180430T140736.261010 20 540
20180430T140736.269621 20 540
20180430T140736.280346 20 540
20180430T140736.289011 177.252 307.989 78.8839 68.8898 107.277 205.753 327.031 226.997 326.913 20180430T140736.289011 20 540
20180430T140736.300856 20 540
20180430T140736.308035 20 540
20180430T140736.320015 177.336 307.855 79.109 68.8093 108.403 205.678 326.895 227 326.719 20180430T140736.320015 20 540
20180430T140736.328058 20 540
20180430T140736.340025 20 540
20180430T140736.348014 177.451 307.875 79.0926 68.9525 109.598 205.924 327 227.377 326.777 20180430T140736.348014 20 540
20180430T140736.360047 20 540
20180430T140736.368025 20 540
20180430T140736.380012 177.766 307.62 79.1344 69.3118 108.564 206.096 326.94 227.565 326.739 20180430T140736.380012 20 540
20180430T140736.388051 20 540
20180430T140736.400023 20 540
20180430T140736.407996 177.714 307.776 79.6348 69.0588 109.05 206.147 326.879 227.655 326.792 20180430T140736.407996 20 540
20180430T140736.420047 20 540
20180430T140736.428015 20 540
20180430T140736.440007 177.66 307.959 79.8657 69.1287 109.928 206.102 327.028 227.5 327 20180430T140736.440007 20 540
20180430T140736.448033 20 540
20180430T140736.460022 20 540
20180430T140736.472019 177.79 308.316 79.3594 69.2019 108.974 206.178 327.384 227.454 327.321 20180430T140736.472019 20 540
20180430T140736.482296 20 540
20180430T140736.492548 20 540
20180430T140736.500531 177.665 308.664 79.9021 69.3457 108.49 205.99 327.727 227.43 327.474 20180430T140736.500531 20 540
20180430T140736.513033 20 540
20180430T140736.520682 20 540
20180430T140736.532818 177.605 309.119 79.7282 69.5423 108.259 205.944 328.224 227.375 327.861 20180430T140736.532818 20 540
20180430T140736.541816 20 540
20180430T140736.552434 20 540
20180430T140736.560420 177.478 309.395 79.9537 69.4754 107.979 205.698 328.413 227.213 328.017 20180430T140736.560420 20 540
20180430T140736.572088 20 540
20180430T140736.580017 20 540
20180430T140736.592003 177.476 309.704 80.3886 69.5117 107.444 205.64 328.778 227.158 328.345 20180430T140736.592003 20 540
20180430T140736.600041 20 540
20180430T140736.612021 20 540
20180430T140736.620007 177.37 309.875 80.4791 69.5237 107.376 205.571 328.917 227.075 328.491 20180430T140736.620007 20 540
20180430T140736.633507 20 540
20180430T140736.641214 20 540
20180430T140736.652527 177.094 309.622 80.3515 69.7365 107.252 205.458 328.407 227.12 328.006 20180430T140736.652527 20 540
20180430T140736.661710 20 540
20180430T140736.672540 20 540
20180430T140736.680514 176.912 308.826 80.5696 69.8816 108.299 205.066 327.547 226.653 327.38 20180430T140736.680514 20 540
20180430T140736.693019 20 540
20180430T140736.700982 20 540
20180430T140736.712654 176.462 307.987 80.4084 69.9554 108.146 204.719 326.765 225.882 326.518 20180430T140736.712654 20 540
20180430T140736.725503 20 540
20180430T140736.732822 20 540
20180430T140736.744808 176.083 307.556 80.2919 70.2889 108.939 204.368 326.428 225.67 326.041 20180430T140736.744808 20 540
20180430T140737.620009 20 1060
20180430T140737.628060 20 1060
20180430T140737.641527 178.771 339.94 79.1389 73.4626 94.0838 203.811 336.314 225.44 336.499 20180430T140737.641527 20 1060
20180430T140737.650235 20 1060
20180430T140737.660057 20 1060
20180430T140737.668029 178.773 339.637 79.2643 74.0145 98.1721 203.961 336.064 225.397 336.265 20180430T140737.668029 20 1060
20180430T140737.680060 20 1060
20180430T140737.687995 20 1060
20180430T140737.700040 178.177 339.881 79.3296 73.926 93.1233 203.507 336.193 225.24 336.336 20180430T140737.700040 20 1060
20180430T140737.708882 20 1060
20180430T140737.719995 20 1060
20180430T140737.731979 177.85 340.4 79.7243 73.3732 91.0448 203.544 336.734 225.059 336.583 20180430T140737.731979 20 1060
20180430T140737.740090 20 1060
20180430T140737.752867 20 1060
20180430T140737.759984 177.211 340.51 79.4486 74.3801 98.0653 202.872 336.594 224.295 336.654 20180430T140737.759984 20 1060
20180430T140737.772525 20 1060
20180430T140737.780785 20 1060
20180430T140737.792780 176.283 340.624 79.3099 74.5657 89.3401 202.043 336.58 223.457 336.568 20180430T140737.792780 20 1060
20180430T140737.800814 20 1060
20180430T140737.812793 20 1060
20180430T140737.821172 175.505 340.087 79.6273 74.3722 95.0412 201.08 336.095 222.875 336.173 20180430T140737.821172 20 1060
20180430T140737.832009 20 1060
20180430T140737.840500 20 1060
20180430T140737.852492 175.281 340.046 79.2801 74.293 92.2582 201.024 335.968 222.463 336.275 20180430T140737.852492 20 1060
20180430T140737.860526 20 1060
20180430T140737.872503 20 1060
20180430T140737.881417 175.996 340.655 79.6575 74.3083 92.7022 201.541 336.459 223.267 336.583 20180430T140737.881417 20 1060
20180430T140737.892878 20 1060
20180430T140737.899986 20 1060
20180430T140737.911972 177.297 342.305 79.9239 74.8969 96.5986 202.889 338.102 224.247 338.68 20180430T140737.911972 20 1060
20180430T140737.920084 20 1060
20180430T140737.931989 20 1060
20180430T140737.941167 177.949 343.157 80.2069 74.7487 94.7432 203.735 338.929 225.347 339.157 20180430T140737.941167 20 1060
20180430T140737.953201 20 1060
20180430T140737.960434 20 1060
20180430T140737.972806 178.593 343.89 79.8851 74.991 92.8165 204.194 339.309 225.721 339.808 20180430T140737.972806 20 1060
20180430T140737.985519 20 1060
20180430T140737.992042 20 1060
20180430T140738.003969 178.543 343.801 80.1333 74.8761 92.3867 204.143 339.156 225.721 339.808 20180430T140738.003969 20 1060
20180430T140738.012105 20 1060
20180430T140738.024392 20 1060
20180430T140738.032377 178.663 342.86 80.2343 74.7966 92.0639 204.06 338.805 225.732 339.057 20180430T140738.032377 20 1060
20180430T140738.044366 20 1060
20180430T140738.052298 20 1060
20180430T140738.064270 179.467 340.357 79.4498 74.5365 92.4758 204.125 336.103 225.487 336.686 20180430T140738.064270 20 1060
20180430T140738.071987 20 1060
20180430T140738.083962 20 1060
20180430T140738.091936 -1 -1 79.4498 74.5365 92.4758 204.125 336.103 225.487 336.686 20180430T140738.091936 20 1060
20180430T140738.103973 20 1060
20180430T140738.111983 20 1060
20180430T140738.123942 -1 -1 79.4498 74.5365 92.4758 204.125 336.103 225.487 336.686 20180430T140738.123942 20 1060
20180430T140738.133686 20 1060
20180430T140738.144566 20 1060
20180430T140738.153107 -1 -1 79.4498 74.5365 92.4758 204.125 336.103 225.487 336.686 20180430T140738.153107 20 1060
20180430T140738.164596 20 1060
20180430T140738.173102 20 1060
20180430T140738.185113 177.763 347.548 66.647 50.9779 5.52237 203.126 330.712 225.608 332.32 20180430T140738.185113 20 1060
20180430T140738.192227 20 1060
20180430T140738.203974 20 1060
20180430T140738.211934 178.18 338.015 74.7323 73.3407 53.7826 204.04 332.887 225.385 332.385 20180430T140738.211934 20 1060
20180430T140738.223991 20 1060
20180430T140738.235971 20 1060
20180430T140738.243964 179.239 337.199 78.3565 74.6388 94.6197 204.835 333.728 225.806 333.97 20180430T140738.243964 20 1060
20180430T140738.256005 20 1060
20180430T140738.263970 20 1060
20180430T140738.277157 180.022 337.669 79.0068 75.6645 99.2955 205.254 334.41 226.302 334.412 20180430T140738.277157 20 1060
20180430T140738.285201 20 1060
20180430T140738.295988 20 1060
20180430T140738.303968 180.125 338.2 79.7255 75.6276 97.7885 205.476 334.669 226.435 335.125 20180430T140738.303968 20 1060
20180430T140738.315989 20 1060
20180430T140738.323964 20 1060
20180430T140738.335960 179.008 338.416 80.1304 73.4126 91.4025 205.769 334.998 225.845 335.512 20180430T140738.335960 20 1060
20180430T140738.344810 20 1060
20180430T140738.355975 20 1060
20180430T140738.363957 178.535 338.622 79.9263 74.42 97.13 203.56 335.463 225.156 335.633 20180430T140738.363957 20 1060
20180430T140738.376031 20 1060
20180430T140738.383972 20 1060
20180430T140738.395956 177.661 338.466 79.6764 74.2012 92.132 203.072 334.928 224.213 335.61 20180430T140738.395956 20 1060
20180430T140738.403994 20 1060
20180430T140738.417170 20 1060
20180430T140738.426121 177.548 338.349 79.5839 74.7133 96.2835 202.438 335.485 223.932 335.5 20180430T140738.426121 20 1060
20180430T140738.436401 20 1060
20180430T140738.444373 20 1060
20180430T140738.456770 177.329 338.401 79.654 74.0513 91.1817 202.599 335.121 223.954 335.416 20180430T140738.456770 20 1060
20180430T140738.466872 20 1060
20180430T140738.476012 20 1060
20180430T140738.487991 177.771 338.204 79.224 74.8202 97.7061 202.889 334.96 224.195 335.145 20180430T140738.487991 20 1060
20180430T140738.497110 20 1060
20180430T140738.507982 20 1060
20180430T140738.516936 176.912 338.105 79.8268 74.2338 95.0438 202.137 335 223.352 335.212 20180430T140738.516936 20 1060
20180430T140738.528507 20 1060
20180430T140738.536495 20 1060
20180430T140738.548625 176.002 338.146 79.624 74.32 96.0413 201.477 334.895 222.701 335.189 20180430T140738.548625 20 1060
20180430T140738.557058 20 1060
20180430T140738.568627 20 1060
20180430T140738.576771 175.64 338.368 79.7373 74.7476 92.5988 200.823 334.94 222.013 335.481 20180430T140738.576771 20 1060
20180430T140738.588986 20 1060
20180430T140738.596966 20 1060
20180430T140738.608488 175.705 338.724 80.4329 74.3584 95.5686 201.177 335.771 222.19 336.12 20180430T140738.608488 20 1060
20180430T140738.617207 20 1060
20180430T140738.628629 20 1060
20180430T140738.636629 176.239 339.571 80.3372 74.1655 93.0805 201.59 336.59 222.896 336.567 20180430T140738.636629 20 1060
20180430T140738.648862 20 1060
20180430T140738.656764 20 1060
20180430T140738.668018 176.987 340.474 80.2305 74.6155 95.7597 202.322 337.125 223.549 337.458 20180430T140738.668018 20 1060
20180430T140738.678296 20 1060
20180430T140738.688261 20 1060
20180430T140738.695939 177.947 341.277 80.4277 74.3875 91.6113 203.513 337.87 224.761 338.083 20180430T140738.695939 20 1060
20180430T140738.708975 20 1060
20180430T140738.717415 20 1060
20180430T140738.729442 179.007 341.92 80.3135 74.2989 92.7053 204.622 338.312 225.753 338.726 20180430T140738.729442 20 1060
20180430T140738.741626 20 1060
20180430T140738.748370 20 1060
20180430T140738.760353 180.526 342.385 79.9303 75.2494 95.9538 205.706 338.651 226.982 339.223 20180430T140738.760353 20 1060
20180430T140738.768265 20 1060
20180430T140738.779993 20 1060
20180430T140738.787952 180.652 343.006 80.1297 74.727 95.5615 205.863 339.672 227.529 339.772 20180430T140738.787952 20 1060
20180430T140738.799988 20 1060
20180430T140738.807962 20 1060
20180430T140738.819955 180.495 343.601 80.1724 74.4161 91.2732 205.864 339.854 227.471 340.514 20180430T140738.819955 20 1060
20180430T140738.827990 20 1060
20180430T140738.839963 20 1060
20180430T140738.847952 180.451 343.927 80.1662 74.3841 93.1328 205.85 340.102 227.447 340.872 20180430T140738.847952 20 1060
20180430T140738.861989 20 1060
20180430T140738.868342 20 1060
20180430T140738.879922 180.365 343.88 80.1743 73.8163 94.1965 205.661 340.19 227.487 340.686 20180430T140738.879922 20 1060
20180430T140738.888819 20 1060
20180430T140738.900682 20 1060
20180430T140738.907855 -1 -1 80.1743 73.8163 94.1965 205.661 340.19 227.487 340.686 20180430T140738.907855 20 1060
20180430T140738.920667 20 1060
20180430T140738.929091 20 1060
20180430T140738.941131 -1 -1 80.1743 73.8163 94.1965 205.661 340.19 227.487 340.686 20180430T140738.941131 20 1060
20180430T140738.947998 20 1060
20180430T140738.959960 20 1060
20180430T140738.967931 -1 -1 80.1743 73.8163 94.1965 205.661 340.19 227.487 340.686 20180430T140738.967931 20 1060
20180430T140738.979934 20 1060
20180430T140738.994050 20 1060
20180430T140739.002050 -1 -1 80.1743 73.8163 94.1965 205.661 340.19 227.487 340.686 20180430T140739.002050 20 1060
20180430T140739.012559 20 1060
20180430T140739.020535 20 1060
20180430T140739.032686 182.224 362.381 43.3701 32.608 1.6358 220.111 310.444 244.25 322 20180430T140739.032686 20 1060
20180430T140739.041592 20 1060
20180430T140739.051970 20 1060
20180430T140739.060569 181.821 351.306 69.3866 58.227 9.71252 208.169 337.365 229.583 336.828 20180430T140739.060569 20 1060
20180430T140739.071991 20 1060
20180430T140739.079944 20 1060
20180430T140739.091934 182.715 342.722 79.4727 74.3663 92.8521 207.943 338.368 229.408 338.945 20180430T140739.091934 20 1060
20180430T140739.099998 20 1060
20180430T140739.111953 20 1060
20180430T140740.121178 262.629 342.254 80.9483 78.4904 116.418 249.082 339.929 270.47 339.737 20180430T140740.121178 960 1060
20180430T140740.129762 960 1060
20180430T140740.140102 960 1060
20180430T140740.148275 263.668 342.615 81.1456 78.4626 118.102 250.19 340.09 271.572 340.269 20180430T140740.148275 960 1060
20180430T140740.160532 960 1060
20180430T140740.168540 960 1060
20180430T140740.180497 262.736 342.384 80.9803 78.4784 121.721 249.935 340.213 271.179 340.533 20180430T140740.180497 960 1060
20180430T140740.189110 960 1060
20180430T140740.199939 960 1060
20180430T140740.207906 262.862 342.495 81.1862 78.1171 120.782 250.316 340.163 271.295 340.499 20180430T140740.207906 960 1060
20180430T140740.221416 960 1060
20180430T140740.228739 960 1060
20180430T140740.240460 262.885 342.46 80.7464 77.8358 123.173 249.976 340.138 271.185 340.47 20180430T140740.240460 960 1060
20180430T140740.253436 960 1060
20180430T140740.260583 960 1060
20180430T140740.272573 262.549 342.43 80.7547 77.6287 116.241 249.688 340.208 270.926 340.441 20180430T140740.272573 960 1060
20180430T140740.280405 960 1060
20180430T140740.291952 960 1060
20180430T140740.299909 262.558 342.63 80.425 77.4944 120.86 249.323 340.155 270.876 340.68 20180430T140740.299909 960 1060
20180430T140740.311978 960 1060
20180430T140740.319919 960 1060
20180430T140740.331932 262.557 342.744 80.2223 77.2777 119.539 249.343 340.57 270.964 340.406 20180430T140740.331932 960 1060
20180430T140740.339997 960 1060
20180430T140740.351952 960 1060
20180430T140740.359911 262.659 342.914 79.9533 77.3176 123.139 249.702 340.784 270.805 340.949 20180430T140740.359911 960 1060
20180430T140740.372014 960 1060
20180430T140740.379926 960 1060
20180430T140740.391902 263.049 343.201 79.5491 76.9739 117.424 249.913 341.01 271.064 340.964 20180430T140740.391902 960 1060
20180430T140740.400009 960 1060
20180430T140740.412001 960 1060
20180430T140740.419933 263.31 343.398 79.8641 76.8816 121.361 250.385 341.172 271.492 341.263 20180430T140740.419933 960 1060
20180430T140740.431942 960 1060
20180430T140740.440561 960 1060
20180430T140740.453120 263.756 343.578 79.6915 76.7972 118.868 250.5 341.5 271.691 341.541 20180430T140740.453120 960 1060
20180430T140740.461049 960 1060
20180430T140740.471941 960 1060
20180430T140740.479905 263.878 343.729 79.4396 76.5842 119.117 250.751 341.586 271.732 341.573 20180430T140740.479905 960 1060
20180430T140740.492458 960 1060
20180430T140740.504442 960 1060
20180430T140740.512886 263.948 343.89 79.5123 76.5517 118.477 250.781 341.741 271.909 341.824 20180430T140740.512886 960 1060
20180430T140740.523964 960 1060
20180430T140740.531908 960 1060
20180430T140740.544558 263.982 344.143 79.4872 76.4571 118.377 250.847 341.837 271.855 342.038 20180430T140740.544558 960 1060
20180430T140740.553834 960 1060
20180430T140740.563982 960 1060
20180430T140740.571923 263.945 344.208 79.5332 76.3396 119.901 250.695 342 271.821 342.027 20180430T140740.571923 960 1060
20180430T140740.583998 960 1060
20180430T140740.591940 960 1060
20180430T140740.603932 263.812 344.266 79.5179 76.2917 113.471 250.62 342.122 271.625 342.068 20180430T140740.603932 960 1060
20180430T140740.611931 960 1060
20180430T140740.623934 960 1060
20180430T140740.631893 263.632 344.223 79.5355 76.1919 115.253 250.116 341.974 271.405 342.011 20180430T140740.631893 960 1060
20180430T140740.643937 960 1060
20180430T140740.651899 960 1060
20180430T140740.663887 263.197 344.337 80.0039 76.293 118.631 249.974 341.974 271.116 342.399 20180430T140740.663887 960 1060
20180430T140740.671948 960 1060
20180430T140740.683911 960 1060
20180430T140740.692412 264.95 344.065 79.3999 76.6295 115.478 250.432 341.588 271.564 341.919 20180430T140740.692412 960 1060
20180430T140740.704244 960 1060
20180430T140740.711939 960 1060
20180430T140740.723901 264.59 344.162 79.8568 75.934 117.818 250.454 341.742 271.645 342.098 20180430T140740.723901 960 1060
20180430T140740.731926 960 1060
20180430T140740.745125 960 1060
20180430T140740.757697 265.763 344.438 79.8993 76.2611 114.794 251.498 342.094 272.736 342.564 20180430T140740.757697 960 1060
20180430T140740.765905 960 1060
20180430T140740.776856 960 1060
20180430T140740.783897 266.4 344.698 79.9493 76.181 112.901 252.231 342.321 273.246 342.869 20180430T140740.783897 960 1060
20180430T140740.796872 960 1060
20180430T140740.804777 960 1060
20180430T140740.815926 265.83 344.697 79.7297 76.1589 114.481 251.592 342.442 272.815 342.473 20180430T140740.815926 960 1060
20180430T140740.824804 960 1060
20180430T140740.835930 960 1060
20180430T140740.843884 265.179 344.594 79.6946 75.9574 113.35 250.952 342.029 272.1 342.38 20180430T140740.843884 960 1060
20180430T140740.856804 960 1060
20180430T140740.863906 960 1060
20180430T140740.876198 264.874 344.285 79.4672 75.9674 111.202 250.615 341.828 271.885 342.015 20180430T140740.876198 960 1060
20180430T140740.887564 960 1060
20180430T140740.896788 960 1060
20180430T140740.903892 264.392 344.278 79.6812 75.6713 112.808 250.423 341.667 271.648 342.019 20180430T140740.903892 960 1060
20180430T140740.917227 960 1060
20180430T140740.924328 960 1060
20180430T140740.936292 263.844 344.237 79.2432 75.4912 112.361 250.239 341.858 271.572 342.269 20180430T140740.936292 960 1060
20180430T140740.945393 960 1060
20180430T140740.955971 960 1060
20180430T140740.963878 264.096 344.532 79.0013 75.7042 113.025 250.302 342.284 271.592 342.39 20180430T140740.963878 960 1060
20180430T140740.976793 960 1060
20180430T140740.984729 960 1060
20180430T140740.995896 263.733 344.363 79.3959 75.2784 114.934 250.078 342.206 271.381 342.345 20180430T140740.995896 960 1060
20180430T140741.008804 960 1060
20180430T140741.015894 960 1060
20180430T140741.027922 263.517 344.592 78.8522 75.5489 114.234 250.046 342.175 271.066 342.616 20180430T140741.027922 960 1060
20180430T140741.035955 960 1060
20180430T140741.047919 960 1060
20180430T140741.055887 263.336 344.782 78.9982 75.3866 111.946 249.721 342.502 270.94 342.264 20180430T140741.055887 960 1060
20180430T140741.070344 960 1060
20180430T140741.076703 960 1060
20180430T140741.087920 263.005 344.821 79.0803 75.3413 111.093 249.309 342.417 270.759 342.568 20180430T140741.087920 960 1060
20180430T140741.095924 960 1060
20180430T140741.107926 960 1060
20180430T140741.115883 262.538 344.892 79.0826 75.5823 113.009 249.025 342.527 270.13 343 20180430T140741.115883 960 1060
20180430T140741.130762 960 1060
20180430T140741.136698 960 1060
20180430T140741.147917 262.23 345.061 79.3955 75.606 110.787 248.533 342.973 269.924 343 20180430T140741.147917 960 1060
20180430T140741.155907 960 1060
20180430T140741.167955 960 1060
20180430T140741.175892 262.203 345.039 79.5395 75.5616 113.112 248.5 343 269.887 343.062 20180430T140741.175892 960 1060
20180430T140741.187948 960 1060
20180430T140741.197084 960 1060
20180430T140741.209086 262.404 345.217 79.7284 75.5054 115.048 248.934 343.038 270.022 343.273 20180430T140741.209086 960 1060
20180430T140741.216808 960 1060
20180430T140741.228741 960 1060
20180430T140741.236238 262.694 345.608 80.0688 75.7611 114.584 249.178 343.492 270.604 343.733 20180430T140741.236238 960 1060
20180430T140741.248792 960 1060
20180430T140741.259902 960 1060
20180430T140741.268194 262.923 345.761 79.937 75.7977 113.826 249.426 343.769 270.719 343.893 20180430T140741.268194 960 1060
20180430T140741.279934 960 1060
20180430T140741.287887 960 1060
20180430T140741.299906 262.888 345.896 80.1408 76.1101 117.233 249.343 344.049 270.745 344.255 20180430T140741.299906 960 1060
20180430T140741.307936 960 1060
20180430T140741.319914 960 1060
20180430T140741.327877 262.864 346.298 80.1728 76.3015 115.641 249.37 344.269 270.764 344.401 20180430T140741.327877 960 1060
20180430T140741.339933 960 1060
20180430T140741.349081 960 1060
20180430T140741.360858 262.967 346.406 80.0653 76.3208 117.745 249.473 344.711 270.759 344.568 20180430T140741.360858 960 1060
20180430T140741.369593 960 1060
20180430T140741.379965 960 1060
20180430T140741.387867 263.139 346.568 80.3952 76.3986 116.956 249.696 344.863 270.936 344.964 20180430T140741.387867 960 1060
20180430T140741.399963 960 1060
20180430T140741.407945 960 1060
20180430T140741.419895 263.124 346.637 80.6264 76.3271 116.955 249.648 344.875 270.936 344.964 20180430T140741.419895 960 1060
20180430T140741.427926 960 1060
20180430T140741.439906 960 1060
20180430T140741.447851 262.846 346.933 80.8117 76.578 114.595 249.382 345.045 270.502 345.225 20180430T140741.447851 960 1060
20180430T140741.461028 960 1060
20180430T140741.468980 960 1060
20180430T140741.479872 265.526 346.728 80.4405 77.0435 114.77 250.286 344.914 271.58 344.852 20180430T140741.479872 960 1060
20180430T140741.488887 960 1060
20180430T140741.499945 960 1060
20180430T140741.511881 266.897 346.267 81.2034 76.5071 115.936 251.55 344.542 272.298 345.048 20180430T140741.511881 960 1060
20180430T140741.519942 960 1060
20180430T140741.531875 960 1060
20180430T140741.539869 267.801 346.715 81.3391 76.676 117.108 252.342 345.018 273.333 345.147 20180430T140741.539869 960 1060
20180430T140741.551935 960 1060
20180430T140741.559873 960 1060
20180430T140741.571925 268.397 347.001 81.396 76.9288 116.518 253.155 345.292 273.991 345.509 20180430T140741.571925 960 1060
20180430T140741.579925 960 1060
20180430T140741.591880 960 1060
20180430T140741.599863 267.897 347.184 81.5564 76.785 118.321 252.713 345.336 273.595 345.73 20180430T140741.599863 960 1060
20180430T140742.581382 1900 1060
20180430T140742.589354 1900 1060
20180430T140742.599953 337.541 346.423 80.7807 70.701 108.84 285.241 345.644 306.743 345.675 20180430T140742.599953 1900 1060
20180430T140742.608536 1900 1060
20180430T140742.620298 1900 1060
20180430T140742.628887 338.358 346.365 80.6377 70.9539 107.976 285.83 345.718 307.477 345.562 20180430T140742.628887 1900 1060
20180430T140742.640967 1900 1060
20180430T140742.648557 1900 1060
20180430T140742.660539 338.956 346.097 80.1211 70.2476 107.443 286.444 345.47 307.821 345.366 20180430T140742.660539 1900 1060
20180430T140742.668093 1900 1060
20180430T140742.679902 1900 1060
20180430T140742.687884 338.712 346.003 80.065 70.5313 109.002 286.21 345.443 307.707 345.125 20180430T140742.687884 1900 1060
20180430T140742.699881 1900 1060
20180430T140742.707843 1900 1060
20180430T140742.719847 338.939 345.771 80.3105 69.7926 107.613 286.231 344.992 307.697 345.014 20180430T140742.719847 1900 1060
20180430T140742.727940 1900 1060
20180430T140742.739853 1900 1060
20180430T140742.747841 339.073 344.994 79.9853 69.8981 108.257 286.547 344.479 307.932 344.557 20180430T140742.747841 1900 1060
20180430T140742.759891 1900 1060
20180430T140742.771893 1900 1060
20180430T140742.779851 338.891 344.884 79.9249 69.7989 108.376 286.244 344.388 307.779 344.27 20180430T140742.779851 1900 1060
20180430T140742.791909 1900 1060
20180430T140742.799857 1900 1060
20180430T140742.813066 338.468 344.592 79.3526 69.8439 108.943 285.873 344.23 307.525 344 20180430T140742.813066 1900 1060
20180430T140742.822895 1900 1060
20180430T140742.831902 1900 1060
20180430T140742.839852 338.158 344.492 79.7589 69.791 108.62 285.616 343.947 307.46 343.944 20180430T140742.839852 1900 1060
20180430T140742.851908 1900 1060
20180430T140742.859852 1900 1060
20180430T140742.872854 338.172 344.607 79.7565 69.6401 108.748 285.686 344.27 307.5 344.134 20180430T140742.872854 1900 1060
20180430T140742.880917 1900 1060
20180430T140742.891888 1900 1060
20180430T140742.899839 338.418 344.841 79.922 69.4588 106.512 286.05 344.276 307.674 344.109 20180430T140742.899839 1900 1060
20180430T140742.912726 1900 1060
20180430T140742.919855 1900 1060
20180430T140742.932372 338.715 344.971 79.9268 69.4898 106.192 286.257 344.369 307.787 344.174 20180430T140742.932372 1900 1060
20180430T140742.943099 1900 1060
20180430T140742.951853 1900 1060
20180430T140742.959820 340.506 345.143 80.0764 69.5126 106.696 287.251 344.506 308.317 344.728 20180430T140742.959820 1900 1060
20180430T140742.971877 1900 1060
20180430T140742.979845 1900 1060
20180430T140742.991842 340.056 345.172 79.4057 70.2001 107.804 287.316 344.621 308.762 344.61 20180430T140742.991842 1900 1060
20180430T140743.000386 1900 1060
20180430T140743.013076 1900 1060
20180430T140743.026069 340.187 344.927 80.0794 69.5547 106.165 287.314 344.528 308.941 344.499 20180430T140743.026069 1900 1060
20180430T140743.035319 1900 1060
20180430T140743.043880 1900 1060
20180430T140743.051834 339.452 344.693 79.795 70.2266 108.024 286.698 344.269 308.199 344.305 20180430T140743.051834 1900 1060
20180430T140743.064399 1900 1060
20180430T140743.072374 1900 1060
20180430T140743.084366 339.105 343.676 80.0336 69.7766 108.159 286.043 343.293 307.637 343.179 20180430T140743.084366 1900 1060
20180430T140743.092384 1900 1060
20180430T140743.104310 1900 1060
20180430T140743.112263 339.351 342.057 79.974 69.5899 108.026 286.911 341.911 307.992 341.793 20180430T140743.112263 1900 1060
20180430T140743.123817 1900 1060
20180430T140743.131768 1900 1060
20180430T140743.143786 -1 -1 79.974 69.5899 108.026 286.911 341.911 307.992 341.793 20180430T140743.143786 1900 1060
20180430T140743.151804 1900 1060
20180430T140743.163814 1900 1060
20180430T140743.172321 -1 -1 79.974 69.5899 108.026 286.911 341.911 307.992 341.793 20180430T140743.172321 1900 1060
20180430T140743.184311 1900 1060
20180430T140743.192300 1900 1060
20180430T140743.204759 341.109 351.529 60.1021 46.9711 5.47455 269.107 292.996 289.801 337.912 20180430T140743.204759 1900 1060
20180430T140743.213738 1900 1060
20180430T140743.223825 1900 1060
20180430T140743.231827 341.031 346.158 68.114 60.7312 164.337 288 338.562 309.631 338.5 20180430T140743.231827 1900 1060
20180430T140743.245038 1900 1060
20180430T140743.253015 1900 1060
20180430T140743.265289 340.16 338.786 78.4186 69.4678 104.417 286.607 339.269 308.086 339.411 20180430T140743.265289 1900 1060
20180430T140743.279073 1900 1060
20180430T140743.283830 1900 1060
20180430T140743.295845 340.071 338.955 78.5255 70.1256 105.583 286.608 339.536 308.194 339.681 20180430T140743.295845 1900 1060
20180430T140743.303855 1900 1060
20180430T140743.315859 1900 1060
20180430T140743.323814 340.264 339.211 79.2487 69.874 106.34 286.721 339.901 308.008 339.707 20180430T140743.323814 1900 1060
20180430T140743.335881 1900 1060
20180430T140743.343836 1900 1060
20180430T140743.355849 340.448 339.359 78.9073 69.5374 105.514 286.837 340.277 308.287 340.221 20180430T140743.355849 1900 1060
20180430T140743.363943 1900 1060
20180430T140743.375858 1900 1060
20180430T140743.383929 340.226 339.275 79.1797 70.181 107.925 286.875 339.977 308.305 340.022 20180430T140743.383929 1900 1060
20180430T140743.395890 1900 1060
20180430T140743.404502 1900 1060
20180430T140743.416481 340.11 339.378 79.2075 69.9815 107.381 286.691 340.059 307.939 340.153 20180430T140743.416481 1900 1060
20180430T140743.424038 1900 1060
20180430T140743.435832 1900 1060
20180430T140743.443812 340.116 339.334 79.0331 70.2744 105.644 286.512 340.06 307.83 340.022 20180430T140743.443812 1900 1060
20180430T140743.455860 1900 1060
20180430T140743.463848 1900 1060
20180430T140743.475821 340.392 339.202 79.2184 69.9802 106.341 286.799 339.961 308.007 340.04 20180430T140743.475821 1900 1060
20180430T140743.483913 1900 1060
20180430T140743.495820 1900 1060
20180430T140743.503794 340.307 339.449 79.8227 69.9852 106.119 286.782 340.145 308.027 340.241 20180430T140743.503794 1900 1060
20180430T140743.515846 1900 1060
20180430T140743.529038 1900 1060
20180430T140743.538047 340.181 339.463 80.0928 70.0708 104.274 286.385 340.177 307.61 340.205 20180430T140743.538047 1900 1060
20180430T140743.548155 1900 1060
20180430T140743.556131 1900 1060
20180430T140743.568622 339.747 339.628 80.2263 71.0999 107.822 286.404 340.24 307.61 340.205 20180430T140743.568622 1900 1060
20180430T140743.577663 1900 1060
20180430T140743.587839 1900 1060
20180430T140743.597014 338.292 340.059 79.9606 71.6416 107.252 285.575 340.425 307.274 340.274 20180430T140743.597014 1900 1060
20180430T140743.607877 1900 1060
20180430T140743.615823 1900 1060
20180430T140743.627839 338.383 339.699 80.4804 70.867 105.367 285.333 340.283 306.701 340.215 20180430T140743.627839 1900 1060
20180430T140743.635843 1900 1060
20180430T140743.647853 1900 1060
20180430T140743.655806 337.966 339.543 80.6949 71.1398 106.121 284.927 339.942 306.458 340.036 20180430T140743.655806 1900 1060
20180430T140743.667875 1900 1060
20180430T140743.675833 1900 1060
20180430T140743.687807 337.82 339.166 81.1163 70.7453 104.512 284.793 339.773 305.963 339.568 20180430T140743.687807 1900 1060
20180430T140743.695842 1900 1060
20180430T140743.707819 1900 1060
20180430T140743.715787 337.527 338.902 81.1448 70.6567 105.299 284.27 339.236 305.687 339.373 20180430T140743.715787 1900 1060
20180430T140743.727844 1900 1060
20180430T140743.735812 1900 1060
20180430T140743.747820 336.948 338.62 80.7851 71.3196 107.017 283.93 338.874 305.53 338.866 20180430T140743.747820 1900 1060
20180430T140743.757308 1900 1060
20180430T140743.768351 1900 1060
20180430T140743.780806 336.695 338.708 80.8374 71.2027 106.486 283.773 339.044 305.306 338.841 20180430T140743.780806 1900 1060
20180430T140743.789097 1900 1060
20180430T140743.800349 1900 1060
20180430T140743.808333 336.971 338.773 80.8971 70.6872 107.137 283.793 339.194 305.27 338.97 20180430T140743.808333 1900 1060
20180430T140743.819906 1900 1060
20180430T140743.827818 1900 1060
20180430T140743.840341 336.601 338.796 80.877 70.9548 108.256 283.689 339.141 305.293 338.782 20180430T140743.840341 1900 1060
20180430T140743.848813 1900 1060
20180430T140743.860332 1900 1060
20180430T140743.868795 336.687 338.68 80.8072 70.698 107.58 283.564 338.888 305.216 338.676 20180430T140743.868795 1900 1060
20180430T140743.880761 1900 1060
20180430T140743.887818 1900 1060
20180430T140743.899828 336.663 338.41 81.1729 70.1388 105.255 283.478 338.687 305.045 338.679 20180430T140743.899828 1900 1060
20180430T140743.907840 1900 1060
20180430T140743.919844 1900 1060
20180430T140743.927801 336.67 338.157 81.0627 70.4523 105.505 283.586 338.465 305.114 338.311 20180430T140743.927801 1900 1060
20180430T140743.941977 1900 1060
20180430T140743.948336 1900 1060
20180430T140743.960335 337.212 338.496 80.9367 71.0795 106.969 284.179 338.746 305.873 338.535 20180430T140743.960335 1900 1060
20180430T140743.970444 1900 1060
20180430T140743.979810 1900 1060
20180430T140743.987792 338.254 338.715 81.4338 70.1588 103.398 285.342 338.964 306.595 338.896 20180430T140743.987792 1900 1060
20180430T140744.000457 1900 1060
20180430T140744.008408 1900 1060
20180430T140744.020354 338.143 339.178 81.4973 70.9402 107.761 285.245 339.387 306.821 339.463 20180430T140744.020354 1900 1060
20180430T140744.032383 1900 1060
20180430T140744.040647 1900 1060
20180430T140744.052676 337.302 339.328 80.8013 71.286 107.376 284.357 339.686 305.873 339.522 20180430T140744.052676 1900 1060
20180430T140744.060500 1900 1060
20180430T140744.071864 1900 1060
