15134925816 960 540
15134925824 960 540
15134925836 960 540
15134925844 960 540
15134925856 960 540
15134925864 960 540
15134925876 960 540
15134925884 960 540
15134925896 960 540
15134925904 960 540
15134925916 960 540
15134925924 960 540
15134925936 960 540
15134925944 960 540
15134925956 960 540
15134925964 960 540
15134925976 960 540
15134925984 960 540
15134925996 960 540
15134926004 960 540
15134926016 960 540
15134926024 960 540
15134926036 960 540
15134926048 960 540
15134926056 960 540
15134926068 960 540
15134926076 960 540
15134926088 960 540
15134926096 960 540
15134926108 960 540
15134926116 960 540
15134926128 960 540
15134926136 960 540
15134926148 960 540
15134926156 960 540
15134926168 960 540
15134926176 960 540
15134926188 960 540
15134926196 960 540
15134926208 960 540
15134926216 960 540
15134926228 960 540
15134926236 960 540
15134926248 960 540
15134926256 960 540
15134926268 960 540
15134926276 960 540
15134926288 960 540
15134926300 960 540
15134926308 960 540
15134926320 960 540
15134926328 960 540
15134926340 960 540
15134926348 960 540
15134926360 960 540
15134926368 960 540
15134926380 960 540
15134926388 960 540
15134926400 960 540
15134926408 960 540
15134926420 960 540
15134926428 960 540
15134926440 960 540
15134926448 960 540
15134926460 960 540
15134926468 960 540
15134926480 960 540
15134926488 960 540
15134926500 960 540
15134926508 960 540
15134926520 960 540
15134926528 960 540
15134926540 960 540
15134926552 960 540
15134926560 960 540
15134926572 960 540
15134926580 960 540
15134926592 960 540
15134926600 960 540
15134926612 960 540
15134926620 960 540
15134926632 960 540
15134926640 960 540
15134926652 960 540
15134926660 960 540
15134926672 960 540
15134926680 960 540
15134926692 960 540
15134926700 960 540
15134926712 960 540
15134926720 960 540
15134926732 960 540
15134926740 960 540
15134926752 960 540
15134926760 960 540
15134926772 960 540
15134926780 960 540
15134926792 960 540
15134926804 960 540
15134926812 960 540
15134926824 960 540
15134926832 960 540
15134926844 960 540
15134926852 960 540
15134926864 960 540
15134926872 960 540
15134926884 960 540
15134926892 960 540
15134926904 960 540
15134926912 960 540
15134926924 960 540
15134926932 960 540
15134926944 960 540
15134926952 960 540
15134926964 960 540
15134926972 960 540
15134926984 960 540
15134926992 960 540
15134927004 960 540
15134927012 960 540
15134927024 960 540
15134927032 960 540
15134927044 960 540
15134927056 960 540
15134927064 960 540
15134927076 960 540
15134927084 960 540
15134927096 960 540
15134927104 960 540
15134927116 960 540
15134927124 960 540
15134927136 960 540
15134927144 960 540
15134927156 960 540
15134927164 960 540
15134927176 960 540
15134927184 960 540
15134927196 960 540
15134927204 960 540
15134927216 960 540
15134927224 960 540
15134927236 960 540
15134927244 960 540
15134927256 960 540
15134927264 960 540
15134927276 960 540
15134927284 960 540
15134927296 960 540
15134927308 960 540
15134927316 960 190
15134927328 960 190
15134927336 960 190
15134927348 960 190
15134927356 960 190
15134927368 960 190
15134927376 960 190
15134927388 960 190
15134927396 960 190
15134927408 960 190
15134927416 960 190
15134927428 960 190
15134927436 960 190
15134927448 960 190
15134927456 960 190
15134927468 960 190
15134927476 960 190
15134927488 960 190
15134927496 960 190
15134927508 960 190
15134927516 960 190
15134927528 960 190
15134927536 960 190
15134927548 960 190
15134927560 960 190
15134927568 960 190
15134927580 960 190
15134927588 960 190
15134927600 960 190
15134927608 960 190
15134927620 960 190
15134927628 960 190
15134927640 960 190
15134927648 960 190
15134927660 960 190
15134927668 960 190
15134927680 960 190
15134927688 960 190
15134927700 960 190
15134927708 960 190
15134927720 960 190
15134927728 960 190
15134927740 960 190
15134927748 960 190
15134927760 960 190
15134927768 960 190
15134927780 960 190
15134927788 960 190
15134927800 960 190
15134927812 960 190
15134927820 960 190
15134927832 960 190
15134927840 960 190
15134927852 960 190
15134927860 960 190
15134927872 960 190
15134927880 960 190
15134927892 960 190
15134927900 960 190
15134927912 960 190
15134927920 960 190
15134927932 960 190
15134927940 960 190
15134927952 960 190
15134927960 960 190
15134927972 960 190
15134927980 960 190
15134927992 960 190
15134928000 960 190
15134928012 960 190
15134928020 960 190
15134928032 960 190
15134928040 960 190
15134928052 960 190
15134928064 960 190
15134928072 960 190
15134928084 960 190
15134928092 960 190
15134928104 960 190
15134928112 960 190
15134928124 960 190
15134928132 960 190
15134928144 960 190
15134928152 960 190
15134928164 960 190
15134928172 960 190
15134928184 960 190
15134928192 960 190
15134928204 960 190
15134928212 960 190
15134928224 960 190
15134928232 960 190
15134928244 960 190
15134928252 960 190
15134928264 960 190
15134928272 960 190
15134928284 960 190
15134928292 960 190
15134928304 960 190
15134928316 960 190
15134928324 960 190
15134928336 960 190
15134928344 960 190
15134928356 960 190
15134928364 960 190
15134928376 960 190
15134928384 960 190
15134928396 960 190
15134928404 960 190
15134928416 960 190
15134928424 960 190
15134928436 960 190
15134928444 960 190
15134928456 960 190
15134928464 960 190
15134928476 960 190
15134928484 960 190
15134928496 960 190
15134928504 960 190
15134928516 960 190
15134928524 960 190
15134928536 960 190
15134928544 960 190
15134928556 960 190
15134928568 960 190
15134928576 960 190
15134928588 960 190
15134928596 960 190
15134928608 960 190
15134928616 960 190
15134928628 960 190
15134928636 960 190
15134928648 960 190
15134928656 960 190
15134928668 960 190
15134928676 960 190
15134928688 960 190
15134928696 960 190
15134928708 960 190
15134928716 960 190
15134928728 960 190
15134928736 960 190
15134928748 960 190
15134928756 960 190
15134928768 960 190
15134928776 960 190
15134928788 960 190
15134928796 960 190
15134928808 960 190
15134928820 960 540
15134928828 960 540
15134928840 960 540
15134928848 960 540
15134928860 960 540
15134928868 960 540
15134928880 960 540
15134928888 960 540
15134928900 960 540
15134928908 960 540
15134928920 960 540
15134928928 960 540
15134928940 960 540
15134928948 960 540
15134928960 960 540
15134928968 960 540
15134928980 960 540
15134928988 960 540
15134929000 960 540
15134929008 960 540
15134929020 960 540
15134929028 960 540
15134929040 960 540
15134929048 960 540
15134929060 960 540
15134929072 960 540
15134929080 960 540
15134929092 960 540
15134929100 960 540
15134929112 960 540
15134929120 960 540
15134929132 960 540
15134929140 960 540
15134929152 960 540
15134929160 960 540
15134929172 960 540
15134929180 960 540
15134929192 960 540
15134929200 960 540
15134929212 960 540
15134929220 960 540
15134929232 960 540
15134929240 960 540
15134929252 960 540
15134929260 960 540
15134929272 960 540
15134929280 960 540
15134929292 960 540
15134929300 960 540
15134929312 960 540
15134929324 960 540
15134929332 960 540
15134929344 960 540
15134929352 960 540
15134929364 960 540
15134929372 960 540
15134929384 960 540
15134929392 960 540
15134929404 960 540
15134929412 960 540
15134929424 960 540
15134929432 960 540
15134929444 960 540
15134929452 960 540
15134929464 960 540
15134929472 960 540
15134929484 960 540
15134929492 960 540
15134929504 960 540
15134929512 960 540
15134929524 960 540
15134929532 960 540
15134929544 960 540
15134929552 960 540
15134929564 960 540
15134929576 960 540
15134929584 960 540
15134929596 960 540
15134929604 960 540
15134929616 960 540
15134929624 960 540
15134929636 960 540
15134929644 960 540
15134929656 960 540
15134929664 960 540
15134929676 960 540
15134929684 960 540
15134929696 960 540
15134929704 960 540
15134929716 960 540
15134929724 960 540
15134929736 960 540
15134929744 960 540
15134929756 960 540
15134929764 960 540
15134929776 960 540
15134929784 960 540
15134929796 960 540
15134929804 960 540
15134929816 960 540
15134929828 960 540
15134929836 960 540
15134929848 960 540
15134929856 960 540
15134929868 960 540
15134929876 960 540
15134929888 960 540
15134929896 960 540
15134929908 960 540
15134929916 960 540
15134929928 960 540
15134929936 960 540
15134929948 960 540
15134929956 960 540
15134929968 960 540
15134929976 960 540
15134929988 960 540
15134929996 960 540
15134930008 960 540
15134930016 960 540
15134930028 960 540
15134930036 960 540
15134930048 960 540
15134930056 960 540
15134930068 960 540
15134930080 960 540
15134930088 960 540
15134930100 960 540
15134930108 960 540
15134930120 960 540
15134930128 960 540
15134930140 960 540
15134930148 960 540
15134930160 960 540
15134930168 960 540
15134930180 960 540
15134930188 960 540
15134930200 960 540
15134930208 960 540
15134930220 960 540
15134930228 960 540
15134930240 960 540
15134930248 960 540
15134930260 960 540
15134930268 960 540
15134930280 960 540
15134930288 960 540
15134930300 960 540
15134930308 960 540
15134930320 960 715
15134930332 960 715
15134930340 960 715
15134930352 960 715
15134930360 960 715
15134930372 960 715
15134930380 960 715
15134930392 960 715
15134930400 960 715
15134930412 960 715
15134930420 960 715
15134930432 960 715
15134930440 960 715
15134930452 960 715
15134930460 960 715
15134930472 960 715
15134930480 960 715
15134930492 960 715
15134930500 960 715
15134930512 960 715
15134930520 960 715
15134930532 960 715
15134930540 960 715
15134930552 960 715
15134930560 960 715
15134930572 960 715
15134930584 960 715
15134930592 960 715
15134930604 960 715
15134930612 960 715
15134930624 960 715
15134930632 960 715
15134930644 960 715
15134930652 960 715
15134930664 960 715
15134930672 960 715
15134930684 960 715
15134930692 960 715
15134930704 960 715
15134930712 960 715
15134930724 960 715
15134930732 960 715
15134930744 960 715
15134930752 960 715
15134930764 960 715
15134930772 960 715
15134930784 960 715
15134930792 960 715
15134930804 960 715
15134930812 960 715
15134930824 960 715
15134930836 960 715
15134930844 960 715
15134930856 960 715
15134930864 960 715
15134930876 960 715
15134930884 960 715
15134930896 960 715
15134930904 960 715
15134930916 960 715
15134930924 960 715
15134930936 960 715
15134930944 960 715
15134930956 960 715
15134930964 960 715
15134930976 960 715
15134930984 960 715
15134930996 960 715
15134931004 960 715
15134931016 960 715
15134931024 960 715
15134931036 960 715
15134931044 960 715
15134931056 960 715
15134931064 960 715
15134931076 960 715
15134931088 960 715
15134931096 960 715
15134931108 960 715
15134931116 960 715
15134931128 960 715
15134931136 960 715
15134931148 960 715
15134931156 960 715
15134931168 960 715
15134931176 960 715
15134931188 960 715
15134931196 960 715
15134931208 960 715
15134931216 960 715
15134931228 960 715
15134931236 960 715
15134931248 960 715
15134931256 960 715
15134931268 960 715
15134931276 960 715
15134931288 960 715
15134931296 960 715
15134931308 960 715
15134931316 960 715
15134931328 960 715
15134931340 960 715
15134931348 960 715
15134931360 960 715
15134931368 960 715
15134931380 960 715
15134931388 960 715
15134931400 960 715
15134931408 960 715
15134931420 960 715
15134931428 960 715
15134931440 960 715
15134931448 960 715
15134931460 960 715
15134931468 960 715
15134931480 960 715
15134931488 960 715
15134931500 960 715
15134931508 960 715
15134931520 960 715
15134931528 960 715
15134931540 960 715
15134931548 960 715
15134931560 960 715
15134931568 960 715
15134931580 960 715
15134931592 960 715
15134931600 960 715
15134931612 960 715
15134931620 960 715
15134931632 960 715
15134931640 960 715
15134931652 960 715
15134931660 960 715
15134931672 960 715
15134931680 960 715
15134931692 960 715
15134931700 960 715
15134931712 960 715
15134931720 960 715
15134931732 960 715
15134931740 960 715
15134931752 960 715
15134931760 960 715
15134931772 960 715
15134931780 960 715
15134931792 960 715
15134931800 960 715
15134931812 960 715
15134931820 960 540
15134931832 960 540
15134931844 960 540
15134931852 960 540
15134931864 960 540
15134931872 960 540
15134931884 960 540
15134931892 960 540
15134931904 960 540
15134931912 960 540
15134931924 960 540
15134931932 960 540
15134931944 960 540
15134931952 960 540
15134931964 960 540
15134931972 960 540
15134931984 960 540
15134931992 960 540
15134932004 960 540
15134932012 960 540
15134932024 960 540
15134932032 960 540
15134932044 960 540
15134932052 960 540
15134932064 960 540
15134932072 960 540
15134932084 960 540
15134932096 960 540
15134932104 960 540
15134932116 960 540
15134932124 960 540
15134932136 960 540
15134932144 960 540
15134932156 960 540
15134932164 960 540
15134932176 960 540
15134932184 960 540
15134932196 960 540
15134932204 960 540
15134932216 960 540
15134932224 960 540
15134932236 960 540
15134932244 960 540
15134932256 960 540
15134932264 960 540
15134932276 960 540
15134932284 960 540
15134932296 960 540
15134932304 960 540
15134932316 960 540
15134932324 960 540
15134932336 960 540
15134932348 960 540
15134932356 960 540
15134932368 960 540
15134932376 960 540
15134932388 960 540
15134932396 960 540
15134932408 960 540
15134932416 960 540
15134932428 960 540
15134932436 960 540
15134932448 960 540
15134932456 960 540
15134932468 960 540
15134932476 960 540
15134932488 960 540
15134932496 960 540
15134932508 960 540
15134932516 960 540
15134932528 960 540
15134932536 960 540
15134932548 960 540
15134932556 960 540
15134932568 960 540
15134932576 960 540
15134932588 960 540
15134932600 960 540
15134932608 960 540
15134932620 960 540
15134932628 960 540
15134932640 960 540
15134932648 960 540
15134932660 960 540
15134932668 960 540
15134932680 960 540
15134932688 960 540
15134932700 960 540
15134932708 960 540
15134932720 960 540
15134932728 960 540
15134932740 960 540
15134932748 960 540
15134932760 960 540
15134932768 960 540
15134932780 960 540
15134932788 960 540
15134932800 960 540
15134932808 960 540
15134932820 960 540
15134932828 960 540
15134932840 960 540
15134932852 960 540
15134932860 960 540
15134932872 960 540
15134932880 960 540
15134932892 960 540
15134932900 960 540
15134932912 960 540
15134932920 960 540
15134932932 960 540
15134932940 960 540
15134932952 960 540
15134932960 960 540
15134932972 960 540
15134932980 960 540
15134932992 960 540
15134933000 960 540
15134933012 960 540
15134933020 960 540
15134933032 960 540
15134933040 960 540
15134933052 960 540
15134933060 960 540
15134933072 960 540
15134933080 960 540
15134933092 960 540
15134933104 960 540
15134933112 960 540
15134933124 960 540
15134933132 960 540
15134933144 960 540
15134933152 960 540
15134933164 960 540
15134933172 960 540
15134933184 960 540
15134933192 960 540
15134933204 960 540
15134933212 960 540
15134933224 960 540
15134933232 960 540
15134933244 960 540
15134933252 960 540
15134933264 960 540
15134933272 960 540
15134933284 960 540
15134933292 960 540
15134933304 960 540
15134933312 960 540
15134933324 960 890
15134933332 960 890
15134933344 960 890
15134933356 960 890
15134933364 960 890
15134933376 960 890
15134933384 960 890
15134933396 960 890
15134933404 960 890
15134933416 960 890
15134933424 960 890
15134933436 960 890
15134933444 960 890
15134933456 960 890
15134933464 960 890
15134933476 960 890
15134933484 960 890
15134933496 960 890
15134933504 960 890
15134933516 960 890
15134933524 960 890
15134933536 960 890
15134933544 960 890
15134933556 960 890
15134933564 960 890
15134933576 960 890
15134933584 960 890
15134933596 960 890
15134933608 960 890
15134933616 960 890
15134933628 960 890
15134933636 960 890
15134933648 960 890
15134933656 960 890
15134933668 960 890
15134933676 960 890
15134933688 960 890
15134933696 960 890
15134933708 960 890
15134933716 960 890
15134933728 960 890
15134933736 960 890
15134933748 960 890
15134933756 960 890
15134933768 960 890
15134933776 960 890
15134933788 960 890
15134933796 960 890
15134933808 960 890
15134933816 960 890
15134933828 960 890
15134933836 960 890
15134933848 960 890
15134933860 960 890
15134933868 960 890
15134933880 960 890
15134933888 960 890
15134933900 960 890
15134933908 960 890
15134933920 960 890
15134933928 960 890
15134933940 960 890
15134933948 960 890
15134933960 960 890
15134933968 960 890
15134933980 960 890
15134933988 960 890
15134934000 960 890
15134934008 960 890
15134934020 960 890
15134934028 960 890
15134934040 960 890
15134934048 960 890
15134934060 960 890
15134934068 960 890
15134934080 960 890
15134934088 960 890
15134934100 960 890
15134934112 960 890
15134934120 960 890
15134934132 960 890
15134934140 960 890
15134934152 960 890
15134934160 960 890
15134934172 960 890
15134934180 960 890
15134934192 960 890
15134934200 960 890
15134934212 960 890
15134934220 960 890
15134934232 960 890
15134934240 960 890
15134934252 960 890
15134934260 960 890
15134934272 960 890
15134934280 960 890
15134934292 960 890
15134934300 960 890
15134934312 960 890
15134934320 960 890
15134934332 960 890
15134934340 960 890
15134934352 960 890
15134934364 960 890
15134934372 960 890
15134934384 960 890
15134934392 960 890
15134934404 960 890
15134934412 960 890
15134934424 960 890
15134934432 960 890
15134934444 960 890
15134934452 960 890
15134934464 960 890
15134934472 960 890
15134934484 960 890
15134934492 960 890
15134934504 960 890
15134934512 960 890
15134934524 960 890
15134934532 960 890
15134934544 960 890
15134934552 960 890
15134934564 960 890
15134934572 960 890
15134934584 960 890
15134934592 960 890
15134934604 960 890
15134934616 960 890
15134934624 960 890
15134934636 960 890
15134934644 960 890
15134934656 960 890
15134934664 960 890
15134934676 960 890
15134934684 960 890
15134934696 960 890
15134934704 960 890
15134934716 960 890
15134934724 960 890
15134934736 960 890
15134934744 960 890
15134934756 960 890
15134934764 960 890
15134934776 960 890
15134934784 960 890
15134934796 960 890
15134934804 960 890
15134934816 960 890
15134934824 960 540
15134934836 960 540
15134934844 960 540
15134934856 960 540
15134934868 960 540
15134934876 960 540
15134934888 960 540
15134934896 960 540
15134934908 960 540
15134934916 960 540
15134934928 960 540
15134934936 960 540
15134934948 960 540
15134934956 960 540
15134934968 960 540
15134934976 960 540
15134934988 960 540
15134934996 960 540
15134935008 960 540
15134935016 960 540
15134935028 960 540
15134935036 960 540
15134935048 960 540
15134935056 960 540
15134935068 960 540
15134935076 960 540
15134935088 960 540
15134935096 960 540
15134935108 960 540
15134935120 960 540
15134935128 960 540
15134935140 960 540
15134935148 960 540
15134935160 960 540
15134935168 960 540
15134935180 960 540
15134935188 960 540
15134935200 960 540
15134935208 960 540
15134935220 960 540
15134935228 960 540
15134935240 960 540
15134935248 960 540
15134935260 960 540
15134935268 960 540
15134935280 960 540
15134935288 960 540
15134935300 960 540
15134935308 960 540
15134935320 960 540
15134935328 960 540
15134935340 960 540
15134935348 960 540
15134935360 960 540
15134935372 960 540
15134935380 960 540
15134935392 960 540
15134935400 960 540
15134935412 960 540
15134935420 960 540
15134935432 960 540
15134935440 960 540
15134935452 960 540
15134935460 960 540
15134935472 960 540
15134935480 960 540
15134935492 960 540
15134935500 960 540
15134935512 960 540
15134935520 960 540
15134935532 960 540
15134935540 960 540
15134935552 960 540
15134935560 960 540
15134935572 960 540
15134935580 960 540
15134935592 960 540
15134935600 960 540
15134935612 960 540
15134935624 960 540
15134935632 960 540
15134935644 960 540
15134935652 960 540
15134935664 960 540
15134935672 960 540
15134935684 960 540
15134935692 960 540
15134935704 960 540
15134935712 960 540
15134935724 960 540
15134935732 960 540
15134935744 960 540
15134935752 960 540
15134935764 960 540
15134935772 960 540
15134935784 960 540
15134935792 960 540
15134935804 960 540
15134935812 960 540
15134935824 960 540
15134935832 960 540
15134935844 960 540
15134935852 960 540
15134935864 960 540
15134935876 960 540
15134935884 960 540
15134935896 960 540
15134935904 960 540
15134935916 960 540
15134935924 960 540
15134935936 960 540
15134935944 960 540
15134935956 960 540
15134935964 960 540
15134935976 960 540
15134935984 960 540
15134935996 960 540
15134936004 960 540
15134936016 960 540
15134936024 960 540
15134936036 960 540
15134936044 960 540
15134936056 960 540
15134936064 960 540
15134936076 960 540
15134936084 960 540
15134936096 960 540
15134936104 960 540
15134936116 960 540
15134936128 960 540
15134936136 960 540
15134936148 960 540
15134936156 960 540
15134936168 960 540
15134936176 960 540
15134936188 960 540
15134936196 960 540
15134936208 960 540
15134936216 960 540
15134936228 960 540
15134936236 960 540
15134936248 960 540
15134936256 960 540
15134936268 960 540
15134936276 960 540
15134936288 960 540
15134936296 960 540
15134936308 960 540
15134936316 960 540
15134936328 960 715
15134936336 960 715
15134936348 960 715
15134936356 960 715
15134936368 960 715
15134936380 960 715
15134936388 960 715
15134936400 960 715
15134936408 960 715
15134936420 960 715
15134936428 960 715
15134936440 960 715
15134936448 960 715
15134936460 960 715
15134936468 960 715
15134936480 960 715
15134936488 960 715
15134936500 960 715
15134936508 960 715
15134936520 960 715
15134936528 960 715
15134936540 960 715
15134936548 960 715
15134936560 960 715
15134936568 960 715
15134936580 960 715
15134936588 960 715
15134936600 960 715
15134936608 960 715
15134936620 960 715
15134936632 960 715
15134936640 960 715
15134936652 960 715
15134936660 960 715
15134936672 960 715
15134936680 960 715
15134936692 960 715
15134936700 960 715
15134936712 960 715
15134936720 960 715
15134936732 960 715
15134936740 960 715
15134936752 960 715
15134936760 960 715
15134936772 960 715
15134936780 960 715
15134936792 960 715
15134936800 960 715
15134936812 960 715
15134936820 960 715
15134936832 960 715
15134936840 960 715
15134936852 960 715
15134936860 960 715
15134936872 960 715
15134936884 960 715
15134936892 960 715
15134936904 960 715
15134936912 960 715
15134936924 960 715
15134936932 960 715
15134936944 960 715
15134936952 960 715
15134936964 960 715
15134936972 960 715
15134936984 960 715
15134936992 960 715
15134937004 960 715
15134937012 960 715
15134937024 960 715
15134937032 960 715
15134937044 960 715
15134937052 960 715
15134937064 960 715
15134937072 960 715
15134937084 960 715
15134937092 960 715
15134937104 960 715
15134937112 960 715
15134937124 960 715
15134937136 960 715
15134937144 960 715
15134937156 960 715
15134937164 960 715
15134937176 960 715
15134937184 960 715
15134937196 960 715
15134937204 960 715
15134937216 960 715
15134937224 960 715
15134937236 960 715
15134937244 960 715
15134937256 960 715
15134937264 960 715
15134937276 960 715
15134937284 960 715
15134937296 960 715
15134937304 960 715
15134937316 960 715
15134937324 960 715
15134937336 960 715
15134937344 960 715
15134937356 960 715
15134937364 960 715
15134937376 960 715
15134937388 960 715
15134937396 960 715
15134937408 960 715
15134937416 960 715
15134937428 960 715
15134937436 960 715
15134937448 960 715
15134937456 960 715
15134937468 960 715
15134937476 960 715
15134937488 960 715
15134937496 960 715
15134937508 960 715
15134937516 960 715
15134937528 960 715
15134937536 960 715
15134937548 960 715
15134937556 960 715
15134937568 960 715
15134937576 960 715
15134937588 960 715
15134937596 960 715
15134937608 960 715
15134937616 960 715
15134937628 960 715
15134937640 960 715
15134937648 960 715
15134937660 960 715
15134937668 960 715
15134937680 960 715
15134937688 960 715
15134937700 960 715
15134937708 960 715
15134937720 960 715
15134937728 960 715
15134937740 960 715
15134937748 960 715
15134937760 960 715
15134937768 960 715
15134937780 960 715
15134937788 960 715
15134937800 960 715
15134937808 960 715
15134937820 960 715
15134937828 960 540
15134937840 960 540
15134937848 960 540
15134937860 960 540
15134937868 960 540
15134937880 960 540
15134937892 960 540
15134937900 960 540
15134937912 960 540
15134937920 960 540
15134937932 960 540
15134937940 960 540
15134937952 960 540
15134937960 960 540
15134937972 960 540
15134937980 960 540
15134937992 960 540
15134938000 960 540
15134938012 960 540
15134938020 960 540
15134938032 960 540
15134938040 960 540
15134938052 960 540
15134938060 960 540
15134938072 960 540
15134938080 960 540
15134938092 960 540
15134938100 960 540
15134938112 960 540
15134938120 960 540
15134938132 960 540
15134938144 960 540
15134938152 960 540
15134938164 960 540
15134938172 960 540
15134938184 960 540
15134938192 960 540
15134938204 960 540
15134938212 960 540
15134938224 960 540
15134938232 960 540
15134938244 960 540
15134938252 960 540
15134938264 960 540
15134938272 960 540
15134938284 960 540
15134938292 960 540
15134938304 960 540
15134938312 960 540
15134938324 960 540
15134938332 960 540
15134938344 960 540
15134938352 960 540
15134938364 960 540
15134938372 960 540
15134938384 960 540
15134938396 960 540
15134938404 960 540
15134938416 960 540
15134938424 960 540
15134938436 960 540
15134938444 960 540
15134938456 960 540
15134938464 960 540
15134938476 960 540
15134938484 960 540
15134938496 960 540
15134938504 960 540
15134938516 960 540
15134938524 960 540
15134938536 960 540
15134938544 960 540
15134938556 960 540
15134938564 960 540
15134938576 960 540
15134938584 960 540
15134938596 960 540
15134938604 960 540
15134938616 960 540
15134938624 960 540
15134938636 960 540
15134938648 960 540
15134938656 960 540
15134938668 960 540
15134938676 960 540
15134938688 960 540
15134938696 960 540
15134938708 960 540
15134938716 960 540
15134938728 960 540
15134938736 960 540
15134938748 960 540
15134938756 960 540
15134938768 960 540
15134938776 960 540
15134938788 960 540
15134938796 960 540
15134938808 960 540
15134938816 960 540
15134938828 960 540
15134938836 960 540
15134938848 960 540
15134938856 960 540
15134938868 960 540
15134938876 960 540
15134938888 960 540
15134938900 960 540
15134938908 960 540
15134938920 960 540
15134938928 960 540
15134938940 960 540
15134938948 960 540
15134938960 960 540
15134938968 960 540
15134938980 960 540
15134938988 960 540
15134939000 960 540
15134939008 960 540
15134939020 960 540
15134939028 960 540
15134939040 960 540
15134939048 960 540
15134939060 960 540
15134939068 960 540
15134939080 960 540
15134939088 960 540
15134939100 960 540
15134939108 960 540
15134939120 960 540
15134939128 960 540
15134939140 960 540
15134939152 960 540
15134939160 960 540
15134939172 960 540
15134939180 960 540
15134939192 960 540
15134939200 960 540
15134939212 960 540
15134939220 960 540
15134939232 960 540
15134939240 960 540
15134939252 960 540
15134939260 960 540
15134939272 960 540
15134939280 960 540
15134939292 960 540
15134939300 960 540
15134939312 960 540
15134939320 960 540
15134939332 960 890
15134939340 960 890
15134939352 960 890
15134939360 960 890
15134939372 960 890
15134939380 960 890
15134939392 960 890
15134939404 960 890
15134939412 960 890
15134939424 960 890
15134939432 960 890
15134939444 960 890
15134939452 960 890
15134939464 960 890
15134939472 960 890
15134939484 960 890
15134939492 960 890
15134939504 960 890
15134939512 960 890
15134939524 960 890
15134939532 960 890
15134939544 960 890
15134939552 960 890
15134939564 960 890
15134939572 960 890
15134939584 960 890
15134939592 960 890
15134939604 960 890
15134939612 960 890
15134939624 960 890
15134939632 960 890
15134939644 960 890
15134939656 960 890
15134939664 960 890
15134939676 960 890
15134939684 960 890
15134939696 960 890
15134939704 960 890
15134939716 960 890
15134939724 960 890
15134939736 960 890
15134939744 960 890
15134939756 960 890
15134939764 960 890
15134939776 960 890
15134939784 960 890
15134939796 960 890
15134939804 960 890
15134939816 960 890
15134939824 960 890
15134939836 960 890
15134939844 960 890
15134939856 960 890
15134939864 960 890
15134939876 960 890
15134939884 960 890
15134939896 960 890
15134939908 960 890
15134939916 960 890
15134939928 960 890
15134939936 960 890
15134939948 960 890
15134939956 960 890
15134939968 960 890
15134939976 960 890
15134939988 960 890
15134939996 960 890
15134940008 960 890
15134940016 960 890
15134940028 960 890
15134940036 960 890
15134940048 960 890
15134940056 960 890
15134940068 960 890
15134940076 960 890
15134940088 960 890
15134940096 960 890
15134940108 960 890
15134940116 960 890
15134940128 960 890
15134940136 960 890
15134940148 960 890
15134940160 960 890
15134940168 960 890
15134940180 960 890
15134940188 960 890
15134940200 960 890
15134940208 960 890
15134940220 960 890
15134940228 960 890
15134940240 960 890
15134940248 960 890
15134940260 960 890
15134940268 960 890
15134940280 960 890
15134940288 960 890
15134940300 960 890
15134940308 960 890
15134940320 960 890
15134940328 960 890
15134940340 960 890
15134940348 960 890
15134940360 960 890
15134940368 960 890
15134940380 960 890
15134940388 960 890
15134940400 960 890
15134940412 960 890
15134940420 960 890
15134940432 960 890
15134940440 960 890
15134940452 960 890
15134940460 960 890
15134940472 960 890
15134940480 960 890
15134940492 960 890
15134940500 960 890
15134940512 960 890
15134940520 960 890
15134940532 960 890
15134940540 960 890
15134940552 960 890
15134940560 960 890
15134940572 960 890
15134940580 960 890
15134940592 960 890
15134940600 960 890
15134940612 960 890
15134940620 960 890
15134940632 960 890
15134940640 960 890
15134940652 960 890
15134940664 960 890
15134940672 960 890
15134940684 960 890
15134940692 960 890
15134940704 960 890
15134940712 960 890
15134940724 960 890
15134940732 960 890
15134940744 960 890
15134940752 960 890
15134940764 960 890
15134940772 960 890
15134940784 960 890
15134940792 960 890
15134940804 960 890
15134940812 960 890
15134940824 960 890
15134940832 960 540
15134940844 960 540
15134940852 960 540
15134940864 960 540
15134940872 960 540
15134940884 960 540
15134940892 960 540
15134940904 960 540
15134940916 960 540
15134940924 960 540
15134940936 960 540
15134940944 960 540
15134940956 960 540
15134940964 960 540
15134940976 960 540
15134940984 960 540
15134940996 960 540
15134941004 960 540
15134941016 960 540
15134941024 960 540
15134941036 960 540
15134941044 960 540
15134941056 960 540
15134941064 960 540
15134941076 960 540
15134941084 960 540
15134941096 960 540
15134941104 960 540
15134941116 960 540
15134941124 960 540
15134941136 960 540
15134941144 960 540
15134941156 960 540
15134941168 960 540
15134941176 960 540
15134941188 960 540
15134941196 960 540
15134941208 960 540
15134941216 960 540
15134941228 960 540
15134941236 960 540
15134941248 960 540
15134941256 960 540
15134941268 960 540
15134941276 960 540
15134941288 960 540
15134941296 960 540
15134941308 960 540
15134941316 960 540
15134941328 960 540
15134941336 960 540
15134941348 960 540
15134941356 960 540
15134941368 960 540
15134941376 960 540
15134941388 960 540
15134941396 960 540
15134941408 960 540
15134941420 960 540
15134941428 960 540
15134941440 960 540
15134941448 960 540
15134941460 960 540
15134941468 960 540
15134941480 960 540
15134941488 960 540
15134941500 960 540
15134941507 960 540
15134941519 960 540
15134941527 960 540
15134941539 960 540
15134941547 960 540
15134941559 960 540
15134941568 960 540
15134941580 960 540
15134941588 960 540
15134941600 960 540
15134941608 960 540
15134941620 960 540
15134941628 960 540
15134941640 960 540
15134941648 960 540
15134941660 960 540
15134941672 960 540
15134941680 960 540
15134941692 960 540
15134941700 960 540
15134941712 960 540
15134941720 960 540
15134941732 960 540
15134941740 960 540
15134941752 960 540
15134941760 960 540
15134941772 960 540
15134941780 960 540
15134941792 960 540
15134941800 960 540
15134941812 960 540
15134941820 960 540
15134941832 960 540
15134941840 960 540
15134941852 960 540
15134941860 960 540
15134941872 960 540
15134941880 960 540
15134941892 960 540
15134941900 960 540
15134941912 960 540
15134941924 960 540
15134941932 960 540
15134941944 960 540
15134941952 960 540
15134941964 960 540
15134941972 960 540
15134941984 960 540
15134941992 960 540
15134942004 960 540
15134942012 960 540
15134942024 960 540
15134942032 960 540
15134942044 960 540
15134942052 960 540
15134942064 960 540
15134942072 960 540
15134942084 960 540
15134942092 960 540
15134942104 960 540
15134942112 960 540
15134942124 960 540
15134942132 960 540
15134942144 960 540
15134942152 960 540
15134942164 960 540
15134942176 960 540
15134942184 960 540
15134942196 960 540
15134942204 960 540
15134942216 960 540
15134942224 960 540
15134942236 960 540
15134942244 960 540
15134942256 960 540
15134942264 960 540
15134942276 960 540
15134942284 960 540
15134942296 960 540
15134942304 960 540
15134942316 960 540
15134942324 960 540
15134942336 960 365
15134942344 960 365
15134942356 960 365
15134942364 960 365
15134942376 960 365
15134942384 960 365
15134942396 960 365
15134942404 960 365
15134942416 960 365
15134942428 960 365
15134942436 960 365
15134942448 960 365
15134942456 960 365
15134942468 960 365
15134942476 960 365
15134942488 960 365
15134942496 960 365
15134942508 960 365
15134942516 960 365
15134942528 960 365
15134942536 960 365
15134942548 960 365
15134942556 960 365
15134942568 960 365
15134942576 960 365
15134942588 960 365
15134942596 960 365
15134942608 960 365
15134942616 960 365
15134942628 960 365
15134942636 960 365
15134942648 960 365
15134942656 960 365
15134942668 960 365
15134942680 960 365
15134942688 960 365
15134942700 960 365
15134942708 960 365
15134942720 960 365
15134942728 960 365
15134942740 960 365
15134942748 960 365
15134942760 960 365
15134942768 960 365
15134942780 960 365
15134942788 960 365
15134942800 960 365
15134942808 960 365
15134942820 960 365
15134942828 960 365
15134942840 960 365
15134942848 960 365
15134942860 960 365
15134942868 960 365
15134942880 960 365
15134942888 960 365
15134942900 960 365
15134942908 960 365
15134942920 960 365
15134942932 960 365
15134942940 960 365
15134942952 960 365
15134942960 960 365
15134942972 960 365
15134942980 960 365
15134942992 960 365
15134943000 960 365
15134943012 960 365
15134943020 960 365
15134943032 960 365
15134943040 960 365
15134943052 960 365
15134943060 960 365
15134943072 960 365
15134943080 960 365
15134943092 960 365
15134943100 960 365
15134943112 960 365
15134943120 960 365
15134943132 960 365
15134943140 960 365
15134943152 960 365
15134943160 960 365
15134943172 960 365
15134943184 960 365
15134943192 960 365
15134943204 960 365
15134943212 960 365
15134943224 960 365
15134943232 960 365
15134943244 960 365
15134943252 960 365
15134943264 960 365
15134943272 960 365
15134943284 960 365
15134943292 960 365
15134943304 960 365
15134943312 960 365
15134943324 960 365
15134943332 960 365
15134943344 960 365
15134943352 960 365
15134943364 960 365
15134943372 960 365
15134943384 960 365
15134943392 960 365
15134943404 960 365
15134943412 960 365
15134943424 960 365
15134943436 960 365
15134943444 960 365
15134943456 960 365
15134943464 960 365
15134943476 960 365
15134943484 960 365
15134943496 960 365
15134943504 960 365
15134943516 960 365
15134943524 960 365
15134943536 960 365
15134943544 960 365
15134943556 960 365
15134943564 960 365
15134943576 960 365
15134943584 960 365
15134943596 960 365
15134943604 960 365
15134943616 960 365
15134943624 960 365
15134943636 960 365
15134943644 960 365
15134943656 960 365
15134943664 960 365
15134943676 960 365
15134943688 960 365
15134943696 960 365
15134943708 960 365
15134943716 960 365
15134943728 960 365
15134943736 960 365
15134943748 960 365
15134943756 960 365
15134943768 960 365
15134943776 960 365
15134943788 960 365
15134943796 960 365
15134943808 960 365
15134943816 960 365
15134943828 960 365
15134943836 960 540
15134943848 960 540
15134943856 960 540
15134943868 960 540
15134943876 960 540
15134943888 960 540
15134943896 960 540
15134943908 960 540
15134943916 960 540
15134943928 960 540
15134943940 960 540
15134943948 960 540
15134943960 960 540
15134943968 960 540
15134943980 960 540
15134943988 960 540
15134944000 960 540
15134944008 960 540
15134944020 960 540
15134944028 960 540
15134944040 960 540
15134944048 960 540
15134944060 960 540
15134944068 960 540
15134944080 960 540
15134944088 960 540
15134944100 960 540
15134944108 960 540
15134944120 960 540
15134944128 960 540
15134944140 960 540
15134944148 960 540
15134944160 960 540
15134944168 960 540
15134944180 960 540
15134944192 960 540
15134944200 960 540
15134944212 960 540
15134944220 960 540
15134944232 960 540
15134944240 960 540
15134944252 960 540
15134944295 960 540
15134944297 960 540
15134944311 960 540
15134944319 960 540
15134944332 960 540
15134944341 960 540
15134944353 960 540
15134944361 960 540
15134944373 960 540
15134944381 960 540
15134944393 960 540
15134944401 960 540
15134944413 960 540
15134944421 960 540
15134944433 960 540
15134944445 960 540
15134944453 960 540
15134944465 960 540
15134944473 960 540
15134944485 960 540
15134944493 960 540
15134944505 960 540
15134944513 960 540
15134944525 960 540
15134944533 960 540
15134944545 960 540
15134944553 960 540
15134944565 960 540
15134944573 960 540
15134944585 960 540
15134944593 960 540
15134944605 960 540
15134944613 960 540
15134944625 960 540
15134944633 960 540
15134944645 960 540
15134944653 960 540
15134944665 960 540
15134944673 960 540
15134944685 960 540
15134944697 960 540
15134944705 960 540
15134944717 960 540
15134944725 960 540
15134944737 960 540
15134944745 960 540
15134944757 960 540
15134944765 960 540
15134944777 960 540
15134944785 960 540
15134944797 960 540
15134944805 960 540
15134944817 960 540
15134944825 960 540
15134944837 960 540
15134944845 960 540
15134944857 960 540
15134944865 960 540
15134944877 960 540
15134944885 960 540
15134944897 960 540
15134944905 960 540
15134944917 960 540
15134944925 960 540
15134944937 960 540
15134944949 960 540
15134944957 960 540
15134944969 960 540
15134944977 960 540
15134944989 960 540
15134944997 960 540
15134945009 960 540
15134945017 960 540
15134945029 960 540
15134945037 960 540
15134945049 960 540
15134945057 960 540
15134945069 960 540
15134945077 960 540
15134945089 960 540
15134945097 960 540
15134945109 960 540
15134945117 960 540
15134945129 960 540
15134945137 960 540
15134945149 960 540
15134945157 960 540
15134945169 960 540
15134945177 960 540
15134945189 960 540
15134945201 960 540
15134945209 960 540
15134945221 960 540
15134945229 960 540
15134945241 960 540
15134945249 960 540
15134945261 960 540
15134945269 960 540
15134945281 960 540
15134945289 960 540
15134945301 960 540
15134945309 960 540
15134945321 960 540
15134945329 960 540
15134945341 960 190
15134945349 960 190
15134945361 960 190
15134945369 960 190
15134945381 960 190
15134945389 960 190
15134945401 960 190
15134945409 960 190
15134945421 960 190
15134945429 960 190
15134945441 960 190
15134945453 960 190
15134945461 960 190
15134945473 960 190
15134945481 960 190
15134945493 960 190
15134945501 960 190
15134945513 960 190
15134945521 960 190
15134945533 960 190
15134945541 960 190
15134945553 960 190
15134945561 960 190
15134945573 960 190
15134945581 960 190
15134945593 960 190
15134945601 960 190
15134945613 960 190
15134945621 960 190
15134945633 960 190
15134945641 960 190
15134945653 960 190
15134945661 960 190
15134945673 960 190
15134945681 960 190
15134945693 960 190
15134945705 960 190
15134945713 960 190
15134945725 960 190
15134945733 960 190
15134945745 960 190
15134945753 960 190
15134945765 960 190
15134945773 960 190
15134945785 960 190
15134945793 960 190
15134945805 960 190
15134945813 960 190
15134945825 960 190
15134945833 960 190
15134945845 960 190
15134945853 960 190
15134945865 960 190
15134945873 960 190
15134945885 960 190
15134945893 960 190
15134945905 960 190
15134945913 960 190
15134945925 960 190
15134945933 960 190
15134945945 960 190
15134945957 960 190
15134945965 960 190
15134945977 960 190
15134945985 960 190
15134945997 960 190
15134946005 960 190
15134946017 960 190
15134946025 960 190
15134946037 960 190
15134946045 960 190
15134946057 960 190
15134946065 960 190
15134946077 960 190
15134946085 960 190
15134946097 960 190
15134946105 960 190
15134946117 960 190
15134946125 960 190
15134946137 960 190
15134946145 960 190
15134946157 960 190
15134946165 960 190
15134946177 960 190
15134946185 960 190
15134946197 960 190
15134946209 960 190
15134946217 960 190
15134946229 960 190
15134946237 960 190
15134946249 960 190
15134946257 960 190
15134946269 960 190
15134946277 960 190
15134946289 960 190
15134946297 960 190
15134946309 960 190
15134946317 960 190
15134946329 960 190
15134946337 960 190
15134946349 960 190
15134946357 960 190
15134946369 960 190
15134946377 960 190
15134946389 960 190
15134946397 960 190
15134946409 960 190
15134946417 960 190
15134946429 960 190
15134946437 960 190
15134946449 960 190
15134946461 960 190
15134946469 960 190
15134946481 960 190
15134946489 960 190
15134946501 960 190
15134946509 960 190
15134946521 960 190
15134946529 960 190
15134946541 960 190
15134946549 960 190
15134946561 960 190
15134946569 960 190
15134946581 960 190
15134946589 960 190
15134946601 960 190
15134946609 960 190
15134946621 960 190
15134946629 960 190
15134946641 960 190
15134946649 960 190
15134946661 960 190
15134946669 960 190
15134946681 960 190
15134946689 960 190
15134946701 960 190
15134946713 960 190
15134946721 960 190
15134946733 960 190
15134946741 960 190
15134946753 960 190
15134946761 960 190
15134946773 960 190
15134946781 960 190
15134946793 960 190
15134946801 960 190
15134946813 960 190
15134946821 960 190
15134946833 960 190
15134946841 960 540
15134946853 960 540
15134946861 960 540
15134946873 960 540
15134946881 960 540
15134946893 960 540
15134946901 960 540
15134946913 960 540
15134946921 960 540
15134946933 960 540
15134946941 960 540
15134946953 960 540
15134946965 960 540
15134946973 960 540
15134946985 960 540
15134946993 960 540
15134947005 960 540
15134947013 960 540
15134947025 960 540
15134947033 960 540
15134947045 960 540
15134947053 960 540
15134947065 960 540
15134947073 960 540
15134947085 960 540
15134947093 960 540
15134947105 960 540
15134947113 960 540
15134947125 960 540
15134947133 960 540
15134947145 960 540
15134947153 960 540
15134947165 960 540
15134947173 960 540
15134947185 960 540
15134947193 960 540
15134947205 960 540
15134947217 960 540
15134947225 960 540
15134947237 960 540
15134947245 960 540
15134947257 960 540
15134947265 960 540
15134947277 960 540
15134947285 960 540
15134947297 960 540
15134947305 960 540
15134947317 960 540
15134947325 960 540
15134947337 960 540
15134947345 960 540
15134947357 960 540
15134947365 960 540
15134947377 960 540
15134947385 960 540
15134947397 960 540
15134947405 960 540
15134947417 960 540
15134947425 960 540
15134947437 960 540
15134947445 960 540
15134947457 960 540
15134947469 960 540
15134947477 960 540
15134947489 960 540
15134947497 960 540
15134947509 960 540
15134947517 960 540
15134947529 960 540
15134947537 960 540
15134947549 960 540
15134947557 960 540
15134947569 960 540
15134947577 960 540
15134947589 960 540
15134947597 960 540
15134947609 960 540
15134947617 960 540
15134947629 960 540
15134947637 960 540
15134947649 960 540
15134947657 960 540
15134947669 960 540
15134947677 960 540
15134947689 960 540
15134947697 960 540
15134947709 960 540
15134947721 960 540
15134947729 960 540
15134947741 960 540
15134947749 960 540
15134947761 960 540
15134947769 960 540
15134947781 960 540
15134947789 960 540
15134947801 960 540
15134947809 960 540
15134947821 960 540
15134947829 960 540
15134947841 960 540
15134947849 960 540
15134947861 960 540
15134947869 960 540
15134947881 960 540
15134947889 960 540
15134947901 960 540
15134947909 960 540
15134947921 960 540
15134947929 960 540
15134947941 960 540
15134947949 960 540
15134947961 960 540
15134947973 960 540
15134947981 960 540
15134947993 960 540
15134948001 960 540
15134948013 960 540
15134948021 960 540
15134948033 960 540
15134948041 960 540
15134948053 960 540
15134948061 960 540
15134948073 960 540
15134948081 960 540
15134948093 960 540
15134948101 960 540
15134948113 960 540
15134948121 960 540
15134948133 960 540
15134948141 960 540
15134948153 960 540
15134948161 960 540
15134948173 960 540
15134948181 960 540
15134948193 960 540
15134948201 960 540
15134948213 960 540
15134948225 960 540
15134948233 960 540
15134948245 960 540
15134948253 960 540
15134948265 960 540
15134948273 960 540
15134948285 960 540
15134948293 960 540
15134948305 960 540
15134948313 960 540
15134948325 960 540
15134948333 960 540
15134948345 960 365
15134948353 960 365
15134948365 960 365
15134948373 960 365
15134948385 960 365
15134948393 960 365
15134948405 960 365
15134948413 960 365
15134948425 960 365
15134948433 960 365
15134948445 960 365
15134948453 960 365
15134948465 960 365
15134948477 960 365
15134948485 960 365
15134948497 960 365
15134948505 960 365
15134948517 960 365
15134948525 960 365
15134948537 960 365
15134948545 960 365
15134948557 960 365
15134948565 960 365
15134948577 960 365
15134948585 960 365
15134948597 960 365
15134948605 960 365
15134948617 960 365
15134948625 960 365
15134948637 960 365
15134948645 960 365
15134948657 960 365
15134948665 960 365
15134948677 960 365
15134948685 960 365
15134948697 960 365
15134948705 960 365
15134948717 960 365
15134948729 960 365
15134948737 960 365
15134948749 960 365
15134948757 960 365
15134948769 960 365
15134948777 960 365
15134948789 960 365
15134948797 960 365
15134948809 960 365
15134948817 960 365
15134948829 960 365
15134948837 960 365
15134948849 960 365
15134948857 960 365
15134948869 960 365
15134948877 960 365
15134948889 960 365
15134948897 960 365
15134948909 960 365
15134948917 960 365
15134948929 960 365
15134948937 960 365
15134948949 960 365
15134948957 960 365
15134948969 960 365
15134948981 960 365
15134948989 960 365
15134949001 960 365
15134949009 960 365
15134949021 960 365
15134949029 960 365
15134949041 960 365
15134949049 960 365
15134949061 960 365
15134949069 960 365
15134949081 960 365
15134949089 960 365
15134949101 960 365
15134949109 960 365
15134949121 960 365
15134949129 960 365
15134949141 960 365
15134949149 960 365
15134949161 960 365
15134949169 960 365
15134949181 960 365
15134949189 960 365
15134949201 960 365
15134949209 960 365
15134949221 960 365
15134949233 960 365
15134949241 960 365
15134949253 960 365
15134949261 960 365
15134949273 960 365
15134949281 960 365
15134949293 960 365
15134949301 960 365
15134949313 960 365
15134949321 960 365
15134949333 960 365
15134949341 960 365
15134949353 960 365
15134949361 960 365
15134949373 960 365
15134949381 960 365
15134949393 960 365
15134949401 960 365
15134949413 960 365
15134949421 960 365
15134949433 960 365
15134949441 960 365
15134949453 960 365
15134949461 960 365
15134949473 960 365
15134949485 960 365
15134949493 960 365
15134949505 960 365
15134949513 960 365
15134949525 960 365
15134949533 960 365
15134949545 960 365
15134949553 960 365
15134949565 960 365
15134949573 960 365
15134949585 960 365
15134949593 960 365
15134949605 960 365
15134949613 960 365
15134949625 960 365
15134949633 960 365
15134949645 960 365
15134949653 960 365
15134949665 960 365
15134949673 960 365
15134949685 960 365
15134949693 960 365
15134949705 960 365
15134949713 960 365
15134949725 960 365
15134949737 960 365
15134949745 960 365
15134949757 960 365
15134949765 960 365
15134949777 960 365
15134949785 960 365
15134949797 960 365
15134949805 960 365
15134949817 960 365
15134949825 960 365
15134949837 960 365
