15164046140 20 20
15164046142 20 20
15164046153 20 20
15164046165 20 20
15164046174 20 20
15164046186 20 20
15164046194 20 20
15164046207 20 20
15164046215 20 20
15164046227 20 20
15164046234 20 20
15164046246 20 20
15164046254 20 20
15164046266 20 20
15164046274 20 20
15164046286 20 20
15164046294 20 20
15164046307 20 20
15164046314 20 20
15164046327 20 20
15164046334 20 20
15164046346 20 20
15164046354 20 20
15164046366 20 20
15164046378 20 20
15164046386 20 20
15164046398 20 20
15164046406 20 20
15164046418 20 20
15164046426 20 20
15164046438 20 20
15164046446 20 20
15164046459 20 20
15164046466 20 20
15164046479 20 20
15164046486 20 20
15164046498 20 20
15164046506 20 20
15164046518 20 20
15164046526 20 20
15164046538 20 20
15164046546 20 20
15164046559 20 20
15164046567 20 20
15164046579 20 20
15164046587 20 20
15164046599 20 20
15164046607 20 20
15164046619 20 20
15164046631 20 20
15164046639 20 20
15164046651 20 20
15164046659 20 20
15164046671 20 20
15164046678 20 20
15164046690 20 20
15164046699 20 20
15164046711 20 20
15164046719 20 20
15164046731 20 20
15164046739 20 20
15164046751 20 20
15164046759 20 20
15164046771 20 20
15164046779 20 20
15164046791 20 20
15164046798 20 20
15164046811 20 20
15164046818 20 20
15164046831 20 20
15164046839 20 20
15164046851 20 20
15164046859 20 20
15164046871 20 20
15164046883 20 20
15164046891 20 20
15164046902 20 20
15164046910 20 20
15164046922 20 20
15164046931 20 20
15164046943 20 20
15164046951 20 20
15164046962 20 20
15164046970 20 20
15164046982 20 20
15164046990 20 20
15164047002 20 20
15164047010 20 20
15164047023 20 20
15164047030 20 20
15164047043 20 20
15164047050 20 20
15164047063 20 20
15164047070 20 20
15164047082 20 20
15164047091 20 20
15164047102 20 20
15164047110 20 20
15164047123 20 20
15164047135 20 20
15164047142 20 20
15164047155 20 20
15164047162 20 20
15164047174 20 20
15164047183 20 20
15164047194 20 20
15164047202 20 20
15164047214 20 20
15164047222 20 20
15164047234 20 20
15164047242 20 20
15164047254 20 20
15164047262 20 20
15164047274 20 20
15164047282 20 20
15164047294 20 20
15164047302 20 20
15164047314 20 20
15164047322 20 20
15164047334 20 20
15164047342 20 20
15164047354 20 20
15164047362 20 20
15164047374 20 20
15164047386 20 20
15164047395 20 20
15164047406 20 20
15164047414 20 20
15164047426 20 20
15164047434 20 20
15164047446 20 20
15164047454 20 20
15164047466 20 20
15164047474 20 20
15164047486 20 20
15164047495 20 20
15164047507 20 20
15164047514 20 20
15164047526 20 20
15164047534 20 20
15164047547 20 20
15164047554 20 20
15164047566 20 20
15164047574 20 20
15164047586 20 20
15164047594 20 20
15164047606 20 20
15164047615 20 20
15164047626 20 20
15164047638 20 20
15164048503 960 20
15164048515 960 20
15164048522 960 20
15164048535 960 20
15164048542 960 20
15164048554 960 20
15164048563 960 20
15164048574 960 20
15164048582 960 20
15164048594 960 20
15164048602 960 20
15164048614 960 20
15164048622 960 20
15164048635 960 20
15164048646 960 20
15164048654 960 20
15164048666 960 20
15164048674 960 20
15164048686 960 20
15164048694 960 20
15164048707 960 20
15164048714 960 20
15164048727 960 20
15164048734 960 20
15164048746 960 20
15164048755 960 20
15164048767 960 20
15164048774 960 20
15164048786 960 20
15164048794 960 20
15164048807 960 20
15164048815 960 20
15164048827 960 20
15164048835 960 20
15164048846 960 20
15164048855 960 20
15164048866 960 20
15164048875 960 20
15164048887 960 20
15164048899 960 20
15164048907 960 20
15164048919 960 20
15164048926 960 20
15164048939 960 20
15164048947 960 20
15164048959 960 20
15164048967 960 20
15164048978 960 20
15164048987 960 20
15164048999 960 20
15164049007 960 20
15164049018 960 20
15164049027 960 20
15164049038 960 20
15164049047 960 20
15164049059 960 20
15164049067 960 20
15164049079 960 20
15164049087 960 20
15164049099 960 20
15164049107 960 20
15164049119 960 20
15164049127 960 20
15164049138 960 20
15164049151 960 20
15164049158 960 20
15164049170 960 20
15164049178 960 20
15164049190 960 20
15164049198 960 20
15164049210 960 20
15164049218 960 20
15164049230 960 20
15164049238 960 20
15164049250 960 20
15164049258 960 20
15164049270 960 20
15164049278 960 20
15164049290 960 20
15164049298 960 20
15164049310 960 20
15164049318 960 20
15164049330 960 20
15164049338 960 20
15164049351 960 20
15164049358 960 20
15164049370 960 20
15164049378 960 20
15164049390 960 20
15164049402 960 20
15164049410 960 20
15164049422 960 20
15164049431 960 20
15164049442 960 20
15164049450 960 20
15164049462 960 20
15164049470 960 20
15164049482 960 20
15164049490 960 20
15164049502 960 20
15164049510 960 20
15164049522 960 20
15164049530 960 20
15164049542 960 20
15164049550 960 20
15164049562 960 20
15164049571 960 20
15164049582 960 20
15164049590 960 20
15164049602 960 20
15164049610 960 20
15164049622 960 20
15164049630 960 20
15164049642 960 20
15164049654 960 20
15164049662 960 20
15164049674 960 20
15164049682 960 20
15164049694 960 20
15164049702 960 20
15164049714 960 20
15164049722 960 20
15164049734 960 20
15164049742 960 20
15164049754 960 20
15164049762 960 20
15164049774 960 20
15164049782 960 20
15164049794 960 20
15164049802 960 20
15164049814 960 20
15164049822 960 20
15164049834 960 20
15164049842 960 20
15164049854 960 20
15164049862 960 20
15164049874 960 20
15164049882 960 20
15164049894 960 20
15164049906 960 20
15164049914 960 20
15164049926 960 20
15164049934 960 20
15164049946 960 20
15164049954 960 20
15164049966 960 20
15164049974 960 20
15164049986 960 20
15164049994 960 20
15164051135 1900 20
15164051143 1900 20
15164051154 1900 20
15164051166 1900 20
15164051174 1900 20
15164051186 1900 20
15164051194 1900 20
15164051206 1900 20
15164051214 1900 20
15164051226 1900 20
15164051234 1900 20
15164051246 1900 20
15164051254 1900 20
15164051266 1900 20
15164051274 1900 20
15164051286 1900 20
15164051294 1900 20
15164051306 1900 20
15164051314 1900 20
15164051326 1900 20
15164051334 1900 20
15164051346 1900 20
15164051354 1900 20
15164051366 1900 20
15164051374 1900 20
15164051386 1900 20
15164051394 1900 20
15164051406 1900 20
15164051418 1900 20
15164051426 1900 20
15164051438 1900 20
15164051446 1900 20
15164051458 1900 20
15164051466 1900 20
15164051478 1900 20
15164051486 1900 20
15164051498 1900 20
15164051506 1900 20
15164051518 1900 20
15164051526 1900 20
15164051538 1900 20
15164051546 1900 20
15164051558 1900 20
15164051566 1900 20
15164051578 1900 20
15164051586 1900 20
15164051598 1900 20
15164051606 1900 20
15164051618 1900 20
15164051626 1900 20
15164051638 1900 20
15164051646 1900 20
15164051658 1900 20
15164051670 1900 20
15164051678 1900 20
15164051690 1900 20
15164051698 1900 20
15164051710 1900 20
15164051718 1900 20
15164051730 1900 20
15164051738 1900 20
15164051750 1900 20
15164051758 1900 20
15164051770 1900 20
15164051778 1900 20
15164051790 1900 20
15164051798 1900 20
15164051810 1900 20
15164051818 1900 20
15164051830 1900 20
15164051838 1900 20
15164051850 1900 20
15164051858 1900 20
15164051870 1900 20
15164051878 1900 20
15164051890 1900 20
15164051898 1900 20
15164051910 1900 20
15164051922 1900 20
15164051930 1900 20
15164051942 1900 20
15164051950 1900 20
15164051962 1900 20
15164051970 1900 20
15164051982 1900 20
15164051990 1900 20
15164052002 1900 20
15164052010 1900 20
15164052022 1900 20
15164052030 1900 20
15164052042 1900 20
15164052050 1900 20
15164052062 1900 20
15164052070 1900 20
15164052082 1900 20
15164052090 1900 20
15164052102 1900 20
15164052110 1900 20
15164052122 1900 20
15164052130 1900 20
15164052142 1900 20
15164052150 1900 20
15164052162 1900 20
15164052174 1900 20
15164052182 1900 20
15164052194 1900 20
15164052202 1900 20
15164052214 1900 20
15164052222 1900 20
15164052234 1900 20
15164052242 1900 20
15164052254 1900 20
15164052262 1900 20
15164052274 1900 20
15164052282 1900 20
15164052294 1900 20
15164052302 1900 20
15164052314 1900 20
15164052322 1900 20
15164052334 1900 20
15164052342 1900 20
15164052354 1900 20
15164052362 1900 20
15164052374 1900 20
15164052382 1900 20
15164052394 1900 20
15164052402 1900 20
15164052414 1900 20
15164052426 1900 20
15164052434 1900 20
15164052446 1900 20
15164052454 1900 20
15164052466 1900 20
15164052474 1900 20
15164052486 1900 20
15164052494 1900 20
15164052506 1900 20
15164052514 1900 20
15164052526 1900 20
15164052534 1900 20
15164052546 1900 20
15164052554 1900 20
15164052566 1900 20
15164052574 1900 20
15164052586 1900 20
15164052594 1900 20
15164052606 1900 20
15164052614 1900 20
15164052626 1900 20
15164053562 1900 540
15164053574 1900 540
15164053582 1900 540
15164053594 1900 540
15164053602 1900 540
15164053614 1900 540
15164053622 1900 540
15164053634 1900 540
15164053642 1900 540
15164053654 1900 540
15164053662 1900 540
15164053674 1900 540
15164053686 1900 540
15164053694 1900 540
15164053706 1900 540
15164053714 1900 540
15164053726 1900 540
15164053734 1900 540
15164053746 1900 540
15164053754 1900 540
15164053766 1900 540
15164053774 1900 540
15164053786 1900 540
15164053794 1900 540
15164053806 1900 540
15164053814 1900 540
15164053826 1900 540
15164053834 1900 540
15164053846 1900 540
15164053854 1900 540
15164053866 1900 540
15164053874 1900 540
15164053886 1900 540
15164053894 1900 540
15164053906 1900 540
15164053914 1900 540
15164053926 1900 540
15164053938 1900 540
15164053946 1900 540
15164053958 1900 540
15164053966 1900 540
15164053978 1900 540
15164053986 1900 540
15164053998 1900 540
15164054006 1900 540
15164054018 1900 540
15164054026 1900 540
15164054038 1900 540
15164054046 1900 540
15164054058 1900 540
15164054066 1900 540
15164054078 1900 540
15164054086 1900 540
15164054098 1900 540
15164054106 1900 540
15164054118 1900 540
15164054126 1900 540
15164054138 1900 540
15164054146 1900 540
15164054158 1900 540
15164054166 1900 540
15164054178 1900 540
15164054190 1900 540
15164054198 1900 540
15164054210 1900 540
15164054218 1900 540
15164054230 1900 540
15164054238 1900 540
15164054250 1900 540
15164054258 1900 540
15164054270 1900 540
15164054278 1900 540
15164054290 1900 540
15164054298 1900 540
15164054310 1900 540
15164054318 1900 540
15164054330 1900 540
15164054338 1900 540
15164054350 1900 540
15164054358 1900 540
15164054370 1900 540
15164054378 1900 540
15164054390 1900 540
15164054398 1900 540
15164054410 1900 540
15164054418 1900 540
15164054430 1900 540
15164054442 1900 540
15164054450 1900 540
15164054462 1900 540
15164054470 1900 540
15164054482 1900 540
15164054490 1900 540
15164054502 1900 540
15164054510 1900 540
15164054522 1900 540
15164054530 1900 540
15164054542 1900 540
15164054550 1900 540
15164054562 1900 540
15164054570 1900 540
15164054582 1900 540
15164054590 1900 540
15164054602 1900 540
15164054610 1900 540
15164054622 1900 540
15164054630 1900 540
15164054642 1900 540
15164054650 1900 540
15164054662 1900 540
15164054670 1900 540
15164054682 1900 540
15164054694 1900 540
15164054702 1900 540
15164054714 1900 540
15164054722 1900 540
15164054734 1900 540
15164054742 1900 540
15164054754 1900 540
15164054762 1900 540
15164054774 1900 540
15164054782 1900 540
15164054794 1900 540
15164054802 1900 540
15164054814 1900 540
15164054822 1900 540
15164054834 1900 540
15164054842 1900 540
15164054854 1900 540
15164054862 1900 540
15164054874 1900 540
15164054882 1900 540
15164054894 1900 540
15164054902 1900 540
15164054914 1900 540
15164054922 1900 540
15164054934 1900 540
15164054946 1900 540
15164054954 1900 540
15164054966 1900 540
15164054974 1900 540
15164054986 1900 540
15164054994 1900 540
15164055006 1900 540
15164055014 1900 540
15164055026 1900 540
15164055034 1900 540
15164055046 1900 540
15164055054 1900 540
15164055903 950 540
15164055910 950 540
15164055922 950 540
15164055930 950 540
15164055942 950 540
15164055954 950 540
15164055962 950 540
15164055974 950 540
15164055982 950 540
15164055994 950 540
15164056002 950 540
15164056014 950 540
15164056022 950 540
15164056034 950 540
15164056042 950 540
15164056054 950 540
15164056062 950 540
15164056074 950 540
15164056082 950 540
15164056094 950 540
15164056102 950 540
15164056114 950 540
15164056122 950 540
15164056134 950 540
15164056142 950 540
15164056154 950 540
15164056162 950 540
15164056174 950 540
15164056182 950 540
15164056194 950 540
15164056206 950 540
15164056214 950 540
15164056226 950 540
15164056234 950 540
15164056246 950 540
15164056254 950 540
15164056266 950 540
15164056274 950 540
15164056286 950 540
15164056294 950 540
15164056306 950 540
15164056314 950 540
15164056326 950 540
15164056334 950 540
15164056346 950 540
15164056354 950 540
15164056366 950 540
15164056374 950 540
15164056386 950 540
15164056394 950 540
15164056406 950 540
15164056414 950 540
15164056426 950 540
15164056434 950 540
15164056446 950 540
15164056458 950 540
15164056466 950 540
15164056478 950 540
15164056486 950 540
15164056498 950 540
15164056506 950 540
15164056518 950 540
15164056526 950 540
15164056538 950 540
15164056546 950 540
15164056558 950 540
15164056566 950 540
15164056578 950 540
15164056586 950 540
15164056598 950 540
15164056606 950 540
15164056618 950 540
15164056626 950 540
15164056638 950 540
15164056646 950 540
15164056658 950 540
15164056666 950 540
15164056678 950 540
15164056686 950 540
15164056698 950 540
15164056710 950 540
15164056718 950 540
15164056730 950 540
15164056738 950 540
15164056750 950 540
15164056758 950 540
15164056770 950 540
15164056778 950 540
15164056790 950 540
15164056798 950 540
15164056810 950 540
15164056818 950 540
15164056830 950 540
15164056838 950 540
15164056850 950 540
15164056858 950 540
15164056870 950 540
15164056878 950 540
15164056890 950 540
15164056898 950 540
15164056910 950 540
15164056918 950 540
15164056930 950 540
15164056938 950 540
15164056950 950 540
15164056962 950 540
15164056970 950 540
15164056982 950 540
15164056990 950 540
15164057002 950 540
15164057010 950 540
15164057022 950 540
15164057030 950 540
15164057042 950 540
15164057050 950 540
15164057062 950 540
15164057070 950 540
15164057082 950 540
15164057090 950 540
15164057102 950 540
15164057110 950 540
15164057122 950 540
15164057130 950 540
15164057142 950 540
15164057150 950 540
15164057162 950 540
15164057170 950 540
15164057182 950 540
15164057190 950 540
15164057202 950 540
15164057214 950 540
15164057222 950 540
15164057234 950 540
15164057242 950 540
15164057254 950 540
15164057262 950 540
15164057274 950 540
15164057282 950 540
15164057294 950 540
15164057302 950 540
15164057314 950 540
15164057322 950 540
15164057334 950 540
15164057342 950 540
15164057354 950 540
15164057362 950 540
15164057374 950 540
15164057382 950 540
15164057394 950 540
15164058210 20 540
15164058222 20 540
15164058230 20 540
15164058242 20 540
15164058250 20 540
15164058262 20 540
15164058270 20 540
15164058282 20 540
15164058290 20 540
15164058302 20 540
15164058310 20 540
15164058322 20 540
15164058330 20 540
15164058342 20 540
15164058350 20 540
15164058362 20 540
15164058370 20 540
15164058382 20 540
15164058390 20 540
15164058402 20 540
15164058410 20 540
15164058422 20 540
15164058430 20 540
15164058442 20 540
15164058450 20 540
15164058462 20 540
15164058474 20 540
15164058482 20 540
15164058494 20 540
15164058502 20 540
15164058514 20 540
15164058522 20 540
15164058534 20 540
15164058542 20 540
15164058554 20 540
15164058562 20 540
15164058574 20 540
15164058582 20 540
15164058594 20 540
15164058602 20 540
15164058614 20 540
15164058622 20 540
15164058634 20 540
15164058642 20 540
15164058654 20 540
15164058662 20 540
15164058674 20 540
15164058682 20 540
15164058694 20 540
15164058702 20 540
15164058714 20 540
15164058726 20 540
15164058734 20 540
15164058746 20 540
15164058754 20 540
15164058766 20 540
15164058774 20 540
15164058786 20 540
15164058794 20 540
15164058806 20 540
15164058814 20 540
15164058826 20 540
15164058834 20 540
15164058846 20 540
15164058854 20 540
15164058866 20 540
15164058874 20 540
15164058886 20 540
15164058894 20 540
15164058906 20 540
15164058914 20 540
15164058926 20 540
15164058934 20 540
15164058946 20 540
15164058954 20 540
15164058966 20 540
15164058978 20 540
15164058986 20 540
15164058998 20 540
15164059006 20 540
15164059018 20 540
15164059026 20 540
15164059038 20 540
15164059046 20 540
15164059058 20 540
15164059066 20 540
15164059078 20 540
15164059086 20 540
15164059098 20 540
15164059106 20 540
15164059118 20 540
15164059126 20 540
15164059138 20 540
15164059146 20 540
15164059158 20 540
15164059166 20 540
15164059178 20 540
15164059186 20 540
15164059198 20 540
15164059206 20 540
15164059218 20 540
15164059230 20 540
15164059238 20 540
15164059250 20 540
15164059258 20 540
15164059270 20 540
15164059278 20 540
15164059290 20 540
15164059298 20 540
15164059310 20 540
15164059318 20 540
15164059330 20 540
15164059338 20 540
15164059350 20 540
15164059358 20 540
15164059370 20 540
15164059378 20 540
15164059390 20 540
15164059398 20 540
15164059410 20 540
15164059418 20 540
15164059430 20 540
15164059438 20 540
15164059450 20 540
15164059458 20 540
15164059470 20 540
15164059482 20 540
15164059490 20 540
15164059502 20 540
15164059510 20 540
15164059522 20 540
15164059530 20 540
15164059542 20 540
15164059550 20 540
15164059562 20 540
15164059570 20 540
15164059582 20 540
15164059590 20 540
15164059602 20 540
15164059610 20 540
15164059622 20 540
15164059630 20 540
15164059642 20 540
15164059650 20 540
15164059662 20 540
15164059670 20 540
15164059682 20 540
15164059690 20 540
15164059702 20 540
15164100439 20 1060
15164100446 20 1060
15164100458 20 1060
15164100466 20 1060
15164100478 20 1060
15164100490 20 1060
15164100498 20 1060
15164100510 20 1060
15164100518 20 1060
15164100530 20 1060
15164100538 20 1060
15164100550 20 1060
15164100558 20 1060
15164100570 20 1060
15164100578 20 1060
15164100590 20 1060
15164100598 20 1060
15164100610 20 1060
15164100618 20 1060
15164100630 20 1060
15164100638 20 1060
15164100650 20 1060
15164100658 20 1060
15164100670 20 1060
15164100678 20 1060
15164100690 20 1060
15164100698 20 1060
15164100710 20 1060
15164100718 20 1060
15164100730 20 1060
15164100742 20 1060
15164100750 20 1060
15164100762 20 1060
15164100770 20 1060
15164100782 20 1060
15164100790 20 1060
15164100802 20 1060
15164100810 20 1060
15164100822 20 1060
15164100830 20 1060
15164100842 20 1060
15164100850 20 1060
15164100862 20 1060
15164100870 20 1060
15164100882 20 1060
15164100890 20 1060
15164100902 20 1060
15164100910 20 1060
15164100922 20 1060
15164100930 20 1060
15164100942 20 1060
15164100950 20 1060
15164100962 20 1060
15164100970 20 1060
15164100982 20 1060
15164100994 20 1060
15164101002 20 1060
15164101014 20 1060
15164101022 20 1060
15164101034 20 1060
15164101042 20 1060
15164101054 20 1060
15164101062 20 1060
15164101074 20 1060
15164101082 20 1060
15164101094 20 1060
15164101102 20 1060
15164101114 20 1060
15164101122 20 1060
15164101134 20 1060
15164101142 20 1060
15164101154 20 1060
15164101162 20 1060
15164101174 20 1060
15164101182 20 1060
15164101194 20 1060
15164101202 20 1060
15164101214 20 1060
15164101222 20 1060
15164101234 20 1060
15164101246 20 1060
15164101254 20 1060
15164101266 20 1060
15164101274 20 1060
15164101286 20 1060
15164101294 20 1060
15164101306 20 1060
15164101314 20 1060
15164101326 20 1060
15164101334 20 1060
15164101346 20 1060
15164101354 20 1060
15164101366 20 1060
15164101374 20 1060
15164101386 20 1060
15164101394 20 1060
15164101406 20 1060
15164101414 20 1060
15164101426 20 1060
15164101434 20 1060
15164101446 20 1060
15164101454 20 1060
15164101466 20 1060
15164101474 20 1060
15164101486 20 1060
15164101498 20 1060
15164101506 20 1060
15164101518 20 1060
15164101526 20 1060
15164101538 20 1060
15164101546 20 1060
15164101558 20 1060
15164101566 20 1060
15164101578 20 1060
15164101586 20 1060
15164101598 20 1060
15164101606 20 1060
15164101618 20 1060
15164101626 20 1060
15164101638 20 1060
15164101646 20 1060
15164101658 20 1060
15164101666 20 1060
15164101678 20 1060
15164101686 20 1060
15164101698 20 1060
15164101706 20 1060
15164101718 20 1060
15164101726 20 1060
15164101738 20 1060
15164101750 20 1060
15164101758 20 1060
15164101770 20 1060
15164101778 20 1060
15164101790 20 1060
15164101798 20 1060
15164101810 20 1060
15164101818 20 1060
15164101830 20 1060
15164101838 20 1060
15164101850 20 1060
15164101858 20 1060
15164101870 20 1060
15164101878 20 1060
15164101890 20 1060
15164101898 20 1060
15164101910 20 1060
15164101918 20 1060
15164101930 20 1060
15164102839 950 1060
15164102847 950 1060
15164102859 950 1060
15164102867 950 1060
15164102879 950 1060
15164102887 950 1060
15164102899 950 1060
15164102907 950 1060
15164102919 950 1060
15164102927 950 1060
15164102939 950 1060
15164102947 950 1060
15164102959 950 1060
15164102967 950 1060
15164102979 950 1060
15164102987 950 1060
15164102999 950 1060
15164103011 950 1060
15164103019 950 1060
15164103031 950 1060
15164103039 950 1060
15164103051 950 1060
15164103059 950 1060
15164103071 950 1060
15164103079 950 1060
15164103091 950 1060
15164103099 950 1060
15164103111 950 1060
15164103119 950 1060
15164103131 950 1060
15164103139 950 1060
15164103151 950 1060
15164103159 950 1060
15164103171 950 1060
15164103179 950 1060
15164103191 950 1060
15164103199 950 1060
15164103211 950 1060
15164103219 950 1060
15164103231 950 1060
15164103239 950 1060
15164103251 950 1060
15164103263 950 1060
15164103271 950 1060
15164103283 950 1060
15164103291 950 1060
15164103303 950 1060
15164103311 950 1060
15164103323 950 1060
15164103331 950 1060
15164103343 950 1060
15164103351 950 1060
15164103363 950 1060
15164103371 950 1060
15164103383 950 1060
15164103391 950 1060
15164103403 950 1060
15164103411 950 1060
15164103423 950 1060
15164103431 950 1060
15164103443 950 1060
15164103451 950 1060
15164103463 950 1060
15164103471 950 1060
15164103483 950 1060
15164103491 950 1060
15164103503 950 1060
15164103515 950 1060
15164103523 950 1060
15164103535 950 1060
15164103543 950 1060
15164103555 950 1060
15164103563 950 1060
15164103575 950 1060
15164103583 950 1060
15164103595 950 1060
15164103603 950 1060
15164103615 950 1060
15164103623 950 1060
15164103635 950 1060
15164103643 950 1060
15164103655 950 1060
15164103663 950 1060
15164103675 950 1060
15164103683 950 1060
15164103695 950 1060
15164103703 950 1060
15164103715 950 1060
15164103723 950 1060
15164103735 950 1060
15164103743 950 1060
15164103755 950 1060
15164103767 950 1060
15164103775 950 1060
15164103787 950 1060
15164103795 950 1060
15164103807 950 1060
15164103815 950 1060
15164103827 950 1060
15164103835 950 1060
15164103847 950 1060
15164103855 950 1060
15164103867 950 1060
15164103875 950 1060
15164103887 950 1060
15164103895 950 1060
15164103907 950 1060
15164103915 950 1060
15164103927 950 1060
15164103935 950 1060
15164103947 950 1060
15164103955 950 1060
15164103967 950 1060
15164103975 950 1060
15164103987 950 1060
15164103995 950 1060
15164104007 950 1060
15164104019 950 1060
15164104027 950 1060
15164104039 950 1060
15164104047 950 1060
15164104059 950 1060
15164104067 950 1060
15164104079 950 1060
15164104087 950 1060
15164104099 950 1060
15164104107 950 1060
15164104119 950 1060
15164104127 950 1060
15164104139 950 1060
15164104147 950 1060
15164104159 950 1060
15164104167 950 1060
15164104179 950 1060
15164104187 950 1060
15164104199 950 1060
15164104207 950 1060
15164104219 950 1060
15164104227 950 1060
15164104239 950 1060
15164104247 950 1060
15164104259 950 1060
15164104271 950 1060
15164104279 950 1060
15164104291 950 1060
15164104299 950 1060
15164104311 950 1060
15164104319 950 1060
15164104331 950 1060
15164105459 1900 1060
15164105467 1900 1060
15164105479 1900 1060
15164105487 1900 1060
15164105499 1900 1060
15164105507 1900 1060
15164105519 1900 1060
15164105531 1900 1060
15164105539 1900 1060
15164105551 1900 1060
15164105559 1900 1060
15164105571 1900 1060
15164105579 1900 1060
15164105591 1900 1060
15164105599 1900 1060
15164105611 1900 1060
15164105619 1900 1060
15164105631 1900 1060
15164105639 1900 1060
15164105651 1900 1060
15164105659 1900 1060
15164105671 1900 1060
15164105679 1900 1060
15164105691 1900 1060
15164105699 1900 1060
15164105711 1900 1060
15164105719 1900 1060
15164105731 1900 1060
15164105739 1900 1060
15164105751 1900 1060
15164105759 1900 1060
15164105771 1900 1060
15164105783 1900 1060
15164105791 1900 1060
15164105803 1900 1060
15164105811 1900 1060
15164105823 1900 1060
15164105831 1900 1060
15164105843 1900 1060
15164105851 1900 1060
15164105863 1900 1060
15164105871 1900 1060
15164105883 1900 1060
15164105891 1900 1060
15164105903 1900 1060
15164105911 1900 1060
15164105923 1900 1060
15164105931 1900 1060
15164105943 1900 1060
15164105951 1900 1060
15164105963 1900 1060
15164105971 1900 1060
15164105983 1900 1060
15164105991 1900 1060
15164106003 1900 1060
15164106011 1900 1060
15164106023 1900 1060
15164106035 1900 1060
15164106043 1900 1060
15164106055 1900 1060
15164106063 1900 1060
15164106075 1900 1060
15164106083 1900 1060
15164106095 1900 1060
15164106103 1900 1060
15164106115 1900 1060
15164106123 1900 1060
15164106135 1900 1060
15164106143 1900 1060
15164106155 1900 1060
15164106163 1900 1060
15164106175 1900 1060
15164106183 1900 1060
15164106195 1900 1060
15164106203 1900 1060
15164106215 1900 1060
15164106223 1900 1060
15164106235 1900 1060
15164106243 1900 1060
15164106255 1900 1060
15164106263 1900 1060
15164106275 1900 1060
15164106287 1900 1060
15164106295 1900 1060
15164106307 1900 1060
15164106315 1900 1060
15164106327 1900 1060
15164106335 1900 1060
15164106347 1900 1060
15164106355 1900 1060
15164106367 1900 1060
15164106375 1900 1060
15164106387 1900 1060
15164106395 1900 1060
15164106407 1900 1060
15164106415 1900 1060
15164106427 1900 1060
15164106435 1900 1060
15164106447 1900 1060
15164106455 1900 1060
15164106467 1900 1060
15164106475 1900 1060
15164106487 1900 1060
15164106495 1900 1060
15164106507 1900 1060
15164106515 1900 1060
15164106527 1900 1060
15164106539 1900 1060
15164106547 1900 1060
15164106559 1900 1060
15164106567 1900 1060
15164106579 1900 1060
15164106587 1900 1060
15164106599 1900 1060
15164106607 1900 1060
15164106619 1900 1060
15164106627 1900 1060
15164106639 1900 1060
15164106647 1900 1060
15164106659 1900 1060
15164106667 1900 1060
15164106679 1900 1060
15164106687 1900 1060
15164106699 1900 1060
15164106707 1900 1060
15164106719 1900 1060
15164106727 1900 1060
15164106739 1900 1060
15164106747 1900 1060
15164106759 1900 1060
15164106767 1900 1060
15164106779 1900 1060
15164106791 1900 1060
15164106799 1900 1060
15164106811 1900 1060
15164106819 1900 1060
15164106831 1900 1060
15164106839 1900 1060
15164106851 1900 1060
15164106859 1900 1060
15164106871 1900 1060
15164106879 1900 1060
15164106891 1900 1060
15164106899 1900 1060
15164106911 1900 1060
15164106919 1900 1060
15164106931 1900 1060
15164106939 1900 1060
15164106951 1900 1060
