15142845183 960 540
15142845191 960 540
15142845203 960 540
15142845211 960 540
15142845223 960 540
15142845231 960 540
15142845243 960 540
15142845251 960 540
15142845263 960 540
15142845271 960 540
15142845283 960 540
15142845291 960 540
15142845303 960 540
15142845315 960 540
15142845323 960 540
15142845335 960 540
15142845343 960 540
15142845355 960 540
15142845363 960 540
15142845375 960 540
15142845383 960 540
15142845395 960 540
15142845403 960 540
15142845415 960 540
15142845423 960 540
15142845435 960 540
15142845443 960 540
15142845455 960 540
15142845463 960 540
15142845475 960 540
15142845483 960 540
15142845495 960 540
15142845503 960 540
15142845515 960 540
15142845523 960 540
15142845535 960 540
15142845543 960 540
15142845555 960 540
15142845567 960 540
15142845575 960 540
15142845587 960 540
15142845595 960 540
15142845607 960 540
15142845615 960 540
15142845627 960 540
15142845635 960 540
15142845647 960 540
15142845655 960 540
15142845667 960 540
15142845675 960 540
15142845687 960 540
15142845695 960 540
15142845707 960 540
15142845715 960 540
15142845727 960 540
15142845735 960 540
15142845747 960 540
15142845755 960 540
15142845767 960 540
15142845775 960 540
15142845787 960 540
15142845795 960 540
15142845807 960 540
15142845820 960 540
15142845828 960 540
15142845840 960 540
15142845848 960 540
15142845860 960 540
15142845868 960 540
15142845880 960 540
15142845888 960 540
15142845900 960 540
15142845908 960 540
15142845920 960 540
15142845928 960 540
15142845940 960 540
15142845948 960 540
15142845960 960 540
15142845968 960 540
15142845980 960 540
15142845988 960 540
15142846000 960 540
15142846008 960 540
15142846020 960 540
15142846028 960 540
15142846040 960 540
15142846048 960 540
15142846060 960 540
15142846071 960 540
15142846080 960 540
15142846092 960 540
15142846099 960 540
15142846112 960 540
15142846120 960 540
15142846132 960 540
15142846140 960 540
15142846152 960 540
15142846160 960 540
15142846172 960 540
15142846180 960 540
15142846192 960 540
15142846200 960 540
15142846212 960 540
15142846220 960 540
15142846232 960 540
15142846240 960 540
15142846252 960 540
15142846260 960 540
15142846272 960 540
15142846280 960 540
15142846292 960 540
15142846300 960 540
15142846312 960 540
15142846324 960 540
15142846332 960 540
15142846344 960 540
15142846352 960 540
15142846364 960 540
15142846372 960 540
15142846384 960 540
15142846392 960 540
15142846404 960 540
15142846412 960 540
15142846424 960 540
15142846432 960 540
15142846444 960 540
15142846452 960 540
15142846464 960 540
15142846472 960 540
15142846484 960 540
15142846492 960 540
15142846504 960 540
15142846512 960 540
15142846524 960 540
15142846532 960 540
15142846544 960 540
15142846552 960 540
15142846564 960 540
15142846576 960 540
15142846584 960 540
15142846596 960 540
15142846604 960 540
15142846616 960 540
15142846624 960 540
15142846636 960 540
15142846644 960 540
15142846656 960 540
15142846664 960 540
15142846676 960 540
15142846684 960 890
15142846696 960 890
15142846704 960 890
15142846716 960 890
15142846724 960 890
15142846736 960 890
15142846744 960 890
15142846756 960 890
15142846764 960 890
15142846776 960 890
15142846784 960 890
15142846796 960 890
15142846804 960 890
15142846816 960 890
15142846828 960 890
15142846836 960 890
15142846848 960 890
15142846856 960 890
15142846868 960 890
15142846876 960 890
15142846888 960 890
15142846896 960 890
15142846908 960 890
15142846916 960 890
15142846928 960 890
15142846936 960 890
15142846948 960 890
15142846956 960 890
15142846968 960 890
15142846976 960 890
15142846988 960 890
15142846996 960 890
15142847008 960 890
15142847016 960 890
15142847028 960 890
15142847036 960 890
15142847048 960 890
15142847056 960 890
15142847068 960 890
15142847080 960 890
15142847088 960 890
15142847100 960 890
15142847108 960 890
15142847120 960 890
15142847128 960 890
15142847140 960 890
15142847148 960 890
15142847160 960 890
15142847168 960 890
15142847180 960 890
15142847188 960 890
15142847200 960 890
15142847208 960 890
15142847220 960 890
15142847228 960 890
15142847240 960 890
15142847248 960 890
15142847260 960 890
15142847268 960 890
15142847280 960 890
15142847288 960 890
15142847300 960 890
15142847308 960 890
15142847320 960 890
15142847332 960 890
15142847340 960 890
15142847352 960 890
15142847360 960 890
15142847372 960 890
15142847380 960 890
15142847392 960 890
15142847400 960 890
15142847412 960 890
15142847420 960 890
15142847432 960 890
15142847440 960 890
15142847452 960 890
15142847460 960 890
15142847472 960 890
15142847480 960 890
15142847492 960 890
15142847500 960 890
15142847512 960 890
15142847520 960 890
15142847532 960 890
15142847540 960 890
15142847552 960 890
15142847560 960 890
15142847572 960 890
15142847584 960 890
15142847592 960 890
15142847604 960 890
15142847612 960 890
15142847624 960 890
15142847632 960 890
15142847644 960 890
15142847652 960 890
15142847664 960 890
15142847672 960 890
15142847684 960 890
15142847692 960 890
15142847704 960 890
15142847712 960 890
15142847724 960 890
15142847732 960 890
15142847744 960 890
15142847752 960 890
15142847764 960 890
15142847772 960 890
15142847784 960 890
15142847792 960 890
15142847804 960 890
15142847812 960 890
15142847824 960 890
15142847836 960 890
15142847844 960 890
15142847856 960 890
15142847864 960 890
15142847876 960 890
15142847884 960 890
15142847896 960 890
15142847904 960 890
15142847916 960 890
15142847924 960 890
15142847936 960 890
15142847944 960 890
15142847956 960 890
15142847964 960 890
15142847976 960 890
15142847984 960 890
15142847996 960 890
15142848004 960 890
15142848016 960 890
15142848024 960 890
15142848036 960 890
15142848044 960 890
15142848056 960 890
15142848064 960 890
15142848076 960 890
15142848088 960 890
15142848096 960 890
15142848108 960 890
15142848116 960 890
15142848128 960 890
15142848136 960 890
15142848148 960 890
15142848156 960 890
15142848168 960 890
15142848176 960 890
15142848188 960 540
15142848196 960 540
15142848208 960 540
15142848216 960 540
15142848228 960 540
15142848236 960 540
15142848248 960 540
15142848256 960 540
15142848268 960 540
15142848276 960 540
15142848288 960 540
15142848296 960 540
15142848308 960 540
15142848316 960 540
15142848328 960 540
15142848340 960 540
15142848348 960 540
15142848360 960 540
15142848368 960 540
15142848380 960 540
15142848388 960 540
15142848400 960 540
15142848408 960 540
15142848420 960 540
15142848428 960 540
15142848440 960 540
15142848448 960 540
15142848460 960 540
15142848468 960 540
15142848480 960 540
15142848488 960 540
15142848500 960 540
15142848508 960 540
15142848520 960 540
15142848528 960 540
15142848540 960 540
15142848548 960 540
15142848560 960 540
15142848568 960 540
15142848580 960 540
15142848592 960 540
15142848600 960 540
15142848612 960 540
15142848620 960 540
15142848632 960 540
15142848640 960 540
15142848652 960 540
15142848660 960 540
15142848672 960 540
15142848680 960 540
15142848692 960 540
15142848700 960 540
15142848712 960 540
15142848720 960 540
15142848732 960 540
15142848740 960 540
15142848752 960 540
15142848760 960 540
15142848772 960 540
15142848780 960 540
15142848792 960 540
15142848800 960 540
15142848812 960 540
15142848820 960 540
15142848832 960 540
15142848844 960 540
15142848852 960 540
15142848864 960 540
15142848872 960 540
15142848884 960 540
15142848892 960 540
15142848904 960 540
15142848912 960 540
15142848924 960 540
15142848932 960 540
15142848944 960 540
15142848952 960 540
15142848964 960 540
15142848972 960 540
15142848984 960 540
15142848992 960 540
15142849004 960 540
15142849012 960 540
15142849024 960 540
15142849032 960 540
15142849044 960 540
15142849052 960 540
15142849064 960 540
15142849072 960 540
15142849084 960 540
15142849096 960 540
15142849104 960 540
15142849116 960 540
15142849124 960 540
15142849136 960 540
15142849144 960 540
15142849156 960 540
15142849164 960 540
15142849176 960 540
15142849184 960 540
15142849196 960 540
15142849204 960 540
15142849216 960 540
15142849224 960 540
15142849236 960 540
15142849244 960 540
15142849256 960 540
15142849263 960 540
15142849275 960 540
15142849283 960 540
15142849296 960 540
15142849304 960 540
15142849316 960 540
15142849324 960 540
15142849336 960 540
15142849348 960 540
15142849356 960 540
15142849368 960 540
15142849376 960 540
15142849388 960 540
15142849396 960 540
15142849408 960 540
15142849416 960 540
15142849428 960 540
15142849436 960 540
15142849448 960 540
15142849456 960 540
15142849468 960 540
15142849476 960 540
15142849488 960 540
15142849496 960 540
15142849508 960 540
15142849515 960 540
15142849528 960 540
15142849535 960 540
15142849547 960 540
15142849555 960 540
15142849568 960 540
15142849576 960 540
15142849588 960 540
15142849600 960 540
15142849607 960 540
15142849619 960 540
15142849627 960 540
15142849639 960 540
15142849648 960 540
15142849659 960 540
15142849668 960 540
15142849680 960 540
15142849688 960 190
15142849700 960 190
15142849708 960 190
15142849720 960 190
15142849728 960 190
15142849740 960 190
15142849748 960 190
15142849760 960 190
15142849768 960 190
15142849780 960 190
15142849787 960 190
15142849800 960 190
15142849807 960 190
15142849820 960 190
15142849828 960 190
15142849840 960 190
15142849852 960 190
15142849859 960 190
15142849872 960 190
15142849879 960 190
15142849892 960 190
15142849900 960 190
15142849912 960 190
15142849919 960 190
15142849932 960 190
15142849939 960 190
15142849951 960 190
15142849959 960 190
15142849971 960 190
15142849979 960 190
15142849991 960 190
15142850000 960 190
15142850012 960 190
15142850020 960 190
15142850032 960 190
15142850040 960 190
15142850052 960 190
15142850060 960 190
15142850072 960 190
15142850080 960 190
15142850092 960 190
15142850104 960 190
15142850112 960 190
15142850124 960 190
15142850132 960 190
15142850144 960 190
15142850152 960 190
15142850164 960 190
15142850172 960 190
15142850184 960 190
15142850192 960 190
15142850204 960 190
15142850212 960 190
15142850224 960 190
15142850232 960 190
15142850244 960 190
15142850252 960 190
15142850263 960 190
15142850272 960 190
15142850283 960 190
15142850292 960 190
15142850304 960 190
15142850312 960 190
15142850324 960 190
15142850332 960 190
15142850343 960 190
15142850356 960 190
15142850363 960 190
15142850375 960 190
15142850383 960 190
15142850395 960 190
15142850403 960 190
15142850415 960 190
15142850424 960 190
15142850435 960 190
15142850443 960 190
15142850456 960 190
15142850463 960 190
15142850475 960 190
15142850483 960 190
15142850496 960 190
15142850504 960 190
15142850516 960 190
15142850524 960 190
15142850536 960 190
15142850543 960 190
15142850555 960 190
15142850563 960 190
15142850575 960 190
15142850583 960 190
15142850596 960 190
15142850607 960 190
15142850615 960 190
15142850627 960 190
15142850635 960 190
15142850647 960 190
15142850655 960 190
15142850668 960 190
15142850675 960 190
15142850688 960 190
15142850696 960 190
15142850707 960 190
15142850716 960 190
15142850728 960 190
15142850736 960 190
15142850748 960 190
15142850756 960 190
15142850768 960 190
15142850775 960 190
15142850787 960 190
15142850796 960 190
15142850808 960 190
15142850815 960 190
15142850827 960 190
15142850836 960 190
15142850847 960 190
15142850859 960 190
15142850867 960 190
15142850879 960 190
15142850887 960 190
15142850900 960 190
15142850907 960 190
15142850919 960 190
15142850927 960 190
15142850939 960 190
15142850947 960 190
15142850959 960 190
15142850967 960 190
15142850979 960 190
15142850987 960 190
15142850999 960 190
15142851007 960 190
15142851019 960 190
15142851027 960 190
15142851039 960 190
15142851047 960 190
15142851059 960 190
15142851067 960 190
15142851079 960 190
15142851087 960 190
15142851099 960 190
15142851111 960 190
15142851119 960 190
15142851131 960 190
15142851139 960 190
15142851151 960 190
15142851159 960 190
15142851171 960 190
15142851179 960 190
15142851193 960 540
15142851200 960 540
15142851212 960 540
15142851219 960 540
15142851231 960 540
15142851240 960 540
15142851252 960 540
15142851259 960 540
15142851271 960 540
15142851279 960 540
15142851291 960 540
15142851299 960 540
15142851311 960 540
15142851319 960 540
15142851331 960 540
15142851339 960 540
15142851351 960 540
15142851363 960 540
15142851371 960 540
15142851383 960 540
15142851391 960 540
15142851404 960 540
15142851412 960 540
15142851423 960 540
15142851431 960 540
15142851443 960 540
15142851451 960 540
15142851463 960 540
15142851471 960 540
15142851483 960 540
15142851492 960 540
15142851504 960 540
15142851511 960 540
15142851523 960 540
15142851531 960 540
15142851543 960 540
15142851551 960 540
15142851563 960 540
15142851571 960 540
15142851583 960 540
15142851592 960 540
15142851604 960 540
15142851615 960 540
15142851623 960 540
15142851635 960 540
15142851643 960 540
15142851655 960 540
15142851663 960 540
15142851675 960 540
15142851683 960 540
15142851695 960 540
15142851704 960 540
15142851715 960 540
15142851723 960 540
15142851735 960 540
15142851743 960 540
15142851755 960 540
15142851763 960 540
15142851775 960 540
15142851783 960 540
15142851796 960 540
15142851803 960 540
15142851815 960 540
15142851823 960 540
15142851835 960 540
15142851843 960 540
15142851855 960 540
15142851867 960 540
15142851875 960 540
15142851887 960 540
15142851895 960 540
15142851907 960 540
15142851915 960 540
15142851928 960 540
15142851935 960 540
15142851947 960 540
15142851955 960 540
15142851967 960 540
15142851975 960 540
15142851987 960 540
15142851996 960 540
15142852008 960 540
15142852015 960 540
15142852027 960 540
15142852035 960 540
15142852047 960 540
15142852055 960 540
15142852067 960 540
15142852075 960 540
15142852087 960 540
15142852096 960 540
15142852107 960 540
15142852119 960 540
15142852127 960 540
15142852139 960 540
15142852147 960 540
15142852159 960 540
15142852167 960 540
15142852179 960 540
15142852187 960 540
15142852200 960 540
15142852208 960 540
15142852219 960 540
15142852227 960 540
15142852239 960 540
15142852247 960 540
15142852259 960 540
15142852268 960 540
15142852279 960 540
15142852287 960 540
15142852300 960 540
15142852308 960 540
15142852319 960 540
15142852327 960 540
15142852339 960 540
15142852347 960 540
15142852359 960 540
15142852371 960 540
15142852379 960 540
15142852391 960 540
15142852399 960 540
15142852411 960 540
15142852419 960 540
15142852431 960 540
15142852439 960 540
15142852451 960 540
15142852459 960 540
15142852471 960 540
15142852479 960 540
15142852492 960 540
15142852499 960 540
15142852511 960 540
15142852519 960 540
15142852532 960 540
15142852539 960 540
15142852551 960 540
15142852559 960 540
15142852571 960 540
15142852579 960 540
15142852591 960 540
15142852599 960 540
15142852611 960 540
15142852623 960 540
15142852631 960 540
15142852643 960 540
15142852651 960 540
15142852663 960 540
15142852671 960 540
15142852683 960 540
15142852691 960 365
15142852704 960 365
15142852712 960 365
15142852724 960 365
15142852731 960 365
15142852743 960 365
15142852751 960 365
15142852763 960 365
15142852771 960 365
15142852783 960 365
15142852791 960 365
15142852803 960 365
15142852811 960 365
15142852823 960 365
15142852831 960 365
15142852843 960 365
15142852851 960 365
15142852863 960 365
15142852875 960 365
15142852883 960 365
15142852896 960 365
15142852903 960 365
15142852915 960 365
15142852923 960 365
15142852935 960 365
15142852943 960 365
15142852955 960 365
15142852963 960 365
15142852975 960 365
15142852983 960 365
15142852995 960 365
15142853003 960 365
15142853015 960 365
15142853023 960 365
15142853035 960 365
15142853043 960 365
15142853055 960 365
15142853063 960 365
15142853075 960 365
15142853083 960 365
15142853095 960 365
15142853104 960 365
15142853115 960 365
15142853127 960 365
15142853135 960 365
15142853147 960 365
15142853155 960 365
15142853167 960 365
15142853175 960 365
15142853187 960 365
15142853195 960 365
15142853208 960 365
15142853215 960 365
15142853227 960 365
15142853235 960 365
15142853247 960 365
15142853255 960 365
15142853267 960 365
15142853275 960 365
15142853287 960 365
15142853296 960 365
15142853307 960 365
15142853315 960 365
15142853327 960 365
15142853335 960 365
15142853347 960 365
15142853355 960 365
15142853367 960 365
15142853379 960 365
15142853387 960 365
15142853400 960 365
15142853407 960 365
15142853419 960 365
15142853427 960 365
15142853439 960 365
15142853447 960 365
15142853460 960 365
15142853467 960 365
15142853479 960 365
15142853487 960 365
15142853499 960 365
15142853507 960 365
15142853519 960 365
15142853527 960 365
15142853539 960 365
15142853547 960 365
15142853559 960 365
15142853567 960 365
15142853579 960 365
15142853587 960 365
15142853599 960 365
15142853607 960 365
15142853619 960 365
15142853631 960 365
15142853639 960 365
15142853651 960 365
15142853659 960 365
15142853671 960 365
15142853679 960 365
15142853691 960 365
15142853699 960 365
15142853711 960 365
15142853719 960 365
15142853731 960 365
15142853739 960 365
15142853751 960 365
15142853759 960 365
15142853771 960 365
15142853779 960 365
15142853791 960 365
15142853799 960 365
15142853811 960 365
15142853819 960 365
15142853831 960 365
15142853839 960 365
15142853851 960 365
15142853859 960 365
15142853871 960 365
15142853883 960 365
15142853891 960 365
15142853904 960 365
15142853911 960 365
15142853923 960 365
15142853931 960 365
15142853943 960 365
15142853951 960 365
15142853963 960 365
15142853971 960 365
15142853983 960 365
15142853991 960 365
15142854003 960 365
15142854011 960 365
15142854023 960 365
15142854031 960 365
15142854043 960 365
15142854051 960 365
15142854063 960 365
15142854071 960 365
15142854083 960 365
15142854091 960 365
15142854103 960 365
15142854111 960 365
15142854123 960 365
15142854135 960 365
15142854143 960 365
15142854155 960 365
15142854163 960 365
15142854175 960 365
15142854183 960 365
15142854196 960 540
15142854203 960 540
15142854215 960 540
15142854224 960 540
15142854235 960 540
15142854244 960 540
15142854255 960 540
15142854263 960 540
15142854275 960 540
15142854283 960 540
15142854295 960 540
15142854303 960 540
15142854315 960 540
15142854323 960 540
15142854335 960 540
15142854343 960 540
15142854355 960 540
15142854363 960 540
15142854375 960 540
15142854387 960 540
15142854395 960 540
15142854407 960 540
15142854415 960 540
15142854427 960 540
15142854435 960 540
15142854447 960 540
15142854455 960 540
15142854467 960 540
15142854475 960 540
15142854487 960 540
15142854495 960 540
15142854507 960 540
15142854515 960 540
15142854527 960 540
15142854535 960 540
15142854547 960 540
15142854555 960 540
15142854567 960 540
15142854575 960 540
15142854587 960 540
15142854595 960 540
15142854607 960 540
15142854615 960 540
15142854627 960 540
15142854639 960 540
15142854647 960 540
15142854659 960 540
15142854668 960 540
15142854680 960 540
15142854687 960 540
15142854699 960 540
15142854708 960 540
15142854719 960 540
15142854727 960 540
15142854740 960 540
15142854747 960 540
15142854760 960 540
15142854767 960 540
15142854779 960 540
15142854787 960 540
15142854799 960 540
15142854807 960 540
15142854819 960 540
15142854827 960 540
15142854839 960 540
15142854847 960 540
15142854859 960 540
15142854868 960 540
15142854879 960 540
15142854891 960 540
15142854899 960 540
15142854911 960 540
15142854919 960 540
15142854931 960 540
15142854939 960 540
15142854951 960 540
15142854959 960 540
15142854971 960 540
15142854979 960 540
15142854991 960 540
15142854999 960 540
15142855011 960 540
15142855019 960 540
15142855031 960 540
15142855039 960 540
15142855051 960 540
15142855059 960 540
15142855071 960 540
15142855079 960 540
15142855091 960 540
15142855099 960 540
15142855111 960 540
15142855119 960 540
15142855131 960 540
15142855143 960 540
15142855151 960 540
15142855163 960 540
15142855171 960 540
15142855183 960 540
15142855191 960 540
15142855203 960 540
15142855211 960 540
15142855223 960 540
15142855231 960 540
15142855243 960 540
15142855251 960 540
15142855263 960 540
15142855271 960 540
15142855283 960 540
15142855291 960 540
15142855303 960 540
15142855311 960 540
15142855323 960 540
15142855331 960 540
15142855343 960 540
15142855351 960 540
15142855363 960 540
15142855371 960 540
15142855383 960 540
15142855395 960 540
15142855403 960 540
15142855415 960 540
15142855423 960 540
15142855435 960 540
15142855443 960 540
15142855455 960 540
15142855463 960 540
15142855475 960 540
15142855483 960 540
15142855495 960 540
15142855503 960 540
15142855515 960 540
15142855523 960 540
15142855535 960 540
15142855543 960 540
15142855555 960 540
15142855563 960 540
15142855575 960 540
15142855583 960 540
15142855595 960 540
15142855603 960 540
15142855615 960 540
15142855623 960 540
15142855635 960 540
15142855647 960 540
15142855655 960 540
15142855667 960 540
15142855675 960 540
15142855687 960 540
15142855695 960 365
15142855708 960 365
15142855715 960 365
15142855728 960 365
15142855735 960 365
15142855747 960 365
15142855755 960 365
15142855767 960 365
15142855775 960 365
15142855787 960 365
15142855795 960 365
15142855807 960 365
15142855815 960 365
15142855827 960 365
15142855835 960 365
15142855847 960 365
15142855855 960 365
15142855867 960 365
15142855875 960 365
15142855887 960 365
15142855899 960 365
15142855907 960 365
15142855919 960 365
15142855927 960 365
15142855939 960 365
15142855947 960 365
15142855959 960 365
15142855967 960 365
15142855979 960 365
15142855987 960 365
15142855999 960 365
15142856007 960 365
15142856019 960 365
15142856027 960 365
15142856039 960 365
15142856047 960 365
15142856059 960 365
15142856067 960 365
15142856079 960 365
15142856087 960 365
15142856099 960 365
15142856107 960 365
15142856119 960 365
15142856127 960 365
15142856139 960 365
15142856151 960 365
15142856159 960 365
15142856171 960 365
15142856179 960 365
15142856191 960 365
15142856199 960 365
15142856211 960 365
15142856219 960 365
15142856231 960 365
15142856239 960 365
15142856251 960 365
15142856259 960 365
15142856271 960 365
15142856279 960 365
15142856291 960 365
15142856299 960 365
15142856311 960 365
15142856319 960 365
15142856331 960 365
15142856339 960 365
15142856351 960 365
15142856359 960 365
15142856371 960 365
15142856379 960 365
15142856391 960 365
15142856403 960 365
15142856411 960 365
15142856423 960 365
15142856431 960 365
15142856443 960 365
15142856451 960 365
15142856463 960 365
15142856471 960 365
15142856483 960 365
15142856491 960 365
15142856503 960 365
15142856511 960 365
15142856523 960 365
15142856531 960 365
15142856543 960 365
15142856551 960 365
15142856563 960 365
15142856571 960 365
15142856583 960 365
15142856591 960 365
15142856603 960 365
15142856611 960 365
15142856623 960 365
15142856632 960 365
15142856643 960 365
15142856655 960 365
15142856663 960 365
15142856675 960 365
15142856683 960 365
15142856695 960 365
15142856703 960 365
15142856715 960 365
15142856723 960 365
15142856735 960 365
15142856743 960 365
15142856755 960 365
15142856763 960 365
15142856775 960 365
15142856783 960 365
15142856795 960 365
15142856803 960 365
15142856815 960 365
15142856823 960 365
15142856835 960 365
15142856843 960 365
15142856855 960 365
15142856863 960 365
15142856875 960 365
15142856883 960 365
15142856895 960 365
15142856907 960 365
15142856915 960 365
15142856927 960 365
15142856935 960 365
15142856947 960 365
15142856955 960 365
15142856967 960 365
15142856975 960 365
15142856987 960 365
15142856995 960 365
15142857007 960 365
15142857015 960 365
15142857027 960 365
15142857035 960 365
15142857047 960 365
15142857055 960 365
15142857067 960 365
15142857075 960 365
15142857087 960 365
15142857095 960 365
15142857107 960 365
15142857115 960 365
15142857127 960 365
15142857135 960 365
15142857147 960 365
15142857159 960 365
15142857167 960 365
15142857179 960 365
15142857187 960 365
15142857200 960 540
15142857207 960 540
15142857219 960 540
15142857227 960 540
15142857239 960 540
15142857247 960 540
15142857259 960 540
15142857267 960 540
15142857279 960 540
15142857287 960 540
15142857299 960 540
15142857307 960 540
15142857319 960 540
15142857327 960 540
15142857339 960 540
15142857347 960 540
15142857359 960 540
15142857367 960 540
15142857379 960 540
15142857387 960 540
15142857399 960 540
15142857411 960 540
15142857419 960 540
15142857431 960 540
15142857439 960 540
15142857451 960 540
15142857459 960 540
15142857471 960 540
15142857479 960 540
15142857491 960 540
15142857499 960 540
15142857511 960 540
15142857519 960 540
15142857531 960 540
15142857539 960 540
15142857551 960 540
15142857559 960 540
15142857571 960 540
15142857579 960 540
15142857591 960 540
15142857599 960 540
15142857611 960 540
15142857619 960 540
15142857631 960 540
15142857639 960 540
15142857651 960 540
15142857663 960 540
15142857671 960 540
15142857683 960 540
15142857691 960 540
15142857703 960 540
15142857711 960 540
15142857723 960 540
15142857731 960 540
15142857743 960 540
15142857751 960 540
15142857763 960 540
15142857771 960 540
15142857783 960 540
15142857791 960 540
15142857803 960 540
15142857811 960 540
15142857823 960 540
15142857831 960 540
15142857843 960 540
15142857851 960 540
15142857863 960 540
15142857871 960 540
15142857883 960 540
15142857895 960 540
15142857903 960 540
15142857915 960 540
15142857923 960 540
15142857935 960 540
15142857943 960 540
15142857955 960 540
15142857963 960 540
15142857975 960 540
15142857983 960 540
15142857995 960 540
15142858003 960 540
15142858015 960 540
15142858023 960 540
15142858035 960 540
15142858043 960 540
15142858055 960 540
15142858063 960 540
15142858075 960 540
15142858083 960 540
15142858095 960 540
15142858103 960 540
15142858115 960 540
15142858123 960 540
15142858135 960 540
15142858143 960 540
15142858155 960 540
15142858167 960 540
15142858175 960 540
15142858187 960 540
15142858195 960 540
15142858207 960 540
15142858215 960 540
15142858227 960 540
15142858235 960 540
15142858247 960 540
15142858255 960 540
15142858267 960 540
15142858275 960 540
15142858287 960 540
15142858295 960 540
15142858307 960 540
15142858315 960 540
15142858327 960 540
15142858335 960 540
15142858347 960 540
15142858355 960 540
15142858367 960 540
15142858375 960 540
15142858387 960 540
15142858395 960 540
15142858407 960 540
15142858419 960 540
15142858427 960 540
15142858439 960 540
15142858447 960 540
15142858459 960 540
15142858467 960 540
15142858479 960 540
15142858487 960 540
15142858499 960 540
15142858507 960 540
15142858519 960 540
15142858527 960 540
15142858539 960 540
15142858547 960 540
15142858559 960 540
15142858567 960 540
15142858579 960 540
15142858587 960 540
15142858599 960 540
15142858607 960 540
15142858619 960 540
15142858627 960 540
15142858639 960 540
15142858647 960 540
15142858659 960 540
15142858671 960 540
15142858679 960 540
15142858691 960 540
15142858699 960 890
15142858712 960 890
15142858719 960 890
15142858731 960 890
15142858739 960 890
15142858751 960 890
15142858759 960 890
15142858771 960 890
15142858779 960 890
15142858791 960 890
15142858799 960 890
15142858811 960 890
15142858819 960 890
15142858831 960 890
15142858839 960 890
15142858851 960 890
15142858859 960 890
15142858871 960 890
15142858879 960 890
15142858891 960 890
15142858899 960 890
15142858911 960 890
15142858923 960 890
15142858931 960 890
15142858943 960 890
15142858951 960 890
15142858963 960 890
15142858971 960 890
15142858983 960 890
15142858991 960 890
15142859003 960 890
15142859011 960 890
15142859023 960 890
15142859031 960 890
15142859043 960 890
15142859051 960 890
15142859063 960 890
15142859071 960 890
15142859083 960 890
15142859091 960 890
15142859103 960 890
15142859111 960 890
15142859123 960 890
15142859131 960 890
15142859143 960 890
15142859155 960 890
15142859163 960 890
15142859175 960 890
15142859183 960 890
15142859195 960 890
15142859203 960 890
15142859215 960 890
15142859223 960 890
15142859235 960 890
15142859243 960 890
15142859255 960 890
15142859263 960 890
15142859275 960 890
15142859283 960 890
15142859295 960 890
15142859303 960 890
15142859315 960 890
15142859323 960 890
15142859335 960 890
15142859343 960 890
15142859355 960 890
15142859363 960 890
15142859375 960 890
15142859383 960 890
15142859395 960 890
15142859407 960 890
15142859415 960 890
15142859427 960 890
15142859435 960 890
15142859447 960 890
15142859455 960 890
15142859467 960 890
15142859475 960 890
15142859487 960 890
15142859495 960 890
15142859507 960 890
15142859515 960 890
15142859527 960 890
15142859535 960 890
15142859547 960 890
15142859555 960 890
15142859567 960 890
15142859575 960 890
15142859587 960 890
15142859595 960 890
15142859607 960 890
15142859615 960 890
15142859627 960 890
15142859635 960 890
15142859647 960 890
15142859659 960 890
15142859667 960 890
15142859679 960 890
15142859687 960 890
15142859699 960 890
15142859707 960 890
15142859719 960 890
15142859727 960 890
15142859739 960 890
15142859747 960 890
15142859759 960 890
15142859767 960 890
15142859779 960 890
15142859787 960 890
15142859799 960 890
15142859807 960 890
15142859819 960 890
15142859827 960 890
15142859839 960 890
15142859847 960 890
15142859859 960 890
15142859867 960 890
15142859879 960 890
15142859887 960 890
15142859899 960 890
15142859911 960 890
15142859919 960 890
15142859931 960 890
15142859939 960 890
15142859951 960 890
15142859959 960 890
15142859971 960 890
15142859979 960 890
15142859991 960 890
15142859999 960 890
15142900011 960 890
15142900019 960 890
15142900031 960 890
15142900039 960 890
15142900051 960 890
15142900059 960 890
15142900071 960 890
15142900079 960 890
15142900091 960 890
15142900099 960 890
15142900111 960 890
15142900119 960 890
15142900131 960 890
15142900139 960 890
15142900151 960 890
15142900159 960 890
15142900171 960 890
15142900183 960 890
15142900191 960 890
15142900204 960 540
15142900211 960 540
15142900223 960 540
15142900231 960 540
15142900243 960 540
15142900251 960 540
15142900263 960 540
15142900271 960 540
15142900283 960 540
15142900291 960 540
15142900303 960 540
15142900311 960 540
15142900323 960 540
15142900331 960 540
15142900343 960 540
15142900351 960 540
15142900363 960 540
15142900371 960 540
15142900383 960 540
15142900391 960 540
15142900403 960 540
15142900411 960 540
15142900423 960 540
15142900435 960 540
15142900443 960 540
15142900455 960 540
15142900463 960 540
15142900475 960 540
15142900483 960 540
15142900495 960 540
15142900503 960 540
15142900515 960 540
15142900523 960 540
15142900535 960 540
15142900543 960 540
15142900555 960 540
15142900563 960 540
15142900575 960 540
15142900583 960 540
15142900595 960 540
15142900603 960 540
15142900615 960 540
15142900623 960 540
15142900635 960 540
15142900643 960 540
15142900655 960 540
15142900663 960 540
15142900675 960 540
15142900687 960 540
15142900695 960 540
15142900707 960 540
15142900715 960 540
15142900727 960 540
15142900735 960 540
15142900747 960 540
15142900755 960 540
15142900767 960 540
15142900775 960 540
15142900787 960 540
15142900795 960 540
15142900807 960 540
15142900815 960 540
15142900827 960 540
15142900835 960 540
15142900847 960 540
15142900855 960 540
15142900867 960 540
15142900875 960 540
15142900887 960 540
15142900895 960 540
15142900907 960 540
15142900919 960 540
15142900927 960 540
15142900939 960 540
15142900947 960 540
15142900959 960 540
15142900967 960 540
15142900979 960 540
15142900987 960 540
15142900999 960 540
15142901007 960 540
15142901019 960 540
15142901027 960 540
15142901039 960 540
15142901047 960 540
15142901059 960 540
15142901067 960 540
15142901079 960 540
15142901087 960 540
15142901099 960 540
15142901107 960 540
15142901119 960 540
15142901127 960 540
15142901139 960 540
15142901147 960 540
15142901159 960 540
15142901171 960 540
15142901179 960 540
15142901191 960 540
15142901199 960 540
15142901211 960 540
15142901219 960 540
15142901231 960 540
15142901239 960 540
15142901251 960 540
15142901259 960 540
15142901271 960 540
15142901279 960 540
15142901291 960 540
15142901299 960 540
15142901311 960 540
15142901319 960 540
15142901331 960 540
15142901339 960 540
15142901351 960 540
15142901359 960 540
15142901371 960 540
15142901379 960 540
15142901391 960 540
15142901399 960 540
15142901411 960 540
15142901423 960 540
15142901431 960 540
15142901443 960 540
15142901451 960 540
15142901463 960 540
15142901471 960 540
15142901483 960 540
15142901491 960 540
15142901503 960 540
15142901511 960 540
15142901523 960 540
15142901531 960 540
15142901543 960 540
15142901551 960 540
15142901563 960 540
15142901571 960 540
15142901583 960 540
15142901591 960 540
15142901603 960 540
15142901611 960 540
15142901623 960 540
15142901631 960 540
15142901643 960 540
15142901651 960 540
15142901663 960 540
15142901675 960 540
15142901683 960 540
15142901695 960 540
15142901703 960 715
15142901715 960 715
15142901723 960 715
15142901736 960 715
15142901743 960 715
15142901755 960 715
15142901763 960 715
15142901775 960 715
15142901783 960 715
15142901795 960 715
15142901803 960 715
15142901815 960 715
15142901823 960 715
15142901835 960 715
15142901843 960 715
15142901855 960 715
15142901863 960 715
15142901875 960 715
15142901883 960 715
15142901895 960 715
15142901903 960 715
15142901915 960 715
15142901927 960 715
15142901935 960 715
15142901947 960 715
15142901955 960 715
15142901967 960 715
15142901975 960 715
15142901987 960 715
15142901995 960 715
15142902007 960 715
15142902015 960 715
15142902027 960 715
15142902035 960 715
15142902047 960 715
15142902055 960 715
15142902067 960 715
15142902075 960 715
15142902087 960 715
15142902095 960 715
15142902107 960 715
15142902115 960 715
15142902127 960 715
15142902135 960 715
15142902147 960 715
15142902155 960 715
15142902167 960 715
15142902179 960 715
15142902187 960 715
15142902199 960 715
15142902207 960 715
15142902219 960 715
15142902227 960 715
15142902239 960 715
15142902247 960 715
15142902259 960 715
15142902267 960 715
15142902279 960 715
15142902287 960 715
15142902299 960 715
15142902307 960 715
15142902319 960 715
15142902327 960 715
15142902339 960 715
15142902347 960 715
15142902359 960 715
15142902367 960 715
15142902379 960 715
15142902387 960 715
15142902399 960 715
15142902407 960 715
15142902419 960 715
15142902431 960 715
15142902439 960 715
15142902451 960 715
15142902459 960 715
15142902471 960 715
15142902479 960 715
15142902491 960 715
15142902499 960 715
15142902511 960 715
15142902519 960 715
15142902531 960 715
15142902539 960 715
15142902551 960 715
15142902559 960 715
15142902571 960 715
15142902579 960 715
15142902591 960 715
15142902599 960 715
15142902611 960 715
15142902619 960 715
15142902631 960 715
15142902639 960 715
15142902651 960 715
15142902659 960 715
15142902671 960 715
15142902683 960 715
15142902691 960 715
15142902703 960 715
15142902711 960 715
15142902723 960 715
15142902731 960 715
15142902743 960 715
15142902751 960 715
15142902763 960 715
15142902771 960 715
15142902783 960 715
15142902791 960 715
15142902803 960 715
15142902811 960 715
15142902823 960 715
15142902831 960 715
15142902843 960 715
15142902851 960 715
15142902863 960 715
15142902871 960 715
15142902883 960 715
15142902891 960 715
15142902903 960 715
15142902911 960 715
15142902923 960 715
15142902935 960 715
15142902943 960 715
15142902955 960 715
15142902963 960 715
15142902975 960 715
15142902983 960 715
15142902995 960 715
15142903003 960 715
15142903015 960 715
15142903023 960 715
15142903035 960 715
15142903043 960 715
15142903055 960 715
15142903063 960 715
15142903075 960 715
15142903083 960 715
15142903095 960 715
15142903103 960 715
15142903115 960 715
15142903123 960 715
15142903135 960 715
15142903143 960 715
15142903155 960 715
15142903163 960 715
15142903175 960 715
15142903187 960 715
15142903195 960 715
15142903208 960 540
15142903215 960 540
15142903227 960 540
15142903235 960 540
15142903247 960 540
15142903255 960 540
15142903267 960 540
15142903275 960 540
15142903287 960 540
15142903295 960 540
15142903307 960 540
15142903315 960 540
15142903327 960 540
15142903335 960 540
15142903347 960 540
15142903355 960 540
15142903367 960 540
15142903375 960 540
15142903387 960 540
15142903395 960 540
15142903407 960 540
15142903415 960 540
15142903427 960 540
15142903439 960 540
15142903447 960 540
15142903459 960 540
15142903467 960 540
15142903479 960 540
15142903487 960 540
15142903499 960 540
15142903507 960 540
15142903519 960 540
15142903527 960 540
15142903539 960 540
15142903547 960 540
15142903559 960 540
15142903567 960 540
15142903579 960 540
15142903587 960 540
15142903599 960 540
15142903607 960 540
15142903619 960 540
15142903627 960 540
15142903639 960 540
15142903647 960 540
15142903659 960 540
15142903667 960 540
15142903679 960 540
15142903691 960 540
15142903699 960 540
15142903711 960 540
15142903719 960 540
15142903731 960 540
15142903739 960 540
15142903751 960 540
15142903759 960 540
15142903771 960 540
15142903779 960 540
15142903791 960 540
15142903799 960 540
15142903811 960 540
15142903819 960 540
15142903831 960 540
15142903839 960 540
15142903851 960 540
15142903859 960 540
15142903871 960 540
15142903879 960 540
15142903891 960 540
15142903899 960 540
15142903911 960 540
15142903919 960 540
15142903931 960 540
15142903943 960 540
15142903951 960 540
15142903963 960 540
15142903971 960 540
15142903983 960 540
15142903991 960 540
15142904003 960 540
15142904011 960 540
15142904023 960 540
15142904031 960 540
15142904043 960 540
15142904051 960 540
15142904063 960 540
15142904071 960 540
15142904083 960 540
15142904091 960 540
15142904103 960 540
15142904111 960 540
15142904123 960 540
15142904131 960 540
15142904143 960 540
15142904151 960 540
15142904163 960 540
15142904171 960 540
15142904183 960 540
15142904195 960 540
15142904203 960 540
15142904215 960 540
15142904223 960 540
15142904235 960 540
15142904243 960 540
15142904255 960 540
15142904263 960 540
15142904275 960 540
15142904283 960 540
15142904295 960 540
15142904303 960 540
15142904315 960 540
15142904323 960 540
15142904335 960 540
15142904343 960 540
15142904355 960 540
15142904363 960 540
15142904375 960 540
15142904383 960 540
15142904395 960 540
15142904403 960 540
15142904415 960 540
15142904423 960 540
15142904435 960 540
15142904447 960 540
15142904455 960 540
15142904467 960 540
15142904475 960 540
15142904487 960 540
15142904495 960 540
15142904507 960 540
15142904515 960 540
15142904527 960 540
15142904535 960 540
15142904547 960 540
15142904555 960 540
15142904567 960 540
15142904575 960 540
15142904587 960 540
15142904595 960 540
15142904607 960 540
15142904615 960 540
15142904627 960 540
15142904635 960 540
15142904647 960 540
15142904655 960 540
15142904667 960 540
15142904675 960 540
15142904687 960 540
15142904699 960 540
15142904708 960 190
15142904720 960 190
15142904727 960 190
15142904739 960 190
15142904747 960 190
15142904759 960 190
15142904767 960 190
15142904779 960 190
15142904787 960 190
15142904799 960 190
15142904807 960 190
15142904819 960 190
15142904827 960 190
15142904839 960 190
15142904847 960 190
15142904859 960 190
15142904867 960 190
15142904879 960 190
15142904887 960 190
15142904899 960 190
15142904907 960 190
15142904919 960 190
15142904927 960 190
15142904939 960 190
15142904951 960 190
15142904959 960 190
15142904971 960 190
15142904979 960 190
15142904991 960 190
15142904999 960 190
15142905011 960 190
15142905019 960 190
15142905031 960 190
15142905039 960 190
15142905051 960 190
15142905059 960 190
15142905071 960 190
15142905079 960 190
15142905091 960 190
15142905099 960 190
15142905111 960 190
15142905119 960 190
15142905131 960 190
15142905139 960 190
15142905151 960 190
15142905159 960 190
15142905171 960 190
15142905179 960 190
15142905191 960 190
15142905199 960 190
15142905211 960 190
15142905223 960 190
15142905231 960 190
15142905243 960 190
15142905251 960 190
15142905263 960 190
15142905271 960 190
15142905283 960 190
15142905291 960 190
15142905303 960 190
15142905311 960 190
15142905323 960 190
15142905331 960 190
15142905343 960 190
15142905351 960 190
15142905363 960 190
15142905371 960 190
15142905383 960 190
15142905391 960 190
15142905403 960 190
15142905411 960 190
15142905423 960 190
15142905431 960 190
15142905443 960 190
15142905455 960 190
15142905463 960 190
15142905475 960 190
15142905483 960 190
15142905495 960 190
15142905503 960 190
15142905515 960 190
15142905523 960 190
15142905535 960 190
15142905543 960 190
15142905555 960 190
15142905563 960 190
15142905575 960 190
15142905583 960 190
15142905595 960 190
15142905603 960 190
15142905615 960 190
15142905623 960 190
15142905635 960 190
15142905643 960 190
15142905655 960 190
15142905663 960 190
15142905675 960 190
15142905683 960 190
15142905695 960 190
15142905707 960 190
15142905715 960 190
15142905727 960 190
15142905735 960 190
15142905747 960 190
15142905755 960 190
15142905767 960 190
15142905775 960 190
15142905787 960 190
15142905795 960 190
15142905807 960 190
15142905815 960 190
15142905827 960 190
15142905835 960 190
15142905847 960 190
15142905855 960 190
15142905867 960 190
15142905875 960 190
15142905887 960 190
15142905895 960 190
15142905907 960 190
15142905915 960 190
15142905927 960 190
15142905935 960 190
15142905947 960 190
15142905959 960 190
15142905967 960 190
15142905979 960 190
15142905987 960 190
15142905999 960 190
15142906007 960 190
15142906019 960 190
15142906027 960 190
15142906039 960 190
15142906047 960 190
15142906059 960 190
15142906067 960 190
15142906079 960 190
15142906087 960 190
15142906099 960 190
15142906107 960 190
15142906119 960 190
15142906127 960 190
15142906139 960 190
15142906147 960 190
15142906159 960 190
15142906167 960 190
15142906179 960 190
15142906187 960 190
15142906199 960 190
15142906212 960 540
15142906219 960 540
15142906231 960 540
15142906239 960 540
15142906251 960 540
15142906259 960 540
15142906271 960 540
15142906279 960 540
15142906291 960 540
15142906299 960 540
15142906311 960 540
15142906319 960 540
15142906331 960 540
15142906339 960 540
15142906351 960 540
15142906359 960 540
15142906371 960 540
15142906379 960 540
15142906391 960 540
15142906399 960 540
15142906411 960 540
15142906419 960 540
15142906431 960 540
15142906439 960 540
15142906451 960 540
15142906463 960 540
15142906471 960 540
15142906483 960 540
15142906491 960 540
15142906503 960 540
15142906511 960 540
15142906523 960 540
15142906531 960 540
15142906543 960 540
15142906551 960 540
15142906563 960 540
15142906571 960 540
15142906583 960 540
15142906591 960 540
15142906603 960 540
15142906611 960 540
15142906623 960 540
15142906631 960 540
15142906643 960 540
15142906651 960 540
15142906663 960 540
15142906671 960 540
15142906683 960 540
15142906691 960 540
15142906703 960 540
15142906715 960 540
15142906723 960 540
15142906735 960 540
15142906743 960 540
15142906755 960 540
15142906763 960 540
15142906775 960 540
15142906783 960 540
15142906795 960 540
15142906803 960 540
15142906815 960 540
15142906823 960 540
15142906835 960 540
15142906843 960 540
15142906855 960 540
15142906863 960 540
15142906875 960 540
15142906883 960 540
15142906895 960 540
15142906903 960 540
15142906915 960 540
15142906923 960 540
15142906935 960 540
15142906943 960 540
15142906955 960 540
15142906967 960 540
15142906975 960 540
15142906987 960 540
15142906995 960 540
15142907007 960 540
15142907015 960 540
15142907027 960 540
15142907035 960 540
15142907047 960 540
15142907055 960 540
15142907067 960 540
15142907075 960 540
15142907087 960 540
15142907095 960 540
15142907107 960 540
15142907115 960 540
15142907127 960 540
15142907135 960 540
15142907147 960 540
15142907155 960 540
15142907167 960 540
15142907175 960 540
15142907187 960 540
15142907195 960 540
15142907207 960 540
15142907219 960 540
15142907227 960 540
15142907239 960 540
15142907247 960 540
15142907259 960 540
15142907267 960 540
15142907279 960 540
15142907287 960 540
15142907299 960 540
15142907307 960 540
15142907319 960 540
15142907327 960 540
15142907339 960 540
15142907348 960 540
15142907360 960 540
15142907367 960 540
15142907378 960 540
15142907386 960 540
15142907398 960 540
15142907406 960 540
15142907418 960 540
15142907426 960 540
15142907438 960 540
15142907446 960 540
15142907458 960 540
15142907470 960 540
15142907478 960 540
15142907490 960 540
15142907498 960 540
15142907510 960 540
15142907518 960 540
15142907530 960 540
15142907538 960 540
15142907550 960 540
15142907559 960 540
15142907571 960 540
15142907579 960 540
15142907591 960 540
15142907599 960 540
15142907611 960 540
15142907619 960 540
15142907631 960 540
15142907639 960 540
15142907651 960 540
15142907659 960 540
15142907671 960 540
15142907679 960 540
15142907691 960 540
15142907699 960 540
15142907712 960 715
15142907723 960 715
15142907731 960 715
15142907743 960 715
15142907751 960 715
15142907763 960 715
15142907771 960 715
15142907783 960 715
15142907791 960 715
15142907803 960 715
15142907811 960 715
15142907823 960 715
15142907831 960 715
15142907843 960 715
15142907851 960 715
15142907863 960 715
15142907871 960 715
15142907883 960 715
15142907891 960 715
15142907903 960 715
15142907911 960 715
15142907923 960 715
15142907931 960 715
15142907943 960 715
15142907951 960 715
15142907963 960 715
15142907975 960 715
15142907983 960 715
15142907995 960 715
15142908003 960 715
15142908015 960 715
15142908023 960 715
15142908035 960 715
15142908043 960 715
15142908055 960 715
15142908063 960 715
15142908075 960 715
15142908083 960 715
15142908095 960 715
15142908103 960 715
15142908115 960 715
15142908123 960 715
15142908135 960 715
15142908143 960 715
15142908155 960 715
15142908163 960 715
15142908175 960 715
15142908183 960 715
15142908195 960 715
15142908203 960 715
15142908215 960 715
15142908227 960 715
15142908235 960 715
15142908247 960 715
15142908255 960 715
15142908267 960 715
15142908275 960 715
15142908287 960 715
15142908295 960 715
15142908307 960 715
15142908315 960 715
15142908327 960 715
15142908335 960 715
15142908347 960 715
15142908355 960 715
15142908367 960 715
15142908375 960 715
15142908387 960 715
15142908395 960 715
15142908407 960 715
15142908415 960 715
15142908427 960 715
15142908435 960 715
15142908447 960 715
15142908455 960 715
15142908467 960 715
15142908479 960 715
15142908487 960 715
15142908499 960 715
15142908507 960 715
15142908519 960 715
15142908527 960 715
15142908539 960 715
15142908547 960 715
15142908559 960 715
15142908567 960 715
15142908579 960 715
15142908587 960 715
15142908599 960 715
15142908607 960 715
15142908619 960 715
15142908627 960 715
15142908639 960 715
15142908647 960 715
15142908659 960 715
15142908667 960 715
15142908679 960 715
15142908687 960 715
15142908699 960 715
15142908707 960 715
15142908719 960 715
15142908731 960 715
15142908739 960 715
15142908751 960 715
15142908759 960 715
15142908771 960 715
15142908779 960 715
15142908791 960 715
15142908799 960 715
15142908811 960 715
15142908819 960 715
15142908831 960 715
15142908839 960 715
15142908851 960 715
15142908859 960 715
15142908871 960 715
15142908879 960 715
15142908891 960 715
15142908899 960 715
15142908911 960 715
15142908919 960 715
15142908931 960 715
15142908939 960 715
15142908951 960 715
15142908959 960 715
15142908971 960 715
15142908983 960 715
15142908991 960 715
15142909003 960 715
15142909011 960 715
15142909023 960 715
15142909031 960 715
15142909043 960 715
15142909051 960 715
15142909063 960 715
15142909071 960 715
15142909083 960 715
15142909091 960 715
15142909103 960 715
15142909111 960 715
15142909123 960 715
15142909131 960 715
15142909143 960 715
15142909151 960 715
15142909163 960 715
15142909171 960 715
15142909183 960 715
15142909191 960 715
15142909203 960 715
