20180508T131629.515576 20 20
20180508T131629.526502 20 20
20180508T131629.534143 187.114 171.76 129.266 99.9594 129.28 165.718 94.2821 184.738 85.7381 20180508T131629.534143 20 20
20180508T131629.545862 20 20
20180508T131629.553332 20 20
20180508T131629.566197 187.125 171.496 129.415 99.4566 129.532 165.389 94.5833 171.778 74.5556 20180508T131629.566197 20 20
20180508T131629.574359 20 20
20180508T131629.585326 20 20
20180508T131629.593294 187.675 171.126 128.627 99.4591 129.873 165.792 93.3125 185.281 84.5614 20180508T131629.593294 20 20
20180508T131629.605424 20 20
20180508T131629.613298 20 20
20180508T131629.626613 187.784 170.729 128.503 98.8264 130.088 166.697 92.697 185.542 84.6042 20180508T131629.626613 20 20
20180508T131629.634828 20 20
20180508T131629.645288 20 20
20180508T131629.653295 187.658 170.829 127.887 99.0045 129.752 166.5 92 185.622 84.4667 20180508T131629.653295 20 20
20180508T131629.665489 20 20
20180508T131629.673283 20 20
20180508T131629.685268 187.812 170.305 128.926 98.5738 129.462 166.259 92.1852 185.727 84.1515 20180508T131629.685268 20 20
20180508T131629.697297 20 20
20180508T131629.705271 20 20
20180508T131629.717248 187.594 170.517 128.047 98.2638 129.731 165.476 92.381 185.179 84.1538 20180508T131629.717248 20 20
20180508T131629.725310 20 20
20180508T131629.737289 20 20
20180508T131629.746416 187.749 170.119 128.031 98.5595 130.067 166.267 91.4 185.315 83.3519 20180508T131629.746416 20 20
20180508T131629.759591 20 20
20180508T131629.765298 20 20
20180508T131629.777250 187.8 170.171 128.473 98.3343 129.966 166.75 91 185.315 83.3519 20180508T131629.777250 20 20
20180508T131629.785398 20 20
20180508T131629.797279 20 20
20180508T131629.806857 187.977 169.525 127.969 98.9074 130.058 166.5 90.5 185.583 81.875 20180508T131629.806857 20 20
20180508T131629.818943 20 20
20180508T131629.825342 20 20
20180508T131629.837254 187.905 169.27 128.528 99.3761 129.973 166.25 89.75 185.41 81.9231 20180508T131629.837254 20 20
20180508T131629.845347 20 20
20180508T131629.857266 20 20
20180508T131629.865268 187.69 169.322 128.342 99.3238 129.812 165.667 90.1333 172.63 72.0741 20180508T131629.865268 20 20
20180508T131629.877299 20 20
20180508T131629.885264 20 20
20180508T131629.897254 187.616 169.376 128.393 99.8096 129.861 166 90.5 172.81 72.2381 20180508T131629.897254 20 20
20180508T131629.906229 20 20
20180508T131629.917277 20 20
20180508T131629.925247 186.218 169.955 128.876 99.91 129.809 165.583 90.9167 183.37 83.0556 20180508T131629.925247 20 20
20180508T131629.937711 20 20
20180508T131629.949248 20 20
20180508T131629.959116 186.183 169.677 128.84 100.127 129.403 164.604 91.5208 172.222 72.4444 20180508T131629.959116 20 20
20180508T131629.969844 20 20
20180508T131629.977886 20 20
20180508T131629.989793 186.359 169.708 129.703 100.084 129.583 165.125 90.9167 183.095 83.8095 20180508T131629.989793 20 20
20180508T131629.997950 20 20
20180508T131630.009261 20 20
20180508T131630.017287 186.363 169.64 129.914 100.556 129.457 164.667 91.6667 172.222 72.4444 20180508T131630.017287 20 20
20180508T131630.029334 20 20
20180508T131630.038321 20 20
20180508T131630.050346 186.418 169.527 130.406 100.301 129.83 164.833 91.0278 172 72.5 20180508T131630.050346 20 20
20180508T131630.058335 20 20
20180508T131630.069275 20 20
20180508T131630.077285 186.305 169.512 130.242 100.633 129.828 164.179 91.7436 171.905 72.0952 20180508T131630.077285 20 20
20180508T131630.089289 20 20
20180508T131630.097280 20 20
20180508T131630.110779 186.261 169.179 130.517 100.36 129.699 164.286 91.3095 183.806 82.1111 20180508T131630.110779 20 20
20180508T131630.118549 20 20
20180508T131630.129306 20 20
20180508T131630.137231 186.472 168.991 130.918 100.553 130.181 164.833 91.25 183.795 82.5128 20180508T131630.137231 20 20
20180508T131630.149287 20 20
20180508T131630.157243 20 20
20180508T131630.169231 187.742 168.274 130.059 101.015 130.044 164.857 91 184.286 81.5238 20180508T131630.169231 20 20
20180508T131630.178773 20 20
20180508T131630.189297 20 20
20180508T131630.201229 187.688 168.264 130.642 101.023 130.71 165.037 90.8519 184.643 81.7381 20180508T131630.201229 20 20
20180508T131630.209310 20 20
20180508T131630.221243 20 20
20180508T131630.231118 187.695 168.188 130.456 100.923 130.028 165.394 90.2727 184.583 81.9444 20180508T131630.231118 20 20
20180508T131630.241369 20 20
20180508T131630.249282 20 20
20180508T131630.261237 187.903 168.073 131.008 100.897 130.375 165.256 90.2821 184.583 81.7778 20180508T131630.261237 20 20
20180508T131630.269597 20 20
20180508T131630.281248 20 20
20180508T131630.290572 187.844 168.217 131.428 100.97 130.887 165.394 90.2727 184.606 82.0606 20180508T131630.290572 20 20
20180508T131630.301315 20 20
20180508T131630.309311 20 20
20180508T131630.322093 188.165 168.111 131.392 101.634 131.016 165.867 90.3333 184.5 82 20180508T131630.322093 20 20
20180508T131630.331848 20 20
20180508T131630.341254 20 20
20180508T131630.349239 188.006 168.088 130.959 101.235 129.952 165.256 90.2821 184.583 81.7778 20180508T131630.349239 20 20
20180508T131630.361314 20 20
20180508T131630.369236 20 20
20180508T131630.381279 188.137 167.98 130.895 101.513 129.528 165.222 90.4444 184.667 81.6667 20180508T131630.381279 20 20
20180508T131630.389260 20 20
20180508T131630.401245 20 20
20180508T131630.410492 188.348 167.755 131.673 101.589 130.18 165.222 90.4444 184.667 81.6667 20180508T131630.410492 20 20
20180508T131630.421407 20 20
20180508T131630.429248 20 20
20180508T131630.441262 188.191 167.755 131.967 101.67 130.425 165.222 90.4444 184.667 81.6667 20180508T131630.441262 20 20
20180508T131630.453267 20 20
20180508T131630.461272 20 20
20180508T131630.473226 188.314 168.07 131.967 101.798 130.437 165.212 90.6061 184.738 81.7381 20180508T131630.473226 20 20
20180508T131630.482159 20 20
20180508T131630.493239 20 20
20180508T131630.501258 188.282 168.479 132.753 102.23 130.017 165.103 90.6154 184.738 81.7381 20180508T131630.501258 20 20
20180508T131630.513270 20 20
20180508T131630.522305 20 20
20180508T131630.533933 187.233 168.861 133.211 102.481 130.474 165.3 90.1 171.778 71.5556 20180508T131630.533933 20 20
20180508T131630.544527 20 20
20180508T131630.553252 20 20
20180508T131630.561268 187.038 168.959 134.206 102.65 130.127 165.375 89.75 171.5 71 20180508T131630.561268 20 20
20180508T131630.575595 20 20
20180508T131630.581277 20 20
20180508T131630.593217 186.851 168.845 134.101 103.48 130.315 165.061 90.1515 171.5 71 20180508T131630.593217 20 20
20180508T131630.601491 20 20
20180508T131630.613251 20 20
20180508T131630.622420 186.751 169.223 134.47 104.034 130.227 165.667 91.2222 183.778 82.0444 20180508T131630.622420 20 20
20180508T131630.634560 20 20
20180508T131630.641225 20 20
20180508T131630.653217 186.884 169.223 135.17 103.71 130.377 164.822 91.0222 183.729 82.0833 20180508T131630.653217 20 20
20180508T131630.661328 20 20
20180508T131630.673264 20 20
20180508T131630.682273 187.329 169.205 135.193 104.385 130.507 165.364 91.3333 172.5 72 20180508T131630.682273 20 20
20180508T131630.694125 20 20
20180508T131630.706092 20 20
20180508T131630.714082 187.443 168.998 135.18 104.646 130.627 165.485 90.9697 171.778 71.5556 20180508T131630.714082 20 20
20180508T131630.726740 20 20
20180508T131630.733791 20 20
20180508T131630.745770 187.356 168.903 135.366 105.009 130.686 164.667 91.3611 172.667 71.8333 20180508T131630.745770 20 20
20180508T131630.758215 20 20
20180508T131630.765243 20 20
20180508T131630.773928 186.918 169.373 135.685 105.127 130.6 164.2 91.8167 172 72.5 20180508T131630.773928 20 20
20180508T131630.786124 20 20
20180508T131630.793279 20 20
20180508T131630.805220 186.691 169.363 135.554 105.008 130.58 163.725 92.029 183.667 83.3125 20180508T131630.805220 20 20
20180508T131630.814608 20 20
20180508T131630.825282 20 20
20180508T131630.834272 186.756 169.434 135.549 105.171 130.881 164.037 91.6852 183.854 83.7708 20180508T131630.834272 20 20
20180508T131630.847013 20 20
20180508T131630.853940 20 20
20180508T131630.865905 186.933 169.552 135.672 105.116 130.419 164.05 92.4 184.154 83.6667 20180508T131630.865905 20 20
20180508T131630.874853 20 20
20180508T131630.885243 20 20
20180508T131630.893207 186.799 169.669 135.561 105.311 131.083 163.2 93.2 183.815 83.7407 20180508T131630.893207 20 20
20180508T131630.905358 20 20
20180508T131630.914290 20 20
20180508T131630.926292 186.847 169.61 135.459 105.425 130.73 164.306 93.1667 183.833 83.9167 20180508T131630.926292 20 20
20180508T131630.934218 20 20
20180508T131630.945303 20 20
20180508T131630.957225 187.101 169.931 135.205 105.682 131.2 164.564 93.6667 183.714 83.8095 20180508T131630.957225 20 20
20180508T131630.965476 20 20
20180508T131630.977236 20 20
20180508T131630.985256 187.14 169.568 135.27 105.336 131.199 164.485 93.5152 183.467 83.7333 20180508T131630.985256 20 20
20180508T131630.997422 20 20
20180508T131631.005266 20 20
20180508T131631.894754 286.52 145.718 131.582 115.39 164.258 289.392 210.365 316.118 210.343 20180508T131631.894754 960 20
20180508T131631.902233 960 20
20180508T131631.913295 960 20
20180508T131631.921499 286.225 145.76 131.16 114.858 164.453 288.827 210.116 315.633 210.143 20180508T131631.921499 960 20
20180508T131631.934033 960 20
20180508T131631.942035 960 20
20180508T131631.954051 286.115 145.848 131.383 114.954 164.237 288.927 210.335 315.618 210.382 20180508T131631.954051 960 20
20180508T131631.966413 960 20
20180508T131631.973251 960 20
20180508T131631.985220 286.052 146.072 130.595 115.412 164.377 289.039 210.495 315.779 210.441 20180508T131631.985220 960 20
20180508T131631.993475 960 20
20180508T131632.005237 960 20
20180508T131632.014642 286.359 146.027 131.025 114.604 164.673 289.086 210.591 315.823 210.556 20180508T131632.014642 960 20
20180508T131632.026519 960 20
20180508T131632.033245 960 20
20180508T131632.046422 286.193 145.805 130.845 114.82 164.296 289.126 210.446 315.779 210.412 20180508T131632.046422 960 20
20180508T131632.054472 960 20
20180508T131632.065271 960 20
20180508T131632.073233 285.941 146.114 130.514 115.112 163.726 288.947 210.275 315.602 210.546 20180508T131632.073233 960 20
20180508T131632.087309 960 20
20180508T131632.094340 960 20
20180508T131632.105222 285.858 146.207 130.448 115.012 164.953 289.096 210.446 315.616 210.634 20180508T131632.105222 960 20
20180508T131632.113522 960 20
20180508T131632.125230 960 20
20180508T131632.133162 286.034 146.062 130.954 115.022 164.272 289.023 210.422 315.552 210.528 20180508T131632.133162 960 20
20180508T131632.145323 960 20
20180508T131632.153177 960 20
20180508T131632.165202 285.955 145.798 130.976 115.153 164 288.82 210.545 315.464 210.424 20180508T131632.165202 960 20
20180508T131632.173373 960 20
20180508T131632.185220 960 20
20180508T131632.194218 285.952 145.836 131.203 115.498 164.569 288.827 210.242 315.568 210.336 20180508T131632.194218 960 20
20180508T131632.206359 960 20
20180508T131632.217188 960 20
20180508T131632.225199 285.771 145.863 131.139 115.901 164.314 288.496 210.3 315.463 210.421 20180508T131632.225199 960 20
20180508T131632.237220 960 20
20180508T131632.245189 960 20
20180508T131632.257194 285.748 146.014 130.835 116.356 164.523 288.439 210.294 315.515 210.291 20180508T131632.257194 960 20
20180508T131632.266307 960 20
20180508T131632.277184 960 20
20180508T131632.285169 285.934 146.461 131.18 117.127 163.964 288.515 210.371 315.464 210.424 20180508T131632.285169 960 20
20180508T131632.297293 960 20
20180508T131632.305215 960 20
20180508T131632.317192 286.123 146.038 132.01 116.169 165.134 288.476 210.473 315.454 210.467 20180508T131632.317192 960 20
20180508T131632.326634 960 20
20180508T131632.337215 960 20
20180508T131632.346428 286.119 146.081 131.916 116.968 164.936 288.551 210.011 315.538 210.227 20180508T131632.346428 960 20
20180508T131632.359237 960 20
20180508T131632.365237 960 20
20180508T131632.377183 285.894 145.638 132.412 116.2 164.324 288.231 209.869 315.402 209.949 20180508T131632.377183 960 20
20180508T131632.386385 960 20
20180508T131632.397216 960 20
20180508T131632.406666 285.794 145.583 132.36 115.904 165.198 288.205 209.915 315.378 210.147 20180508T131632.406666 960 20
20180508T131632.417817 960 20
20180508T131632.425237 960 20
20180508T131632.437181 285.563 145.821 132.117 116.43 164.667 287.969 209.852 315.216 209.983 20180508T131632.437181 960 20
20180508T131632.446626 960 20
20180508T131632.457325 960 20
20180508T131632.469205 285.539 145.508 131.823 116.699 165.342 287.991 209.563 315.229 209.707 20180508T131632.469205 960 20
20180508T131632.477332 960 20
20180508T131632.489213 960 20
20180508T131632.498505 284.731 145.415 132.159 116.282 165.053 287.37 209.472 314.026 209.634 20180508T131632.498505 960 20
20180508T131632.509307 960 20
20180508T131632.517217 960 20
20180508T131632.530400 284.886 145.319 131.822 116.204 163.504 287.651 209.465 314.5 209.5 20180508T131632.530400 960 20
20180508T131632.538468 960 20
20180508T131632.549190 960 20
20180508T131632.557212 284.775 144.869 131.687 115.797 163.538 287.454 208.986 314.411 208.934 20180508T131632.557212 960 20
20180508T131632.569337 960 20
20180508T131632.577176 960 20
20180508T131632.590414 284.729 144.728 131.804 115.251 163.833 287.266 208.948 314 208.908 20180508T131632.590414 960 20
20180508T131632.598605 960 20
20180508T131632.609231 960 20
20180508T131632.617193 284.456 144.699 131.47 115.444 163.91 287.111 208.879 313.553 208.783 20180508T131632.617193 960 20
20180508T131632.629265 960 20
20180508T131632.637151 960 20
20180508T131632.650432 283.959 144.623 130.956 115.173 164.166 286.768 208.761 313.45 208.657 20180508T131632.650432 960 20
20180508T131632.658769 960 20
20180508T131632.669223 960 20
20180508T131632.677148 283.782 144.376 131.227 115.19 164.306 286.62 208.488 313.326 208.5 20180508T131632.677148 960 20
20180508T131632.690060 960 20
20180508T131632.701157 960 20
20180508T131632.709179 283.948 144.376 131.351 115.318 164.232 286.833 208.52 313.45 208.657 20180508T131632.709179 960 20
20180508T131632.721190 960 20
20180508T131632.729851 960 20
20180508T131632.741826 284.301 144.262 131.279 114.937 164.482 287.054 208.594 313.466 208.626 20180508T131632.741826 960 20
20180508T131632.749213 960 20
20180508T131632.761171 960 20
20180508T131632.769830 284.144 144.095 131.594 115.188 164.053 286.873 208.525 313.61 208.456 20180508T131632.769830 960 20
20180508T131632.783955 960 20
20180508T131632.789257 960 20
20180508T131632.801202 284.207 143.939 131.894 115.412 164.187 286.896 208.28 313.56 208.41 20180508T131632.801202 960 20
20180508T131632.809542 960 20
20180508T131632.821219 960 20
20180508T131632.829157 284.068 143.989 132.072 115.776 163.306 286.871 208.267 313.515 208.291 20180508T131632.829157 960 20
20180508T131632.841227 960 20
20180508T131632.849166 960 20
20180508T131632.861175 285.785 143.732 132.417 115.594 164.119 287.784 207.496 314.747 207.919 20180508T131632.861175 960 20
20180508T131632.869228 960 20
20180508T131632.881225 960 20
20180508T131632.889317 285.219 143.631 132.553 116.105 164.55 287.407 207.634 314.131 207.798 20180508T131632.889317 960 20
20180508T131632.901408 960 20
20180508T131632.909482 960 20
20180508T131632.921482 285.035 143.942 132.902 116.009 164.255 287.241 207.916 314.038 208.066 20180508T131632.921482 960 20
20180508T131632.929206 960 20
20180508T131632.941220 960 20
20180508T131632.953184 285.164 143.88 133.276 116.276 163.938 287.349 207.688 314.205 207.948 20180508T131632.953184 960 20
20180508T131632.961242 960 20
20180508T131632.973218 960 20
20180508T131632.982405 284.982 143.791 133.388 116.576 164.186 287.577 207.615 314.492 207.688 20180508T131632.982405 960 20
20180508T131632.993866 960 20
20180508T131633.001716 960 20
20180508T131633.014388 284.911 144.038 133.523 117.089 162.774 287.398 207.638 314.059 207.77 20180508T131633.014388 960 20
20180508T131633.022309 960 20
20180508T131633.033177 960 20
20180508T131633.041832 284.816 143.648 133.977 116.708 164.489 287.29 207.782 314.059 207.707 20180508T131633.041832 960 20
20180508T131633.054748 960 20
20180508T131633.061527 960 20
20180508T131633.073461 284.823 143.669 134.078 116.553 163.893 287.375 207.688 314.115 207.735 20180508T131633.073461 960 20
20180508T131633.082440 960 20
20180508T131633.093207 960 20
20180508T131633.102675 284.543 143.647 134.034 116.704 164.421 287.217 207.56 313.76 207.414 20180508T131633.102675 960 20
20180508T131633.114239 960 20
20180508T131633.122028 960 20
20180508T131633.134006 284.382 143.654 134.097 117.56 163.704 286.916 207.484 313.816 207.133 20180508T131633.134006 960 20
20180508T131633.142907 960 20
20180508T131633.153197 960 20
20180508T131633.161122 284.604 143.267 135.095 117.014 163.287 287.14 207.338 313.913 207.063 20180508T131633.161122 960 20
20180508T131633.173220 960 20
20180508T131633.181140 960 20
20180508T131633.193163 284.622 143.347 134.822 117.437 163.016 287.283 206.959 314.12 206.917 20180508T131633.193163 960 20
20180508T131633.202147 960 20
20180508T131633.213153 960 20
20180508T131633.225128 284.75 143.309 135.06 117.612 163.68 287.351 206.967 314.328 207.107 20180508T131633.225128 960 20
20180508T131633.233940 960 20
20180508T131633.245166 960 20
20180508T131633.253145 284.827 143.102 135.605 116.98 162.958 287.483 207.054 314.398 206.948 20180508T131633.253145 960 20
20180508T131633.266215 960 20
20180508T131633.273565 960 20
20180508T131633.285164 284.79 143.202 135.721 117.741 162.634 287.561 206.856 314.459 206.798 20180508T131633.285164 960 20
20180508T131633.294168 960 20
20180508T131633.305179 960 20
20180508T131633.313131 284.623 143.118 136.021 117.534 162.521 287.261 206.971 314.056 206.815 20180508T131633.313131 960 20
20180508T131633.325244 960 20
20180508T131633.333160 960 20
20180508T131633.345986 284.446 143.411 135.778 118.341 162.319 287.065 207.012 313.68 206.669 20180508T131633.345986 960 20
20180508T131633.355014 960 20
20180508T131633.365191 960 20
20180508T131633.373139 284.532 143.197 135.906 117.833 162.916 287.086 206.941 313.778 206.906 20180508T131633.373139 960 20
20180508T131633.385308 960 20
20180508T131633.393127 960 20
20180508T131634.515046 394.821 137.097 135.387 115.056 27.5222 347.923 204.481 377.495 202.209 20180508T131634.515046 1900 20
20180508T131634.525707 1900 20
20180508T131634.533265 1900 20
20180508T131634.546167 394.988 137.484 136.217 115.223 28.3652 348.105 205.008 377.723 202.894 20180508T131634.546167 1900 20
20180508T131634.554677 1900 20
20180508T131634.565208 1900 20
20180508T131634.573166 395.156 137.489 135.797 115.777 27.4651 348.159 205.018 377.792 202.71 20180508T131634.573166 1900 20
20180508T131634.585207 1900 20
20180508T131634.593130 1900 20
20180508T131634.605129 395.362 137.31 135.833 115.541 27.3519 348.342 204.879 378.051 202.695 20180508T131634.605129 1900 20
20180508T131634.613807 1900 20
20180508T131634.625140 1900 20
20180508T131634.634810 395.171 137.546 136.192 115.655 27.2967 348.376 205.116 377.887 202.848 20180508T131634.634810 1900 20
20180508T131634.646098 1900 20
20180508T131634.653105 1900 20
20180508T131634.665129 395.113 137.647 136.571 115.951 28.4649 348.362 204.978 377.902 202.769 20180508T131634.665129 1900 20
20180508T131634.674045 1900 20
20180508T131634.685141 1900 20
20180508T131634.694303 395.312 137.563 136.681 116.17 27.0677 348.387 204.963 377.941 202.821 20180508T131634.694303 1900 20
20180508T131634.705478 1900 20
20180508T131634.717106 1900 20
20180508T131634.725963 395.272 137.605 136.65 116.109 27.5707 348.407 205.325 378.163 203.016 20180508T131634.725963 1900 20
20180508T131634.738169 1900 20
20180508T131634.745803 1900 20
20180508T131634.757785 395.306 137.693 136.634 116.364 27.3632 348.366 205.434 378.021 203.03 20180508T131634.757785 1900 20
20180508T131634.766079 1900 20
20180508T131634.777114 1900 20
20180508T131634.786358 394.98 137.205 136.775 116.188 26.0312 348.343 205.386 377.9 202.953 20180508T131634.786358 1900 20
20180508T131634.798159 1900 20
20180508T131634.805118 1900 20
20180508T131634.817120 394.776 136.869 136.373 115.427 23.7442 348.392 205.275 377.75 202.93 20180508T131634.817120 1900 20
20180508T131634.825382 1900 20
20180508T131634.837141 1900 20
20180508T131634.845101 395.184 137.501 136.431 116.438 26.8086 348.327 205.411 377.88 202.986 20180508T131634.845101 1900 20
20180508T131634.857173 1900 20
20180508T131634.866150 1900 20
20180508T131634.878135 395.107 137.583 136.313 116.414 26.8967 348.47 205.525 378.04 203.216 20180508T131634.878135 1900 20
20180508T131634.886465 1900 20
20180508T131634.897446 1900 20
20180508T131634.905950 395.062 137.659 136.355 115.635 26.6701 348.527 205.615 378.309 203.397 20180508T131634.905950 1900 20
20180508T131634.917822 1900 20
20180508T131634.925772 1900 20
20180508T131634.937775 395.176 137.812 136.784 116.525 27.5433 348.639 205.665 378.365 203.391 20180508T131634.937775 1900 20
20180508T131634.945795 1900 20
20180508T131634.957137 1900 20
20180508T131634.970742 395.043 138.019 135.873 116.241 28.262 348.623 205.644 378.245 203.335 20180508T131634.970742 1900 20
20180508T131634.978844 1900 20
20180508T131634.989105 1900 20
20180508T131634.998121 395.159 137.852 136.123 116.201 27.3216 348.619 205.649 378.148 203.433 20180508T131634.998121 1900 20
20180508T131635.010613 1900 20
20180508T131635.017798 1900 20
20180508T131635.029775 395.178 138.286 136.058 116.232 27.7287 348.757 205.787 378.315 203.607 20180508T131635.029775 1900 20
20180508T131635.038171 1900 20
20180508T131635.049134 1900 20
20180508T131635.058962 396.215 141.139 135.226 117.336 29.9339 349.522 207.127 378.857 205.295 20180508T131635.058962 1900 20
20180508T131635.069454 1900 20
20180508T131635.077420 1900 20
20180508T131635.089944 396.831 140.433 135.753 116.819 29.351 349.967 206.808 379.443 205.046 20180508T131635.089944 1900 20
20180508T131635.098394 1900 20
20180508T131635.109162 1900 20
20180508T131635.117515 397.57 140.496 136.097 117.26 29.0732 350.313 206.904 379.872 205.129 20180508T131635.117515 1900 20
20180508T131635.129982 1900 20
20180508T131635.137973 1900 20
20180508T131635.149765 397.516 140.579 135.645 116.626 29.3182 350.513 207.166 380.227 205.225 20180508T131635.149765 1900 20
20180508T131635.158025 1900 20
20180508T131635.169171 1900 20
20180508T131635.177074 397.563 140.665 136.3 116.779 29.1271 350.513 207.276 380.227 205.295 20180508T131635.177074 1900 20
20180508T131635.190413 1900 20
20180508T131635.197173 1900 20
20180508T131635.209111 397.466 140.625 135.784 117.107 29.8612 350.519 207.01 380.157 205.166 20180508T131635.209111 1900 20
20180508T131635.221639 1900 20
20180508T131635.229102 1900 20
20180508T131635.242350 397.815 140.452 136.579 117.086 29.7489 350.567 206.929 380.408 205.059 20180508T131635.242350 1900 20
20180508T131635.250630 1900 20
20180508T131635.261126 1900 20
20180508T131635.269087 397.816 140.038 136.455 116.87 30.6028 351.191 206.606 380.753 204.745 20180508T131635.269087 1900 20
20180508T131635.282129 1900 20
20180508T131635.289092 1900 20
20180508T131635.302112 398.214 139.828 136.598 116.89 30.2539 351.276 206.297 380.719 204.428 20180508T131635.302112 1900 20
20180508T131635.311771 1900 20
20180508T131635.321126 1900 20
20180508T131635.329075 398.082 139.941 136.738 117.048 29.6552 351.154 206.339 380.774 204.66 20180508T131635.329075 1900 20
20180508T131635.342158 1900 20
20180508T131635.349101 1900 20
20180508T131635.362172 398.104 139.813 136.148 117.183 30.2535 351.043 206.65 380.721 204.717 20180508T131635.362172 1900 20
20180508T131635.372654 1900 20
20180508T131635.381130 1900 20
20180508T131635.389079 397.888 139.859 137.217 116.43 29.9237 351.03 206.54 380.713 204.906 20180508T131635.389079 1900 20
20180508T131635.401155 1900 20
20180508T131635.409069 1900 20
20180508T131635.421104 397.888 139.891 136.909 117.096 30.0804 351.283 206.454 380.878 204.841 20180508T131635.421104 1900 20
20180508T131635.429157 1900 20
20180508T131635.441122 1900 20
20180508T131635.449062 397.855 139.474 136.541 116.085 25.7508 351.499 206.797 381.008 204.993 20180508T131635.449062 1900 20
20180508T131635.461194 1900 20
20180508T131635.473087 1900 20
20180508T131635.481071 398.407 140.058 137.773 117.088 30.3196 351.523 206.349 381.018 204.888 20180508T131635.481071 1900 20
20180508T131635.493114 1900 20
20180508T131635.501089 1900 20
20180508T131635.513068 398.364 140.26 137.525 117.452 29.4062 351.416 206.801 380.984 205.072 20180508T131635.513068 1900 20
20180508T131635.521835 1900 20
20180508T131635.533122 1900 20
20180508T131635.541591 398.167 140.007 137.704 117.042 30.2067 351.463 206.329 380.974 204.681 20180508T131635.541591 1900 20
20180508T131635.555294 1900 20
20180508T131635.561184 1900 20
20180508T131635.573095 397.626 138.8 137.329 115.828 26.1335 350.943 206.152 380.655 204.34 20180508T131635.573095 1900 20
20180508T131635.582031 1900 20
20180508T131635.593125 1900 20
20180508T131635.602131 397.817 139.772 138.587 117.278 31.146 350.906 206.112 380.585 204.308 20180508T131635.602131 1900 20
20180508T131635.614874 1900 20
20180508T131635.621084 1900 20
20180508T131635.633093 397.864 139.522 138.154 116.972 30.2141 350.943 206.152 380.694 204.364 20180508T131635.633093 1900 20
20180508T131635.641200 1900 20
20180508T131635.653109 1900 20
20180508T131635.662789 398.026 139.666 138.298 117.396 30.1152 351.185 206.102 380.855 204.192 20180508T131635.662789 1900 20
20180508T131635.674845 1900 20
20180508T131635.681162 1900 20
20180508T131635.693096 398.143 139.501 138.45 117.421 30.7502 351.384 206.149 381.002 204.271 20180508T131635.693096 1900 20
20180508T131635.702136 1900 20
20180508T131635.713111 1900 20
20180508T131635.725061 398.223 139.539 138.327 117.779 29.9944 351.607 206.198 381.092 204.279 20180508T131635.725061 1900 20
20180508T131635.733187 1900 20
20180508T131635.745084 1900 20
20180508T131635.753072 398.067 139.583 138.621 117.223 29.7677 351.446 206.166 380.982 204.358 20180508T131635.753072 1900 20
20180508T131635.765128 1900 20
20180508T131635.773078 1900 20
20180508T131635.785895 397.945 139.712 138.922 117.64 29.7237 351.25 206.29 380.793 204.447 20180508T131635.785895 1900 20
20180508T131635.794467 1900 20
20180508T131635.805125 1900 20
20180508T131635.814874 397.617 139.574 138.324 117.603 29.7325 350.881 206.168 380.584 204.38 20180508T131635.814874 1900 20
20180508T131635.825821 1900 20
20180508T131635.833758 1900 20
20180508T131635.845746 397.724 139.723 139.646 117.564 30.2691 350.844 206.134 380.566 204.344 20180508T131635.845746 1900 20
20180508T131635.854021 1900 20
20180508T131635.865755 1900 20
20180508T131635.873752 397.721 139.646 139.014 117.695 29.6681 351.044 206.346 380.679 204.458 20180508T131635.873752 1900 20
20180508T131635.885777 1900 20
20180508T131635.893142 1900 20
20180508T131635.905107 397.755 139.508 138.705 118.208 29.7856 351.421 206.151 380.818 204.426 20180508T131635.905107 1900 20
20180508T131635.914478 1900 20
20180508T131635.925126 1900 20
20180508T131635.934564 398.34 139.629 140.404 117.844 29.2073 351.621 206 381.038 204.318 20180508T131635.934564 1900 20
20180508T131635.946261 1900 20
20180508T131635.953740 1900 20
20180508T131635.966093 397.96 139.305 139.127 118.042 29.9122 351.621 206 381.1 204.269 20180508T131635.966093 1900 20
20180508T131635.977164 1900 20
20180508T131635.985121 1900 20
20180508T131635.998576 398 139.503 139.367 117.67 29.8762 351.697 206.03 381.07 204.351 20180508T131635.998576 1900 20
20180508T131636.007503 1900 20
20180508T131637.186646 1900 540
20180508T131637.195447 400.166 179.757 142.978 129.823 50.5998 353.714 222.459 381.559 221.953 20180508T131637.195447 1900 540
20180508T131637.205813 1900 540
20180508T131637.213389 1900 540
20180508T131637.225762 400.09 179.608 141.349 130.095 49.5423 353.508 222.567 381.526 221.738 20180508T131637.225762 1900 540
20180508T131637.237190 1900 540
20180508T131637.245107 1900 540
20180508T131637.257118 400.063 179.713 141.396 130.161 50.5022 353.5 222.5 381.458 221.822 20180508T131637.257118 1900 540
20180508T131637.265289 1900 540
20180508T131637.277119 1900 540
20180508T131637.286721 399.895 179.415 141.537 129.347 50.3756 353.625 222.317 381.432 221.675 20180508T131637.286721 1900 540
20180508T131637.297386 1900 540
20180508T131637.305058 1900 540
20180508T131637.318588 399.978 179.115 140.82 128.886 50.3806 353.431 222.003 381.595 221.296 20180508T131637.318588 1900 540
20180508T131637.328364 1900 540
20180508T131637.337110 1900 540
20180508T131637.345052 399.92 179.229 140.476 127.814 50.5933 353.598 222.292 381.5 221.5 20180508T131637.345052 1900 540
20180508T131637.357281 1900 540
20180508T131637.365106 1900 540
20180508T131637.378577 399.753 179.339 139.149 127.677 49.7469 353.501 222.499 381.432 221.675 20180508T131637.378577 1900 540
20180508T131637.387039 1900 540
20180508T131637.397117 1900 540
20180508T131637.405094 399.729 179.217 138.844 127.209 48.7054 353.501 222.499 381.432 221.675 20180508T131637.405094 1900 540
20180508T131637.417638 1900 540
20180508T131637.425083 1900 540
20180508T131637.438910 399.48 179.175 137.85 126.728 48.6469 353.358 222.336 381.43 221.544 20180508T131637.438910 1900 540
20180508T131637.447372 1900 540
20180508T131637.457112 1900 540
20180508T131637.465014 399.339 179.168 137.544 126.322 48.1419 353.336 222.403 381.43 221.544 20180508T131637.465014 1900 540
20180508T131637.477189 1900 540
20180508T131637.489074 1900 540
20180508T131637.497038 399.337 179.094 136.514 125.744 48.4517 353.336 222.403 381.43 221.544 20180508T131637.497038 1900 540
20180508T131637.509101 1900 540
20180508T131637.517042 1900 540
20180508T131637.530578 399.391 179.193 136.582 125.673 48.0966 353.336 222.403 381.43 221.544 20180508T131637.530578 1900 540
20180508T131637.537282 1900 540
20180508T131637.549101 1900 540
20180508T131637.557093 399.554 179.148 136.846 124.96 47.7722 353.358 222.336 381.403 221.516 20180508T131637.557093 1900 540
20180508T131637.569121 1900 540
20180508T131637.577107 1900 540
20180508T131637.589082 399.33 178.897 136.445 125.356 47.0349 353.438 221.966 381.195 221.241 20180508T131637.589082 1900 540
20180508T131637.597372 1900 540
20180508T131637.609082 1900 540
20180508T131637.617086 381.893 181.085 136.028 127.791 43.5093 344.247 223.25 371.406 222.829 20180508T131637.617086 1900 540
20180508T131637.629405 1900 540
20180508T131637.637100 1900 540
20180508T131637.650310 381.669 181.814 136.613 127.592 42.0302 343.606 223.596 370.838 223.469 20180508T131637.650310 1900 540
20180508T131637.658276 1900 540
20180508T131637.669762 1900 540
20180508T131637.677708 381.299 181.746 136.275 128.114 42.244 343.574 223.528 370.838 223.469 20180508T131637.677708 1900 540
20180508T131637.689956 1900 540
20180508T131637.698085 1900 540
20180508T131637.710092 381.385 181.753 136.24 127.677 40.1482 343.574 223.528 370.838 223.469 20180508T131637.710092 1900 540
20180508T131637.717921 1900 540
20180508T131637.729105 1900 540
20180508T131637.742577 381.332 181.941 136.235 127.939 41.2051 343.651 223.5 370.838 223.469 20180508T131637.742577 1900 540
20180508T131637.750327 1900 540
20180508T131637.761092 1900 540
20180508T131637.769588 384.636 181.471 137.453 126.747 37.3428 345.599 223.428 373.336 222.943 20180508T131637.769588 1900 540
20180508T131637.781608 1900 540
20180508T131637.789622 1900 540
20180508T131637.801733 398.395 179.596 135.53 124.636 48.9832 353.143 222.289 381.079 221.491 20180508T131637.801733 1900 540
20180508T131637.810098 1900 540
20180508T131637.821100 1900 540
20180508T131637.830586 398.016 179.769 135.247 124.189 49.4833 352.214 222.356 379.803 221.564 20180508T131637.830586 1900 540
20180508T131637.842741 1900 540
20180508T131637.849083 1900 540
20180508T131637.861078 397.476 179.847 135.002 124.312 47.9089 351.774 222.433 379.591 221.694 20180508T131637.861078 1900 540
20180508T131637.871266 1900 540
20180508T131637.881734 1900 540
20180508T131637.889731 397.58 179.83 134.638 123.243 50.1355 351.833 222.136 379.63 221.316 20180508T131637.889731 1900 540
20180508T131637.901776 1900 540
20180508T131637.909737 1900 540
20180508T131637.921725 398.319 179.654 135.087 122.771 48.0351 352.524 222.182 380.472 221.472 20180508T131637.921725 1900 540
20180508T131637.930766 1900 540
20180508T131637.941039 1900 540
20180508T131637.950568 398.597 179.219 133.927 123.002 48.6221 353.124 222.006 380.649 221.36 20180508T131637.950568 1900 540
20180508T131637.963836 1900 540
20180508T131637.969025 1900 540
20180508T131637.981021 398.789 179.064 135.282 122.174 47.0702 352.567 221.296 380.333 220.754 20180508T131637.981021 1900 540
20180508T131637.993359 1900 540
20180508T131638.001137 1900 540
20180508T131638.014305 397.79 178.538 133.623 122.693 49.7674 352.339 221.194 379.832 220.653 20180508T131638.014305 1900 540
20180508T131638.022758 1900 540
20180508T131638.033074 1900 540
20180508T131638.041127 397.599 178.875 133.03 123.409 47.5619 351.774 221.525 379.769 220.917 20180508T131638.041127 1900 540
20180508T131638.054711 1900 540
20180508T131638.061147 1900 540
20180508T131638.074112 397.949 178.662 133.698 122.401 49.0427 351.888 221.322 379.713 220.872 20180508T131638.074112 1900 540
20180508T131638.082653 1900 540
20180508T131638.093062 1900 540
20180508T131638.101030 397.893 178.431 133.335 122.76 49.9031 351.843 221.1 379.753 220.589 20180508T131638.101030 1900 540
20180508T131638.114014 1900 540
20180508T131638.121038 1900 540
20180508T131638.133046 398.245 178.593 133.859 122.262 49.9263 352.472 221.299 380.005 220.738 20180508T131638.133046 1900 540
20180508T131638.143660 1900 540
20180508T131638.153095 1900 540
20180508T131638.161019 398.333 178.624 133.587 123.155 49.0796 352.481 221.406 380.225 220.921 20180508T131638.161019 1900 540
20180508T131638.173095 1900 540
20180508T131638.181008 1900 540
20180508T131638.193009 398.312 178.165 133.381 123.096 49.9147 352.474 221.212 380.414 220.477 20180508T131638.193009 1900 540
20180508T131638.201112 1900 540
20180508T131638.213023 1900 540
20180508T131638.222283 398.157 178.24 133.6 123.482 51.5356 352.474 221.212 380.169 220.591 20180508T131638.222283 1900 540
20180508T131638.233134 1900 540
20180508T131638.245055 1900 540
20180508T131638.253014 398.222 178.236 134.161 123.654 49.7328 352.231 221.008 379.995 220.398 20180508T131638.253014 1900 540
20180508T131638.265087 1900 540
20180508T131638.273024 1900 540
20180508T131638.285031 397.975 177.777 134.053 124.11 52.3272 352.283 220.812 379.866 220.305 20180508T131638.285031 1900 540
20180508T131638.293091 1900 540
20180508T131638.306006 1900 540
20180508T131638.313029 397.971 177.7 134.497 124.767 51.2718 352.263 220.745 379.678 220.114 20180508T131638.313029 1900 540
20180508T131638.325090 1900 540
20180508T131638.333599 1900 540
20180508T131638.345567 398.114 177.934 134.893 124.512 51.2989 352.239 220.866 379.894 220.271 20180508T131638.345567 1900 540
20180508T131638.353053 1900 540
20180508T131638.365067 1900 540
20180508T131638.373007 398.116 178.106 135.062 125.036 51.9695 352.239 220.866 379.894 220.271 20180508T131638.373007 1900 540
20180508T131638.385077 1900 540
20180508T131638.394307 1900 540
20180508T131638.406293 398.213 177.99 135.368 124.991 53.1505 352.263 220.745 379.894 220.271 20180508T131638.406293 1900 540
20180508T131638.414211 1900 540
20180508T131638.425048 1900 540
20180508T131638.434425 397.953 177.997 135.401 125.462 52.7043 352.251 220.795 379.807 220.263 20180508T131638.434425 1900 540
20180508T131638.446455 1900 540
20180508T131638.453694 1900 540
20180508T131638.465711 398.303 178.209 136.166 125.097 51.4369 352.283 220.812 379.894 220.271 20180508T131638.465711 1900 540
20180508T131638.473880 1900 540
20180508T131638.485028 1900 540
20180508T131638.497000 398.397 178.299 136.593 125.57 50.6891 352.263 220.745 379.785 220.078 20180508T131638.497000 1900 540
20180508T131638.506615 1900 540
20180508T131638.517062 1900 540
20180508T131638.525039 398.234 178.333 136.31 125.853 52.7816 352.328 220.718 379.701 220.052 20180508T131638.525039 1900 540
20180508T131638.537101 1900 540
20180508T131638.545019 1900 540
20180508T131638.557031 398.06 178.152 136.376 125.936 52.7074 352.117 220.555 379.68 219.783 20180508T131638.557031 1900 540
20180508T131638.565122 1900 540
20180508T131638.577043 1900 540
20180508T131638.587305 398.068 178.146 136.513 126.604 53.2596 351.788 220.524 379.613 219.755 20180508T131638.587305 1900 540
20180508T131638.599204 1900 540
20180508T131638.605576 1900 540
20180508T131638.617556 398.252 178.345 136.957 126.404 51.5012 352.173 220.518 379.68 219.783 20180508T131638.617556 1900 540
20180508T131638.625801 1900 540
20180508T131638.637063 1900 540
20180508T131638.645051 398.312 178.262 137.2 126.438 52.2565 352.23 220.756 379.864 219.619 20180508T131638.645051 1900 540
20180508T131638.657086 1900 540
20180508T131638.665100 1900 540
20180508T131638.678864 398.299 178.211 137.543 126.505 51.1672 352.357 220.556 379.81 219.694 20180508T131638.678864 1900 540
20180508T131638.688700 1900 540
20180508T131639.533668 960 540
20180508T131639.545715 289.403 189.939 136.231 129.574 139.652 290.733 228.991 317.5 229.135 20180508T131639.545715 960 540
20180508T131639.553069 960 540
20180508T131639.566076 960 540
20180508T131639.574041 289.291 189.83 135.469 128.54 141.906 290.775 228.889 317.502 229.042 20180508T131639.574041 960 540
20180508T131639.585596 960 540
20180508T131639.593577 960 540
20180508T131639.605544 289.402 189.853 134.826 128.101 139.626 290.765 228.965 317.469 229.211 20180508T131639.605544 960 540
20180508T131639.613230 960 540
20180508T131639.625024 960 540
20180508T131639.634561 289.563 189.834 133.877 127.384 138.834 290.798 228.99 317.582 229.303 20180508T131639.634561 960 540
20180508T131639.647354 960 540
20180508T131639.654112 960 540
20180508T131639.665822 289.437 190.338 133.464 127.289 140.015 290.814 229.426 317.8 229.57 20180508T131639.665822 960 540
20180508T131639.674326 960 540
20180508T131639.686236 960 540
20180508T131639.693643 289.425 190.613 133.366 126.525 138.489 290.902 229.582 317.628 229.833 20180508T131639.693643 960 540
20180508T131639.707218 960 540
20180508T131639.712953 960 540
20180508T131639.724982 289.394 190.284 133.139 126.246 139.268 290.81 229.5 317.498 229.764 20180508T131639.724982 960 540
20180508T131639.733080 960 540
20180508T131639.744996 960 540
20180508T131639.758210 289.065 190.408 132.63 126.026 139.76 290.737 229.53 317.344 229.77 20180508T131639.758210 960 540
20180508T131639.766224 960 540
20180508T131639.777031 960 540
20180508T131639.785012 288.758 190.726 132.38 125.803 140.478 290.104 229.663 317.184 229.979 20180508T131639.785012 960 540
20180508T131639.798353 960 540
20180508T131639.805306 960 540
20180508T131639.817272 288.293 191.07 132.061 125.497 137.273 290.049 230.176 316.98 230.24 20180508T131639.817272 960 540
20180508T131639.827085 960 540
20180508T131639.836972 960 540
20180508T131639.844958 288.501 191.081 132.198 125.213 139.874 290.058 230.354 316.96 230.12 20180508T131639.844958 960 540
20180508T131639.857024 960 540
20180508T131639.864969 960 540
20180508T131639.878582 288.897 191.231 131.797 125.319 139.496 290.61 230.46 317.327 230.4 20180508T131639.878582 960 540
20180508T131639.887344 960 540
20180508T131639.897013 960 540
20180508T131639.904952 289.044 191.052 131.74 124.959 139.296 290.777 230.498 317.58 230.53 20180508T131639.904952 960 540
20180508T131639.919890 960 540
20180508T131639.924969 960 540
20180508T131639.936984 288.673 190.995 131.436 124.591 137.852 290.216 230.431 317.222 230.33 20180508T131639.936984 960 540
20180508T131639.947147 960 540
20180508T131639.957013 960 540
20180508T131639.966212 288.402 191.262 131.675 124.14 138.144 290.018 230.794 317 231.113 20180508T131639.966212 960 540
20180508T131639.978967 960 540
20180508T131639.984976 960 540
20180508T131639.996977 288.544 191.65 130.974 124.204 137.792 290 231 317.147 231.287 20180508T131639.996977 960 540
20180508T131640.009819 960 540
20180508T131640.016997 960 540
20180508T131640.028944 288.485 191.67 130.419 124.054 135.97 290.036 231.064 317.078 231.333 20180508T131640.028944 960 540
20180508T131640.037042 960 540
20180508T131640.050021 960 540
20180508T131640.058089 289.55 191.89 129.893 123.642 135.711 290.752 231.236 317.479 231.31 20180508T131640.058089 960 540
20180508T131640.070818 960 540
20180508T131640.077744 960 540
20180508T131640.089648 287.956 192.681 130.583 123.564 136.27 289.455 231.693 316.875 232.027 20180508T131640.089648 960 540
20180508T131640.097774 960 540
20180508T131640.108998 960 540
20180508T131640.116953 287.868 192.81 130.518 122.913 138.168 289.527 231.724 316.891 231.925 20180508T131640.116953 960 540
20180508T131640.129042 960 540
20180508T131640.137045 960 540
20180508T131640.149265 287.966 192.961 130.345 123.176 136.748 289.811 232.006 316.869 232.092 20180508T131640.149265 960 540
20180508T131640.158343 960 540
20180508T131640.168990 960 540
20180508T131640.176944 287.63 193.158 129.578 123.089 132.558 289.744 232.148 316.833 232.157 20180508T131640.176944 960 540
20180508T131640.189225 960 540
20180508T131640.196937 960 540
20180508T131640.209002 287.817 192.794 129.988 123.205 137.603 289.772 231.943 316.823 231.722 20180508T131640.209002 960 540
20180508T131640.216983 960 540
20180508T131640.228979 960 540
20180508T131640.236919 287.813 192.645 130.235 123.338 136.36 289.572 231.728 316.891 231.925 20180508T131640.236919 960 540
20180508T131640.249498 960 540
20180508T131640.260935 960 540
20180508T131640.270220 287.886 192.772 130.417 123.571 138.423 289.962 231.934 316.87 232.01 20180508T131640.270220 960 540
20180508T131640.282229 960 540
20180508T131640.288987 960 540
20180508T131640.300958 288.183 192.865 130.516 123.574 138.339 289.962 231.934 317.197 231.955 20180508T131640.300958 960 540
20180508T131640.308996 960 540
20180508T131640.320946 960 540
20180508T131640.328969 288.302 192.743 130.826 123.798 137.215 290.1 231.807 317.219 231.889 20180508T131640.328969 960 540
20180508T131640.341009 960 540
20180508T131640.349809 960 540
20180508T131640.361785 288.294 192.867 130.833 124.148 139.202 289.962 232.066 317.11 232.066 20180508T131640.361785 960 540
20180508T131640.369375 960 540
20180508T131640.380982 960 540
20180508T131640.390423 288.155 193.038 131.311 124.552 139.556 290.021 232.228 316.898 232.333 20180508T131640.390423 960 540
20180508T131640.402037 960 540
20180508T131640.408955 960 540
20180508T131640.420965 288.164 193.04 131.539 125.204 142.16 289.887 232.403 316.944 232.264 20180508T131640.420965 960 540
20180508T131640.429012 960 540
20180508T131640.440983 960 540
20180508T131640.448922 287.909 192.964 132.125 125.459 138.541 289.87 232.27 316.85 232.229 20180508T131640.448922 960 540
20180508T131640.461017 960 540
20180508T131640.468929 960 540
20180508T131640.480964 287.947 192.9 132.633 126.021 141.997 289.824 232.318 316.827 232.303 20180508T131640.480964 960 540
20180508T131640.489083 960 540
20180508T131640.500984 960 540
20180508T131640.512924 288.143 192.953 133.179 126.407 143.102 289.904 232.324 316.922 232.186 20180508T131640.512924 960 540
20180508T131640.521022 960 540
20180508T131640.532964 960 540
20180508T131640.541639 288.379 192.88 133.509 127.422 142.299 290.088 232.314 317.131 232.135 20180508T131640.541639 960 540
20180508T131640.553292 960 540
20180508T131640.561276 960 540
20180508T131640.574002 288.599 192.944 134.521 127.444 141.227 290.45 232.4 317.306 232.327 20180508T131640.574002 960 540
20180508T131640.582540 960 540
20180508T131640.592980 960 540
20180508T131640.602212 288.81 192.947 134.757 128.298 143.124 290.602 232.17 317.5 232.5 20180508T131640.602212 960 540
20180508T131640.613877 960 540
20180508T131640.621026 960 540
20180508T131640.632949 288.692 192.827 135.326 128.984 145.339 290.805 232.165 317.392 232.333 20180508T131640.632949 960 540
20180508T131640.643279 960 540
20180508T131640.652985 960 540
20180508T131640.660934 288.906 192.794 135.673 129.155 145.255 290.781 231.931 317.387 232.205 20180508T131640.660934 960 540
20180508T131640.673004 960 540
20180508T131640.680981 960 540
20180508T131640.692965 288.85 192.854 135.746 128.989 144.061 290.777 232.313 317.36 232.271 20180508T131640.692965 960 540
20180508T131640.701857 960 540
20180508T131640.712980 960 540
20180508T131640.720904 288.826 193.241 135.986 129.24 143.648 290.309 232.287 317.396 232.623 20180508T131640.720904 960 540
20180508T131640.733010 960 540
20180508T131640.740912 960 540
20180508T131640.752935 288.379 193.273 135.829 129.579 144.147 290.069 232.349 316.962 232.478 20180508T131640.752935 960 540
20180508T131640.765959 960 540
20180508T131640.772943 960 540
20180508T131640.785775 288.723 193.085 135.676 129.588 144.768 290.05 232.25 317.131 232.135 20180508T131640.785775 960 540
20180508T131640.796474 960 540
20180508T131640.804930 960 540
20180508T131640.812925 288.983 192.946 135.562 129.807 146.33 290.51 232.21 317.38 232.135 20180508T131640.812925 960 540
20180508T131640.825198 960 540
20180508T131640.832941 960 540
20180508T131640.844945 289.491 192.885 135.512 129.911 151.817 290.777 231.667 317.509 231.832 20180508T131640.844945 960 540
20180508T131640.852993 960 540
20180508T131640.864959 960 540
20180508T131640.872923 288.7 192.791 135.238 129.68 146.279 290.178 231.562 317.288 231.712 20180508T131640.872923 960 540
20180508T131640.885009 960 540
20180508T131640.892928 960 540
20180508T131640.905958 288.74 192.937 135.459 129.458 146.308 289.923 231.75 317.14 232.174 20180508T131640.905958 960 540
20180508T131640.915612 960 540
20180508T131640.925193 960 540
20180508T131640.932910 288.859 193.015 135.536 129.689 148.454 290.069 231.686 317.028 232.1 20180508T131640.932910 960 540
20180508T131640.945948 960 540
20180508T131640.952918 960 540
20180508T131640.965771 288.827 192.787 135.391 129.645 148.407 290.003 231.403 317.052 231.718 20180508T131640.965771 960 540
20180508T131640.978261 960 540
20180508T131640.984967 960 540
20180508T131640.992898 288.808 192.798 135.28 129.631 146.933 289.651 231.5 316.961 231.712 20180508T131640.992898 960 540
20180508T131641.005053 960 540
20180508T131641.016937 960 540
20180508T131641.024920 288.587 192.805 135.426 129.253 146.125 289.651 231.5 316.808 231.969 20180508T131641.024920 960 540
20180508T131641.914507 20 540
20180508T131641.923743 20 540
20180508T131641.933279 189.326 205.883 134.33 113.047 118.809 232.314 238.376 260.927 238.665 20180508T131641.933279 20 540
20180508T131641.941545 20 540
20180508T131641.952972 20 540
20180508T131641.960952 189.532 205.799 134.53 113.22 118.685 232.814 238.733 261.065 238.69 20180508T131641.960952 20 540
20180508T131641.973017 20 540
20180508T131641.980968 20 540
20180508T131641.992955 189.528 205.909 134.284 113.944 118.343 232.574 238.421 261.026 238.734 20180508T131641.992955 20 540
20180508T131642.002949 20 540
20180508T131642.012905 20 540
20180508T131642.024898 189.412 205.514 134.636 114.044 118.403 232.572 238.132 260.962 238.551 20180508T131642.024898 20 540
20180508T131642.033563 20 540
20180508T131642.045335 20 540
20180508T131642.054799 189.461 205.46 134.836 114.354 118.133 232.645 238.115 260.857 238.552 20180508T131642.054799 20 540
20180508T131642.065481 20 540
20180508T131642.073465 20 540
20180508T131642.085740 189.3 205.312 135.276 114.22 117.514 232.38 237.862 260.742 238.398 20180508T131642.085740 20 540
20180508T131642.093807 20 540
20180508T131642.104934 20 540
20180508T131642.113097 189.089 204.873 135.445 114.797 118.345 232.202 237.146 260.458 237.801 20180508T131642.113097 20 540
20180508T131642.124959 20 540
20180508T131642.132892 20 540
20180508T131642.144901 188.897 204.944 135.83 114.676 118.171 232.147 237.189 260.432 237.784 20180508T131642.144901 20 540
20180508T131642.153612 20 540
20180508T131642.164896 20 540
20180508T131642.173581 188.867 204.952 135.862 115.015 118.1 232.068 237.177 260.403 237.733 20180508T131642.173581 20 540
20180508T131642.184934 20 540
20180508T131642.192893 20 540
20180508T131642.206444 188.87 204.489 135.775 115.3 118.352 231.862 236.701 260.505 237.352 20180508T131642.206444 20 540
20180508T131642.214281 20 540
20180508T131642.224905 20 540
20180508T131642.232863 188.588 204.328 136.048 115.014 117.985 231.676 236.643 260.057 237.061 20180508T131642.232863 20 540
20180508T131642.244960 20 540
20180508T131642.252904 20 540
20180508T131642.264908 188.264 204.188 135.414 114.83 117.8 231.55 236.672 259.803 236.743 20180508T131642.264908 20 540
20180508T131642.276958 20 540
20180508T131642.284891 20 540
20180508T131642.296893 187.998 204.084 135.477 113.832 118.059 231.469 236.586 259.853 236.787 20180508T131642.296893 20 540
20180508T131642.304973 20 540
20180508T131642.316907 20 540
20180508T131642.325743 188.014 204.069 135.441 114.127 117.741 231.412 236.436 259.843 236.68 20180508T131642.325743 20 540
20180508T131642.336942 20 540
20180508T131642.344892 20 540
20180508T131642.356890 187.569 203.849 135.544 113.931 117.921 231.354 236.316 259.725 236.649 20180508T131642.356890 20 540
20180508T131642.364950 20 540
20180508T131642.376907 20 540
20180508T131642.384870 187.551 203.75 134.922 114.449 118.155 231.023 235.857 259.542 236.447 20180508T131642.384870 20 540
20180508T131642.397007 20 540
20180508T131642.404887 20 540
20180508T131642.416900 187.495 203.543 134.841 114.767 117.974 231.125 235.384 259.378 236.109 20180508T131642.416900 20 540
20180508T131642.424941 20 540
20180508T131642.436883 20 540
20180508T131642.444869 187.505 203.496 135.013 114.59 117.745 230.743 235.123 259.146 235.847 20180508T131642.444869 20 540
20180508T131642.456941 20 540
20180508T131642.464865 20 540
20180508T131642.476867 187.308 203.579 135.421 114.516 117.293 230.771 235.181 259.088 235.991 20180508T131642.476867 20 540
20180508T131642.484975 20 540
20180508T131642.496882 20 540
20180508T131642.504851 187.126 203.586 135.411 115.034 118.044 230.397 235.146 258.892 235.708 20180508T131642.504851 20 540
20180508T131642.518726 20 540
20180508T131642.529569 20 540
20180508T131642.537933 187.053 203.322 135.846 114.995 117.465 230.536 235.055 258.822 235.366 20180508T131642.537933 20 540
20180508T131642.551160 20 540
20180508T131642.556917 20 540
20180508T131642.568888 187.174 203.205 135.89 115.52 117.877 230.535 234.919 258.922 235.17 20180508T131642.568888 20 540
20180508T131642.577768 20 540
20180508T131642.588906 20 540
20180508T131642.596870 187.069 203.14 136.289 115.649 118.369 230.521 234.82 258.952 234.966 20180508T131642.596870 20 540
20180508T131642.608941 20 540
20180508T131642.616873 20 540
20180508T131642.630167 186.889 203.268 136.518 115.823 117.84 230.075 234.71 258.625 235.128 20180508T131642.630167 20 540
20180508T131642.638239 20 540
20180508T131642.649215 20 540
20180508T131642.657721 186.68 203.162 136.379 116.14 118.44 229.775 234.556 258.288 234.81 20180508T131642.657721 20 540
20180508T131642.670656 20 540
20180508T131642.676881 20 540
20180508T131642.688864 186.762 203.205 136.468 116.278 118.008 229.871 234.5 258.396 234.85 20180508T131642.688864 20 540
20180508T131642.697751 20 540
20180508T131642.708883 20 540
20180508T131642.716840 186.954 203.246 136.452 116.16 118.243 230.186 234.645 258.673 234.743 20180508T131642.716840 20 540
20180508T131642.728909 20 540
20180508T131642.736855 20 540
20180508T131642.748861 186.64 202.685 136.42 115.902 118.595 229.89 233.919 258.373 234.403 20180508T131642.748861 20 540
20180508T131642.757595 20 540
20180508T131642.768873 20 540
20180508T131642.780880 186.231 202.235 136.434 115.931 117.94 229.435 233.414 258.06 234.219 20180508T131642.780880 20 540
20180508T131642.789099 20 540
20180508T131642.801297 20 540
20180508T131642.809906 185.799 202.515 136.308 115.85 118.299 229.347 233.779 257.824 234.429 20180508T131642.809906 20 540
20180508T131642.821542 20 540
20180508T131642.829435 20 540
20180508T131642.841899 185.719 202.688 136.094 116.192 119.135 229.165 233.854 257.667 234.554 20180508T131642.841899 20 540
20180508T131642.850435 20 540
20180508T131642.861319 20 540
20180508T131642.869714 185.582 202.333 135.74 115.923 118.661 229.225 233.692 257.612 234.281 20180508T131642.869714 20 540
20180508T131642.881220 20 540
20180508T131642.889194 20 540
20180508T131642.902174 185.656 202.147 136.004 115.419 119.49 229.26 233.282 257.793 233.885 20180508T131642.902174 20 540
20180508T131642.910282 20 540
20180508T131642.920910 20 540
20180508T131642.929707 185.548 202.428 135.517 115.508 119.683 229.266 233.667 257.741 234.281 20180508T131642.929707 20 540
20180508T131642.942159 20 540
20180508T131642.949191 20 540
20180508T131642.961180 185.514 202.059 135.317 115.824 119.575 229.113 233.257 257.456 233.956 20180508T131642.961180 20 540
20180508T131642.970331 20 540
20180508T131642.980868 20 540
20180508T131642.988844 185.189 202.065 135.707 115.367 120.048 229.01 233.211 257.456 233.956 20180508T131642.988844 20 540
20180508T131643.000920 20 540
20180508T131643.008846 20 540
20180508T131643.020852 185.381 201.939 135.233 114.8 120.349 229.08 233.199 257.628 233.782 20180508T131643.020852 20 540
20180508T131643.033320 20 540
20180508T131643.041308 20 540
20180508T131643.053893 185.201 201.657 135.054 115.04 119.301 228.873 232.954 257.28 233.42 20180508T131643.053893 20 540
20180508T131643.063000 20 540
20180508T131643.072907 20 540
20180508T131643.080865 185.177 201.477 135.12 115.235 120.216 228.777 232.841 257.002 233.257 20180508T131643.080865 20 540
20180508T131643.092922 20 540
20180508T131643.100976 20 540
20180508T131643.113884 185.238 201.719 134.942 115.432 120.237 228.819 233.038 257.096 233.417 20180508T131643.113884 20 540
20180508T131643.124770 20 540
20180508T131643.132920 20 540
20180508T131643.140845 185.352 201.67 135.172 115.417 120.476 228.815 232.806 257.152 233.173 20180508T131643.140845 20 540
20180508T131643.154002 20 540
20180508T131643.160858 20 540
20180508T131643.172869 185.305 201.645 135.13 115.767 120.418 228.769 232.717 256.977 233.023 20180508T131643.172869 20 540
20180508T131643.180950 20 540
20180508T131643.192889 20 540
20180508T131643.200843 184.949 201.76 135.729 115.76 120.657 228.64 232.731 256.963 233.082 20180508T131643.200843 20 540
20180508T131643.212943 20 540
20180508T131643.220843 20 540
20180508T131643.233882 184.881 201.814 135.866 116.189 121.034 228.506 232.873 256.952 233.08 20180508T131643.233882 20 540
20180508T131643.243180 20 540
20180508T131643.252861 20 540
20180508T131643.260820 185.066 201.798 136.269 116.527 121.572 228.555 232.822 256.92 233.061 20180508T131643.260820 20 540
20180508T131643.272886 20 540
20180508T131643.284849 20 540
20180508T131643.294124 184.822 201.744 136.591 116.425 120.624 228.101 232.688 256.759 233.048 20180508T131643.294124 20 540
20180508T131643.307165 20 540
20180508T131643.312866 20 540
20180508T131643.324866 185.049 201.551 136.76 117.37 120.667 228.114 232.484 256.622 232.783 20180508T131643.324866 20 540
20180508T131643.332907 20 540
20180508T131643.344876 20 540
20180508T131643.352844 184.984 201.526 137.579 117.456 120.405 228.2 232.321 256.651 232.731 20180508T131643.352844 20 540
20180508T131643.364910 20 540
20180508T131643.372852 20 540
20180508T131643.384859 185.197 201.451 137.797 118.051 120.605 228.362 232.218 257 232.963 20180508T131643.384859 20 540
20180508T131643.393519 20 540
20180508T131643.404882 20 540
20180508T131644.293441 193.152 251.166 141.106 126.353 106.486 232.032 258.339 260.159 258.326 20180508T131644.293441 20 1060
20180508T131644.302735 20 1060
20180508T131644.312925 20 1060
20180508T131644.320816 192.737 252.202 141.577 126.525 105.777 231.728 258.911 259.869 258.785 20180508T131644.320816 20 1060
20180508T131644.333723 20 1060
20180508T131644.341424 20 1060
20180508T131644.353394 192.662 252.194 141.446 126.8 106.27 231.774 259 259.907 259.003 20180508T131644.353394 20 1060
20180508T131644.362231 20 1060
20180508T131644.372906 20 1060
20180508T131644.381524 192.662 251.891 142.098 127.028 105.987 231.774 259 260.029 258.979 20180508T131644.381524 20 1060
20180508T131644.392933 20 1060
20180508T131644.400837 20 1060
20180508T131644.412844 192.765 252.15 142.284 127.421 105.771 231.736 259.06 260.029 258.979 20180508T131644.412844 20 1060
20180508T131644.420916 20 1060
20180508T131644.433263 20 1060
20180508T131644.442702 192.894 252.634 141.645 127.798 106.622 231.832 259.435 259.958 259.24 20180508T131644.442702 20 1060
20180508T131644.453898 20 1060
20180508T131644.461388 20 1060
20180508T131644.473527 193.026 252.758 141.642 127.683 106.149 232.157 259.602 260.322 259.507 20180508T131644.473527 20 1060
20180508T131644.482600 20 1060
20180508T131644.492838 20 1060
20180508T131644.500795 193.059 252.68 141.586 126.929 105.022 232.339 259.536 260.52 259.425 20180508T131644.500795 20 1060
20180508T131644.512845 20 1060
20180508T131644.520800 20 1060
20180508T131644.533842 193.317 252.834 141.31 126.794 106.464 232.574 259.528 260.687 259.474 20180508T131644.533842 20 1060
20180508T131644.545527 20 1060
20180508T131644.552830 20 1060
20180508T131644.566115 193.241 253.215 141.041 126.472 105.93 232.571 260 260.497 260 20180508T131644.566115 20 1060
20180508T131644.574138 20 1060
20180508T131644.584872 20 1060
20180508T131644.592822 192.84 253.586 141.26 125.973 104.927 232.08 260.431 260.126 260.387 20180508T131644.592822 20 1060
20180508T131644.605215 20 1060
20180508T131644.612821 20 1060
20180508T131644.624835 193.015 253.86 141.245 125.952 105.965 232.382 260.724 260.489 260.555 20180508T131644.624835 20 1060
20180508T131644.632942 20 1060
20180508T131644.644848 20 1060
20180508T131644.652804 193.374 254.058 140.671 125.558 104.73 232.994 260.844 261.027 260.632 20180508T131644.652804 20 1060
20180508T131644.664929 20 1060
20180508T131644.672879 20 1060
20180508T131644.684834 193.488 253.711 141.539 125.316 104.961 233.05 260.518 261.161 260.352 20180508T131644.684834 20 1060
20180508T131644.692893 20 1060
20180508T131644.704853 20 1060
20180508T131644.712801 193.356 253.844 140.985 125.313 105.274 233.102 260.728 261.024 260.549 20180508T131644.712801 20 1060
20180508T131644.725775 20 1060
20180508T131644.732842 20 1060
20180508T131644.745251 193.432 254.447 141.022 125.809 105.552 232.994 261.369 261.151 261.19 20180508T131644.745251 20 1060
20180508T131644.753396 20 1060
20180508T131644.765265 20 1060
20180508T131644.773344 193.492 254.687 141.256 125.517 104.635 232.946 261.673 261.181 261.588 20180508T131644.773344 20 1060
20180508T131644.784979 20 1060
20180508T131644.796842 20 1060
20180508T131644.804806 193.497 255.031 140.739 125.894 105.148 233.075 261.934 261.172 261.781 20180508T131644.804806 20 1060
20180508T131644.816888 20 1060
20180508T131644.824819 20 1060
20180508T131644.837662 193.265 255.272 141.348 125.112 104.202 233.136 262.018 261.193 262.022 20180508T131644.837662 20 1060
20180508T131644.845813 20 1060
20180508T131644.856854 20 1060
20180508T131644.864801 193.316 255.585 141.177 125.508 104.743 233.077 262.363 261.175 262.624 20180508T131644.864801 20 1060
20180508T131644.876879 20 1060
20180508T131644.886106 20 1060
20180508T131644.898095 193.293 255.604 141.189 125.434 104.566 233.077 262.363 261.23 262.678 20180508T131644.898095 20 1060
20180508T131644.906612 20 1060
20180508T131644.916845 20 1060
20180508T131644.924801 193.304 255.902 141.024 125.299 104.101 233.316 262.596 261.214 262.585 20180508T131644.924801 20 1060
20180508T131644.936879 20 1060
20180508T131644.944813 20 1060
20180508T131644.956822 193.417 255.804 141.473 125.298 104.306 233.473 262.818 261.274 262.627 20180508T131644.956822 20 1060
20180508T131644.965124 20 1060
20180508T131644.976869 20 1060
20180508T131644.984836 193.591 255.76 141.503 125.74 104.16 233.43 262.655 261.27 262.621 20180508T131644.984836 20 1060
20180508T131644.996906 20 1060
20180508T131645.004802 20 1060
20180508T131645.016795 193.612 255.763 141.558 125.556 103.976 233.518 262.76 261.336 262.619 20180508T131645.016795 20 1060
20180508T131645.024816 20 1060
20180508T131645.037384 20 1060
20180508T131645.049491 193.817 256.053 141.703 125.644 104.378 233.643 262.879 261.5 262.866 20180508T131645.049491 20 1060
20180508T131645.058574 20 1060
20180508T131645.069250 20 1060
20180508T131645.077234 194.073 256.107 141.454 125.966 104.559 233.736 263.06 261.72 263.048 20180508T131645.077234 20 1060
20180508T131645.089144 20 1060
20180508T131645.096808 20 1060
20180508T131645.108819 194.309 256.14 141.417 126.135 104.586 234 263.13 261.812 263.102 20180508T131645.108819 20 1060
20180508T131645.117197 20 1060
20180508T131645.128845 20 1060
20180508T131645.136796 194.101 256.232 141.862 125.891 104.019 233.821 263.209 261.913 263.15 20180508T131645.136796 20 1060
20180508T131645.148871 20 1060
20180508T131645.156804 20 1060
20180508T131645.168819 194.143 256.177 141.987 126.096 104.149 233.821 263.209 261.72 263.214 20180508T131645.168819 20 1060
20180508T131645.177750 20 1060
20180508T131645.188839 20 1060
20180508T131645.196795 194.067 256.278 142.234 126.064 103.815 233.731 263.352 261.679 263.396 20180508T131645.196795 20 1060
20180508T131645.208868 20 1060
20180508T131645.216802 20 1060
20180508T131645.229484 194.103 256.098 142.275 126.718 102.949 233.602 263.443 261.751 263.375 20180508T131645.229484 20 1060
20180508T131645.238355 20 1060
20180508T131645.248868 20 1060
20180508T131645.258063 194.011 255.817 142.784 126.488 102.986 233.602 263.443 261.674 263.123 20180508T131645.258063 20 1060
20180508T131645.270893 20 1060
20180508T131645.276819 20 1060
20180508T131645.288791 194.14 255.966 142.895 126.67 102.728 233.723 263.218 261.628 263.23 20180508T131645.288791 20 1060
20180508T131645.300849 20 1060
20180508T131645.308804 20 1060
20180508T131645.320816 194.523 256.076 143.332 126.72 103.388 233.81 263.377 261.933 263.226 20180508T131645.320816 20 1060
20180508T131645.328831 20 1060
20180508T131645.340831 20 1060
20180508T131645.348791 194.724 256.234 143.551 126.936 103.689 234.041 263.441 261.983 263.471 20180508T131645.348791 20 1060
20180508T131645.360851 20 1060
20180508T131645.368804 20 1060
20180508T131645.380814 194.56 256.219 143.607 127.074 103.803 233.898 263.488 261.945 263.58 20180508T131645.380814 20 1060
20180508T131645.388830 20 1060
20180508T131645.400827 20 1060
20180508T131645.409832 194.749 256.009 143.689 126.792 104.151 233.917 263.353 262 263.387 20180508T131645.409832 20 1060
20180508T131645.420961 20 1060
20180508T131645.428800 20 1060
20180508T131645.440807 194.928 256.004 144.086 126.904 104.833 234 263.365 261.986 263.329 20180508T131645.440807 20 1060
20180508T131645.448867 20 1060
20180508T131645.461367 20 1060
20180508T131645.469340 194.859 256.195 143.861 127.045 105.51 233.919 263.523 261.956 263.731 20180508T131645.469340 20 1060
20180508T131645.480911 20 1060
20180508T131645.488780 20 1060
20180508T131645.500809 194.691 256.4 143.935 126.536 104.985 233.876 263.955 261.779 264 20180508T131645.500809 20 1060
20180508T131645.508851 20 1060
20180508T131645.520818 20 1060
20180508T131645.528765 194.584 256.299 143.89 126.358 105.658 233.554 263.792 261.877 263.795 20180508T131645.528765 20 1060
20180508T131645.540866 20 1060
20180508T131645.552809 20 1060
20180508T131645.561117 194.735 256.159 143.817 126.468 106.046 233.945 263.673 261.81 263.76 20180508T131645.561117 20 1060
20180508T131645.573166 20 1060
20180508T131645.581358 20 1060
20180508T131645.593351 195.078 256.063 143.991 126.487 106.868 234.221 263.742 262.089 263.686 20180508T131645.593351 20 1060
20180508T131645.601023 20 1060
20180508T131645.612846 20 1060
20180508T131645.620794 195.078 255.734 144.247 126.007 107.207 234.398 263.498 262.481 263.417 20180508T131645.620794 20 1060
20180508T131645.632933 20 1060
20180508T131645.640801 20 1060
20180508T131645.652819 195.117 255.763 144.333 125.935 107.757 234.262 263.546 262.225 263.36 20180508T131645.652819 20 1060
20180508T131645.661883 20 1060
20180508T131645.672831 20 1060
20180508T131645.680820 195.069 255.919 144.25 126.203 107.434 234.146 263.76 262.051 263.82 20180508T131645.680820 20 1060
20180508T131645.694605 20 1060
20180508T131645.700898 20 1060
20180508T131645.712817 195.017 255.907 144.299 126.311 106.917 234.184 263.632 262.053 263.83 20180508T131645.712817 20 1060
20180508T131645.721238 20 1060
20180508T131645.732817 20 1060
20180508T131645.740755 195.268 255.676 144.86 125.965 107.168 234.426 263.528 262.294 263.685 20180508T131645.740755 20 1060
20180508T131645.752861 20 1060
20180508T131645.760770 20 1060
20180508T131645.774660 195.216 255.878 144.839 126.153 105.995 234.454 263.756 262.419 263.894 20180508T131645.774660 20 1060
20180508T131645.781366 20 1060
20180508T131645.793146 20 1060
20180508T131646.562455 289.931 240.607 143.465 134.213 122.962 288.087 253.83 315.197 254.117 20180508T131646.562455 960 1060
20180508T131646.570795 960 1060
20180508T131646.580841 960 1060
20180508T131646.588746 289.617 240.677 143.275 133.856 121.485 288 254.136 314.91 254.11 20180508T131646.588746 960 1060
20180508T131646.600876 960 1060
20180508T131646.608818 960 1060
20180508T131646.622063 289.492 240.639 142.906 133.8 123.096 287.667 253.712 314.859 253.646 20180508T131646.622063 960 1060
20180508T131646.630981 960 1060
20180508T131646.640816 960 1060
20180508T131646.649435 289.375 240.134 142.735 133.943 121.972 287.835 253.593 314.942 253.646 20180508T131646.649435 960 1060
20180508T131646.660815 960 1060
20180508T131646.668763 960 1060
20180508T131646.680750 289.45 240.047 142.855 133.861 120.93 287.667 253.51 314.902 253.582 20180508T131646.680750 960 1060
20180508T131646.688801 960 1060
20180508T131646.701441 960 1060
20180508T131646.711048 289.141 240.293 142.815 133.922 120.894 287.52 253.67 314.808 253.969 20180508T131646.711048 960 1060
20180508T131646.720869 960 1060
20180508T131646.728760 960 1060
20180508T131646.741583 289.184 239.853 143.204 133.756 120.729 287.435 253.475 314.249 253.372 20180508T131646.741583 960 1060
20180508T131646.751254 960 1060
20180508T131646.760749 960 1060
20180508T131646.768712 289.047 239.926 143.154 133.912 120.999 287.247 253.625 314.112 253.446 20180508T131646.768712 960 1060
20180508T131646.780783 960 1060
20180508T131646.788729 960 1060
20180508T131646.800726 288.616 239.59 143.207 134.174 120.552 286.958 253.351 313.876 253.271 20180508T131646.800726 960 1060
20180508T131646.813341 960 1060
20180508T131646.820741 960 1060
20180508T131646.832755 288.318 238.977 143.164 134.1 122.122 286.484 252.685 313.424 252.926 20180508T131646.832755 960 1060
20180508T131646.840792 960 1060
20180508T131646.852768 960 1060
20180508T131646.860730 288.072 238.858 142.937 134.123 120.986 286.052 252.243 313.167 252.575 20180508T131646.860730 960 1060
20180508T131646.872846 960 1060
20180508T131646.880798 960 1060
20180508T131646.892756 288.143 238.733 142.838 133.914 120.293 286.098 252.254 313.189 252.282 20180508T131646.892756 960 1060
20180508T131646.900805 960 1060
20180508T131646.912760 960 1060
20180508T131646.920723 288.008 238.396 142.471 133.313 121.564 286.115 251.932 313.17 251.981 20180508T131646.920723 960 1060
20180508T131646.933742 960 1060
20180508T131646.940744 960 1060
20180508T131646.952720 287.85 238.186 141.668 132.746 120.782 285.9 251.835 312.958 251.981 20180508T131646.952720 960 1060
20180508T131646.961913 960 1060
20180508T131646.972744 960 1060
20180508T131646.980743 287.497 238.131 141.08 132.231 121.793 285.649 251.796 312.891 251.925 20180508T131646.980743 960 1060
20180508T131646.992808 960 1060
20180508T131647.000717 960 1060
20180508T131647.012714 287.586 238.119 140.327 131.904 122.345 285.581 251.739 312.808 251.969 20180508T131647.012714 960 1060
20180508T131647.020796 960 1060
20180508T131647.034009 960 1060
20180508T131647.041073 287.431 238.062 139.973 131.37 121.227 285.396 251.639 312.733 251.733 20180508T131647.041073 960 1060
20180508T131647.052808 960 1060
20180508T131647.064758 960 1060
20180508T131647.072713 287.2 237.547 139.803 131.042 120.783 285.369 251.521 312.172 251.385 20180508T131647.072713 960 1060
20180508T131647.084816 960 1060
20180508T131647.092741 960 1060
20180508T131647.104748 286.809 237.604 139.361 130.756 119.303 284.887 251.302 312 251.34 20180508T131647.104748 960 1060
20180508T131647.112869 960 1060
20180508T131647.124764 960 1060
20180508T131647.132781 286.851 237.511 139.01 130.838 120.112 284.752 251.294 311.572 251.261 20180508T131647.132781 960 1060
20180508T131647.144789 960 1060
20180508T131647.154291 960 1060
20180508T131647.165404 286.717 237.2 138.973 130.567 120.377 284.737 251.14 311.604 251.069 20180508T131647.165404 960 1060
20180508T131647.173252 960 1060
20180508T131647.184743 960 1060
20180508T131647.192717 286.495 237.201 139.311 130.161 120.759 284.726 250.819 311.502 251.182 20180508T131647.192717 960 1060
20180508T131647.204769 960 1060
20180508T131647.213772 960 1060
20180508T131647.225756 286.563 236.871 139.069 130.268 120.334 284.699 250.532 311.528 250.733 20180508T131647.225756 960 1060
20180508T131647.233627 960 1060
20180508T131647.244783 960 1060
20180508T131647.252694 286.719 237.002 138.982 130.112 119.972 284.84 250.42 311.5 250.5 20180508T131647.252694 960 1060
20180508T131647.264763 960 1060
20180508T131647.272711 960 1060
20180508T131647.284715 286.239 236.719 139.033 130.625 120.146 284.133 250.154 311.237 250.277 20180508T131647.284715 960 1060
20180508T131647.292749 960 1060
20180508T131647.304741 960 1060
20180508T131647.316745 285.83 236.664 139.615 130.353 119.46 283.94 250.316 310.941 250.049 20180508T131647.316745 960 1060
20180508T131647.324785 960 1060
20180508T131647.336756 960 1060
20180508T131647.344711 285.811 236.438 139.73 130.67 120.705 283.753 249.806 310.912 249.824 20180508T131647.344711 960 1060
20180508T131647.356820 960 1060
20180508T131647.364730 960 1060
20180508T131647.376749 286.116 236.399 139.655 131.049 119.628 284.133 250.007 311.252 250 20180508T131647.376749 960 1060
20180508T131647.386451 960 1060
20180508T131647.396759 960 1060
20180508T131647.404707 286.258 235.992 139.689 131.345 120.623 284.379 249.564 311.252 249.677 20180508T131647.404707 960 1060
20180508T131647.416781 960 1060
20180508T131647.424722 960 1060
20180508T131647.437980 285.795 235.265 140.073 131.616 121.395 283.597 249.137 310.795 249.043 20180508T131647.437980 960 1060
20180508T131647.446013 960 1060
20180508T131647.456820 960 1060
20180508T131647.464714 287.001 236.107 140.211 132.059 121.519 284.01 249.446 311.31 249.479 20180508T131647.464714 960 1060
20180508T131647.476817 960 1060
20180508T131647.484719 960 1060
20180508T131647.496705 286.191 236.363 140.651 132.261 121.352 283.419 249.667 310.885 249.749 20180508T131647.496705 960 1060
20180508T131647.505461 960 1060
20180508T131647.516723 960 1060
20180508T131647.525532 286.143 236.366 140.636 133.04 119.655 283.216 249.656 310.625 249.812 20180508T131647.525532 960 1060
20180508T131647.536829 960 1060
20180508T131647.544763 960 1060
20180508T131647.557753 286.189 236.182 141.284 133.222 119.135 283.271 249.591 310.498 249.406 20180508T131647.557753 960 1060
20180508T131647.571568 960 1060
20180508T131647.578248 960 1060
20180508T131647.589046 286.312 236.299 141.529 133.094 119.9 283.357 249.35 310.677 249.489 20180508T131647.589046 960 1060
20180508T131647.597619 960 1060
20180508T131647.609643 960 1060
20180508T131647.617570 286.416 236.225 141.446 133.598 119.435 283.316 249.578 310.677 249.489 20180508T131647.617570 960 1060
20180508T131647.630545 960 1060
20180508T131647.636723 960 1060
20180508T131647.649550 286.362 236.182 141.607 134.672 122.681 283.357 249.35 310.579 249.414 20180508T131647.649550 960 1060
20180508T131647.658912 960 1060
20180508T131647.668759 960 1060
20180508T131647.676743 286.444 236.468 141.907 135.165 121.259 283.397 249.337 310.823 249.5 20180508T131647.676743 960 1060
20180508T131647.688820 960 1060
20180508T131647.696723 960 1060
20180508T131647.708726 286.503 236.153 142.496 135.291 120.788 283.5 249.277 310.793 249.309 20180508T131647.708726 960 1060
20180508T131647.716783 960 1060
20180508T131647.728752 960 1060
20180508T131647.738430 286.313 235.746 142.776 135.206 121.565 283.289 248.889 310.498 248.894 20180508T131647.738430 960 1060
20180508T131647.749684 960 1060
20180508T131647.758907 960 1060
20180508T131647.769328 286.097 235.706 142.654 135.809 121.38 283.231 248.699 310.186 248.604 20180508T131647.769328 960 1060
20180508T131647.778270 960 1060
20180508T131647.788752 960 1060
20180508T131647.796683 285.993 235.791 143.038 135.738 121.676 283.207 248.867 310.249 248.751 20180508T131647.796683 960 1060
20180508T131647.808959 960 1060
20180508T131647.820750 960 1060
20180508T131647.830195 286.067 235.79 143.002 136.043 122.469 283.228 248.788 310.249 248.751 20180508T131647.830195 960 1060
20180508T131647.841587 960 1060
20180508T131647.848805 960 1060
20180508T131647.860716 286.014 235.645 143.164 136.013 123.068 283.186 248.425 310.073 248.549 20180508T131647.860716 960 1060
20180508T131647.868748 960 1060
20180508T131647.880848 960 1060
20180508T131647.889752 285.832 235.666 143.416 136.277 124.734 283.114 248.426 310 248.578 20180508T131647.889752 960 1060
20180508T131647.901723 960 1060
20180508T131647.909750 960 1060
20180508T131647.921730 285.84 235.902 143.748 136.177 125.451 283.049 248.884 310.098 248.741 20180508T131647.921730 960 1060
20180508T131647.929617 960 1060
20180508T131647.940742 960 1060
20180508T131647.949248 286.005 235.825 143.78 136.478 124.421 283.173 248.85 310.01 248.63 20180508T131647.949248 960 1060
20180508T131647.962788 960 1060
20180508T131647.968705 960 1060
20180508T131647.980712 286.11 235.642 144.165 136.329 126.589 283.133 248.552 310.094 248.389 20180508T131647.980712 960 1060
20180508T131647.989050 960 1060
20180508T131648.001410 960 1060
20180508T131648.010035 286.22 235.553 144.42 136.324 126.318 283.238 248.259 310.337 248.447 20180508T131648.010035 960 1060
20180508T131648.021313 960 1060
20180508T131648.029463 960 1060
20180508T131648.041987 286.41 235.414 144.308 136.146 126.343 283.36 248.271 310.761 248.18 20180508T131648.041987 960 1060
20180508T131648.049735 960 1060
20180508T131648.917528 1900 1060
20180508T131648.929562 392.082 220.803 141.81 132.863 95.5315 343.756 238.063 371.444 238.268 20180508T131648.929562 1900 1060
20180508T131648.936794 1900 1060
20180508T131648.948879 1900 1060
20180508T131648.956724 392.016 220.374 142.792 132.909 93.7953 343.651 237.5 371.405 237.704 20180508T131648.956724 1900 1060
20180508T131648.968757 1900 1060
20180508T131648.976813 1900 1060
20180508T131648.988711 392.079 220.136 142.695 133.077 94.8165 343.763 237.391 371.439 237.553 20180508T131648.988711 1900 1060
20180508T131648.998351 1900 1060
20180508T131649.008701 1900 1060
20180508T131649.016660 392.294 219.992 142.81 133.206 91.9388 344.07 237.387 371.595 237.296 20180508T131649.016660 1900 1060
20180508T131649.029689 1900 1060
20180508T131649.036679 1900 1060
20180508T131649.048687 392.622 219.915 142.664 133.301 95.1479 344.07 237.387 371.755 237.27 20180508T131649.048687 1900 1060
20180508T131649.056708 1900 1060
20180508T131649.068693 1900 1060
20180508T131649.081707 392.433 219.974 143.232 133.399 94.4886 344.07 237.387 371.755 237.27 20180508T131649.081707 1900 1060
20180508T131649.090851 1900 1060
20180508T131649.100710 1900 1060
20180508T131649.108672 392.619 219.838 143.196 133.375 93.7749 344.019 237.269 371.595 237.296 20180508T131649.108672 1900 1060
20180508T131649.121614 1900 1060
20180508T131649.129513 1900 1060
20180508T131649.140739 392.794 219.778 143.563 133.947 93.8 344.07 237.387 371.843 237.406 20180508T131649.140739 1900 1060
20180508T131649.150484 1900 1060
20180508T131649.161549 1900 1060
20180508T131649.168859 392.824 219.861 143.586 134.124 93.5714 344.143 237.415 371.917 237.379 20180508T131649.168859 1900 1060
20180508T131649.180720 1900 1060
20180508T131649.188676 1900 1060
20180508T131649.200664 392.715 219.725 143.672 134.523 92.8722 344.087 237.24 371.924 237.102 20180508T131649.200664 1900 1060
20180508T131649.210933 1900 1060
20180508T131649.220681 1900 1060
20180508T131649.229720 392.631 219.621 144.306 134.796 94.3334 344.066 237.038 371.736 237.06 20180508T131649.229720 1900 1060
20180508T131649.240702 1900 1060
20180508T131649.248679 1900 1060
20180508T131649.260666 392.376 219.542 144.49 135.466 93.3222 343.655 236.83 371.57 236.947 20180508T131649.260666 1900 1060
20180508T131649.268977 1900 1060
20180508T131649.281538 1900 1060
20180508T131649.289502 392.228 219.673 144.849 135.484 92.8757 343.619 236.814 371.4 237.017 20180508T131649.289502 1900 1060
20180508T131649.301936 1900 1060
20180508T131649.308663 1900 1060
20180508T131649.321513 392.444 219.31 144.631 136.009 92.7583 343.804 236.52 371.615 236.73 20180508T131649.321513 1900 1060
20180508T131649.334025 1900 1060
20180508T131649.340729 1900 1060
20180508T131649.354213 392.803 219.222 145.001 136.003 93.1025 344.294 236.185 371.981 236.565 20180508T131649.354213 1900 1060
20180508T131649.362798 1900 1060
20180508T131649.372720 1900 1060
20180508T131649.380665 392.984 218.731 145.203 136.037 92.9859 344.635 236.215 372.16 236.23 20180508T131649.380665 1900 1060
20180508T131649.393549 1900 1060
20180508T131649.401374 1900 1060
20180508T131649.413777 392.335 218.422 145.22 136.297 93.2089 343.832 235.44 371.431 235.768 20180508T131649.413777 1900 1060
20180508T131649.421544 1900 1060
20180508T131649.432723 1900 1060
20180508T131649.440674 391.925 218.375 145.466 136.219 93.9275 343.5 235.5 371.405 235.704 20180508T131649.440674 1900 1060
20180508T131649.452868 1900 1060
20180508T131649.460765 1900 1060
20180508T131649.473959 391.807 218.746 145.423 136.343 92.9562 343.242 235.915 371.248 236.217 20180508T131649.473959 1900 1060
20180508T131649.482733 1900 1060
20180508T131649.492765 1900 1060
20180508T131649.500670 391.786 218.798 145.642 136.246 93.9346 343.302 236.065 371.221 236.348 20180508T131649.500670 1900 1060
20180508T131649.512715 1900 1060
20180508T131649.520664 1900 1060
20180508T131649.532675 391.849 218.718 145.503 136.336 94.127 343.321 235.935 371.29 236.129 20180508T131649.532675 1900 1060
20180508T131649.541634 1900 1060
20180508T131649.553958 1900 1060
20180508T131649.561946 392.245 218.549 145.549 136.412 95.2068 343.618 235.81 371.417 236.231 20180508T131649.561946 1900 1060
20180508T131649.574573 1900 1060
20180508T131649.585237 1900 1060
20180508T131649.594383 392.247 218.824 145.882 136.737 93.7382 343.667 236.125 371.426 236.301 20180508T131649.594383 1900 1060
20180508T131649.605134 1900 1060
20180508T131649.613975 1900 1060
20180508T131649.625953 392.507 218.993 146.354 136.381 93.3334 343.623 236.305 371.514 236.342 20180508T131649.625953 1900 1060
20180508T131649.633008 1900 1060
20180508T131649.645009 1900 1060
20180508T131649.653053 389.851 220.644 147.201 136.137 98.6057 342.46 237.43 370.12 237.399 20180508T131649.653053 1900 1060
20180508T131649.665024 1900 1060
20180508T131649.673235 1900 1060
20180508T131649.685214 389.441 221.31 147.058 137.423 94.8825 341.983 237.478 369.58 237.866 20180508T131649.685214 1900 1060
20180508T131649.692696 1900 1060
20180508T131649.704683 1900 1060
20180508T131649.712648 389.547 221.235 147.282 137.266 95.7452 341.983 237.478 369.583 237.679 20180508T131649.712648 1900 1060
20180508T131649.724698 1900 1060
20180508T131649.732669 1900 1060
20180508T131649.744659 389.948 221.505 147.607 137.306 95.8058 342.724 237.928 370.067 237.916 20180508T131649.744659 1900 1060
20180508T131649.752710 1900 1060
20180508T131649.764683 1900 1060
20180508T131649.772634 390.222 221.529 147.966 137.692 96.1797 343.173 238.183 370.803 238.383 20180508T131649.772634 1900 1060
20180508T131649.784713 1900 1060
20180508T131649.792648 1900 1060
20180508T131649.804651 390.649 221.753 148.056 137.687 96.8063 343.304 238 371 238.379 20180508T131649.804651 1900 1060
20180508T131649.813185 1900 1060
20180508T131649.824667 1900 1060
20180508T131649.836673 390.921 221.745 148.077 137.965 97.9013 343.527 238.182 371.206 238.442 20180508T131649.836673 1900 1060
20180508T131649.844732 1900 1060
20180508T131649.856691 1900 1060
20180508T131649.864654 392.352 221.344 148.442 137.505 96.9014 344.241 238.032 371.759 238.341 20180508T131649.864654 1900 1060
20180508T131649.876762 1900 1060
20180508T131649.884669 1900 1060
20180508T131649.896676 392.291 221.659 148.225 137.565 96.966 343.707 238.146 371.336 238.581 20180508T131649.896676 1900 1060
20180508T131649.905871 1900 1060
20180508T131649.917822 1900 1060
20180508T131649.924652 392.061 221.567 148.583 137.896 96.2236 343.6 238.203 371.388 238.373 20180508T131649.924652 1900 1060
20180508T131649.936726 1900 1060
20180508T131649.944662 1900 1060
20180508T131649.957509 392.171 221.604 148.653 137.968 96.2659 343.754 238.574 371.474 238.704 20180508T131649.957509 1900 1060
20180508T131649.965550 1900 1060
20180508T131649.976692 1900 1060
20180508T131649.984651 392.187 221.714 148.682 138.251 97.291 343.762 238.741 371.493 238.84 20180508T131649.984651 1900 1060
20180508T131649.997771 1900 1060
20180508T131650.004694 1900 1060
20180508T131650.016654 392.329 221.949 149.24 138.275 97.7321 343.943 238.821 371.696 239 20180508T131650.016654 1900 1060
20180508T131650.026466 1900 1060
20180508T131650.036727 1900 1060
20180508T131650.045158 392.766 222.203 149.261 138.212 96.392 344.354 239.057 372.033 239.057 20180508T131650.045158 1900 1060
20180508T131650.057744 1900 1060
20180508T131650.065719 1900 1060
20180508T131650.077999 393.252 222.364 149.475 138.139 95.7926 344.766 239.058 372.548 239.397 20180508T131650.077999 1900 1060
20180508T131650.090278 1900 1060
20180508T131650.096640 1900 1060
20180508T131650.109678 393.182 222.537 149.608 137.818 96.3096 345.073 239.425 372.87 239.422 20180508T131650.109678 1900 1060
20180508T131650.117725 1900 1060
20180508T131650.128697 1900 1060
20180508T131650.136630 393.578 222.986 149.915 138.474 97.8754 345.14 239.623 372.889 239.792 20180508T131650.136630 1900 1060
20180508T131650.148724 1900 1060
20180508T131650.156642 1900 1060
20180508T131650.168649 393.484 222.926 149.471 138.285 97.9985 344.981 239.537 372.675 239.771 20180508T131650.168649 1900 1060
20180508T131650.176837 1900 1060
20180508T131650.188667 1900 1060
20180508T131650.198585 393.365 222.937 149.564 138.122 99.0308 345.117 239.638 372.739 239.808 20180508T131650.198585 1900 1060
20180508T131650.208843 1900 1060
20180508T131650.216645 1900 1060
20180508T131650.229893 393.33 223.148 149.882 138.208 97.8456 345.219 239.981 372.629 240.287 20180508T131650.229893 1900 1060
20180508T131650.237926 1900 1060
20180508T131650.248650 1900 1060
20180508T131650.256633 393.142 223.847 149.693 138.033 97.1633 344.845 240.571 372.325 240.945 20180508T131650.256633 1900 1060
20180508T131650.268883 1900 1060
20180508T131650.276623 1900 1060
20180508T131650.288642 393.063 224.07 149.318 138.014 97.4882 344.752 240.773 372.311 241 20180508T131650.288642 1900 1060
20180508T131650.296676 1900 1060
20180508T131650.308649 1900 1060
20180508T131650.316608 393.121 224.077 149.192 138.084 98.5781 345.072 240.949 372.65 241.137 20180508T131650.316608 1900 1060
20180508T131650.328911 1900 1060
20180508T131650.340675 1900 1060
20180508T131650.350636 393.251 224.308 149.274 137.805 96.4764 345.156 241.057 373.037 241.198 20180508T131650.350636 1900 1060
20180508T131650.361819 1900 1060
20180508T131650.368651 1900 1060
20180508T131650.380697 393.226 224.185 149.114 137.638 98.0683 345.189 240.994 373.005 241.131 20180508T131650.380697 1900 1060
20180508T131650.388849 1900 1060
20180508T131650.400668 1900 1060
20180508T131650.408628 393.221 224.399 148.962 137.748 97.9275 345.286 241.162 373.018 241.363 20180508T131650.408628 1900 1060
