04120846702 20 20
04120846709 20 20
04120846721 20 20
04120846730 20 20
04120846743 20 20
04120846749 20 20
04120846761 20 20
04120846769 20 20
04120846781 20 20
04120846789 20 20
04120846801 20 20
04120846809 20 20
04120846821 20 20
04120846833 20 20
04120846841 20 20
04120846853 20 20
04120846861 20 20
04120846873 20 20
04120846881 20 20
04120846893 20 20
04120846901 20 20
04120846913 20 20
04120846921 20 20
04120846933 20 20
04120846941 20 20
04120846953 20 20
04120846961 20 20
04120846973 20 20
04120846981 20 20
04120846993 20 20
04120847001 20 20
04120847013 20 20
04120847021 20 20
04120847033 20 20
04120847041 20 20
04120847053 20 20
04120847061 20 20
04120847073 20 20
04120847085 20 20
04120847093 20 20
04120847105 20 20
04120847113 20 20
04120847125 20 20
04120847133 20 20
04120847145 20 20
04120847153 20 20
04120847165 20 20
04120847173 20 20
04120847185 20 20
04120847193 20 20
04120847205 20 20
04120847213 20 20
04120847225 20 20
04120847233 20 20
04120847245 20 20
04120847253 20 20
04120847265 20 20
04120847273 20 20
04120847285 20 20
04120847293 20 20
04120847305 20 20
04120847313 20 20
04120847325 20 20
04120847337 20 20
04120847345 20 20
04120847357 20 20
04120847365 20 20
04120847377 20 20
04120847385 20 20
04120847397 20 20
04120847405 20 20
04120847417 20 20
04120847425 20 20
04120847437 20 20
04120847445 20 20
04120847457 20 20
04120847465 20 20
04120847477 20 20
04120847485 20 20
04120847497 20 20
04120847505 20 20
04120847517 20 20
04120847525 20 20
04120847537 20 20
04120847545 20 20
04120847557 20 20
04120847565 20 20
04120847577 20 20
04120847589 20 20
04120847597 20 20
04120847609 20 20
04120847617 20 20
04120847629 20 20
04120847637 20 20
04120847649 20 20
04120847657 20 20
04120847669 20 20
04120847677 20 20
04120847689 20 20
04120847697 20 20
04120847709 20 20
04120847717 20 20
04120847729 20 20
04120847737 20 20
04120847749 20 20
04120847757 20 20
04120847769 20 20
04120847777 20 20
04120847789 20 20
04120847797 20 20
04120847809 20 20
04120847817 20 20
04120847829 20 20
04120847841 20 20
04120847849 20 20
04120847861 20 20
04120847869 20 20
04120847881 20 20
04120847889 20 20
04120847901 20 20
04120847909 20 20
04120847921 20 20
04120847929 20 20
04120847941 20 20
04120847949 20 20
04120847961 20 20
04120847969 20 20
04120847981 20 20
04120847989 20 20
04120848001 20 20
04120848009 20 20
04120848021 20 20
04120848029 20 20
04120848041 20 20
04120848049 20 20
04120848061 20 20
04120848069 20 20
04120848081 20 20
04120848093 20 20
04120848101 20 20
04120848113 20 20
04120848121 20 20
04120848133 20 20
04120848141 20 20
04120848153 20 20
04120848161 20 20
04120848173 20 20
04120848181 20 20
04120848193 20 20
04120849705 960 20
04120849713 960 20
04120849725 960 20
04120849733 960 20
04120849745 960 20
04120849753 960 20
04120849765 960 20
04120849773 960 20
04120849785 960 20
04120849793 960 20
04120849805 960 20
04120849813 960 20
04120849825 960 20
04120849833 960 20
04120849845 960 20
04120849857 960 20
04120849865 960 20
04120849877 960 20
04120849885 960 20
04120849897 960 20
04120849905 960 20
04120849917 960 20
04120849925 960 20
04120849937 960 20
04120849945 960 20
04120849957 960 20
04120849965 960 20
04120849977 960 20
04120849985 960 20
04120849997 960 20
04120850005 960 20
04120850017 960 20
04120850025 960 20
04120850037 960 20
04120850045 960 20
04120850057 960 20
04120850065 960 20
04120850077 960 20
04120850085 960 20
04120850097 960 20
04120850109 960 20
04120850117 960 20
04120850129 960 20
04120850137 960 20
04120850149 960 20
04120850157 960 20
04120850169 960 20
04120850177 960 20
04120850189 960 20
04120850197 960 20
04120850209 960 20
04120850217 960 20
04120850229 960 20
04120850237 960 20
04120850249 960 20
04120850257 960 20
04120850269 960 20
04120850277 960 20
04120850289 960 20
04120850297 960 20
04120850309 960 20
04120850317 960 20
04120850329 960 20
04120850337 960 20
04120850349 960 20
04120850361 960 20
04120850369 960 20
04120850381 960 20
04120850389 960 20
04120850401 960 20
04120850409 960 20
04120850421 960 20
04120850429 960 20
04120850441 960 20
04120850449 960 20
04120850461 960 20
04120850469 960 20
04120850481 960 20
04120850489 960 20
04120850501 960 20
04120850509 960 20
04120850521 960 20
04120850529 960 20
04120850541 960 20
04120850549 960 20
04120850561 960 20
04120850569 960 20
04120850581 960 20
04120850589 960 20
04120850601 960 20
04120850613 960 20
04120850621 960 20
04120850633 960 20
04120850641 960 20
04120850653 960 20
04120850661 960 20
04120850673 960 20
04120850681 960 20
04120850693 960 20
04120850701 960 20
04120850713 960 20
04120850721 960 20
04120850733 960 20
04120850741 960 20
04120850753 960 20
04120850761 960 20
04120850773 960 20
04120850781 960 20
04120850793 960 20
04120850801 960 20
04120850813 960 20
04120850821 960 20
04120850833 960 20
04120850841 960 20
04120850853 960 20
04120850865 960 20
04120850873 960 20
04120850885 960 20
04120850893 960 20
04120850905 960 20
04120850913 960 20
04120850925 960 20
04120850933 960 20
04120850945 960 20
04120850953 960 20
04120850965 960 20
04120850973 960 20
04120850985 960 20
04120850993 960 20
04120851005 960 20
04120851013 960 20
04120851025 960 20
04120851033 960 20
04120851045 960 20
04120851053 960 20
04120851065 960 20
04120851073 960 20
04120851085 960 20
04120851093 960 20
04120851105 960 20
04120851117 960 20
04120851125 960 20
04120851137 960 20
04120851145 960 20
04120851157 960 20
04120851165 960 20
04120851177 960 20
04120851185 960 20
04120851197 960 20
04120852709 1900 20
04120852717 1900 20
04120852729 1900 20
04120852737 1900 20
04120852749 1900 20
04120852757 1900 20
04120852769 1900 20
04120852777 1900 20
04120852789 1900 20
04120852797 1900 20
04120852809 1900 20
04120852817 1900 20
04120852829 1900 20
04120852837 1900 20
04120852849 1900 20
04120852857 1900 20
04120852869 1900 20
04120852881 1900 20
04120852889 1900 20
04120852901 1900 20
04120852909 1900 20
04120852921 1900 20
04120852929 1900 20
04120852941 1900 20
04120852949 1900 20
04120852961 1900 20
04120852969 1900 20
04120852981 1900 20
04120852989 1900 20
04120853001 1900 20
04120853009 1900 20
04120853021 1900 20
04120853029 1900 20
04120853041 1900 20
04120853049 1900 20
04120853061 1900 20
04120853069 1900 20
04120853081 1900 20
04120853089 1900 20
04120853101 1900 20
04120853109 1900 20
04120853121 1900 20
04120853133 1900 20
04120853141 1900 20
04120853153 1900 20
04120853161 1900 20
04120853173 1900 20
04120853181 1900 20
04120853193 1900 20
04120853201 1900 20
04120853213 1900 20
04120853221 1900 20
04120853233 1900 20
04120853241 1900 20
04120853253 1900 20
04120853261 1900 20
04120853273 1900 20
04120853281 1900 20
04120853293 1900 20
04120853301 1900 20
04120853313 1900 20
04120853321 1900 20
04120853333 1900 20
04120853341 1900 20
04120853353 1900 20
04120853361 1900 20
04120853373 1900 20
04120853385 1900 20
04120853393 1900 20
04120853405 1900 20
04120853413 1900 20
04120853425 1900 20
04120853433 1900 20
04120853445 1900 20
04120853453 1900 20
04120853465 1900 20
04120853473 1900 20
04120853485 1900 20
04120853493 1900 20
04120853505 1900 20
04120853513 1900 20
04120853525 1900 20
04120853533 1900 20
04120853545 1900 20
04120853553 1900 20
04120853565 1900 20
04120853573 1900 20
04120853585 1900 20
04120853593 1900 20
04120853605 1900 20
04120853613 1900 20
04120853625 1900 20
04120853637 1900 20
04120853645 1900 20
04120853657 1900 20
04120853665 1900 20
04120853677 1900 20
04120853685 1900 20
04120853697 1900 20
04120853705 1900 20
04120853717 1900 20
04120853725 1900 20
04120853737 1900 20
04120853745 1900 20
04120853757 1900 20
04120853765 1900 20
04120853777 1900 20
04120853785 1900 20
04120853797 1900 20
04120853805 1900 20
04120853817 1900 20
04120853825 1900 20
04120853837 1900 20
04120853845 1900 20
04120853857 1900 20
04120853865 1900 20
04120853877 1900 20
04120853889 1900 20
04120853897 1900 20
04120853909 1900 20
04120853917 1900 20
04120853929 1900 20
04120853937 1900 20
04120853949 1900 20
04120853957 1900 20
04120853969 1900 20
04120853977 1900 20
04120853989 1900 20
04120853997 1900 20
04120854009 1900 20
04120854017 1900 20
04120854029 1900 20
04120854037 1900 20
04120854049 1900 20
04120854057 1900 20
04120854069 1900 20
04120854077 1900 20
04120854089 1900 20
04120854097 1900 20
04120854109 1900 20
04120854117 1900 20
04120854129 1900 20
04120854141 1900 20
04120854149 1900 20
04120854161 1900 20
04120854169 1900 20
04120854181 1900 20
04120854189 1900 20
04120854201 1900 20
04120855713 1900 540
04120855721 1900 540
04120855733 1900 540
04120855741 1900 540
04120855753 1900 540
04120855761 1900 540
04120855773 1900 540
04120855781 1900 540
04120855793 1900 540
04120855801 1900 540
04120855813 1900 540
04120855821 1900 540
04120855833 1900 540
04120855841 1900 540
04120855853 1900 540
04120855861 1900 540
04120855873 1900 540
04120855881 1900 540
04120855893 1900 540
04120855905 1900 540
04120855913 1900 540
04120855925 1900 540
04120855933 1900 540
04120855945 1900 540
04120855953 1900 540
04120855965 1900 540
04120855973 1900 540
04120855985 1900 540
04120855993 1900 540
04120856005 1900 540
04120856013 1900 540
04120856025 1900 540
04120856033 1900 540
04120856045 1900 540
04120856053 1900 540
04120856065 1900 540
04120856073 1900 540
04120856085 1900 540
04120856093 1900 540
04120856105 1900 540
04120856113 1900 540
04120856125 1900 540
04120856133 1900 540
04120856145 1900 540
04120856157 1900 540
04120856165 1900 540
04120856177 1900 540
04120856185 1900 540
04120856197 1900 540
04120856205 1900 540
04120856217 1900 540
04120856225 1900 540
04120856237 1900 540
04120856245 1900 540
04120856257 1900 540
04120856265 1900 540
04120856277 1900 540
04120856285 1900 540
04120856297 1900 540
04120856305 1900 540
04120856317 1900 540
04120856325 1900 540
04120856337 1900 540
04120856345 1900 540
04120856357 1900 540
04120856365 1900 540
04120856377 1900 540
04120856385 1900 540
04120856397 1900 540
04120856409 1900 540
04120856417 1900 540
04120856429 1900 540
04120856437 1900 540
04120856449 1900 540
04120856457 1900 540
04120856469 1900 540
04120856477 1900 540
04120856489 1900 540
04120856497 1900 540
04120856509 1900 540
04120856517 1900 540
04120856529 1900 540
04120856537 1900 540
04120856549 1900 540
04120856557 1900 540
04120856569 1900 540
04120856577 1900 540
04120856589 1900 540
04120856597 1900 540
04120856609 1900 540
04120856617 1900 540
04120856629 1900 540
04120856637 1900 540
04120856649 1900 540
04120856661 1900 540
04120856669 1900 540
04120856681 1900 540
04120856689 1900 540
04120856701 1900 540
04120856709 1900 540
04120856721 1900 540
04120856729 1900 540
04120856741 1900 540
04120856749 1900 540
04120856761 1900 540
04120856769 1900 540
04120856781 1900 540
04120856789 1900 540
04120856801 1900 540
04120856809 1900 540
04120856821 1900 540
04120856829 1900 540
04120856841 1900 540
04120856849 1900 540
04120856861 1900 540
04120856869 1900 540
04120856881 1900 540
04120856889 1900 540
04120856901 1900 540
04120856913 1900 540
04120856921 1900 540
04120856933 1900 540
04120856941 1900 540
04120856953 1900 540
04120856961 1900 540
04120856973 1900 540
04120856981 1900 540
04120856993 1900 540
04120857001 1900 540
04120857013 1900 540
04120857021 1900 540
04120857033 1900 540
04120857041 1900 540
04120857053 1900 540
04120857061 1900 540
04120857073 1900 540
04120857081 1900 540
04120857093 1900 540
04120857101 1900 540
04120857113 1900 540
04120857121 1900 540
04120857133 1900 540
04120857141 1900 540
04120857153 1900 540
04120857165 1900 540
04120857173 1900 540
04120857185 1900 540
04120857193 1900 540
04120857205 1900 540
04120858717 960 540
04120858725 960 540
04120858737 960 540
04120858744 960 540
04120858757 960 540
04120858765 960 540
04120858777 960 540
04120858784 960 540
04120858797 960 540
04120858804 960 540
04120858817 960 540
04120858825 960 540
04120858837 960 540
04120858844 960 540
04120858856 960 540
04120858864 960 540
04120858876 960 540
04120858884 960 540
04120858896 960 540
04120858904 960 540
04120858916 960 540
04120858928 960 540
04120858936 960 540
04120858949 960 540
04120858956 960 540
04120858969 960 540
04120858976 960 540
04120858989 960 540
04120858996 960 540
04120859009 960 540
04120859017 960 540
04120859029 960 540
04120859036 960 540
04120859049 960 540
04120859056 960 540
04120859068 960 540
04120859076 960 540
04120859088 960 540
04120859097 960 540
04120859108 960 540
04120859116 960 540
04120859128 960 540
04120859136 960 540
04120859148 960 540
04120859156 960 540
04120859168 960 540
04120859181 960 540
04120859188 960 540
04120859201 960 540
04120859208 960 540
04120859220 960 540
04120859228 960 540
04120859240 960 540
04120859248 960 540
04120859261 960 540
04120859268 960 540
04120859281 960 540
04120859288 960 540
04120859301 960 540
04120859308 960 540
04120859320 960 540
04120859328 960 540
04120859340 960 540
04120859348 960 540
04120859360 960 540
04120859368 960 540
04120859381 960 540
04120859388 960 540
04120859400 960 540
04120859408 960 540
04120859420 960 540
04120859433 960 540
04120859440 960 540
04120859452 960 540
04120859460 960 540
04120859473 960 540
04120859480 960 540
04120859492 960 540
04120859500 960 540
04120859513 960 540
04120859520 960 540
04120859533 960 540
04120859540 960 540
04120859552 960 540
04120859560 960 540
04120859572 960 540
04120859580 960 540
04120859593 960 540
04120859600 960 540
04120859612 960 540
04120859620 960 540
04120859632 960 540
04120859640 960 540
04120859652 960 540
04120859660 960 540
04120859672 960 540
04120859685 960 540
04120859692 960 540
04120859704 960 540
04120859712 960 540
04120859725 960 540
04120859732 960 540
04120859744 960 540
04120859752 960 540
04120859765 960 540
04120859772 960 540
04120859785 960 540
04120859792 960 540
04120859804 960 540
04120859812 960 540
04120859824 960 540
04120859832 960 540
04120859844 960 540
04120859852 960 540
04120859864 960 540
04120859872 960 540
04120859884 960 540
04120859892 960 540
04120859904 960 540
04120859912 960 540
04120859924 960 540
04120859936 960 540
04120859944 960 540
04120859956 960 540
04120859964 960 540
04120859976 960 540
04120859984 960 540
04120859997 960 540
04120900004 960 540
04120900017 960 540
04120900024 960 540
04120900037 960 540
04120900044 960 540
04120900056 960 540
04120900064 960 540
04120900076 960 540
04120900084 960 540
04120900096 960 540
04120900104 960 540
04120900116 960 540
04120900124 960 540
04120900136 960 540
04120900144 960 540
04120900156 960 540
04120900164 960 540
04120900176 960 540
04120900188 960 540
04120900196 960 540
04120900209 960 540
04120901721 20 540
04120901729 20 540
04120901741 20 540
04120901748 20 540
04120901760 20 540
04120901769 20 540
04120901780 20 540
04120901788 20 540
04120901800 20 540
04120901808 20 540
04120901820 20 540
04120901828 20 540
04120901840 20 540
04120901848 20 540
04120901860 20 540
04120901868 20 540
04120901880 20 540
04120901888 20 540
04120901900 20 540
04120901908 20 540
04120901920 20 540
04120901928 20 540
04120901940 20 540
04120901952 20 540
04120901960 20 540
04120901972 20 540
04120901980 20 540
04120901992 20 540
04120902000 20 540
04120902012 20 540
04120902020 20 540
04120902032 20 540
04120902040 20 540
04120902052 20 540
04120902060 20 540
04120902072 20 540
04120902080 20 540
04120902092 20 540
04120902100 20 540
04120902112 20 540
04120902120 20 540
04120902132 20 540
04120902140 20 540
04120902152 20 540
04120902160 20 540
04120902172 20 540
04120902180 20 540
04120902192 20 540
04120902204 20 540
04120902212 20 540
04120902224 20 540
04120902232 20 540
04120902244 20 540
04120902252 20 540
04120902264 20 540
04120902272 20 540
04120902284 20 540
04120902292 20 540
04120902304 20 540
04120902312 20 540
04120902324 20 540
04120902332 20 540
04120902344 20 540
04120902352 20 540
04120902364 20 540
04120902372 20 540
04120902384 20 540
04120902392 20 540
04120902404 20 540
04120902412 20 540
04120902424 20 540
04120902432 20 540
04120902444 20 540
04120902456 20 540
04120902464 20 540
04120902476 20 540
04120902484 20 540
04120902496 20 540
04120902504 20 540
04120902516 20 540
04120902524 20 540
04120902536 20 540
04120902544 20 540
04120902556 20 540
04120902564 20 540
04120902576 20 540
04120902584 20 540
04120902596 20 540
04120902604 20 540
04120902616 20 540
04120902624 20 540
04120902636 20 540
04120902644 20 540
04120902656 20 540
04120902664 20 540
04120902676 20 540
04120902684 20 540
04120902696 20 540
04120902708 20 540
04120902716 20 540
04120902728 20 540
04120902736 20 540
04120902748 20 540
04120902756 20 540
04120902768 20 540
04120902776 20 540
04120902788 20 540
04120902796 20 540
04120902808 20 540
04120902816 20 540
04120902828 20 540
04120902836 20 540
04120902848 20 540
04120902856 20 540
04120902868 20 540
04120902876 20 540
04120902888 20 540
04120902896 20 540
04120902908 20 540
04120902916 20 540
04120902928 20 540
04120902936 20 540
04120902948 20 540
04120902960 20 540
04120902968 20 540
04120902980 20 540
04120902988 20 540
04120903000 20 540
04120903008 20 540
04120903020 20 540
04120903028 20 540
04120903040 20 540
04120903048 20 540
04120903060 20 540
04120903068 20 540
04120903080 20 540
04120903088 20 540
04120903100 20 540
04120903108 20 540
04120903120 20 540
04120903128 20 540
04120903140 20 540
04120903148 20 540
04120903160 20 540
04120903168 20 540
04120903180 20 540
04120903189 20 540
04120903200 20 540
04120903212 20 540
04120904725 20 1060
04120904732 20 1060
04120904745 20 1060
04120904753 20 1060
04120904764 20 1060
04120904772 20 1060
04120904784 20 1060
04120904792 20 1060
04120904804 20 1060
04120904812 20 1060
04120904824 20 1060
04120904832 20 1060
04120904844 20 1060
04120904852 20 1060
04120904864 20 1060
04120904872 20 1060
04120904884 20 1060
04120904892 20 1060
04120904904 20 1060
04120904912 20 1060
04120904924 20 1060
04120904932 20 1060
04120904944 20 1060
04120904952 20 1060
04120904964 20 1060
04120904976 20 1060
04120904984 20 1060
04120904996 20 1060
04120905004 20 1060
04120905016 20 1060
04120905024 20 1060
04120905036 20 1060
04120905044 20 1060
04120905056 20 1060
04120905064 20 1060
04120905076 20 1060
04120905084 20 1060
04120905096 20 1060
04120905104 20 1060
04120905116 20 1060
04120905124 20 1060
04120905136 20 1060
04120905144 20 1060
04120905156 20 1060
04120905164 20 1060
04120905176 20 1060
04120905184 20 1060
04120905196 20 1060
04120905204 20 1060
04120905216 20 1060
04120905228 20 1060
04120905236 20 1060
04120905248 20 1060
04120905256 20 1060
04120905268 20 1060
04120905276 20 1060
04120905288 20 1060
04120905296 20 1060
04120905308 20 1060
04120905316 20 1060
04120905328 20 1060
04120905336 20 1060
04120905348 20 1060
04120905356 20 1060
04120905368 20 1060
04120905376 20 1060
04120905388 20 1060
04120905396 20 1060
04120905408 20 1060
04120905416 20 1060
04120905429 20 1060
04120905436 20 1060
04120905448 20 1060
04120905456 20 1060
04120905468 20 1060
04120905480 20 1060
04120905488 20 1060
04120905500 20 1060
04120905508 20 1060
04120905520 20 1060
04120905528 20 1060
04120905540 20 1060
04120905548 20 1060
04120905560 20 1060
04120905568 20 1060
04120905580 20 1060
04120905588 20 1060
04120905600 20 1060
04120905608 20 1060
04120905620 20 1060
04120905628 20 1060
04120905640 20 1060
04120905648 20 1060
04120905660 20 1060
04120905668 20 1060
04120905680 20 1060
04120905688 20 1060
04120905700 20 1060
04120905708 20 1060
04120905720 20 1060
04120905732 20 1060
04120905740 20 1060
04120905752 20 1060
04120905760 20 1060
04120905772 20 1060
04120905780 20 1060
04120905792 20 1060
04120905800 20 1060
04120905812 20 1060
04120905820 20 1060
04120905832 20 1060
04120905840 20 1060
04120905852 20 1060
04120905860 20 1060
04120905872 20 1060
04120905880 20 1060
04120905892 20 1060
04120905900 20 1060
04120905912 20 1060
04120905920 20 1060
04120905932 20 1060
04120905940 20 1060
04120905952 20 1060
04120905960 20 1060
04120905972 20 1060
04120905984 20 1060
04120905992 20 1060
04120906004 20 1060
04120906012 20 1060
04120906024 20 1060
04120906032 20 1060
04120906044 20 1060
04120906052 20 1060
04120906064 20 1060
04120906072 20 1060
04120906084 20 1060
04120906092 20 1060
04120906104 20 1060
04120906112 20 1060
04120906124 20 1060
04120906132 20 1060
04120906144 20 1060
04120906152 20 1060
04120906164 20 1060
04120906172 20 1060
04120906184 20 1060
04120906192 20 1060
04120906204 20 1060
04120906212 20 1060
04120907725 960 1060
04120907737 960 1060
04120907748 960 1060
04120907756 960 1060
04120907768 960 1060
04120907776 960 1060
04120907788 960 1060
04120907796 960 1060
04120907808 960 1060
04120907816 960 1060
04120907828 960 1060
04120907836 960 1060
04120907848 960 1060
04120907856 960 1060
04120907868 960 1060
04120907876 960 1060
04120907888 960 1060
04120907897 960 1060
04120907908 960 1060
04120907916 960 1060
04120907928 960 1060
04120907936 960 1060
04120907948 960 1060
04120907956 960 1060
04120907968 960 1060
04120907976 960 1060
04120907988 960 1060
04120908000 960 1060
04120908008 960 1060
04120908020 960 1060
04120908028 960 1060
04120908040 960 1060
04120908048 960 1060
04120908060 960 1060
04120908068 960 1060
04120908080 960 1060
04120908088 960 1060
04120908100 960 1060
04120908108 960 1060
04120908120 960 1060
04120908128 960 1060
04120908140 960 1060
04120908148 960 1060
04120908160 960 1060
04120908168 960 1060
04120908180 960 1060
04120908188 960 1060
04120908200 960 1060
04120908208 960 1060
04120908220 960 1060
04120908228 960 1060
04120908240 960 1060
04120908252 960 1060
04120908260 960 1060
04120908272 960 1060
04120908280 960 1060
04120908292 960 1060
04120908300 960 1060
04120908312 960 1060
04120908320 960 1060
04120908332 960 1060
04120908340 960 1060
04120908352 960 1060
04120908360 960 1060
04120908372 960 1060
04120908380 960 1060
04120908392 960 1060
04120908400 960 1060
04120908412 960 1060
04120908420 960 1060
04120908432 960 1060
04120908440 960 1060
04120908452 960 1060
04120908460 960 1060
04120908472 960 1060
04120908480 960 1060
04120908492 960 1060
04120908504 960 1060
04120908512 960 1060
04120908524 960 1060
04120908532 960 1060
04120908544 960 1060
04120908552 960 1060
04120908564 960 1060
04120908572 960 1060
04120908584 960 1060
04120908592 960 1060
04120908604 960 1060
04120908612 960 1060
04120908624 960 1060
04120908632 960 1060
04120908644 960 1060
04120908652 960 1060
04120908664 960 1060
04120908672 960 1060
04120908684 960 1060
04120908692 960 1060
04120908704 960 1060
04120908712 960 1060
04120908724 960 1060
04120908732 960 1060
04120908744 960 1060
04120908756 960 1060
04120908764 960 1060
04120908776 960 1060
04120908784 960 1060
04120908796 960 1060
04120908804 960 1060
04120908816 960 1060
04120908824 960 1060
04120908836 960 1060
04120908844 960 1060
04120908856 960 1060
04120908864 960 1060
04120908876 960 1060
04120908884 960 1060
04120908896 960 1060
04120908904 960 1060
04120908916 960 1060
04120908924 960 1060
04120908936 960 1060
04120908944 960 1060
04120908956 960 1060
04120908964 960 1060
04120908976 960 1060
04120908984 960 1060
04120908996 960 1060
04120909008 960 1060
04120909016 960 1060
04120909028 960 1060
04120909036 960 1060
04120909048 960 1060
04120909056 960 1060
04120909068 960 1060
04120909076 960 1060
04120909088 960 1060
04120909096 960 1060
04120909108 960 1060
04120909116 960 1060
04120909128 960 1060
04120909136 960 1060
04120909148 960 1060
04120909156 960 1060
04120909168 960 1060
04120909176 960 1060
04120909188 960 1060
04120909196 960 1060
04120909208 960 1060
04120909216 960 1060
04120910729 1900 1060
04120910740 1900 1060
04120910748 1900 1060
04120910760 1900 1060
04120910772 1900 1060
04120910780 1900 1060
04120910792 1900 1060
04120910800 1900 1060
04120910812 1900 1060
04120910820 1900 1060
04120910832 1900 1060
04120910840 1900 1060
04120910852 1900 1060
04120910860 1900 1060
04120910872 1900 1060
04120910880 1900 1060
04120910892 1900 1060
04120910900 1900 1060
04120910912 1900 1060
04120910920 1900 1060
04120910932 1900 1060
04120910940 1900 1060
04120910952 1900 1060
04120910960 1900 1060
04120910972 1900 1060
04120910980 1900 1060
04120910992 1900 1060
04120911000 1900 1060
04120911012 1900 1060
04120911024 1900 1060
04120911032 1900 1060
04120911044 1900 1060
04120911052 1900 1060
04120911064 1900 1060
04120911072 1900 1060
04120911084 1900 1060
04120911092 1900 1060
04120911104 1900 1060
04120911112 1900 1060
04120911124 1900 1060
04120911132 1900 1060
04120911144 1900 1060
04120911152 1900 1060
04120911164 1900 1060
04120911172 1900 1060
04120911184 1900 1060
04120911192 1900 1060
04120911204 1900 1060
04120911212 1900 1060
04120911224 1900 1060
04120911232 1900 1060
04120911244 1900 1060
04120911252 1900 1060
04120911264 1900 1060
04120911276 1900 1060
04120911284 1900 1060
04120911296 1900 1060
04120911304 1900 1060
04120911316 1900 1060
04120911324 1900 1060
04120911336 1900 1060
04120911344 1900 1060
04120911356 1900 1060
04120911364 1900 1060
04120911376 1900 1060
04120911384 1900 1060
04120911396 1900 1060
04120911404 1900 1060
04120911416 1900 1060
04120911424 1900 1060
04120911436 1900 1060
04120911444 1900 1060
04120911456 1900 1060
04120911464 1900 1060
04120911476 1900 1060
04120911484 1900 1060
04120911496 1900 1060
04120911504 1900 1060
04120911516 1900 1060
04120911528 1900 1060
04120911536 1900 1060
04120911548 1900 1060
04120911556 1900 1060
04120911568 1900 1060
04120911576 1900 1060
04120911588 1900 1060
04120911596 1900 1060
04120911608 1900 1060
04120911616 1900 1060
04120911628 1900 1060
04120911636 1900 1060
04120911648 1900 1060
04120911656 1900 1060
04120911668 1900 1060
04120911676 1900 1060
04120911688 1900 1060
04120911696 1900 1060
04120911708 1900 1060
04120911716 1900 1060
04120911728 1900 1060
04120911736 1900 1060
04120911748 1900 1060
04120911756 1900 1060
04120911768 1900 1060
04120911780 1900 1060
04120911788 1900 1060
04120911800 1900 1060
04120911808 1900 1060
04120911820 1900 1060
04120911828 1900 1060
04120911840 1900 1060
04120911848 1900 1060
04120911860 1900 1060
04120911868 1900 1060
04120911880 1900 1060
04120911888 1900 1060
04120911900 1900 1060
04120911908 1900 1060
04120911920 1900 1060
04120911928 1900 1060
04120911940 1900 1060
04120911948 1900 1060
04120911960 1900 1060
04120911968 1900 1060
04120911980 1900 1060
04120911988 1900 1060
04120912000 1900 1060
04120912008 1900 1060
04120912020 1900 1060
04120912032 1900 1060
04120912040 1900 1060
04120912052 1900 1060
04120912060 1900 1060
04120912072 1900 1060
04120912080 1900 1060
04120912092 1900 1060
04120912100 1900 1060
04120912112 1900 1060
04120912120 1900 1060
04120912132 1900 1060
04120912140 1900 1060
04120912152 1900 1060
04120912160 1900 1060
04120912172 1900 1060
04120912180 1900 1060
04120912192 1900 1060
04120912200 1900 1060
04120912212 1900 1060
04120912220 1900 1060
