16102119113 20 20
16102119125 20 20
16102119133 20 20
16102119145 20 20
16102119153 20 20
16102119165 20 20
16102119173 20 20
16102119185 20 20
16102119193 20 20
16102119205 20 20
16102119213 20 20
16102119225 20 20
16102119233 20 20
16102119245 20 20
16102119253 20 20
16102119265 20 20
16102119273 20 20
16102119285 20 20
16102119293 20 20
16102119305 20 20
16102119313 20 20
16102119325 20 20
16102119333 20 20
16102119345 20 20
16102119357 20 20
16102119365 20 20
16102119377 20 20
16102119385 20 20
16102119397 20 20
16102119405 20 20
16102119417 20 20
16102119425 20 20
16102119437 20 20
16102119445 20 20
16102119457 20 20
16102119465 20 20
16102119477 20 20
16102119485 20 20
16102119497 20 20
16102119505 20 20
16102119517 20 20
16102119525 20 20
16102119537 20 20
16102119545 20 20
16102119556 20 20
16102119564 20 20
16102119576 20 20
16102119584 20 20
16102119596 20 20
16102119608 20 20
16102119617 20 20
16102119629 20 20
16102119637 20 20
16102119648 20 20
16102119656 20 20
16102119668 20 20
16102119676 20 20
16102119688 20 20
16102119697 20 20
16102119709 20 20
16102119717 20 20
16102119728 20 20
16102119737 20 20
16102119749 20 20
16102119757 20 20
16102119769 20 20
16102119777 20 20
16102119789 20 20
16102119797 20 20
16102119809 20 20
16102119817 20 20
16102119829 20 20
16102119837 20 20
16102119849 20 20
16102119861 20 20
16102119869 20 20
16102119881 20 20
16102119889 20 20
16102119901 20 20
16102119909 20 20
16102119921 20 20
16102119929 20 20
16102119941 20 20
16102119949 20 20
16102119961 20 20
16102119969 20 20
16102119981 20 20
16102119989 20 20
16102120001 20 20
16102120009 20 20
16102120021 20 20
16102120029 20 20
16102120041 20 20
16102120049 20 20
16102120061 20 20
16102120069 20 20
16102120081 20 20
16102120089 20 20
16102120101 20 20
16102120113 20 20
16102120121 20 20
16102120133 20 20
16102120141 20 20
16102120153 20 20
16102120161 20 20
16102120173 20 20
16102120181 20 20
16102120193 20 20
16102120201 20 20
16102120213 20 20
16102120221 20 20
16102120233 20 20
16102120241 20 20
16102120253 20 20
16102120261 20 20
16102120273 20 20
16102120281 20 20
16102120293 20 20
16102120301 20 20
16102120313 20 20
16102120321 20 20
16102120333 20 20
16102120341 20 20
16102120353 20 20
16102120365 20 20
16102120373 20 20
16102120385 20 20
16102120393 20 20
16102120405 20 20
16102120413 20 20
16102120425 20 20
16102120433 20 20
16102120445 20 20
16102120453 20 20
16102120465 20 20
16102120473 20 20
16102120485 20 20
16102120493 20 20
16102120505 20 20
16102120513 20 20
16102120525 20 20
16102120533 20 20
16102120545 20 20
16102120553 20 20
16102120565 20 20
16102120573 20 20
16102120585 20 20
16102120593 20 20
16102120605 20 20
16102121473 960 20
16102121481 960 20
16102121493 960 20
16102121501 960 20
16102121513 960 20
16102121521 960 20
16102121533 960 20
16102121541 960 20
16102121553 960 20
16102121561 960 20
16102121573 960 20
16102121581 960 20
16102121593 960 20
16102121601 960 20
16102121613 960 20
16102121625 960 20
16102121633 960 20
16102121645 960 20
16102121653 960 20
16102121665 960 20
16102121673 960 20
16102121685 960 20
16102121693 960 20
16102121705 960 20
16102121713 960 20
16102121725 960 20
16102121733 960 20
16102121745 960 20
16102121752 960 20
16102121764 960 20
16102121772 960 20
16102121784 960 20
16102121792 960 20
16102121804 960 20
16102121812 960 20
16102121825 960 20
16102121833 960 20
16102121844 960 20
16102121852 960 20
16102121864 960 20
16102121876 960 20
16102121884 960 20
16102121896 960 20
16102121904 960 20
16102121916 960 20
16102121924 960 20
16102121936 960 20
16102121944 960 20
16102121956 960 20
16102121965 960 20
16102121977 960 20
16102121985 960 20
16102121997 960 20
16102122005 960 20
16102122017 960 20
16102122025 960 20
16102122037 960 20
16102122045 960 20
16102122057 960 20
16102122065 960 20
16102122077 960 20
16102122085 960 20
16102122097 960 20
16102122105 960 20
16102122117 960 20
16102122129 960 20
16102122137 960 20
16102122149 960 20
16102122157 960 20
16102122169 960 20
16102122177 960 20
16102122189 960 20
16102122196 960 20
16102122209 960 20
16102122217 960 20
16102122229 960 20
16102122237 960 20
16102122249 960 20
16102122257 960 20
16102122269 960 20
16102122277 960 20
16102122289 960 20
16102122297 960 20
16102122309 960 20
16102122317 960 20
16102122329 960 20
16102122337 960 20
16102122349 960 20
16102122357 960 20
16102122369 960 20
16102122381 960 20
16102122389 960 20
16102122401 960 20
16102122409 960 20
16102122421 960 20
16102122429 960 20
16102122441 960 20
16102122449 960 20
16102122461 960 20
16102122469 960 20
16102122481 960 20
16102122489 960 20
16102122501 960 20
16102122509 960 20
16102122521 960 20
16102122529 960 20
16102122541 960 20
16102122549 960 20
16102122561 960 20
16102122569 960 20
16102122581 960 20
16102122589 960 20
16102122601 960 20
16102122609 960 20
16102122621 960 20
16102122633 960 20
16102122641 960 20
16102122653 960 20
16102122661 960 20
16102122673 960 20
16102122680 960 20
16102122693 960 20
16102122701 960 20
16102122713 960 20
16102122720 960 20
16102122733 960 20
16102122741 960 20
16102122753 960 20
16102122761 960 20
16102122773 960 20
16102122781 960 20
16102122793 960 20
16102122801 960 20
16102122813 960 20
16102122821 960 20
16102122833 960 20
16102122841 960 20
16102122853 960 20
16102122860 960 20
16102122873 960 20
16102122885 960 20
16102122893 960 20
16102122905 960 20
16102122913 960 20
16102122925 960 20
16102122933 960 20
16102122945 960 20
16102122953 960 20
16102122965 960 20
16102123517 1900 20
16102123529 1900 20
16102123537 1900 20
16102123549 1900 20
16102123557 1900 20
16102123569 1900 20
16102123577 1900 20
16102123589 1900 20
16102123597 1900 20
16102123609 1900 20
16102123617 1900 20
16102123629 1900 20
16102123641 1900 20
16102123649 1900 20
16102123661 1900 20
16102123669 1900 20
16102123681 1900 20
16102123689 1900 20
16102123701 1900 20
16102123709 1900 20
16102123721 1900 20
16102123729 1900 20
16102123741 1900 20
16102123749 1900 20
16102123761 1900 20
16102123769 1900 20
16102123781 1900 20
16102123789 1900 20
16102123801 1900 20
16102123809 1900 20
16102123821 1900 20
16102123829 1900 20
16102123841 1900 20
16102123849 1900 20
16102123861 1900 20
16102123869 1900 20
16102123881 1900 20
16102123893 1900 20
16102123901 1900 20
16102123913 1900 20
16102123921 1900 20
16102123933 1900 20
16102123941 1900 20
16102123953 1900 20
16102123960 1900 20
16102123972 1900 20
16102123980 1900 20
16102123992 1900 20
16102124000 1900 20
16102124012 1900 20
16102124020 1900 20
16102124032 1900 20
16102124041 1900 20
16102124053 1900 20
16102124060 1900 20
16102124072 1900 20
16102124080 1900 20
16102124092 1900 20
16102124100 1900 20
16102124112 1900 20
16102124120 1900 20
16102124132 1900 20
16102124144 1900 20
16102124152 1900 20
16102124164 1900 20
16102124172 1900 20
16102124184 1900 20
16102124193 1900 20
16102124204 1900 20
16102124213 1900 20
16102124225 1900 20
16102124233 1900 20
16102124245 1900 20
16102124253 1900 20
16102124265 1900 20
16102124273 1900 20
16102124285 1900 20
16102124293 1900 20
16102124305 1900 20
16102124313 1900 20
16102124325 1900 20
16102124333 1900 20
16102124345 1900 20
16102124353 1900 20
16102124365 1900 20
16102124373 1900 20
16102124385 1900 20
16102124397 1900 20
16102124405 1900 20
16102124417 1900 20
16102124425 1900 20
16102124437 1900 20
16102124445 1900 20
16102124457 1900 20
16102124465 1900 20
16102124477 1900 20
16102124485 1900 20
16102124497 1900 20
16102124505 1900 20
16102124517 1900 20
16102124525 1900 20
16102124537 1900 20
16102124545 1900 20
16102124557 1900 20
16102124565 1900 20
16102124577 1900 20
16102124584 1900 20
16102124597 1900 20
16102124605 1900 20
16102124617 1900 20
16102124625 1900 20
16102124637 1900 20
16102124649 1900 20
16102124657 1900 20
16102124669 1900 20
16102124677 1900 20
16102124689 1900 20
16102124697 1900 20
16102124709 1900 20
16102124717 1900 20
16102124729 1900 20
16102124737 1900 20
16102124749 1900 20
16102124757 1900 20
16102124769 1900 20
16102124777 1900 20
16102124789 1900 20
16102124797 1900 20
16102124809 1900 20
16102124817 1900 20
16102124829 1900 20
16102124837 1900 20
16102124849 1900 20
16102124857 1900 20
16102124869 1900 20
16102124876 1900 20
16102124889 1900 20
16102124901 1900 20
16102124909 1900 20
16102124921 1900 20
16102124929 1900 20
16102124941 1900 20
16102124949 1900 20
16102124961 1900 20
16102124969 1900 20
16102124981 1900 20
16102124989 1900 20
16102125001 1900 20
16102125009 1900 20
16102125605 1900 540
16102125613 1900 540
16102125625 1900 540
16102125633 1900 540
16102125645 1900 540
16102125657 1900 540
16102125665 1900 540
16102125677 1900 540
16102125685 1900 540
16102125697 1900 540
16102125705 1900 540
16102125717 1900 540
16102125725 1900 540
16102125737 1900 540
16102125745 1900 540
16102125757 1900 540
16102125765 1900 540
16102125777 1900 540
16102125785 1900 540
16102125797 1900 540
16102125805 1900 540
16102125817 1900 540
16102125825 1900 540
16102125837 1900 540
16102125845 1900 540
16102125857 1900 540
16102125865 1900 540
16102125877 1900 540
16102125885 1900 540
16102125897 1900 540
16102125909 1900 540
16102125917 1900 540
16102125929 1900 540
16102125937 1900 540
16102125949 1900 540
16102125957 1900 540
16102125969 1900 540
16102125977 1900 540
16102125989 1900 540
16102125997 1900 540
16102126009 1900 540
16102126017 1900 540
16102126029 1900 540
16102126037 1900 540
16102126049 1900 540
16102126057 1900 540
16102126069 1900 540
16102126077 1900 540
16102126089 1900 540
16102126097 1900 540
16102126109 1900 540
16102126117 1900 540
16102126129 1900 540
16102126137 1900 540
16102126149 1900 540
16102126161 1900 540
16102126169 1900 540
16102126181 1900 540
16102126189 1900 540
16102126201 1900 540
16102126209 1900 540
16102126221 1900 540
16102126229 1900 540
16102126241 1900 540
16102126249 1900 540
16102126261 1900 540
16102126269 1900 540
16102126281 1900 540
16102126289 1900 540
16102126301 1900 540
16102126309 1900 540
16102126321 1900 540
16102126329 1900 540
16102126341 1900 540
16102126349 1900 540
16102126361 1900 540
16102126369 1900 540
16102126381 1900 540
16102126389 1900 540
16102126401 1900 540
16102126413 1900 540
16102126421 1900 540
16102126433 1900 540
16102126441 1900 540
16102126453 1900 540
16102126461 1900 540
16102126473 1900 540
16102126481 1900 540
16102126493 1900 540
16102126501 1900 540
16102126513 1900 540
16102126521 1900 540
16102126533 1900 540
16102126541 1900 540
16102126553 1900 540
16102126561 1900 540
16102126573 1900 540
16102126581 1900 540
16102126593 1900 540
16102126601 1900 540
16102126613 1900 540
16102126621 1900 540
16102126633 1900 540
16102126641 1900 540
16102126653 1900 540
16102126665 1900 540
16102126673 1900 540
16102126685 1900 540
16102126693 1900 540
16102126705 1900 540
16102126713 1900 540
16102126725 1900 540
16102126733 1900 540
16102126745 1900 540
16102126753 1900 540
16102126765 1900 540
16102126773 1900 540
16102126785 1900 540
16102126793 1900 540
16102126805 1900 540
16102126813 1900 540
16102126825 1900 540
16102126833 1900 540
16102126845 1900 540
16102126853 1900 540
16102126865 1900 540
16102126873 1900 540
16102126885 1900 540
16102126893 1900 540
16102126905 1900 540
16102126917 1900 540
16102126925 1900 540
16102126937 1900 540
16102126945 1900 540
16102126957 1900 540
16102126965 1900 540
16102126977 1900 540
16102126985 1900 540
16102126997 1900 540
16102127005 1900 540
16102127017 1900 540
16102127025 1900 540
16102127037 1900 540
16102127045 1900 540
16102127057 1900 540
16102127065 1900 540
16102127077 1900 540
16102127085 1900 540
16102127097 1900 540
16102127721 950 540
16102127733 950 540
16102127741 950 540
16102127753 950 540
16102127761 950 540
16102127773 950 540
16102127781 950 540
16102127793 950 540
16102127801 950 540
16102127813 950 540
16102127821 950 540
16102127833 950 540
16102127841 950 540
16102127853 950 540
16102127861 950 540
16102127873 950 540
16102127881 950 540
16102127893 950 540
16102127901 950 540
16102127913 950 540
16102127925 950 540
16102127933 950 540
16102127945 950 540
16102127953 950 540
16102127965 950 540
16102127973 950 540
16102127985 950 540
16102127993 950 540
16102128005 950 540
16102128013 950 540
16102128025 950 540
16102128033 950 540
16102128045 950 540
16102128053 950 540
16102128065 950 540
16102128073 950 540
16102128085 950 540
16102128093 950 540
16102128105 950 540
16102128113 950 540
16102128125 950 540
16102128133 950 540
16102128145 950 540
16102128153 950 540
16102128165 950 540
16102128177 950 540
16102128185 950 540
16102128197 950 540
16102128205 950 540
16102128217 950 540
16102128225 950 540
16102128237 950 540
16102128245 950 540
16102128257 950 540
16102128265 950 540
16102128277 950 540
16102128285 950 540
16102128297 950 540
16102128305 950 540
16102128317 950 540
16102128325 950 540
16102128337 950 540
16102128345 950 540
16102128357 950 540
16102128365 950 540
16102128377 950 540
16102128385 950 540
16102128397 950 540
16102128405 950 540
16102128417 950 540
16102128429 950 540
16102128437 950 540
16102128449 950 540
16102128457 950 540
16102128469 950 540
16102128477 950 540
16102128489 950 540
16102128497 950 540
16102128509 950 540
16102128517 950 540
16102128529 950 540
16102128537 950 540
16102128549 950 540
16102128557 950 540
16102128569 950 540
16102128577 950 540
16102128589 950 540
16102128597 950 540
16102128609 950 540
16102128617 950 540
16102128629 950 540
16102128637 950 540
16102128649 950 540
16102128657 950 540
16102128669 950 540
16102128681 950 540
16102128689 950 540
16102128701 950 540
16102128709 950 540
16102128721 950 540
16102128729 950 540
16102128741 950 540
16102128749 950 540
16102128761 950 540
16102128769 950 540
16102128781 950 540
16102128789 950 540
16102128801 950 540
16102128809 950 540
16102128821 950 540
16102128829 950 540
16102128841 950 540
16102128849 950 540
16102128861 950 540
16102128869 950 540
16102128881 950 540
16102128889 950 540
16102128901 950 540
16102128909 950 540
16102128921 950 540
16102128933 950 540
16102128941 950 540
16102128953 950 540
16102128961 950 540
16102128973 950 540
16102128981 950 540
16102128993 950 540
16102129001 950 540
16102129013 950 540
16102129021 950 540
16102129033 950 540
16102129041 950 540
16102129053 950 540
16102129061 950 540
16102129073 950 540
16102129081 950 540
16102129093 950 540
16102129101 950 540
16102129113 950 540
16102129121 950 540
16102129133 950 540
16102129141 950 540
16102129153 950 540
16102129161 950 540
16102129173 950 540
16102129185 950 540
16102129193 950 540
16102129205 950 540
16102129213 950 540
16102129849 20 540
16102129857 20 540
16102129869 20 540
16102129877 20 540
16102129889 20 540
16102129897 20 540
16102129909 20 540
16102129917 20 540
16102129929 20 540
16102129941 20 540
16102129949 20 540
16102129961 20 540
16102129969 20 540
16102129981 20 540
16102129989 20 540
16102130001 20 540
16102130009 20 540
16102130021 20 540
16102130029 20 540
16102130041 20 540
16102130049 20 540
16102130061 20 540
16102130069 20 540
16102130081 20 540
16102130089 20 540
16102130101 20 540
16102130109 20 540
16102130121 20 540
16102130129 20 540
16102130141 20 540
16102130149 20 540
16102130161 20 540
16102130169 20 540
16102130181 20 540
16102130193 20 540
16102130201 20 540
16102130213 20 540
16102130221 20 540
16102130233 20 540
16102130241 20 540
16102130253 20 540
16102130261 20 540
16102130273 20 540
16102130281 20 540
16102130293 20 540
16102130301 20 540
16102130313 20 540
16102130321 20 540
16102130333 20 540
16102130341 20 540
16102130353 20 540
16102130361 20 540
16102130373 20 540
16102130381 20 540
16102130393 20 540
16102130401 20 540
16102130413 20 540
16102130421 20 540
16102130433 20 540
16102130445 20 540
16102130453 20 540
16102130465 20 540
16102130473 20 540
16102130485 20 540
16102130493 20 540
16102130505 20 540
16102130513 20 540
16102130525 20 540
16102130533 20 540
16102130545 20 540
16102130553 20 540
16102130565 20 540
16102130573 20 540
16102130585 20 540
16102130593 20 540
16102130605 20 540
16102130613 20 540
16102130625 20 540
16102130633 20 540
16102130645 20 540
16102130653 20 540
16102130665 20 540
16102130673 20 540
16102130685 20 540
16102130697 20 540
16102130705 20 540
16102130717 20 540
16102130725 20 540
16102130737 20 540
16102130745 20 540
16102130757 20 540
16102130765 20 540
16102130777 20 540
16102130785 20 540
16102130797 20 540
16102130805 20 540
16102130817 20 540
16102130825 20 540
16102130837 20 540
16102130845 20 540
16102130857 20 540
16102130865 20 540
16102130877 20 540
16102130885 20 540
16102130897 20 540
16102130905 20 540
16102130917 20 540
16102130925 20 540
16102130937 20 540
16102130949 20 540
16102130957 20 540
16102130969 20 540
16102130977 20 540
16102130989 20 540
16102130997 20 540
16102131009 20 540
16102131017 20 540
16102131029 20 540
16102131037 20 540
16102131049 20 540
16102131057 20 540
16102131069 20 540
16102131077 20 540
16102131089 20 540
16102131097 20 540
16102131109 20 540
16102131117 20 540
16102131129 20 540
16102131137 20 540
16102131149 20 540
16102131157 20 540
16102131169 20 540
16102131177 20 540
16102131189 20 540
16102131201 20 540
16102131209 20 540
16102131221 20 540
16102131229 20 540
16102131241 20 540
16102131249 20 540
16102131261 20 540
16102131269 20 540
16102131281 20 540
16102131289 20 540
16102131301 20 540
16102131309 20 540
16102131321 20 540
16102131329 20 540
16102131341 20 540
16102132057 20 1060
16102132065 20 1060
16102132077 20 1060
16102132085 20 1060
16102132097 20 1060
16102132105 20 1060
16102132117 20 1060
16102132125 20 1060
16102132137 20 1060
16102132145 20 1060
16102132157 20 1060
16102132165 20 1060
16102132177 20 1060
16102132185 20 1060
16102132197 20 1060
16102132209 20 1060
16102132217 20 1060
16102132229 20 1060
16102132237 20 1060
16102132249 20 1060
16102132257 20 1060
16102132269 20 1060
16102132277 20 1060
16102132289 20 1060
16102132297 20 1060
16102132309 20 1060
16102132317 20 1060
16102132329 20 1060
16102132337 20 1060
16102132349 20 1060
16102132357 20 1060
16102132369 20 1060
16102132377 20 1060
16102132389 20 1060
16102132397 20 1060
16102132409 20 1060
16102132417 20 1060
16102132429 20 1060
16102132437 20 1060
16102132449 20 1060
16102132461 20 1060
16102132469 20 1060
16102132481 20 1060
16102132489 20 1060
16102132501 20 1060
16102132509 20 1060
16102132521 20 1060
16102132529 20 1060
16102132541 20 1060
16102132549 20 1060
16102132561 20 1060
16102132569 20 1060
16102132581 20 1060
16102132589 20 1060
16102132601 20 1060
16102132609 20 1060
16102132621 20 1060
16102132629 20 1060
16102132641 20 1060
16102132649 20 1060
16102132661 20 1060
16102132669 20 1060
16102132681 20 1060
16102132689 20 1060
16102132701 20 1060
16102132713 20 1060
16102132721 20 1060
16102132733 20 1060
16102132741 20 1060
16102132753 20 1060
16102132761 20 1060
16102132773 20 1060
16102132781 20 1060
16102132793 20 1060
16102132801 20 1060
16102132813 20 1060
16102132821 20 1060
16102132833 20 1060
16102132841 20 1060
16102132853 20 1060
16102132861 20 1060
16102132873 20 1060
16102132881 20 1060
16102132893 20 1060
16102132901 20 1060
16102132913 20 1060
16102132921 20 1060
16102132933 20 1060
16102132941 20 1060
16102132953 20 1060
16102132965 20 1060
16102132973 20 1060
16102132985 20 1060
16102132993 20 1060
16102133005 20 1060
16102133013 20 1060
16102133025 20 1060
16102133033 20 1060
16102133045 20 1060
16102133053 20 1060
16102133065 20 1060
16102133073 20 1060
16102133085 20 1060
16102133093 20 1060
16102133105 20 1060
16102133113 20 1060
16102133125 20 1060
16102133133 20 1060
16102133145 20 1060
16102133153 20 1060
16102133165 20 1060
16102133173 20 1060
16102133185 20 1060
16102133193 20 1060
16102133205 20 1060
16102133217 20 1060
16102133225 20 1060
16102133237 20 1060
16102133245 20 1060
16102133257 20 1060
16102133265 20 1060
16102133277 20 1060
16102133285 20 1060
16102133297 20 1060
16102133305 20 1060
16102133317 20 1060
16102133325 20 1060
16102133337 20 1060
16102133345 20 1060
16102133357 20 1060
16102133365 20 1060
16102133377 20 1060
16102133385 20 1060
16102133397 20 1060
16102133405 20 1060
16102133417 20 1060
16102133425 20 1060
16102133437 20 1060
16102133445 20 1060
16102133457 20 1060
16102133469 20 1060
16102133477 20 1060
16102133489 20 1060
16102133497 20 1060
16102133509 20 1060
16102133517 20 1060
16102133529 20 1060
16102133537 20 1060
16102133549 20 1060
16102134213 950 1060
16102134225 950 1060
16102134233 950 1060
16102134245 950 1060
16102134253 950 1060
16102134265 950 1060
16102134273 950 1060
16102134285 950 1060
16102134293 950 1060
16102134305 950 1060
16102134313 950 1060
16102134325 950 1060
16102134333 950 1060
16102134345 950 1060
16102134353 950 1060
16102134365 950 1060
16102134373 950 1060
16102134385 950 1060
16102134393 950 1060
16102134405 950 1060
16102134413 950 1060
16102134425 950 1060
16102134433 950 1060
16102134445 950 1060
16102134453 950 1060
16102134465 950 1060
16102134477 950 1060
16102134485 950 1060
16102134497 950 1060
16102134505 950 1060
16102134517 950 1060
16102134525 950 1060
16102134537 950 1060
16102134545 950 1060
16102134557 950 1060
16102134565 950 1060
16102134577 950 1060
16102134585 950 1060
16102134597 950 1060
16102134605 950 1060
16102134617 950 1060
16102134625 950 1060
16102134637 950 1060
16102134645 950 1060
16102134657 950 1060
16102134665 950 1060
16102134677 950 1060
16102134685 950 1060
16102134697 950 1060
16102134705 950 1060
16102134717 950 1060
16102134729 950 1060
16102134737 950 1060
16102134749 950 1060
16102134757 950 1060
16102134769 950 1060
16102134777 950 1060
16102134789 950 1060
16102134797 950 1060
16102134809 950 1060
16102134817 950 1060
16102134829 950 1060
16102134837 950 1060
16102134849 950 1060
16102134857 950 1060
16102134869 950 1060
16102134877 950 1060
16102134889 950 1060
16102134897 950 1060
16102134909 950 1060
16102134917 950 1060
16102134929 950 1060
16102134937 950 1060
16102134949 950 1060
16102134957 950 1060
16102134969 950 1060
16102134981 950 1060
16102134989 950 1060
16102135001 950 1060
16102135009 950 1060
16102135021 950 1060
16102135029 950 1060
16102135041 950 1060
16102135049 950 1060
16102135061 950 1060
16102135069 950 1060
16102135081 950 1060
16102135089 950 1060
16102135101 950 1060
16102135109 950 1060
16102135121 950 1060
16102135129 950 1060
16102135141 950 1060
16102135149 950 1060
16102135161 950 1060
16102135169 950 1060
16102135181 950 1060
16102135189 950 1060
16102135201 950 1060
16102135209 950 1060
16102135221 950 1060
16102135233 950 1060
16102135241 950 1060
16102135253 950 1060
16102135261 950 1060
16102135273 950 1060
16102135281 950 1060
16102135293 950 1060
16102135301 950 1060
16102135313 950 1060
16102135321 950 1060
16102135333 950 1060
16102135341 950 1060
16102135353 950 1060
16102135361 950 1060
16102135373 950 1060
16102135381 950 1060
16102135393 950 1060
16102135401 950 1060
16102135413 950 1060
16102135421 950 1060
16102135433 950 1060
16102135441 950 1060
16102135453 950 1060
16102135461 950 1060
16102135473 950 1060
16102135485 950 1060
16102135493 950 1060
16102135505 950 1060
16102135513 950 1060
16102135525 950 1060
16102135533 950 1060
16102135545 950 1060
16102135553 950 1060
16102135565 950 1060
16102135573 950 1060
16102135585 950 1060
16102135593 950 1060
16102135605 950 1060
16102135613 950 1060
16102135625 950 1060
16102135633 950 1060
16102135645 950 1060
16102135653 950 1060
16102135665 950 1060
16102135673 950 1060
16102135685 950 1060
16102135693 950 1060
16102135705 950 1060
16102136481 1900 1060
16102136493 1900 1060
16102136501 1900 1060
16102136513 1900 1060
16102136521 1900 1060
16102136533 1900 1060
16102136541 1900 1060
16102136553 1900 1060
16102136561 1900 1060
16102136573 1900 1060
16102136581 1900 1060
16102136593 1900 1060
16102136601 1900 1060
16102136613 1900 1060
16102136621 1900 1060
16102136633 1900 1060
16102136641 1900 1060
16102136653 1900 1060
16102136661 1900 1060
16102136673 1900 1060
16102136681 1900 1060
16102136693 1900 1060
16102136701 1900 1060
16102136713 1900 1060
16102136721 1900 1060
16102136733 1900 1060
16102136745 1900 1060
16102136753 1900 1060
16102136765 1900 1060
16102136773 1900 1060
16102136785 1900 1060
16102136793 1900 1060
16102136805 1900 1060
16102136813 1900 1060
16102136825 1900 1060
16102136833 1900 1060
16102136845 1900 1060
16102136853 1900 1060
16102136865 1900 1060
16102136873 1900 1060
16102136885 1900 1060
16102136893 1900 1060
16102136905 1900 1060
16102136913 1900 1060
16102136925 1900 1060
16102136933 1900 1060
16102136945 1900 1060
16102136953 1900 1060
16102136965 1900 1060
16102136973 1900 1060
16102136985 1900 1060
16102136997 1900 1060
16102137005 1900 1060
16102137017 1900 1060
16102137025 1900 1060
16102137037 1900 1060
16102137045 1900 1060
16102137057 1900 1060
16102137065 1900 1060
16102137077 1900 1060
16102137085 1900 1060
16102137097 1900 1060
16102137105 1900 1060
16102137117 1900 1060
16102137125 1900 1060
16102137137 1900 1060
16102137145 1900 1060
16102137157 1900 1060
16102137165 1900 1060
16102137177 1900 1060
16102137185 1900 1060
16102137197 1900 1060
16102137205 1900 1060
16102137217 1900 1060
16102137225 1900 1060
16102137237 1900 1060
16102137249 1900 1060
16102137257 1900 1060
16102137269 1900 1060
16102137277 1900 1060
16102137289 1900 1060
16102137297 1900 1060
16102137309 1900 1060
16102137317 1900 1060
16102137329 1900 1060
16102137337 1900 1060
16102137349 1900 1060
16102137357 1900 1060
16102137369 1900 1060
16102137377 1900 1060
16102137389 1900 1060
16102137397 1900 1060
16102137409 1900 1060
16102137417 1900 1060
16102137429 1900 1060
16102137437 1900 1060
16102137449 1900 1060
16102137457 1900 1060
16102137469 1900 1060
16102137477 1900 1060
16102137489 1900 1060
16102137501 1900 1060
16102137509 1900 1060
16102137521 1900 1060
16102137529 1900 1060
16102137541 1900 1060
16102137549 1900 1060
16102137561 1900 1060
16102137569 1900 1060
16102137581 1900 1060
16102137589 1900 1060
16102137601 1900 1060
16102137609 1900 1060
16102137621 1900 1060
16102137629 1900 1060
16102137641 1900 1060
16102137649 1900 1060
16102137661 1900 1060
16102137669 1900 1060
16102137681 1900 1060
16102137689 1900 1060
16102137701 1900 1060
16102137709 1900 1060
16102137721 1900 1060
16102137729 1900 1060
16102137741 1900 1060
16102137753 1900 1060
16102137761 1900 1060
16102137773 1900 1060
16102137781 1900 1060
16102137793 1900 1060
16102137801 1900 1060
16102137813 1900 1060
16102137821 1900 1060
16102137833 1900 1060
16102137841 1900 1060
16102137853 1900 1060
16102137861 1900 1060
16102137873 1900 1060
16102137881 1900 1060
16102137893 1900 1060
16102137901 1900 1060
16102137913 1900 1060
16102137921 1900 1060
16102137933 1900 1060
16102137941 1900 1060
16102137953 1900 1060
16102137961 1900 1060
16102137973 1900 1060
