15145552109 20 20
15145552126 20 20
15145552135 20 20
15145552147 20 20
15145552155 20 20
15145552167 20 20
15145552175 20 20
15145552187 20 20
15145552195 20 20
15145552207 20 20
15145552215 20 20
15145552227 20 20
15145552235 20 20
15145552247 20 20
15145552255 20 20
15145552267 20 20
15145552275 20 20
15145552287 20 20
15145552295 20 20
15145552307 20 20
15145552315 20 20
15145552327 20 20
15145552340 20 20
15145552348 20 20
15145552360 20 20
15145552368 20 20
15145552380 20 20
15145552388 20 20
15145552400 20 20
15145552408 20 20
15145552420 20 20
15145552428 20 20
15145552440 20 20
15145552448 20 20
15145552460 20 20
15145552468 20 20
15145552480 20 20
15145552488 20 20
15145552500 20 20
15145552508 20 20
15145552520 20 20
15145552528 20 20
15145552540 20 20
15145552548 20 20
15145552560 20 20
15145552568 20 20
15145552580 20 20
15145552592 20 20
15145552600 20 20
15145552612 20 20
15145552620 20 20
15145552632 20 20
15145552640 20 20
15145552652 20 20
15145552660 20 20
15145552672 20 20
15145552680 20 20
15145552692 20 20
15145552700 20 20
15145552712 20 20
15145552720 20 20
15145552732 20 20
15145552740 20 20
15145552752 20 20
15145552760 20 20
15145552772 20 20
15145552780 20 20
15145552792 20 20
15145552800 20 20
15145552812 20 20
15145552820 20 20
15145552832 20 20
15145552844 20 20
15145552852 20 20
15145552864 20 20
15145552872 20 20
15145552884 20 20
15145552892 20 20
15145552904 20 20
15145552912 20 20
15145552924 20 20
15145552932 20 20
15145552944 20 20
15145552952 20 20
15145552964 20 20
15145552972 20 20
15145552984 20 20
15145552992 20 20
15145553004 20 20
15145553012 20 20
15145553024 20 20
15145553032 20 20
15145553044 20 20
15145553052 20 20
15145553064 20 20
15145553072 20 20
15145553084 20 20
15145553096 20 20
15145553104 20 20
15145553116 20 20
15145553124 20 20
15145553136 20 20
15145553144 20 20
15145553156 20 20
15145553164 20 20
15145553176 20 20
15145553184 20 20
15145553196 20 20
15145553204 20 20
15145553216 20 20
15145553224 20 20
15145553236 20 20
15145553244 20 20
15145553256 20 20
15145553264 20 20
15145553276 20 20
15145553284 20 20
15145553296 20 20
15145553304 20 20
15145553316 20 20
15145553324 20 20
15145553336 20 20
15145553348 20 20
15145553356 20 20
15145553368 20 20
15145553376 20 20
15145553388 20 20
15145553396 20 20
15145553408 20 20
15145553416 20 20
15145553428 20 20
15145553436 20 20
15145553448 20 20
15145553456 20 20
15145553468 20 20
15145553476 20 20
15145553488 20 20
15145553496 20 20
15145553508 20 20
15145553516 20 20
15145553528 20 20
15145553536 20 20
15145553548 20 20
15145553556 20 20
15145553568 20 20
15145553576 20 20
15145553588 20 20
15145553600 20 20
15145553608 20 20
15145554272 960 20
15145554284 960 20
15145554292 960 20
15145554304 960 20
15145554312 960 20
15145554324 960 20
15145554332 960 20
15145554344 960 20
15145554356 960 20
15145554364 960 20
15145554376 960 20
15145554384 960 20
15145554396 960 20
15145554404 960 20
15145554416 960 20
15145554424 960 20
15145554436 960 20
15145554444 960 20
15145554456 960 20
15145554464 960 20
15145554476 960 20
15145554484 960 20
15145554496 960 20
15145554504 960 20
15145554516 960 20
15145554524 960 20
15145554536 960 20
15145554544 960 20
15145554556 960 20
15145554564 960 20
15145554576 960 20
15145554584 960 20
15145554596 960 20
15145554608 960 20
15145554616 960 20
15145554628 960 20
15145554636 960 20
15145554648 960 20
15145554656 960 20
15145554668 960 20
15145554676 960 20
15145554688 960 20
15145554696 960 20
15145554708 960 20
15145554716 960 20
15145554728 960 20
15145554736 960 20
15145554748 960 20
15145554756 960 20
15145554768 960 20
15145554776 960 20
15145554788 960 20
15145554796 960 20
15145554808 960 20
15145554816 960 20
15145554828 960 20
15145554836 960 20
15145554848 960 20
15145554860 960 20
15145554868 960 20
15145554880 960 20
15145554888 960 20
15145554900 960 20
15145554908 960 20
15145554920 960 20
15145554928 960 20
15145554940 960 20
15145554948 960 20
15145554960 960 20
15145554968 960 20
15145554980 960 20
15145554988 960 20
15145555000 960 20
15145555008 960 20
15145555020 960 20
15145555028 960 20
15145555040 960 20
15145555048 960 20
15145555060 960 20
15145555068 960 20
15145555080 960 20
15145555088 960 20
15145555100 960 20
15145555112 960 20
15145555120 960 20
15145555132 960 20
15145555140 960 20
15145555152 960 20
15145555160 960 20
15145555172 960 20
15145555180 960 20
15145555192 960 20
15145555200 960 20
15145555212 960 20
15145555220 960 20
15145555232 960 20
15145555240 960 20
15145555252 960 20
15145555260 960 20
15145555272 960 20
15145555280 960 20
15145555292 960 20
15145555300 960 20
15145555312 960 20
15145555320 960 20
15145555332 960 20
15145555340 960 20
15145555352 960 20
15145555364 960 20
15145555372 960 20
15145555384 960 20
15145555392 960 20
15145555404 960 20
15145555412 960 20
15145555424 960 20
15145555432 960 20
15145555444 960 20
15145555452 960 20
15145555464 960 20
15145555472 960 20
15145555484 960 20
15145555492 960 20
15145555504 960 20
15145555512 960 20
15145555524 960 20
15145555532 960 20
15145555544 960 20
15145555552 960 20
15145555564 960 20
15145555572 960 20
15145555584 960 20
15145555592 960 20
15145555604 960 20
15145555616 960 20
15145555624 960 20
15145555636 960 20
15145555644 960 20
15145555656 960 20
15145555664 960 20
15145555676 960 20
15145555684 960 20
15145555696 960 20
15145555704 960 20
15145555716 960 20
15145555724 960 20
15145555736 960 20
15145555744 960 20
15145555756 960 20
15145555764 960 20
15145556520 1900 20
15145556532 1900 20
15145556540 1900 20
15145556552 1900 20
15145556560 1900 20
15145556572 1900 20
15145556580 1900 20
15145556592 1900 20
15145556600 1900 20
15145556612 1900 20
15145556624 1900 20
15145556632 1900 20
15145556644 1900 20
15145556652 1900 20
15145556664 1900 20
15145556672 1900 20
15145556684 1900 20
15145556692 1900 20
15145556704 1900 20
15145556712 1900 20
15145556724 1900 20
15145556732 1900 20
15145556744 1900 20
15145556752 1900 20
15145556764 1900 20
15145556772 1900 20
15145556784 1900 20
15145556792 1900 20
15145556804 1900 20
15145556812 1900 20
15145556824 1900 20
15145556832 1900 20
15145556844 1900 20
15145556852 1900 20
15145556864 1900 20
15145556876 1900 20
15145556884 1900 20
15145556896 1900 20
15145556904 1900 20
15145556916 1900 20
15145556924 1900 20
15145556936 1900 20
15145556944 1900 20
15145556956 1900 20
15145556964 1900 20
15145556976 1900 20
15145556984 1900 20
15145556996 1900 20
15145557004 1900 20
15145557016 1900 20
15145557024 1900 20
15145557036 1900 20
15145557044 1900 20
15145557056 1900 20
15145557064 1900 20
15145557076 1900 20
15145557084 1900 20
15145557096 1900 20
15145557104 1900 20
15145557116 1900 20
15145557128 1900 20
15145557136 1900 20
15145557148 1900 20
15145557156 1900 20
15145557168 1900 20
15145557176 1900 20
15145557188 1900 20
15145557196 1900 20
15145557208 1900 20
15145557216 1900 20
15145557228 1900 20
15145557236 1900 20
15145557248 1900 20
15145557256 1900 20
15145557268 1900 20
15145557276 1900 20
15145557288 1900 20
15145557296 1900 20
15145557308 1900 20
15145557316 1900 20
15145557328 1900 20
15145557336 1900 20
15145557348 1900 20
15145557356 1900 20
15145557368 1900 20
15145557380 1900 20
15145557388 1900 20
15145557400 1900 20
15145557408 1900 20
15145557420 1900 20
15145557428 1900 20
15145557440 1900 20
15145557448 1900 20
15145557460 1900 20
15145557468 1900 20
15145557480 1900 20
15145557488 1900 20
15145557500 1900 20
15145557508 1900 20
15145557520 1900 20
15145557528 1900 20
15145557540 1900 20
15145557548 1900 20
15145557560 1900 20
15145557568 1900 20
15145557580 1900 20
15145557588 1900 20
15145557600 1900 20
15145557608 1900 20
15145557620 1900 20
15145557632 1900 20
15145557640 1900 20
15145557652 1900 20
15145557660 1900 20
15145557672 1900 20
15145557680 1900 20
15145557692 1900 20
15145557700 1900 20
15145557712 1900 20
15145557720 1900 20
15145557732 1900 20
15145557740 1900 20
15145557752 1900 20
15145557760 1900 20
15145557772 1900 20
15145557780 1900 20
15145557792 1900 20
15145557800 1900 20
15145557812 1900 20
15145557820 1900 20
15145557832 1900 20
15145557840 1900 20
15145557852 1900 20
15145557860 1900 20
15145557872 1900 20
15145557884 1900 20
15145557892 1900 20
15145557904 1900 20
15145557912 1900 20
15145557924 1900 20
15145557932 1900 20
15145557944 1900 20
15145557952 1900 20
15145557964 1900 20
15145557972 1900 20
15145557984 1900 20
15145557992 1900 20
15145558004 1900 20
15145558012 1900 20
15145558932 1900 540
15145558940 1900 540
15145558952 1900 540
15145558960 1900 540
15145558972 1900 540
15145558980 1900 540
15145558992 1900 540
15145559000 1900 540
15145559012 1900 540
15145559020 1900 540
15145559032 1900 540
15145559040 1900 540
15145559052 1900 540
15145559060 1900 540
15145559072 1900 540
15145559080 1900 540
15145559092 1900 540
15145559100 1900 540
15145559112 1900 540
15145559124 1900 540
15145559132 1900 540
15145559144 1900 540
15145559152 1900 540
15145559164 1900 540
15145559172 1900 540
15145559184 1900 540
15145559192 1900 540
15145559204 1900 540
15145559212 1900 540
15145559224 1900 540
15145559232 1900 540
15145559244 1900 540
15145559252 1900 540
15145559264 1900 540
15145559272 1900 540
15145559284 1900 540
15145559292 1900 540
15145559304 1900 540
15145559312 1900 540
15145559324 1900 540
15145559332 1900 540
15145559344 1900 540
15145559352 1900 540
15145559364 1900 540
15145559376 1900 540
15145559384 1900 540
15145559396 1900 540
15145559404 1900 540
15145559416 1900 540
15145559424 1900 540
15145559436 1900 540
15145559444 1900 540
15145559456 1900 540
15145559464 1900 540
15145559476 1900 540
15145559484 1900 540
15145559496 1900 540
15145559504 1900 540
15145559516 1900 540
15145559524 1900 540
15145559536 1900 540
15145559544 1900 540
15145559556 1900 540
15145559564 1900 540
15145559576 1900 540
15145559584 1900 540
15145559596 1900 540
15145559604 1900 540
15145559616 1900 540
15145559624 1900 540
15145559636 1900 540
15145559648 1900 540
15145559656 1900 540
15145559668 1900 540
15145559676 1900 540
15145559688 1900 540
15145559696 1900 540
15145559708 1900 540
15145559716 1900 540
15145559728 1900 540
15145559736 1900 540
15145559748 1900 540
15145559756 1900 540
15145559768 1900 540
15145559776 1900 540
15145559788 1900 540
15145559796 1900 540
15145559808 1900 540
15145559816 1900 540
15145559828 1900 540
15145559836 1900 540
15145559848 1900 540
15145559856 1900 540
15145559868 1900 540
15145559880 1900 540
15145559888 1900 540
15145559900 1900 540
15145559908 1900 540
15145559920 1900 540
15145559928 1900 540
15145559940 1900 540
15145559948 1900 540
15145559960 1900 540
15145559968 1900 540
15145559980 1900 540
15145559988 1900 540
15145600000 1900 540
15145600008 1900 540
15145600020 1900 540
15145600028 1900 540
15145600040 1900 540
15145600048 1900 540
15145600060 1900 540
15145600068 1900 540
15145600080 1900 540
15145600088 1900 540
15145600100 1900 540
15145600108 1900 540
15145600120 1900 540
15145600132 1900 540
15145600140 1900 540
15145600152 1900 540
15145600160 1900 540
15145600172 1900 540
15145600180 1900 540
15145600192 1900 540
15145600200 1900 540
15145600212 1900 540
15145600220 1900 540
15145600232 1900 540
15145600240 1900 540
15145600252 1900 540
15145600260 1900 540
15145600272 1900 540
15145600280 1900 540
15145600292 1900 540
15145600300 1900 540
15145600312 1900 540
15145600320 1900 540
15145600332 1900 540
15145600340 1900 540
15145600352 1900 540
15145600360 1900 540
15145600372 1900 540
15145600384 1900 540
15145600392 1900 540
15145600404 1900 540
15145600412 1900 540
15145600424 1900 540
15145601248 950 540
15145601260 950 540
15145601268 950 540
15145601280 950 540
15145601288 950 540
15145601300 950 540
15145601308 950 540
15145601320 950 540
15145601328 950 540
15145601340 950 540
15145601348 950 540
15145601360 950 540
15145601368 950 540
15145601380 950 540
15145601392 950 540
15145601400 950 540
15145601412 950 540
15145601420 950 540
15145601432 950 540
15145601440 950 540
15145601452 950 540
15145601460 950 540
15145601472 950 540
15145601480 950 540
15145601492 950 540
15145601500 950 540
15145601512 950 540
15145601520 950 540
15145601532 950 540
15145601540 950 540
15145601552 950 540
15145601560 950 540
15145601572 950 540
15145601580 950 540
15145601592 950 540
15145601600 950 540
15145601612 950 540
15145601620 950 540
15145601632 950 540
15145601644 950 540
15145601652 950 540
15145601664 950 540
15145601672 950 540
15145601684 950 540
15145601692 950 540
15145601704 950 540
15145601712 950 540
15145601724 950 540
15145601732 950 540
15145601744 950 540
15145601752 950 540
15145601764 950 540
15145601772 950 540
15145601782 950 540
15145601790 950 540
15145601802 950 540
15145601810 950 540
15145601822 950 540
15145601831 950 540
15145601843 950 540
15145601851 950 540
15145601863 950 540
15145601871 950 540
15145601883 950 540
15145601895 950 540
15145601903 950 540
15145601915 950 540
15145601923 950 540
15145601935 950 540
15145601943 950 540
15145601955 950 540
15145601963 950 540
15145601975 950 540
15145601983 950 540
15145601995 950 540
15145602003 950 540
15145602015 950 540
15145602023 950 540
15145602035 950 540
15145602043 950 540
15145602055 950 540
15145602063 950 540
15145602075 950 540
15145602083 950 540
15145602095 950 540
15145602103 950 540
15145602115 950 540
15145602123 950 540
15145602135 950 540
15145602147 950 540
15145602155 950 540
15145602167 950 540
15145602175 950 540
15145602187 950 540
15145602195 950 540
15145602207 950 540
15145602215 950 540
15145602227 950 540
15145602235 950 540
15145602247 950 540
15145602255 950 540
15145602267 950 540
15145602275 950 540
15145602287 950 540
15145602295 950 540
15145602307 950 540
15145602315 950 540
15145602327 950 540
15145602335 950 540
15145602347 950 540
15145602355 950 540
15145602367 950 540
15145602375 950 540
15145602387 950 540
15145602399 950 540
15145602407 950 540
15145602419 950 540
15145602427 950 540
15145602439 950 540
15145602447 950 540
15145602459 950 540
15145602467 950 540
15145602479 950 540
15145602487 950 540
15145602499 950 540
15145602507 950 540
15145602519 950 540
15145602527 950 540
15145602539 950 540
15145602547 950 540
15145602559 950 540
15145602567 950 540
15145602579 950 540
15145602587 950 540
15145602599 950 540
15145602607 950 540
15145602619 950 540
15145602627 950 540
15145602639 950 540
15145602651 950 540
15145602659 950 540
15145602671 950 540
15145602679 950 540
15145602691 950 540
15145602699 950 540
15145602711 950 540
15145602719 950 540
15145602731 950 540
15145602739 950 540
15145603436 20 540
15145603448 20 540
15145603456 20 540
15145603468 20 540
15145603476 20 540
15145603488 20 540
15145603496 20 540
15145603508 20 540
15145603516 20 540
15145603528 20 540
15145603536 20 540
15145603548 20 540
15145603556 20 540
15145603568 20 540
15145603576 20 540
15145603588 20 540
15145603596 20 540
15145603608 20 540
15145603616 20 540
15145603628 20 540
15145603636 20 540
15145603648 20 540
15145603660 20 540
15145603668 20 540
15145603680 20 540
15145603688 20 540
15145603700 20 540
15145603708 20 540
15145603720 20 540
15145603728 20 540
15145603740 20 540
15145603748 20 540
15145603760 20 540
15145603768 20 540
15145603780 20 540
15145603788 20 540
15145603800 20 540
15145603808 20 540
15145603820 20 540
15145603828 20 540
15145603840 20 540
15145603848 20 540
15145603860 20 540
15145603868 20 540
15145603880 20 540
15145603888 20 540
15145603900 20 540
15145603912 20 540
15145603920 20 540
15145603932 20 540
15145603940 20 540
15145603952 20 540
15145603960 20 540
15145603972 20 540
15145603980 20 540
15145603992 20 540
15145604000 20 540
15145604012 20 540
15145604020 20 540
15145604032 20 540
15145604040 20 540
15145604052 20 540
15145604060 20 540
15145604072 20 540
15145604080 20 540
15145604092 20 540
15145604100 20 540
15145604112 20 540
15145604120 20 540
15145604132 20 540
15145604140 20 540
15145604152 20 540
15145604164 20 540
15145604172 20 540
15145604184 20 540
15145604192 20 540
15145604204 20 540
15145604212 20 540
15145604224 20 540
15145604232 20 540
15145604244 20 540
15145604252 20 540
15145604264 20 540
15145604272 20 540
15145604284 20 540
15145604292 20 540
15145604304 20 540
15145604312 20 540
15145604324 20 540
15145604332 20 540
15145604344 20 540
15145604352 20 540
15145604364 20 540
15145604372 20 540
15145604384 20 540
15145604392 20 540
15145604404 20 540
15145604416 20 540
15145604424 20 540
15145604436 20 540
15145604444 20 540
15145604456 20 540
15145604464 20 540
15145604476 20 540
15145604484 20 540
15145604496 20 540
15145604504 20 540
15145604516 20 540
15145604524 20 540
15145604536 20 540
15145604544 20 540
15145604556 20 540
15145604564 20 540
15145604576 20 540
15145604584 20 540
15145604596 20 540
15145604604 20 540
15145604616 20 540
15145604624 20 540
15145604636 20 540
15145604644 20 540
15145604656 20 540
15145604668 20 540
15145604676 20 540
15145604688 20 540
15145604696 20 540
15145604708 20 540
15145604716 20 540
15145604728 20 540
15145604736 20 540
15145604748 20 540
15145604756 20 540
15145604768 20 540
15145604776 20 540
15145604788 20 540
15145604796 20 540
15145604808 20 540
15145604816 20 540
15145604828 20 540
15145604836 20 540
15145604848 20 540
15145604856 20 540
15145604868 20 540
15145604876 20 540
15145604888 20 540
15145604896 20 540
15145604908 20 540
15145604920 20 540
15145604928 20 540
15145605624 20 1060
15145605632 20 1060
15145605644 20 1060
15145605652 20 1060
15145605664 20 1060
15145605676 20 1060
15145605684 20 1060
15145605696 20 1060
15145605704 20 1060
15145605716 20 1060
15145605724 20 1060
15145605736 20 1060
15145605744 20 1060
15145605756 20 1060
15145605764 20 1060
15145605776 20 1060
15145605784 20 1060
15145605796 20 1060
15145605804 20 1060
15145605816 20 1060
15145605824 20 1060
15145605836 20 1060
15145605844 20 1060
15145605856 20 1060
15145605864 20 1060
15145605876 20 1060
15145605884 20 1060
15145605896 20 1060
15145605904 20 1060
15145605916 20 1060
15145605928 20 1060
15145605936 20 1060
15145605948 20 1060
15145605956 20 1060
15145605968 20 1060
15145605976 20 1060
15145605988 20 1060
15145605996 20 1060
15145606008 20 1060
15145606016 20 1060
15145606028 20 1060
15145606036 20 1060
15145606048 20 1060
15145606056 20 1060
15145606068 20 1060
15145606076 20 1060
15145606088 20 1060
15145606096 20 1060
15145606108 20 1060
15145606116 20 1060
15145606128 20 1060
15145606136 20 1060
15145606148 20 1060
15145606156 20 1060
15145606168 20 1060
15145606180 20 1060
15145606188 20 1060
15145606200 20 1060
15145606208 20 1060
15145606220 20 1060
15145606228 20 1060
15145606240 20 1060
15145606248 20 1060
15145606260 20 1060
15145606268 20 1060
15145606280 20 1060
15145606288 20 1060
15145606300 20 1060
15145606308 20 1060
15145606320 20 1060
15145606328 20 1060
15145606340 20 1060
15145606348 20 1060
15145606360 20 1060
15145606368 20 1060
15145606380 20 1060
15145606388 20 1060
15145606400 20 1060
15145606408 20 1060
15145606420 20 1060
15145606432 20 1060
15145606440 20 1060
15145606452 20 1060
15145606460 20 1060
15145606472 20 1060
15145606480 20 1060
15145606492 20 1060
15145606500 20 1060
15145606512 20 1060
15145606520 20 1060
15145606532 20 1060
15145606540 20 1060
15145606552 20 1060
15145606560 20 1060
15145606572 20 1060
15145606580 20 1060
15145606592 20 1060
15145606600 20 1060
15145606612 20 1060
15145606620 20 1060
15145606632 20 1060
15145606640 20 1060
15145606652 20 1060
15145606660 20 1060
15145606672 20 1060
15145606684 20 1060
15145606692 20 1060
15145606704 20 1060
15145606712 20 1060
15145606724 20 1060
15145606732 20 1060
15145606744 20 1060
15145606752 20 1060
15145606764 20 1060
15145606772 20 1060
15145606784 20 1060
15145606792 20 1060
15145606804 20 1060
15145606812 20 1060
15145606824 20 1060
15145606832 20 1060
15145606844 20 1060
15145606852 20 1060
15145606864 20 1060
15145606872 20 1060
15145606884 20 1060
15145606892 20 1060
15145606904 20 1060
15145606912 20 1060
15145606924 20 1060
15145606936 20 1060
15145606944 20 1060
15145606956 20 1060
15145606964 20 1060
15145606976 20 1060
15145606984 20 1060
15145606996 20 1060
15145607004 20 1060
15145607016 20 1060
15145607024 20 1060
15145607036 20 1060
15145607044 20 1060
15145607056 20 1060
15145607064 20 1060
15145607076 20 1060
15145607084 20 1060
15145607096 20 1060
15145607104 20 1060
15145607116 20 1060
15145607892 950 1060
15145607900 950 1060
15145607912 950 1060
15145607920 950 1060
15145607932 950 1060
15145607944 950 1060
15145607952 950 1060
15145607964 950 1060
15145607972 950 1060
15145607984 950 1060
15145607992 950 1060
15145608004 950 1060
15145608012 950 1060
15145608024 950 1060
15145608032 950 1060
15145608044 950 1060
15145608052 950 1060
15145608064 950 1060
15145608072 950 1060
15145608084 950 1060
15145608092 950 1060
15145608104 950 1060
15145608112 950 1060
15145608124 950 1060
15145608132 950 1060
15145608144 950 1060
15145608152 950 1060
15145608164 950 1060
15145608172 950 1060
15145608184 950 1060
15145608196 950 1060
15145608204 950 1060
15145608216 950 1060
15145608224 950 1060
15145608236 950 1060
15145608244 950 1060
15145608256 950 1060
15145608264 950 1060
15145608276 950 1060
15145608284 950 1060
15145608296 950 1060
15145608304 950 1060
15145608316 950 1060
15145608324 950 1060
15145608336 950 1060
15145608344 950 1060
15145608356 950 1060
15145608364 950 1060
15145608376 950 1060
15145608384 950 1060
15145608396 950 1060
15145608404 950 1060
15145608416 950 1060
15145608424 950 1060
15145608436 950 1060
15145608448 950 1060
15145608456 950 1060
15145608468 950 1060
15145608475 950 1060
15145608486 950 1060
15145608494 950 1060
15145608506 950 1060
15145608514 950 1060
15145608526 950 1060
15145608534 950 1060
15145608546 950 1060
15145608554 950 1060
15145608566 950 1060
15145608574 950 1060
15145608586 950 1060
15145608594 950 1060
15145608606 950 1060
15145608615 950 1060
15145608627 950 1060
15145608636 950 1060
15145608648 950 1060
15145608656 950 1060
15145608668 950 1060
15145608676 950 1060
15145608688 950 1060
15145608700 950 1060
15145608708 950 1060
15145608720 950 1060
15145608728 950 1060
15145608740 950 1060
15145608748 950 1060
15145608760 950 1060
15145608768 950 1060
15145608780 950 1060
15145608788 950 1060
15145608800 950 1060
15145608808 950 1060
15145608820 950 1060
15145608828 950 1060
15145608840 950 1060
15145608848 950 1060
15145608860 950 1060
15145608868 950 1060
15145608880 950 1060
15145608888 950 1060
15145608900 950 1060
15145608908 950 1060
15145608920 950 1060
15145608928 950 1060
15145608940 950 1060
15145608952 950 1060
15145608960 950 1060
15145608972 950 1060
15145608980 950 1060
15145608992 950 1060
15145609000 950 1060
15145609012 950 1060
15145609020 950 1060
15145609032 950 1060
15145609040 950 1060
15145609052 950 1060
15145609060 950 1060
15145609072 950 1060
15145609080 950 1060
15145609092 950 1060
15145609100 950 1060
15145609112 950 1060
15145609120 950 1060
15145609132 950 1060
15145609140 950 1060
15145609152 950 1060
15145609160 950 1060
15145609172 950 1060
15145609180 950 1060
15145609192 950 1060
15145609204 950 1060
15145609212 950 1060
15145609224 950 1060
15145609232 950 1060
15145609244 950 1060
15145609252 950 1060
15145609264 950 1060
15145609272 950 1060
15145609284 950 1060
15145609292 950 1060
15145609304 950 1060
15145609312 950 1060
15145609324 950 1060
15145609332 950 1060
15145609344 950 1060
15145609352 950 1060
15145609364 950 1060
15145609372 950 1060
15145609384 950 1060
15145610000 1900 1060
15145610009 1900 1060
15145610020 1900 1060
15145610028 1900 1060
15145610040 1900 1060
15145610048 1900 1060
15145610060 1900 1060
15145610068 1900 1060
15145610080 1900 1060
15145610088 1900 1060
15145610100 1900 1060
15145610108 1900 1060
15145610120 1900 1060
15145610128 1900 1060
15145610140 1900 1060
15145610148 1900 1060
15145610160 1900 1060
15145610168 1900 1060
15145610180 1900 1060
15145610188 1900 1060
15145610200 1900 1060
15145610212 1900 1060
15145610220 1900 1060
15145610232 1900 1060
15145610240 1900 1060
15145610252 1900 1060
15145610260 1900 1060
15145610272 1900 1060
15145610280 1900 1060
15145610292 1900 1060
15145610300 1900 1060
15145610312 1900 1060
15145610320 1900 1060
15145610332 1900 1060
15145610340 1900 1060
15145610352 1900 1060
15145610360 1900 1060
15145610372 1900 1060
15145610380 1900 1060
15145610392 1900 1060
15145610400 1900 1060
15145610412 1900 1060
15145610420 1900 1060
15145610432 1900 1060
15145610440 1900 1060
15145610452 1900 1060
15145610464 1900 1060
15145610472 1900 1060
15145610484 1900 1060
15145610492 1900 1060
15145610504 1900 1060
15145610512 1900 1060
15145610524 1900 1060
15145610532 1900 1060
15145610544 1900 1060
15145610552 1900 1060
15145610564 1900 1060
15145610572 1900 1060
15145610584 1900 1060
15145610592 1900 1060
15145610604 1900 1060
15145610612 1900 1060
15145610624 1900 1060
15145610632 1900 1060
15145610644 1900 1060
15145610652 1900 1060
15145610664 1900 1060
15145610672 1900 1060
15145610684 1900 1060
15145610692 1900 1060
15145610704 1900 1060
15145610716 1900 1060
15145610724 1900 1060
15145610736 1900 1060
15145610744 1900 1060
15145610756 1900 1060
15145610764 1900 1060
15145610776 1900 1060
15145610784 1900 1060
15145610796 1900 1060
15145610804 1900 1060
15145610816 1900 1060
15145610824 1900 1060
15145610836 1900 1060
15145610844 1900 1060
15145610856 1900 1060
15145610864 1900 1060
15145610876 1900 1060
15145610884 1900 1060
15145610896 1900 1060
15145610904 1900 1060
15145610916 1900 1060
15145610924 1900 1060
15145610936 1900 1060
15145610944 1900 1060
15145610956 1900 1060
15145610968 1900 1060
15145610976 1900 1060
15145610988 1900 1060
15145610996 1900 1060
15145611008 1900 1060
15145611016 1900 1060
15145611028 1900 1060
15145611036 1900 1060
15145611048 1900 1060
15145611056 1900 1060
15145611068 1900 1060
15145611076 1900 1060
15145611088 1900 1060
15145611096 1900 1060
15145611108 1900 1060
15145611116 1900 1060
15145611128 1900 1060
15145611136 1900 1060
15145611148 1900 1060
15145611156 1900 1060
15145611168 1900 1060
15145611176 1900 1060
15145611188 1900 1060
15145611196 1900 1060
15145611208 1900 1060
15145611220 1900 1060
15145611228 1900 1060
15145611240 1900 1060
15145611248 1900 1060
15145611260 1900 1060
15145611268 1900 1060
15145611280 1900 1060
15145611288 1900 1060
15145611300 1900 1060
15145611308 1900 1060
15145611320 1900 1060
15145611328 1900 1060
15145611340 1900 1060
15145611348 1900 1060
15145611360 1900 1060
15145611368 1900 1060
15145611380 1900 1060
15145611388 1900 1060
15145611400 1900 1060
15145611408 1900 1060
15145611420 1900 1060
15145611428 1900 1060
15145611440 1900 1060
15145611448 1900 1060
15145611460 1900 1060
15145611472 1900 1060
15145611480 1900 1060
15145611492 1900 1060
