15150420510 960 540
15150420512 960 540
15150420520 960 540
15150420532 960 540
15150420544 960 540
15150420552 960 540
15150420564 960 540
15150420577 960 540
15150420585 960 540
15150420599 960 540
15150420607 960 540
15150420620 960 540
15150420627 960 540
15150420639 960 540
15150420647 960 540
15150420659 960 540
15150420667 960 540
15150420679 960 540
15150420687 960 540
15150420699 960 540
15150420707 960 540
15150420719 960 540
15150420727 960 540
15150420739 960 540
15150420747 960 540
15150420759 960 540
15150420767 960 540
15150420779 960 540
15150420787 960 540
15150420799 960 540
15150420807 960 540
15150420819 960 540
15150420831 960 540
15150420839 960 540
15150420851 960 540
15150420859 960 540
15150420871 960 540
15150420879 960 540
15150420891 960 540
15150420899 960 540
15150420911 960 540
15150420919 960 540
15150420931 960 540
15150420939 960 540
15150420951 960 540
15150420959 960 540
15150420971 960 540
15150420979 960 540
15150420991 960 540
15150420999 960 540
15150421011 960 540
15150421019 960 540
15150421031 960 540
15150421039 960 540
15150421051 960 540
15150421059 960 540
15150421071 960 540
15150421083 960 540
15150421091 960 540
15150421103 960 540
15150421111 960 540
15150421123 960 540
15150421131 960 540
15150421143 960 540
15150421151 960 540
15150421163 960 540
15150421171 960 540
15150421183 960 540
15150421191 960 540
15150421203 960 540
15150421211 960 540
15150421223 960 540
15150421231 960 540
15150421243 960 540
15150421251 960 540
15150421263 960 540
15150421271 960 540
15150421283 960 540
15150421291 960 540
15150421303 960 540
15150421311 960 540
15150421323 960 540
15150421335 960 540
15150421343 960 540
15150421355 960 540
15150421363 960 540
15150421375 960 540
15150421383 960 540
15150421395 960 540
15150421403 960 540
15150421414 960 540
15150421422 960 540
15150421434 960 540
15150421442 960 540
15150421454 960 540
15150421462 960 540
15150421474 960 540
15150421482 960 540
15150421494 960 540
15150421502 960 540
15150421514 960 540
15150421522 960 540
15150421534 960 540
15150421542 960 540
15150421554 960 540
15150421562 960 540
15150421574 960 540
15150421586 960 540
15150421594 960 540
15150421606 960 540
15150421614 960 540
15150421626 960 540
15150421634 960 540
15150421646 960 540
15150421654 960 540
15150421666 960 540
15150421674 960 540
15150421686 960 540
15150421694 960 540
15150421706 960 540
15150421714 960 540
15150421726 960 540
15150421734 960 540
15150421746 960 540
15150421754 960 540
15150421766 960 540
15150421774 960 540
15150421786 960 540
15150421794 960 540
15150421806 960 540
15150421814 960 540
15150421826 960 540
15150421838 960 540
15150421846 960 540
15150421858 960 540
15150421866 960 540
15150421878 960 540
15150421886 960 540
15150421898 960 540
15150421906 960 540
15150421918 960 540
15150421926 960 540
15150421938 960 540
15150421946 960 540
15150421958 960 540
15150421966 960 540
15150421978 960 540
15150421986 960 540
15150421998 960 540
15150422006 960 540
15150422018 960 540
15150422026 960 540
15150422038 960 540
15150422046 960 540
15150422058 960 540
15150422066 960 540
15150422078 960 540
15150422090 960 540
15150422098 960 540
15150422110 960 540
15150422118 960 540
15150422130 960 540
15150422138 960 540
15150422150 960 540
15150422158 960 540
15150422170 960 540
15150422178 960 540
15150422190 960 540
15150422198 960 540
15150422210 960 540
15150422218 960 540
15150422230 960 540
15150422238 960 540
15150422250 960 540
15150422258 960 540
15150422270 960 540
15150422278 960 540
15150422290 960 540
15150422298 960 540
15150422310 960 540
15150422318 960 540
15150422330 960 540
15150422342 960 540
15150422350 960 540
15150422362 960 540
15150422370 960 540
15150422382 960 540
15150422390 960 540
15150422402 960 540
15150422410 960 540
15150422422 960 540
15150422430 960 540
15150422442 960 540
15150422450 960 540
15150422462 960 540
15150422470 960 540
15150422482 960 540
15150422490 960 540
15150422502 960 540
15150422510 960 540
15150422522 960 540
15150422530 960 540
15150422542 960 540
15150422550 960 540
15150422562 960 540
15150422570 960 540
15150422582 960 540
15150422594 960 540
15150422602 960 540
15150422614 960 540
15150422622 960 540
15150422634 960 540
15150422642 960 540
15150422654 960 540
15150422662 960 540
15150422674 960 540
15150422682 960 540
15150422694 960 540
15150422702 960 540
15150422714 960 540
15150422722 960 540
15150422734 960 540
15150422742 960 540
15150422754 960 540
15150422762 960 540
15150422774 960 540
15150422782 960 540
15150422794 960 540
15150422802 960 540
15150422814 960 540
15150422822 960 540
15150422834 960 540
15150422846 960 540
15150422854 960 540
15150422866 960 540
15150422874 960 540
15150422886 960 540
15150422894 960 540
15150422906 960 540
15150422914 960 540
15150422926 960 540
15150422934 960 540
15150422946 960 540
15150422954 960 540
15150422966 960 540
15150422974 960 540
15150422986 960 540
15150422994 960 540
15150423006 960 540
15150423014 960 540
15150423026 960 540
15150423034 960 540
15150423046 960 540
15150423054 960 540
15150423066 960 540
15150423074 960 540
15150423086 960 540
15150423098 960 540
15150423106 960 540
15150423118 960 540
15150423126 960 540
15150423138 960 540
15150423146 960 540
15150423158 960 540
15150423166 960 540
15150423178 960 540
15150423186 960 540
15150423198 960 540
15150423206 960 540
15150423218 960 540
15150423226 960 540
15150423238 960 540
15150423246 960 540
15150423258 960 540
15150423266 960 540
15150423278 960 540
15150423286 960 540
15150423298 960 540
15150423306 960 540
15150423318 960 540
15150423326 960 540
15150423338 960 540
15150423350 960 540
15150423358 960 540
15150423370 960 540
15150423378 960 540
15150423390 960 540
15150423398 960 540
15150423410 960 540
15150423418 960 540
15150423430 960 540
15150423438 960 540
15150423450 960 540
15150423458 960 540
15150423470 960 540
15150423478 960 540
15150423490 960 540
15150423498 960 540
15150423510 960 540
15150423518 960 540
15150423530 960 540
15150423538 960 540
15150423550 960 540
15150423558 960 540
15150423570 960 540
15150423578 960 540
15150423590 960 540
15150423602 960 540
15150423610 960 540
15150423622 960 540
15150423630 960 540
15150423642 960 540
15150423650 960 540
15150423662 960 540
15150423670 960 540
15150423682 960 540
15150423690 960 540
15150423702 960 540
15150423710 960 540
15150423722 960 540
15150423730 960 540
15150423742 960 540
15150423750 960 540
15150423762 960 540
15150423770 960 540
15150423782 960 540
15150423790 960 540
15150423802 960 540
15150423810 960 540
15150423822 960 540
15150423830 960 540
15150423842 960 540
15150423854 960 540
15150423862 960 540
15150423874 960 540
15150423882 960 540
15150423894 960 540
15150423902 960 540
15150423914 960 540
15150423922 960 540
15150423934 960 540
15150423942 960 540
15150423954 960 540
15150423962 960 540
15150423974 960 540
15150423982 960 540
15150423994 960 540
15150424002 960 540
15150424014 960 540
15150424022 960 540
15150424034 960 540
15150424042 960 540
15150424054 960 540
15150424062 960 540
15150424074 960 540
15150424082 960 540
15150424094 960 540
15150424106 960 540
15150424114 960 540
15150424126 960 540
15150424134 960 540
15150424146 960 540
15150424154 960 540
15150424166 960 540
15150424174 960 540
15150424186 960 540
15150424194 960 540
15150424206 960 540
15150424214 960 540
15150424226 960 540
15150424234 960 540
15150424246 960 540
15150424254 960 540
15150424266 960 540
15150424274 960 540
15150424286 960 540
15150424294 960 540
15150424306 960 540
15150424314 960 540
15150424326 960 540
15150424334 960 540
15150424346 960 540
15150424358 960 540
15150424366 960 540
15150424378 960 540
15150424386 960 540
15150424398 960 540
15150424406 960 540
15150424418 960 540
15150424426 960 540
15150424438 960 540
15150424446 960 540
15150424458 960 540
15150424466 960 540
15150424478 960 540
15150424486 960 540
15150424498 960 540
15150424506 960 540
15150424518 960 540
15150424526 960 540
15150424538 960 540
15150424546 960 540
15150424558 960 540
15150424566 960 540
15150424578 960 540
15150424586 960 540
15150424598 960 540
15150424610 960 540
15150424618 960 540
15150424630 960 540
15150424638 960 540
15150424650 960 540
15150424658 960 540
15150424670 960 540
15150424678 960 540
15150424690 960 540
15150424698 960 540
15150424710 960 540
15150424718 960 540
15150424730 960 540
15150424738 960 540
15150424750 960 540
15150424758 960 540
15150424770 960 540
15150424778 960 540
15150424790 960 540
15150424798 960 540
15150424810 960 540
15150424818 960 540
15150424830 960 540
15150424838 960 540
15150424850 960 540
15150424862 960 540
15150424870 960 540
15150424882 960 540
15150424890 960 540
15150424902 960 540
15150424910 960 540
15150424922 960 540
15150424930 960 540
15150424942 960 540
15150424950 960 540
15150424962 960 540
15150424970 960 540
15150424982 960 540
15150424990 960 540
15150425002 960 540
15150425010 960 540
15150425022 960 540
15150425030 960 540
15150425042 960 540
15150425050 960 540
15150425062 960 540
15150425070 960 540
15150425082 960 540
15150425090 960 540
15150425102 960 540
15150425114 960 540
15150425122 960 540
15150425134 960 540
15150425142 960 540
15150425154 960 540
15150425162 960 540
15150425174 960 540
15150425182 960 540
15150425194 960 540
15150425202 960 540
15150425214 960 540
15150425222 960 540
15150425234 960 540
15150425242 960 540
15150425254 960 540
15150425262 960 540
15150425274 960 540
15150425282 960 540
15150425294 960 540
15150425302 960 540
15150425314 960 540
15150425322 960 540
15150425334 960 540
15150425342 960 540
15150425354 960 540
15150425366 960 540
15150425374 960 540
15150425386 960 540
15150425394 960 540
15150425406 960 540
15150425414 960 540
15150425426 960 540
15150425434 960 540
15150425446 960 540
15150425454 960 540
15150425466 960 540
15150425474 960 540
15150425486 960 540
15150425494 960 540
15150425506 960 540
15150425514 960 540
15150425526 960 540
15150425534 960 540
15150425546 960 540
15150425554 960 540
15150425566 960 540
15150425574 960 540
15150425586 960 540
15150425594 960 540
15150425606 960 540
15150425618 960 540
15150425626 960 540
15150425638 960 540
15150425646 960 540
15150425658 960 540
15150425666 960 540
15150425678 960 540
15150425686 960 540
15150425698 960 540
15150425706 960 540
15150425718 960 540
15150425726 960 540
15150425738 960 540
15150425746 960 540
15150425758 960 540
15150425766 960 540
15150425778 960 540
15150425786 960 540
15150425798 960 540
15150425806 960 540
15150425818 960 540
15150425826 960 540
15150425838 960 540
15150425846 960 540
15150425858 960 540
15150425870 960 540
15150425878 960 540
15150425890 960 540
15150425898 960 540
15150425910 960 540
15150425918 960 540
15150425930 960 540
15150425938 960 540
15150425950 960 540
15150425958 960 540
15150425970 960 540
15150425978 960 540
15150425990 960 540
15150425998 960 540
15150426010 960 540
15150426018 960 540
15150426030 960 540
15150426038 960 540
15150426050 960 540
15150426058 960 540
15150426070 960 540
15150426078 960 540
15150426090 960 540
15150426098 960 540
15150426110 960 540
15150426122 960 540
15150426130 960 540
15150426142 960 540
15150426150 960 540
15150426162 960 540
15150426170 960 540
15150426182 960 540
15150426190 960 540
15150426202 960 540
15150426210 960 540
15150426222 960 540
15150426230 960 540
15150426242 960 540
15150426250 960 540
15150426262 960 540
15150426270 960 540
15150426282 960 540
15150426290 960 540
15150426302 960 540
15150426310 960 540
15150426322 960 540
15150426330 960 540
15150426342 960 540
15150426350 960 540
15150426362 960 540
15150426374 960 540
15150426382 960 540
15150426394 960 540
15150426402 960 540
15150426414 960 540
15150426422 960 540
15150426434 960 540
15150426442 960 540
15150426454 960 540
15150426462 960 540
15150426474 960 540
15150426482 960 540
15150426494 960 540
15150426502 960 540
15150426514 960 540
15150426522 960 540
15150426534 960 540
15150426542 960 540
15150426554 960 540
15150426562 960 540
15150426574 960 540
15150426582 960 540
15150426594 960 540
15150426602 960 540
15150426614 960 540
15150426626 960 540
15150426634 960 540
15150426646 960 540
15150426654 960 540
15150426666 960 540
15150426674 960 540
15150426686 960 540
15150426694 960 540
15150426706 960 540
15150426714 960 540
15150426726 960 540
15150426734 960 540
15150426746 960 540
15150426754 960 540
15150426766 960 540
15150426774 960 540
15150426786 960 540
15150426794 960 540
15150426806 960 540
15150426814 960 540
15150426826 960 540
15150426834 960 540
15150426846 960 540
15150426854 960 540
15150426866 960 540
15150426878 960 540
15150426886 960 540
15150426898 960 540
15150426906 960 540
15150426918 960 540
15150426926 960 540
15150426938 960 540
15150426946 960 540
15150426958 960 540
15150426966 960 540
15150426978 960 540
15150426986 960 540
15150426998 960 540
15150427006 960 540
15150427018 960 540
15150427026 960 540
15150427038 960 540
15150427046 960 540
15150427058 960 540
15150427066 960 540
15150427078 960 540
15150427086 960 540
15150427098 960 540
15150427106 960 540
15150427118 960 540
15150427130 960 540
15150427138 960 540
15150427150 960 540
15150427158 960 540
15150427170 960 540
15150427178 960 540
15150427190 960 540
15150427198 960 540
15150427210 960 540
15150427218 960 540
15150427230 960 540
15150427238 960 540
15150427250 960 540
15150427258 960 540
15150427270 960 540
15150427278 960 540
15150427290 960 540
15150427298 960 540
15150427310 960 540
15150427318 960 540
15150427330 960 540
15150427338 960 540
15150427350 960 540
15150427358 960 540
15150427370 960 540
15150427382 960 540
15150427390 960 540
15150427402 960 540
15150427410 960 540
15150427422 960 540
15150427430 960 540
15150427442 960 540
15150427450 960 540
15150427462 960 540
15150427470 960 540
15150427482 960 540
15150427490 960 540
15150427502 960 540
15150427510 960 540
15150427522 960 540
15150427530 960 540
15150427542 960 540
15150427550 960 540
15150427562 960 540
15150427570 960 540
15150427582 960 540
15150427590 960 540
15150427602 960 540
15150427610 960 540
15150427622 960 540
15150427634 960 540
15150427642 960 540
15150427654 960 540
15150427662 960 540
15150427674 960 540
15150427682 960 540
15150427694 960 540
15150427702 960 540
15150427714 960 540
15150427722 960 540
15150427734 960 540
15150427742 960 540
15150427754 960 540
15150427762 960 540
15150427774 960 540
15150427782 960 540
15150427794 960 540
15150427802 960 540
15150427814 960 540
15150427822 960 540
15150427834 960 540
15150427842 960 540
15150427854 960 540
15150427862 960 540
15150427874 960 540
15150427886 960 540
15150427894 960 540
15150427906 960 540
15150427914 960 540
15150427926 960 540
15150427934 960 540
15150427946 960 540
15150427954 960 540
15150427966 960 540
15150427974 960 540
15150427986 960 540
15150427994 960 540
15150428006 960 540
15150428014 960 540
15150428026 960 540
15150428034 960 540
15150428046 960 540
15150428054 960 540
15150428066 960 540
15150428074 960 540
15150428086 960 540
15150428094 960 540
15150428106 960 540
15150428114 960 540
15150428126 960 540
15150428138 960 540
15150428146 960 540
15150428158 960 540
15150428166 960 540
15150428178 960 540
15150428186 960 540
15150428198 960 540
15150428206 960 540
15150428218 960 540
15150428226 960 540
15150428238 960 540
15150428246 960 540
15150428258 960 540
15150428266 960 540
15150428278 960 540
15150428286 960 540
15150428298 960 540
15150428306 960 540
15150428318 960 540
15150428326 960 540
15150428338 960 540
15150428346 960 540
15150428358 960 540
15150428366 960 540
15150428378 960 540
15150428390 960 540
15150428398 960 540
15150428410 960 540
15150428418 960 540
15150428430 960 540
15150428438 960 540
15150428450 960 540
15150428458 960 540
15150428470 960 540
15150428478 960 540
15150428490 960 540
15150428498 960 540
15150428510 960 540
15150428518 960 540
15150428530 960 540
15150428538 960 540
15150428550 960 540
15150428558 960 540
15150428570 960 540
15150428578 960 540
15150428590 960 540
15150428598 960 540
15150428610 960 540
15150428618 960 540
15150428630 960 540
15150428642 960 540
15150428650 960 540
15150428662 960 540
15150428670 960 540
15150428682 960 540
15150428690 960 540
15150428702 960 540
15150428710 960 540
15150428722 960 540
15150428730 960 540
15150428742 960 540
15150428750 960 540
15150428762 960 540
15150428770 960 540
15150428782 960 540
15150428790 960 540
15150428802 960 540
15150428810 960 540
15150428822 960 540
15150428830 960 540
15150428842 960 540
15150428850 960 540
15150428862 960 540
15150428870 960 540
15150428882 960 540
15150428894 960 540
15150428902 960 540
15150428914 960 540
15150428922 960 540
15150428934 960 540
15150428942 960 540
15150428954 960 540
15150428962 960 540
15150428974 960 540
15150428982 960 540
15150428994 960 540
15150429002 960 540
15150429014 960 540
15150429022 960 540
15150429034 960 540
15150429042 960 540
15150429054 960 540
15150429062 960 540
15150429074 960 540
15150429082 960 540
15150429094 960 540
15150429102 960 540
15150429114 960 540
15150429122 960 540
15150429134 960 540
15150429146 960 540
15150429154 960 540
15150429166 960 540
15150429174 960 540
15150429186 960 540
15150429194 960 540
15150429206 960 540
15150429214 960 540
15150429226 960 540
15150429234 960 540
15150429246 960 540
15150429254 960 540
15150429266 960 540
15150429274 960 540
15150429286 960 540
15150429294 960 540
15150429306 960 540
15150429314 960 540
15150429326 960 540
15150429334 960 540
15150429346 960 540
15150429354 960 540
15150429366 960 540
15150429374 960 540
15150429386 960 540
15150429398 960 540
15150429406 960 540
15150429418 960 540
15150429426 960 540
15150429438 960 540
15150429446 960 540
15150429458 960 540
15150429466 960 540
15150429478 960 540
15150429486 960 540
15150429498 960 540
15150429506 960 540
15150429518 960 540
15150429526 960 540
15150429538 960 540
15150429546 960 540
15150429558 960 540
15150429566 960 540
15150429578 960 540
15150429586 960 540
15150429598 960 540
15150429606 960 540
15150429618 960 540
15150429626 960 540
15150429638 960 540
15150429650 960 540
15150429658 960 540
15150429670 960 540
15150429678 960 540
15150429690 960 540
15150429698 960 540
15150429710 960 540
15150429718 960 540
15150429730 960 540
15150429738 960 540
15150429750 960 540
15150429758 960 540
15150429770 960 540
15150429778 960 540
15150429790 960 540
15150429798 960 540
15150429810 960 540
15150429818 960 540
15150429830 960 540
15150429838 960 540
15150429850 960 540
15150429858 960 540
15150429870 960 540
15150429878 960 540
15150429890 960 540
15150429902 960 540
15150429910 960 540
15150429922 960 540
15150429930 960 540
15150429942 960 540
15150429950 960 540
15150429962 960 540
15150429970 960 540
15150429982 960 540
15150429990 960 540
15150430002 960 540
15150430010 960 540
15150430022 960 540
15150430030 960 540
15150430042 960 540
15150430050 960 540
15150430062 960 540
15150430070 960 540
15150430082 960 540
15150430090 960 540
15150430102 960 540
15150430110 960 540
15150430122 960 540
15150430130 960 540
15150430142 960 540
15150430154 960 540
15150430162 960 540
15150430174 960 540
15150430182 960 540
15150430194 960 540
15150430202 960 540
15150430214 960 540
15150430222 960 540
15150430234 960 540
15150430242 960 540
15150430254 960 540
15150430262 960 540
15150430274 960 540
15150430282 960 540
15150430294 960 540
15150430302 960 540
15150430314 960 540
15150430322 960 540
15150430334 960 540
15150430342 960 540
15150430354 960 540
15150430362 960 540
15150430374 960 540
15150430382 960 540
15150430394 960 540
15150430406 960 540
15150430414 960 540
15150430426 960 540
15150430434 960 540
15150430446 960 540
15150430454 960 540
15150430466 960 540
15150430474 960 540
15150430486 960 540
15150430494 960 540
15150430506 960 540
15150430514 960 540
15150430526 960 540
15150430534 960 540
15150430546 960 540
15150430554 960 540
15150430566 960 540
15150430574 960 540
15150430586 960 540
15150430594 960 540
15150430606 960 540
15150430614 960 540
15150430626 960 540
15150430634 960 540
15150430646 960 540
15150430658 960 540
15150430666 960 540
15150430678 960 540
15150430686 960 540
15150430698 960 540
15150430706 960 540
15150430718 960 540
15150430726 960 540
15150430738 960 540
15150430746 960 540
15150430758 960 540
15150430766 960 540
15150430778 960 540
15150430786 960 540
15150430798 960 540
15150430806 960 540
15150430818 960 540
15150430826 960 540
15150430838 960 540
15150430846 960 540
15150430858 960 540
15150430866 960 540
15150430878 960 540
15150430886 960 540
15150430898 960 540
15150430910 960 540
15150430918 960 540
15150430930 960 540
15150430938 960 540
15150430950 960 540
15150430958 960 540
15150430970 960 540
15150430978 960 540
15150430990 960 540
15150430998 960 540
15150431010 960 540
15150431018 960 540
15150431030 960 540
15150431038 960 540
15150431050 960 540
15150431058 960 540
15150431070 960 540
15150431078 960 540
15150431090 960 540
15150431098 960 540
15150431110 960 540
15150431118 960 540
15150431130 960 540
15150431138 960 540
15150431150 960 540
15150431162 960 540
15150431170 960 540
15150431182 960 540
15150431190 960 540
15150431202 960 540
15150431210 960 540
15150431222 960 540
15150431230 960 540
15150431242 960 540
15150431250 960 540
15150431262 960 540
15150431270 960 540
15150431282 960 540
15150431290 960 540
15150431302 960 540
15150431310 960 540
15150431322 960 540
15150431330 960 540
15150431342 960 540
15150431350 960 540
15150431362 960 540
15150431370 960 540
15150431382 960 540
15150431390 960 540
15150431402 960 540
15150431414 960 540
15150431422 960 540
15150431434 960 540
15150431442 960 540
15150431454 960 540
15150431462 960 540
15150431474 960 540
15150431482 960 540
15150431494 960 540
15150431502 960 540
15150431514 960 540
15150431522 960 540
15150431534 960 540
15150431542 960 540
15150431554 960 540
15150431562 960 540
15150431574 960 540
15150431582 960 540
15150431594 960 540
15150431602 960 540
15150431614 960 540
15150431622 960 540
15150431634 960 540
15150431642 960 540
15150431654 960 540
15150431666 960 540
15150431674 960 540
15150431686 960 540
15150431694 960 540
15150431706 960 540
15150431714 960 540
15150431726 960 540
15150431734 960 540
15150431746 960 540
15150431754 960 540
15150431766 960 540
15150431774 960 540
15150431786 960 540
15150431794 960 540
15150431806 960 540
15150431814 960 540
15150431826 960 540
15150431834 960 540
15150431846 960 540
15150431854 960 540
15150431866 960 540
15150431874 960 540
15150431886 960 540
15150431894 960 540
15150431906 960 540
15150431918 960 540
15150431926 960 540
15150431938 960 540
15150431946 960 540
15150431958 960 540
15150431966 960 540
15150431978 960 540
15150431986 960 540
15150431998 960 540
15150432006 960 540
15150432018 960 540
15150432026 960 540
15150432038 960 540
15150432046 960 540
15150432058 960 540
15150432066 960 540
15150432078 960 540
15150432086 960 540
15150432098 960 540
15150432106 960 540
15150432118 960 540
15150432126 960 540
15150432138 960 540
15150432146 960 540
15150432158 960 540
15150432170 960 540
15150432178 960 540
15150432190 960 540
15150432198 960 540
15150432210 960 540
15150432218 960 540
15150432230 960 540
15150432238 960 540
15150432250 960 540
15150432258 960 540
15150432270 960 540
15150432278 960 540
15150432290 960 540
15150432298 960 540
15150432310 960 540
15150432318 960 540
15150432330 960 540
15150432338 960 540
15150432350 960 540
15150432358 960 540
15150432370 960 540
15150432378 960 540
15150432390 960 540
15150432398 960 540
15150432410 960 540
15150432422 960 540
15150432430 960 540
15150432442 960 540
15150432450 960 540
15150432462 960 540
15150432470 960 540
15150432482 960 540
15150432490 960 540
15150432502 960 540
15150432510 960 540
15150432522 960 540
15150432530 960 540
15150432542 960 540
15150432550 960 540
15150432562 960 540
15150432570 960 540
15150432582 960 540
15150432590 960 540
15150432602 960 540
15150432610 960 540
15150432622 960 540
15150432630 960 540
15150432642 960 540
15150432650 960 540
15150432662 960 540
15150432674 960 540
15150432682 960 540
15150432694 960 540
15150432702 960 540
15150432714 960 540
