15164751124 960 540
15164751133 960 540
15164751143 960 540
15164751159 960 540
15164751162 960 540
15164751176 960 540
15164751181 960 540
15164751193 960 540
15164751205 960 540
15164751213 960 540
15164751225 960 540
15164751233 960 540
15164751245 960 540
15164751253 960 540
15164751265 960 540
15164751273 960 540
15164751285 960 540
15164751293 960 540
15164751305 960 540
15164751313 960 540
15164751325 960 540
15164751333 960 540
15164751345 960 540
15164751353 960 540
15164751365 960 540
15164751373 960 540
15164751385 960 540
15164751393 960 540
15164751405 960 540
15164751413 960 540
15164751425 960 540
15164751433 960 540
15164751445 960 540
15164751457 960 540
15164751465 960 540
15164751477 960 540
15164751485 960 540
15164751497 960 540
15164751505 960 540
15164751517 960 540
15164751525 960 540
15164751537 960 540
15164751545 960 540
15164751557 960 540
15164751565 960 540
15164751577 960 540
15164751585 960 540
15164751597 960 540
15164751605 960 540
15164751617 960 540
15164751625 960 540
15164751637 960 540
15164751645 960 540
15164751657 960 540
15164751665 960 540
15164751677 960 540
15164751685 960 540
15164751697 960 540
15164751709 960 540
15164751717 960 540
15164751729 960 540
15164751737 960 540
15164751749 960 540
15164751757 960 540
15164751769 960 540
15164751777 960 540
15164751789 960 540
15164751797 960 540
15164751809 960 540
15164751817 960 540
15164751829 960 540
15164751837 960 540
15164751849 960 540
15164751857 960 540
15164751869 960 540
15164751877 960 540
15164751889 960 540
15164751897 960 540
15164751909 960 540
15164751917 960 540
15164751929 960 540
15164751937 960 540
15164751949 960 540
15164751961 960 540
15164751969 960 540
15164751981 960 540
15164751989 960 540
15164752001 960 540
15164752009 960 540
15164752021 960 540
15164752029 960 540
15164752041 960 540
15164752049 960 540
15164752061 960 540
15164752069 960 540
15164752081 960 540
15164752089 960 540
15164752101 960 540
15164752109 960 540
15164752121 960 540
15164752129 960 540
15164752141 960 540
15164752149 960 540
15164752161 960 540
15164752169 960 540
15164752181 960 540
15164752189 960 540
15164752201 960 540
15164752213 960 540
15164752221 960 540
15164752233 960 540
15164752241 960 540
15164752253 960 540
15164752261 960 540
15164752273 960 540
15164752281 960 540
15164752293 960 540
15164752301 960 540
15164752313 960 540
15164752321 960 540
15164752333 960 540
15164752341 960 540
15164752353 960 540
15164752361 960 540
15164752373 960 540
15164752381 960 540
15164752393 960 540
15164752401 960 540
15164752413 960 540
15164752421 960 540
15164752433 960 540
15164752441 960 540
15164752453 960 540
15164752465 960 540
15164752473 960 540
15164752485 960 540
15164752493 960 540
15164752505 960 540
15164752513 960 540
15164752525 960 540
15164752533 960 540
15164752545 960 540
15164752553 960 540
15164752565 960 540
15164752573 960 540
15164752585 960 540
15164752593 960 540
15164752605 960 540
15164752613 960 540
15164752625 960 540
15164752633 960 540
15164752645 960 540
15164752653 960 540
15164752665 960 540
15164752673 960 540
15164752685 960 540
15164752693 960 540
15164752705 960 540
15164752717 960 540
15164752725 960 540
15164752737 960 540
15164752745 960 540
15164752757 960 540
15164752765 960 540
15164752777 960 540
15164752785 960 540
15164752797 960 540
15164752805 960 540
15164752817 960 540
15164752825 960 540
15164752837 960 540
15164752845 960 540
15164752857 960 540
15164752865 960 540
15164752877 960 540
15164752885 960 540
15164752897 960 540
15164752905 960 540
15164752917 960 540
15164752925 960 540
15164752937 960 540
15164752945 960 540
15164752957 960 540
15164752969 960 540
15164752977 960 540
15164752989 960 540
15164752997 960 540
15164753009 960 540
15164753017 960 540
15164753029 960 540
15164753037 960 540
15164753049 960 540
15164753057 960 540
15164753069 960 540
15164753077 960 540
15164753089 960 540
15164753097 960 540
15164753109 960 540
15164753117 960 540
15164753129 960 540
15164753137 960 540
15164753149 960 540
15164753157 960 540
15164753169 960 540
15164753177 960 540
15164753189 960 540
15164753197 960 540
15164753209 960 540
15164753221 960 540
15164753229 960 540
15164753241 960 540
15164753249 960 540
15164753261 960 540
15164753269 960 540
15164753281 960 540
15164753289 960 540
15164753301 960 540
15164753309 960 540
15164753321 960 540
15164753329 960 540
15164753341 960 540
15164753349 960 540
15164753361 960 540
15164753369 960 540
15164753381 960 540
15164753389 960 540
15164753401 960 540
15164753409 960 540
15164753421 960 540
15164753429 960 540
15164753441 960 540
15164753449 960 540
15164753461 960 540
15164753473 960 540
15164753481 960 540
15164753493 960 540
15164753501 960 540
15164753513 960 540
15164753521 960 540
15164753533 960 540
15164753541 960 540
15164753553 960 540
15164753561 960 540
15164753573 960 540
15164753581 960 540
15164753593 960 540
15164753601 960 540
15164753613 960 540
15164753621 960 540
15164753633 960 540
15164753641 960 540
15164753653 960 540
15164753661 960 540
15164753673 960 540
15164753681 960 540
15164753693 960 540
15164753701 960 540
15164753713 960 540
15164753725 960 540
15164753733 960 540
15164753745 960 540
15164753753 960 540
15164753765 960 540
15164753773 960 540
15164753785 960 540
15164753793 960 540
15164753805 960 540
15164753813 960 540
15164753825 960 540
15164753833 960 540
15164753845 960 540
15164753853 960 540
15164753865 960 540
15164753873 960 540
15164753885 960 540
15164753893 960 540
15164753905 960 540
15164753913 960 540
15164753925 960 540
15164753933 960 540
15164753945 960 540
15164753953 960 540
15164753965 960 540
15164753977 960 540
15164753985 960 540
15164753997 960 540
15164754005 960 540
15164754017 960 540
15164754025 960 540
15164754037 960 540
15164754045 960 540
15164754057 960 540
15164754065 960 540
15164754077 960 540
15164754085 960 540
15164754097 960 540
15164754105 960 540
15164754117 960 540
15164754125 960 540
15164754137 960 540
15164754145 960 540
15164754157 960 540
15164754165 960 540
15164754177 960 540
15164754185 960 540
15164754197 960 540
15164754205 960 540
15164754217 960 540
15164754229 960 540
15164754237 960 540
15164754249 960 540
15164754257 960 540
15164754269 960 540
15164754277 960 540
15164754289 960 540
15164754297 960 540
15164754309 960 540
15164754317 960 540
15164754329 960 540
15164754337 960 540
15164754349 960 540
15164754357 960 540
15164754369 960 540
15164754377 960 540
15164754388 960 540
15164754396 960 540
15164754408 960 540
15164754416 960 540
15164754429 960 540
15164754437 960 540
15164754449 960 540
15164754457 960 540
15164754470 960 540
15164754482 960 540
15164754490 960 540
15164754502 960 540
15164754510 960 540
15164754522 960 540
15164754530 960 540
15164754542 960 540
15164754550 960 540
15164754562 960 540
15164754570 960 540
15164754582 960 540
15164754590 960 540
15164754602 960 540
15164754610 960 540
15164754622 960 540
15164754630 960 540
15164754642 960 540
15164754650 960 540
15164754662 960 540
15164754670 960 540
15164754682 960 540
15164754690 960 540
15164754702 960 540
15164754710 960 540
15164754722 960 540
15164754734 960 540
15164754742 960 540
15164754754 960 540
15164754762 960 540
15164754774 960 540
15164754782 960 540
15164754794 960 540
15164754802 960 540
15164754814 960 540
15164754822 960 540
15164754834 960 540
15164754842 960 540
15164754854 960 540
15164754862 960 540
15164754874 960 540
15164754882 960 540
15164754894 960 540
15164754902 960 540
15164754914 960 540
15164754922 960 540
15164754934 960 540
15164754942 960 540
15164754954 960 540
15164754962 960 540
15164754974 960 540
15164754986 960 540
15164754994 960 540
15164755006 960 540
15164755014 960 540
15164755026 960 540
15164755034 960 540
15164755046 960 540
15164755054 960 540
15164755066 960 540
15164755074 960 540
15164755086 960 540
15164755094 960 540
15164755106 960 540
15164755114 960 540
15164755126 960 540
15164755134 960 540
15164755146 960 540
15164755154 960 540
15164755166 960 540
15164755174 960 540
15164755186 960 540
15164755194 960 540
15164755206 960 540
15164755214 960 540
15164755226 960 540
15164755238 960 540
15164755246 960 540
15164755258 960 540
15164755266 960 540
15164755278 960 540
15164755286 960 540
15164755298 960 540
15164755306 960 540
15164755318 960 540
15164755326 960 540
15164755338 960 540
15164755346 960 540
15164755358 960 540
15164755366 960 540
15164755378 960 540
15164755386 960 540
15164755398 960 540
15164755406 960 540
15164755418 960 540
15164755426 960 540
15164755438 960 540
15164755446 960 540
15164755458 960 540
15164755466 960 540
15164755478 960 540
15164755490 960 540
15164755498 960 540
15164755510 960 540
15164755518 960 540
15164755530 960 540
15164755538 960 540
15164755550 960 540
15164755558 960 540
15164755570 960 540
15164755578 960 540
15164755590 960 540
15164755598 960 540
15164755610 960 540
15164755618 960 540
15164755630 960 540
15164755638 960 540
15164755650 960 540
15164755658 960 540
15164755670 960 540
15164755678 960 540
15164755690 960 540
15164755698 960 540
15164755710 960 540
15164755718 960 540
15164755730 960 540
15164755742 960 540
15164755750 960 540
15164755762 960 540
15164755770 960 540
15164755782 960 540
15164755790 960 540
15164755802 960 540
15164755810 960 540
15164755822 960 540
15164755830 960 540
15164755842 960 540
15164755850 960 540
15164755862 960 540
15164755870 960 540
15164755882 960 540
15164755890 960 540
15164755902 960 540
15164755910 960 540
15164755922 960 540
15164755930 960 540
15164755942 960 540
15164755950 960 540
15164755962 960 540
15164755970 960 540
15164755982 960 540
15164755994 960 540
15164756002 960 540
15164756014 960 540
15164756022 960 540
15164756034 960 540
15164756042 960 540
15164756054 960 540
15164756062 960 540
15164756074 960 540
15164756082 960 540
15164756094 960 540
15164756102 960 540
15164756114 960 540
15164756122 960 540
15164756134 960 540
15164756142 960 540
15164756154 960 540
15164756162 960 540
15164756174 960 540
15164756182 960 540
15164756194 960 540
15164756202 960 540
15164756214 960 540
15164756222 960 540
15164756234 960 540
15164756246 960 540
15164756254 960 540
15164756266 960 540
15164756274 960 540
15164756286 960 540
15164756294 960 540
15164756306 960 540
15164756314 960 540
15164756326 960 540
15164756334 960 540
15164756346 960 540
15164756354 960 540
15164756366 960 540
15164756374 960 540
15164756386 960 540
15164756394 960 540
15164756406 960 540
15164756414 960 540
15164756426 960 540
15164756434 960 540
15164756446 960 540
15164756454 960 540
15164756466 960 540
15164756474 960 540
15164756486 960 540
15164756498 960 540
15164756506 960 540
15164756518 960 540
15164756526 960 540
15164756538 960 540
15164756546 960 540
15164756558 960 540
15164756566 960 540
15164756578 960 540
15164756586 960 540
15164756598 960 540
15164756606 960 540
15164756618 960 540
15164756626 960 540
15164756638 960 540
15164756646 960 540
15164756658 960 540
15164756666 960 540
15164756678 960 540
15164756686 960 540
15164756698 960 540
15164756706 960 540
15164756718 960 540
15164756726 960 540
15164756738 960 540
15164756750 960 540
15164756758 960 540
15164756770 960 540
15164756778 960 540
15164756790 960 540
15164756798 960 540
15164756810 960 540
15164756818 960 540
15164756830 960 540
15164756838 960 540
15164756850 960 540
15164756858 960 540
15164756870 960 540
15164756878 960 540
15164756890 960 540
15164756898 960 540
15164756910 960 540
15164756918 960 540
15164756930 960 540
15164756938 960 540
15164756950 960 540
15164756958 960 540
15164756970 960 540
15164756978 960 540
15164756990 960 540
15164757002 960 540
15164757010 960 540
15164757022 960 540
15164757030 960 540
15164757042 960 540
15164757050 960 540
15164757062 960 540
15164757070 960 540
15164757082 960 540
15164757090 960 540
15164757102 960 540
15164757110 960 540
15164757122 960 540
15164757130 960 540
15164757142 960 540
15164757150 960 540
15164757162 960 540
15164757170 960 540
15164757182 960 540
15164757190 960 540
15164757202 960 540
15164757210 960 540
15164757222 960 540
15164757230 960 540
15164757242 960 540
15164757254 960 540
15164757262 960 540
15164757274 960 540
15164757282 960 540
15164757294 960 540
15164757302 960 540
15164757314 960 540
15164757322 960 540
15164757334 960 540
15164757342 960 540
15164757354 960 540
15164757362 960 540
15164757374 960 540
15164757382 960 540
15164757394 960 540
15164757402 960 540
15164757414 960 540
15164757422 960 540
15164757434 960 540
15164757442 960 540
15164757454 960 540
15164757462 960 540
15164757474 960 540
15164757482 960 540
15164757494 960 540
15164757506 960 540
15164757514 960 540
15164757526 960 540
15164757534 960 540
15164757546 960 540
15164757554 960 540
15164757566 960 540
15164757574 960 540
15164757586 960 540
15164757594 960 540
15164757606 960 540
15164757614 960 540
15164757626 960 540
15164757634 960 540
15164757646 960 540
15164757654 960 540
15164757666 960 540
15164757674 960 540
15164757686 960 540
15164757694 960 540
15164757706 960 540
15164757714 960 540
15164757726 960 540
15164757734 960 540
15164757746 960 540
15164757758 960 540
15164757766 960 540
15164757778 960 540
15164757786 960 540
15164757798 960 540
15164757806 960 540
15164757818 960 540
15164757826 960 540
15164757838 960 540
15164757846 960 540
15164757858 960 540
15164757866 960 540
15164757878 960 540
15164757886 960 540
15164757898 960 540
15164757906 960 540
15164757918 960 540
15164757926 960 540
15164757938 960 540
15164757946 960 540
15164757958 960 540
15164757966 960 540
15164757978 960 540
15164757986 960 540
15164757998 960 540
15164758010 960 540
15164758018 960 540
15164758030 960 540
15164758038 960 540
15164758050 960 540
15164758058 960 540
15164758070 960 540
15164758078 960 540
15164758090 960 540
15164758098 960 540
15164758110 960 540
15164758118 960 540
15164758130 960 540
15164758138 960 540
15164758150 960 540
15164758158 960 540
15164758170 960 540
15164758178 960 540
15164758190 960 540
15164758198 960 540
15164758210 960 540
15164758218 960 540
15164758230 960 540
15164758238 960 540
15164758250 960 540
15164758262 960 540
15164758270 960 540
15164758282 960 540
15164758290 960 540
15164758302 960 540
15164758310 960 540
15164758322 960 540
15164758330 960 540
15164758342 960 540
15164758350 960 540
15164758362 960 540
15164758370 960 540
15164758382 960 540
15164758390 960 540
15164758402 960 540
15164758410 960 540
15164758422 960 540
15164758430 960 540
15164758442 960 540
15164758450 960 540
15164758462 960 540
15164758470 960 540
15164758482 960 540
15164758490 960 540
15164758502 960 540
15164758514 960 540
15164758522 960 540
15164758534 960 540
15164758542 960 540
15164758554 960 540
15164758562 960 540
15164758574 960 540
15164758582 960 540
15164758594 960 540
15164758602 960 540
15164758614 960 540
15164758622 960 540
15164758634 960 540
15164758642 960 540
15164758654 960 540
15164758662 960 540
15164758674 960 540
15164758682 960 540
15164758694 960 540
15164758702 960 540
15164758714 960 540
15164758722 960 540
15164758734 960 540
15164758742 960 540
15164758754 960 540
15164758766 960 540
15164758774 960 540
15164758786 960 540
15164758794 960 540
15164758806 960 540
15164758814 960 540
15164758826 960 540
15164758834 960 540
15164758846 960 540
15164758854 960 540
15164758866 960 540
15164758874 960 540
15164758886 960 540
15164758894 960 540
15164758906 960 540
15164758914 960 540
15164758926 960 540
15164758934 960 540
15164758946 960 540
15164758954 960 540
15164758966 960 540
15164758974 960 540
15164758986 960 540
15164758994 960 540
15164759006 960 540
15164759018 960 540
15164759026 960 540
15164759038 960 540
15164759046 960 540
15164759058 960 540
15164759066 960 540
15164759078 960 540
15164759086 960 540
15164759098 960 540
15164759106 960 540
15164759118 960 540
15164759126 960 540
15164759138 960 540
15164759146 960 540
15164759158 960 540
15164759166 960 540
15164759178 960 540
15164759186 960 540
15164759198 960 540
15164759206 960 540
15164759218 960 540
15164759226 960 540
15164759238 960 540
15164759246 960 540
15164759258 960 540
15164759270 960 540
15164759278 960 540
15164759290 960 540
15164759298 960 540
15164759310 960 540
15164759318 960 540
15164759330 960 540
15164759338 960 540
15164759350 960 540
15164759358 960 540
15164759369 960 540
15164759376 960 540
15164759388 960 540
15164759396 960 540
15164759408 960 540
15164759416 960 540
15164759428 960 540
15164759436 960 540
15164759448 960 540
15164759456 960 540
15164759468 960 540
15164759476 960 540
15164759488 960 540
15164759496 960 540
15164759508 960 540
15164759520 960 540
15164759528 960 540
15164759540 960 540
15164759548 960 540
15164759560 960 540
15164759568 960 540
15164759580 960 540
15164759588 960 540
15164759600 960 540
15164759608 960 540
15164759620 960 540
15164759628 960 540
15164759640 960 540
15164759648 960 540
15164759660 960 540
15164759668 960 540
15164759680 960 540
15164759688 960 540
15164759700 960 540
15164759708 960 540
15164759720 960 540
15164759728 960 540
15164759740 960 540
15164759748 960 540
15164759760 960 540
15164759772 960 540
15164759780 960 540
15164759792 960 540
15164759800 960 540
15164759812 960 540
15164759820 960 540
15164759832 960 540
15164759840 960 540
15164759852 960 540
15164759860 960 540
15164759872 960 540
15164759880 960 540
15164759892 960 540
15164759900 960 540
15164759912 960 540
15164759920 960 540
15164759932 960 540
15164759940 960 540
15164759952 960 540
15164759960 960 540
15164759972 960 540
15164759980 960 540
15164759992 960 540
15164800000 960 540
15164800012 960 540
15164800024 960 540
15164800032 960 540
15164800044 960 540
15164800052 960 540
15164800064 960 540
15164800072 960 540
15164800084 960 540
15164800092 960 540
15164800104 960 540
15164800112 960 540
15164800124 960 540
15164800132 960 540
15164800144 960 540
15164800152 960 540
15164800164 960 540
15164800172 960 540
15164800184 960 540
15164800192 960 540
15164800204 960 540
15164800212 960 540
15164800224 960 540
15164800232 960 540
15164800244 960 540
15164800252 960 540
15164800264 960 540
15164800276 960 540
15164800284 960 540
15164800296 960 540
15164800304 960 540
15164800316 960 540
15164800324 960 540
15164800336 960 540
15164800344 960 540
15164800356 960 540
15164800364 960 540
15164800376 960 540
15164800384 960 540
15164800396 960 540
15164800404 960 540
15164800416 960 540
15164800424 960 540
15164800436 960 540
15164800444 960 540
15164800456 960 540
15164800464 960 540
15164800476 960 540
15164800484 960 540
15164800496 960 540
15164800504 960 540
15164800516 960 540
15164800528 960 540
15164800536 960 540
15164800548 960 540
15164800556 960 540
15164800568 960 540
15164800576 960 540
15164800588 960 540
15164800596 960 540
15164800608 960 540
15164800616 960 540
15164800628 960 540
15164800636 960 540
15164800648 960 540
15164800656 960 540
15164800668 960 540
15164800676 960 540
15164800688 960 540
15164800696 960 540
15164800708 960 540
15164800716 960 540
15164800728 960 540
15164800736 960 540
15164800748 960 540
15164800756 960 540
15164800768 960 540
15164800780 960 540
15164800788 960 540
15164800800 960 540
15164800808 960 540
15164800820 960 540
15164800828 960 540
15164800840 960 540
15164800848 960 540
15164800860 960 540
15164800868 960 540
15164800880 960 540
15164800888 960 540
15164800900 960 540
15164800908 960 540
15164800920 960 540
15164800928 960 540
15164800940 960 540
15164800948 960 540
15164800960 960 540
15164800968 960 540
15164800980 960 540
15164800988 960 540
15164801000 960 540
15164801008 960 540
15164801020 960 540
15164801032 960 540
15164801040 960 540
15164801052 960 540
15164801060 960 540
15164801072 960 540
15164801080 960 540
15164801092 960 540
15164801100 960 540
15164801112 960 540
15164801120 960 540
15164801132 960 540
15164801140 960 540
15164801152 960 540
15164801160 960 540
15164801172 960 540
15164801180 960 540
15164801192 960 540
15164801200 960 540
15164801212 960 540
15164801220 960 540
15164801232 960 540
15164801240 960 540
15164801252 960 540
15164801260 960 540
15164801272 960 540
15164801284 960 540
15164801292 960 540
15164801304 960 540
15164801312 960 540
15164801324 960 540
15164801332 960 540
15164801344 960 540
15164801352 960 540
15164801364 960 540
15164801372 960 540
15164801384 960 540
15164801392 960 540
15164801404 960 540
15164801412 960 540
15164801424 960 540
15164801432 960 540
15164801444 960 540
15164801452 960 540
15164801464 960 540
15164801472 960 540
15164801484 960 540
15164801492 960 540
15164801504 960 540
15164801512 960 540
15164801524 960 540
15164801536 960 540
15164801544 960 540
15164801556 960 540
15164801564 960 540
15164801576 960 540
15164801584 960 540
15164801596 960 540
15164801604 960 540
15164801616 960 540
15164801624 960 540
15164801636 960 540
15164801644 960 540
15164801656 960 540
15164801664 960 540
15164801676 960 540
15164801684 960 540
15164801696 960 540
15164801704 960 540
15164801716 960 540
15164801724 960 540
15164801736 960 540
15164801744 960 540
15164801756 960 540
15164801764 960 540
15164801776 960 540
15164801788 960 540
15164801796 960 540
15164801808 960 540
15164801816 960 540
15164801828 960 540
15164801836 960 540
15164801848 960 540
15164801856 960 540
15164801868 960 540
15164801876 960 540
15164801888 960 540
15164801896 960 540
15164801908 960 540
15164801916 960 540
15164801928 960 540
15164801937 960 540
15164801949 960 540
15164801957 960 540
15164801970 960 540
15164801978 960 540
15164801990 960 540
15164801998 960 540
15164802010 960 540
15164802018 960 540
15164802030 960 540
15164802042 960 540
15164802050 960 540
15164802062 960 540
15164802070 960 540
15164802082 960 540
15164802090 960 540
15164802102 960 540
15164802110 960 540
15164802122 960 540
15164802130 960 540
15164802142 960 540
15164802150 960 540
15164802162 960 540
15164802170 960 540
15164802182 960 540
15164802190 960 540
15164802202 960 540
15164802210 960 540
15164802222 960 540
15164802230 960 540
15164802242 960 540
15164802250 960 540
15164802262 960 540
15164802270 960 540
15164802282 960 540
15164802294 960 540
15164802302 960 540
15164802314 960 540
15164802322 960 540
15164802334 960 540
15164802342 960 540
15164802354 960 540
15164802362 960 540
15164802374 960 540
15164802382 960 540
15164802394 960 540
15164802402 960 540
15164802414 960 540
15164802422 960 540
15164802434 960 540
15164802442 960 540
15164802454 960 540
15164802462 960 540
15164802474 960 540
15164802482 960 540
15164802494 960 540
15164802502 960 540
15164802514 960 540
15164802522 960 540
15164802534 960 540
15164802546 960 540
15164802554 960 540
15164802566 960 540
15164802574 960 540
15164802586 960 540
15164802594 960 540
15164802606 960 540
15164802614 960 540
15164802626 960 540
15164802634 960 540
15164802646 960 540
15164802654 960 540
15164802666 960 540
15164802674 960 540
15164802686 960 540
15164802694 960 540
15164802706 960 540
15164802714 960 540
