05124745424 972 540
05124745431 985 540
05124745444 985 540
05124745454 998 540
05124745466 998 540
05124745473 1011 540
05124745486 1011 540
05124745492 1024 540
05124745503 1024 540
05124745511 1037 540
05124745524 1037 540
05124745534 1050 540
05124745544 1050 540
05124745555 1063 540
05124745566 1063 540
05124745576 1076 540
05124745586 1076 540
05124745597 1089 540
05124745603 1089 540
05124745618 1102 540
05124745625 1102 540
05124745638 1115 540
05124745645 1115 540
05124745656 1127 540
05124745664 1127 540
05124745675 1140 540
05124745686 1140 540
05124745697 1153 540
05124745703 1153 540
05124745718 1165 540
05124745725 1165 540
05124745738 1178 540
05124745745 1178 540
05124745757 1191 540
05124745766 1191 540
05124745777 1203 540
05124745787 1203 540
05124745797 1216 540
05124745803 1216 540
05124745818 1228 540
05124745829 1228 540
05124745839 1240 540
05124745850 1240 540
05124745858 1252 540
05124745871 1252 540
05124745876 1265 540
05124745888 1265 540
05124745897 1277 540
05124745908 1277 540
05124745918 1289 540
05124745928 1289 540
05124745939 1301 540
05124745951 1313 540
05124745958 1313 540
05124745971 1325 540
05124745978 1325 540
05124745990 1325 540
05124745997 1336 540
05124746007 1336 540
05124746018 1348 540
05124746029 1348 540
05124746038 1360 540
05124746050 1360 540
05124746057 1371 540
05124746071 1383 540
05124746083 1383 540
05124746090 1383 540
05124746099 1394 540
05124746107 1394 540
05124746121 1405 540
05124746129 1405 540
05124746140 1416 540
05124746150 1416 540
05124746160 1427 540
05124746171 1427 540
05124746183 1438 540
05124746189 1438 540
05124746199 1449 540
05124746207 1449 540
05124746222 1460 540
05124746229 1460 540
05124746240 1470 540
05124746250 1470 540
05124746259 1481 540
05124746270 1491 540
05124746280 1491 540
05124746289 1491 540
05124746299 1501 540
05124746307 1501 540
05124746322 1511 540
05124746334 1521 540
05124746341 1521 540
05124746354 1531 540
05124746360 1531 540
05124746372 1541 540
05124746383 1541 540
05124746391 1551 540
05124746399 1551 540
05124746412 1560 540
05124746422 1560 540
05124746434 1569 540
05124746441 1569 540
05124746454 1579 540
05124746460 1579 540
05124746472 1588 540
05124746483 1588 540
05124746491 1597 540
05124746499 1597 540
05124746511 1605 540
05124746522 1605 540
05124746534 1614 540
05124746541 1614 540
05124746554 1622 540
05124746559 1622 540
05124746571 1631 540
05124746586 1631 540
05124746592 1639 540
05124746603 1639 540
05124746611 1647 540
05124746624 1647 540
05124746634 1655 540
05124746645 1655 540
05124746654 1663 540
05124746664 1663 540
05124746672 1670 540
05124746686 1670 540
05124746692 1678 540
05124746703 1678 540
05124746711 1685 540
05124746724 1685 540
05124746734 1692 540
05124746745 1692 540
05124746753 1699 540
05124746764 1699 540
05124746775 1706 540
05124746786 1706 540
05124746792 1712 540
05124746803 1712 540
05124746811 1719 540
05124746824 1719 540
05124746839 1725 540
05124746845 1725 540
05124746857 1731 540
05124746864 1731 540
05124746877 1737 540
05124746886 1737 540
05124746897 1743 540
05124746903 1743 540
05124746918 1748 540
05124746925 1748 540
05124746938 1754 540
05124746945 1754 540
05124746956 1759 540
05124746966 1759 540
05124746977 1764 540
05124746984 1764 540
05124746995 1769 540
05124747005 1769 540
05124747015 1774 540
05124747023 1774 540
05124747039 1778 540
05124747045 1778 540
05124747057 1783 540
05124747067 1783 540
05124747075 1787 540
05124747087 1787 540
05124747095 1791 540
05124747107 1791 540
05124747118 1794 540
05124747129 1794 540
05124747138 1798 540
05124747150 1798 540
05124747157 1801 540
05124747170 1801 540
05124747176 1805 540
05124747187 1805 540
05124747196 1808 540
05124747207 1808 540
05124747218 1811 540
05124747228 1811 540
05124747238 1813 540
05124747250 1813 540
05124747257 1816 540
05124747270 1816 540
05124747276 1818 540
05124747287 1818 540
05124747295 1820 540
05124747307 1820 540
05124747318 1822 540
05124747328 1822 540
05124747340 1824 540
05124747350 1824 540
05124747362 1825 540
05124747370 1825 540
05124747381 1826 540
05124747388 1826 540
05124747402 1827 540
05124747409 1827 540
05124747422 1828 540
05124747429 1828 540
05124747440 1829 540
05124747450 1829 540
05124747461 1830 540
05124747470 1830 540
05124747480 1830 540
05124747487 1830 540
05124747502 1830 540
05124747508 1830 540
05124747522 1830 540
05124747529 1830 540
05124747539 1830 540
05124747550 1830 540
05124747559 1829 540
05124747571 1829 540
05124747580 1829 540
05124747592 1829 540
05124747602 1828 540
05124747612 1828 540
05124747622 1827 540
05124747634 1827 540
05124747641 1826 540
05124747654 1826 540
05124747659 1824 540
05124747672 1824 540
05124747680 1823 540
05124747691 1823 540
05124747702 1821 540
05124747712 1821 540
05124747723 1819 540
05124747734 1819 540
05124747741 1817 540
05124747754 1817 540
05124747759 1814 540
05124747772 1814 540
05124747780 1812 540
05124747791 1812 540
05124747802 1809 540
05124747812 1809 540
05124747823 1806 540
05124747833 1806 540
05124747845 1803 540
05124747854 1803 540
05124747864 1800 540
05124747871 1800 540
05124747886 1796 540
05124747892 1796 540
05124747905 1793 540
05124747912 1793 540
05124747924 1789 540
05124747933 1789 540
05124747946 1785 540
05124747954 1785 540
05124747964 1781 540
05124747971 1781 540
05124747986 1776 540
05124747992 1776 540
05124748005 1772 540
05124748012 1772 540
05124748024 1767 540
05124748034 1767 540
05124748046 1762 540
05124748054 1762 540
05124748064 1757 540
05124748071 1757 540
05124748086 1751 540
05124748096 1751 540
05124748106 1746 540
05124748118 1740 540
05124748125 1740 540
05124748137 1734 540
05124748146 1734 540
05124748156 1734 540
05124748164 1728 540
05124748176 1728 540
05124748186 1722 540
05124748196 1722 540
05124748206 1716 540
05124748218 1709 540
05124748225 1709 540
05124748237 1703 540
05124748246 1703 540
05124748257 1703 540
05124748264 1696 540
05124748275 1696 540
05124748286 1689 540
05124748296 1689 540
05124748306 1682 540
05124748318 1674 540
05124748324 1674 540
05124748338 1667 540
05124748350 1667 540
05124748356 1667 540
05124748367 1659 540
05124748375 1659 540
05124748389 1651 540
05124748396 1651 540
05124748409 1643 540
05124748417 1643 540
05124748429 1635 540
05124748437 1627 540
05124748450 1627 540
05124748457 1627 540
05124748467 1618 540
05124748475 1618 540
05124748489 1610 540
05124748496 1610 540
05124748508 1601 540
05124748518 1601 540
05124748528 1592 540
05124748538 1592 540
05124748550 1583 540
05124748556 1583 540
05124748567 1574 540
05124748575 1574 540
05124748589 1565 540
05124748601 1556 540
05124748608 1556 540
05124748621 1546 540
05124748629 1546 540
05124748639 1536 540
05124748649 1536 540
05124748659 1527 540
05124748667 1527 540
05124748679 1517 540
05124748689 1517 540
05124748702 1507 540
05124748708 1507 540
05124748722 1496 540
05124748728 1496 540
05124748741 1486 540
05124748749 1486 540
05124748759 1476 540
05124748769 1476 540
05124748781 1465 540
05124748787 1465 540
05124748802 1455 540
05124748808 1455 540
05124748822 1444 540
05124748829 1444 540
05124748840 1433 540
05124748853 1422 540
05124748861 1422 540
05124748872 1422 540
05124748881 1411 540
05124748892 1411 540
05124748901 1400 540
05124748912 1400 540
05124748921 1389 540
05124748934 1377 540
05124748941 1377 540
05124748953 1366 540
05124748960 1366 540
05124748972 1366 540
05124748981 1354 540
05124748992 1354 540
05124749000 1343 540
05124749011 1331 540
05124749021 1331 540
05124749033 1319 540
05124749041 1319 540
05124749053 1307 540
05124749061 1307 540
05124749072 1295 540
05124749080 1295 540
05124749091 1283 540
05124749103 1283 540
05124749111 1271 540
05124749124 1271 540
05124749133 1259 540
05124749144 1259 540
05124749153 1247 540
05124749165 1247 540
05124749172 1234 540
05124749185 1234 540
05124749191 1222 540
05124749203 1222 540
05124749211 1210 540
05124749224 1210 540
05124749233 1197 540
05124749244 1197 540
05124749253 1185 540
05124749264 1185 540
05124749272 1172 540
05124749285 1172 540
05124749291 1159 540
05124749305 1159 540
05124749312 1147 540
05124749323 1147 540
05124749333 1134 540
05124749345 1134 540
05124749357 1121 540
05124749366 1121 540
05124749376 1109 540
05124749385 1109 540
05124749397 1096 540
05124749405 1096 540
05124749416 1083 540
05124749423 1083 540
05124749437 1070 540
05124749445 1070 540
05124749456 1057 540
05124749465 1057 540
05124749476 1044 540
05124749485 1044 540
05124749496 1031 540
05124749503 1031 540
05124749518 1018 540
05124749524 1018 540
05124749537 1005 540
05124749544 1005 540
05124749557 992 540
05124749566 992 540
05124749575 979 540
05124749585 979 540
05124749597 966 540
05124749607 966 540
05124749618 953 540
05124749629 953 540
05124749637 940 540
05124749649 940 540
05124749657 927 540
05124749669 927 540
05124749675 914 540
05124749689 914 540
05124749697 901 540
05124749708 901 540
05124749717 888 540
05124749729 888 540
05124749737 876 540
05124749750 863 540
05124749757 863 540
05124749769 863 540
05124749776 850 540
05124749789 850 540
05124749797 837 540
05124749809 824 540
05124749816 824 540
05124749827 824 540
05124749837 811 540
05124749850 798 540
05124749859 798 540
05124749869 786 540
05124749881 786 540
05124749888 773 540
05124749901 773 540
05124749908 773 540
05124749919 760 540
05124749927 760 540
05124749940 748 540
05124749950 735 540
05124749959 735 540
05124749969 723 540
05124749980 723 540
05124749989 710 540
05124750001 710 540
05124750008 698 540
05124750019 698 540
05124750028 685 540
05124750041 685 540
05124750050 673 540
05124750059 673 540
05124750069 661 540
05124750080 661 540
05124750088 649 540
05124750101 649 540
05124750113 636 540
05124750121 636 540
05124750133 624 540
05124750139 624 540
05124750153 612 540
05124750159 612 540
05124750173 601 540
05124750180 601 540
05124750192 589 540
05124750201 589 540
05124750213 577 540
05124750221 577 540
05124750232 565 540
05124750239 565 540
05124750253 554 540
05124750259 554 540
05124750273 542 540
05124750280 542 540
05124750292 531 540
05124750301 531 540
05124750313 520 540
05124750321 520 540
05124750332 509 540
05124750339 509 540
05124750353 498 540
05124750366 487 540
05124750374 487 540
05124750385 487 540
05124750392 476 540
05124750405 465 540
05124750413 465 540
05124750425 454 540
05124750432 454 540
05124750443 454 540
05124750453 444 540
05124750466 433 540
05124750474 433 540
05124750485 423 540
05124750492 423 540
05124750505 413 540
05124750513 413 540
05124750524 413 540
05124750532 403 540
05124750543 403 540
05124750553 393 540
05124750566 383 540
05124750574 383 540
05124750585 374 540
05124750593 374 540
05124750605 374 540
05124750617 364 540
05124750624 364 540
05124750635 355 540
05124750644 355 540
05124750657 345 540
05124750665 336 540
05124750676 336 540
05124750685 327 540
05124750696 327 540
05124750705 318 540
05124750717 318 540
05124750724 318 540
05124750735 310 540
05124750743 310 540
05124750757 301 540
05124750766 293 540
05124750776 293 540
05124750785 293 540
05124750796 284 540
05124750805 276 540
05124750817 276 540
05124750824 276 540
05124750835 268 540
05124750843 268 540
05124750856 260 540
05124750868 253 540
05124750875 253 540
05124750889 245 540
05124750896 245 540
05124750907 238 540
05124750917 238 540
05124750929 231 540
05124750935 231 540
05124750948 224 540
05124750957 224 540
05124750969 217 540
05124750975 217 540
05124750988 210 540
05124750996 210 540
05124751008 204 540
05124751017 204 540
05124751029 197 540
05124751035 197 540
05124751048 191 540
05124751057 191 540
05124751069 185 540
05124751075 185 540
05124751089 179 540
05124751096 179 540
05124751109 173 540
05124751121 173 540
05124751129 168 540
05124751140 168 540
05124751147 163 540
05124751159 163 540
05124751169 157 540
05124751180 157 540
05124751189 153 540
05124751201 153 540
05124751208 148 540
05124751221 148 540
05124751229 143 540
05124751239 143 540
05124751248 139 540
05124751260 139 540
05124751269 134 540
05124751280 134 540
05124751288 130 540
05124751301 130 540
05124751307 127 540
05124751321 127 540
05124751329 123 540
05124751339 123 540
05124751348 119 540
05124751360 119 540
05124751373 116 540
05124751380 116 540
05124751392 113 540
05124751401 113 540
05124751412 110 540
05124751421 110 540
05124751433 107 540
05124751440 107 540
05124751452 105 540
05124751459 105 540
05124751473 102 540
05124751480 102 540
05124751492 100 540
05124751501 100 540
05124751512 98 540
05124751521 98 540
05124751533 96 540
05124751540 96 540
05124751552 95 540
05124751559 95 540
05124751573 93 540
05124751580 93 540
05124751592 92 540
05124751601 92 540
05124751612 91 540
05124751623 90 540
05124751633 90 540
05124751644 90 540
05124751651 90 540
05124751664 89 540
05124751673 89 540
05124751685 89 540
05124751692 89 540
05124751705 89 540
05124751712 89 540
05124751723 89 540
05124751733 89 540
05124751744 89 540
05124751751 89 540
05124751764 90 540
05124751774 90 540
05124751785 91 540
05124751792 91 540
05124751805 91 540
05124751812 91 540
05124751824 93 540
05124751833 93 540
05124751844 94 540
05124751851 94 540
05124751863 95 540
05124751876 95 540
05124751885 97 540
05124751896 97 540
05124751905 99 540
05124751917 99 540
05124751924 101 540
05124751937 101 540
05124751945 103 540
05124751955 103 540
05124751963 106 540
05124751976 106 540
05124751985 108 540
05124751996 108 540
05124752005 111 540
05124752017 111 540
05124752025 114 540
05124752037 114 540
05124752045 117 540
05124752056 117 540
05124752064 121 540
05124752075 121 540
05124752085 124 540
05124752096 124 540
05124752105 128 540
05124752118 128 540
05124752128 132 540
05124752137 132 540
05124752150 136 540
05124752156 136 540
05124752168 141 540
05124752175 141 540
05124752189 145 540
05124752196 145 540
05124752208 150 540
05124752217 150 540
05124752228 155 540
05124752237 160 540
05124752250 160 540
05124752256 160 540
05124752267 165 540
05124752275 165 540
05124752289 170 540
05124752296 170 540
05124752308 176 540
05124752318 182 540
05124752329 182 540
05124752337 182 540
05124752349 187 540
05124752356 187 540
05124752367 194 540
05124752379 200 540
05124752389 200 540
05124752401 206 540
05124752408 206 540
05124752421 213 540
05124752429 213 540
05124752440 220 540
05124752450 220 540
05124752459 227 540
05124752467 227 540
05124752479 234 540
05124752489 234 540
05124752501 241 540
05124752508 241 540
05124752521 248 540
05124752528 248 540
05124752539 256 540
05124752550 256 540
05124752559 264 540
05124752567 264 540
05124752579 272 540
05124752589 272 540
05124752601 280 540
05124752608 280 540
05124752621 288 540
05124752633 288 540
05124752640 296 540
05124752653 296 540
05124752659 305 540
05124752672 305 540
05124752680 313 540
05124752691 313 540
05124752702 322 540
05124752712 322 540
05124752722 331 540
05124752733 331 540
05124752741 340 540
05124752753 340 540
05124752759 349 540
05124752772 349 540
05124752780 359 540
05124752791 359 540
05124752801 368 540
05124752812 368 540
05124752821 378 540
05124752833 378 540
05124752840 387 540
05124752852 387 540
05124752859 397 540
05124752872 397 540
05124752884 407 540
05124752891 407 540
05124752905 417 540
05124752912 417 540
05124752924 427 540
05124752933 427 540
05124752945 438 540
05124752953 438 540
05124752965 448 540
05124752972 448 540
05124752984 459 540
05124752991 459 540
05124753005 470 540
05124753012 470 540
05124753024 480 540
05124753033 480 540
05124753045 491 540
05124753053 491 540
05124753066 502 540
05124753074 502 540
05124753084 513 540
05124753091 513 540
05124753105 525 540
05124753112 525 540
05124753124 536 540
05124753137 547 540
05124753145 547 540
05124753156 559 540
05124753165 559 540
05124753176 570 540
05124753184 570 540
05124753196 582 540
05124753205 582 540
05124753217 594 540
05124753224 594 540
05124753237 606 540
05124753245 606 540
05124753256 617 540
05124753265 617 540
05124753275 629 540
05124753285 629 540
05124753296 642 540
05124753303 642 540
05124753317 654 540
05124753324 654 540
05124753337 666 540
05124753344 666 540
05124753356 678 540
05124753365 678 540
05124753375 690 540
05124753389 690 540
05124753396 703 540
05124753407 703 540
05124753417 715 540
05124753429 715 540
05124753437 728 540
05124753449 728 540
05124753456 740 540
05124753469 740 540
05124753475 753 540
05124753488 753 540
05124753496 766 540
05124753508 766 540
05124753520 778 540
05124753529 778 540
05124753538 791 540
05124753549 791 540
05124753556 804 540
05124753569 804 540
05124753576 817 540
05124753589 817 540
05124753596 829 540
05124753608 829 540
05124753618 842 540
05124753629 842 540
05124753641 855 540
05124753650 855 540
05124753662 868 540
05124753670 868 540
05124753682 881 540
05124753689 881 540
05124753700 894 540
05124753708 894 540
05124753722 907 540
05124753729 907 540
05124753741 920 540
05124753749 920 540
05124753762 933 540
05124753769 933 540
05124753783 946 540
05124753789 946 540
05124753800 959 540
05124753808 959 540
05124753822 972 540
05124753829 972 540
05124753840 985 540
05124753850 985 540
05124753861 998 540
05124753869 998 540
05124753886 1011 540
05124753896 1024 540
05124753902 1024 540
05124753912 1037 540
05124753921 1037 540
05124753934 1050 540
05124753941 1050 540
05124753959 1063 540
05124753964 1063 540
05124753971 1075 540
05124753980 1075 540
05124753991 1088 540
05124753999 1088 540
05124754011 1101 540
05124754021 1101 540
05124754034 1114 540
05124754041 1114 540
05124754053 1127 540
05124754059 1127 540
05124754072 1139 540
05124754080 1139 540
05124754091 1152 540
05124754101 1152 540
05124754112 1165 540
05124754119 1165 540
05124754133 1177 540
05124754144 1177 540
05124754153 1190 540
05124754165 1190 540
05124754172 1202 540
05124754186 1202 540
05124754191 1215 540
05124754205 1215 540
05124754212 1227 540
05124754224 1227 540
05124754233 1240 540
05124754244 1240 540
05124754253 1252 540
05124754265 1252 540
05124754272 1264 540
05124754285 1264 540
05124754292 1276 540
05124754305 1276 540
05124754313 1288 540
05124754323 1288 540
05124754333 1300 540
05124754345 1300 540
05124754353 1312 540
05124754365 1312 540
05124754372 1324 540
05124754385 1324 540
05124754397 1336 540
05124754405 1336 540
05124754416 1347 540
05124754423 1347 540
05124754437 1359 540
05124754445 1359 540
05124754457 1371 540
05124754466 1371 540
05124754477 1382 540
05124754488 1382 540
05124754497 1393 540
05124754505 1393 540
05124754516 1404 540
05124754523 1404 540
05124754537 1416 540
05124754544 1416 540
05124754557 1427 540
05124754565 1427 540
05124754576 1438 540
05124754585 1438 540
05124754597 1448 540
05124754605 1448 540
05124754616 1459 540
05124754624 1459 540
05124754637 1470 540
05124754650 1480 540
05124754658 1480 540
05124754669 1490 540
05124754676 1490 540
05124754689 1501 540
05124754697 1501 540
05124754708 1511 540
05124754717 1511 540
05124754728 1521 540
05124754735 1521 540
05124754749 1531 540
05124754757 1531 540
05124754769 1540 540
05124754775 1540 540
05124754789 1550 540
05124754796 1550 540
05124754807 1559 540
05124754825 1559 540
05124754834 1569 540
05124754842 1569 540
05124754849 1578 540
05124754857 1578 540
05124754869 1587 540
05124754877 1587 540
05124754888 1596 540
05124754901 1596 540
05124754907 1605 540
05124754923 1613 540
05124754930 1613 540
05124754940 1613 540
05124754947 1622 540
05124754959 1622 540
05124754969 1630 540
05124754980 1630 540
05124754989 1639 540
05124755001 1639 540
05124755008 1647 540
05124755021 1647 540
05124755029 1655 540
05124755040 1655 540
05124755049 1662 540
05124755060 1662 540
05124755069 1670 540
05124755080 1670 540
05124755089 1677 540
05124755102 1685 540
05124755108 1685 540
05124755121 1692 540
05124755129 1692 540
05124755140 1692 540
05124755151 1699 540
05124755160 1699 540
05124755173 1705 540
05124755180 1712 540
05124755192 1712 540
05124755202 1718 540
05124755212 1718 540
05124755221 1725 540
05124755233 1725 540
05124755240 1731 540
05124755253 1731 540
05124755260 1737 540
05124755271 1737 540
05124755280 1743 540
05124755292 1743 540
05124755302 1748 540
05124755312 1748 540
05124755321 1754 540
05124755333 1754 540
05124755340 1759 540
05124755353 1759 540
05124755359 1764 540
05124755371 1764 540
05124755379 1769 540
05124755392 1769 540
05124755405 1773 540
05124755412 1773 540
05124755424 1778 540
05124755433 1778 540
05124755445 1782 540
05124755453 1782 540
05124755466 1786 540
05124755473 1786 540
05124755484 1790 540
05124755491 1790 540
05124755505 1794 540
05124755512 1794 540
05124755524 1798 540
05124755533 1798 540
05124755545 1801 540
05124755553 1801 540
05124755565 1804 540
05124755573 1804 540
05124755584 1808 540
05124755591 1808 540
05124755605 1810 540
05124755612 1810 540
05124755624 1813 540
05124755633 1813 540
05124755645 1816 540
05124755656 1818 540
05124755666 1818 540
05124755675 1820 540
05124755684 1820 540
05124755695 1822 540
05124755705 1822 540
05124755718 1823 540
05124755724 1823 540
05124755737 1825 540
05124755745 1825 540
05124755756 1826 540
05124755765 1826 540
05124755775 1827 540
05124755785 1827 540
05124755796 1828 540
05124755803 1828 540
05124755817 1829 540
05124755824 1829 540
05124755837 1830 540
05124755844 1830 540
05124755856 1830 540
05124755865 1830 540
05124755875 1830 540
05124755885 1830 540
05124755896 1830 540
05124755907 1830 540
05124755917 1830 540
05124755929 1830 540
05124755937 1829 540
05124755949 1829 540
05124755957 1829 540
05124755969 1829 540
05124755975 1828 540
05124755988 1828 540
05124755996 1827 540
05124756007 1827 540
05124756017 1826 540
05124756029 1826 540
05124756037 1824 540
05124756049 1824 540
05124756057 1823 540
05124756069 1823 540
05124756075 1821 540
05124756089 1821 540
05124756096 1819 540
05124756107 1819 540
05124756117 1817 540
05124756129 1817 540
05124756137 1815 540
05124756149 1815 540
05124756160 1812 540
05124756169 1812 540
05124756181 1809 540
05124756188 1809 540
05124756199 1806 540
05124756207 1806 540
05124756221 1803 540
05124756229 1803 540
05124756240 1800 540
05124756250 1800 540
05124756259 1797 540
05124756269 1797 540
05124756280 1793 540
05124756288 1793 540
05124756301 1789 540
05124756308 1789 540
05124756320 1785 540
05124756328 1785 540
05124756340 1781 540
05124756350 1776 540
05124756359 1776 540
05124756369 1772 540
05124756380 1772 540
05124756388 1767 540
05124756401 1767 540
05124756412 1762 540
05124756419 1762 540
05124756433 1757 540
05124756441 1757 540
05124756453 1752 540
05124756459 1752 540
05124756472 1746 540
05124756480 1746 540
05124756491 1740 540
05124756501 1740 540
05124756514 1735 540
05124756520 1735 540
05124756534 1729 540
05124756541 1729 540
05124756553 1722 540
05124756559 1722 540
05124756573 1716 540
05124756580 1716 540
05124756591 1710 540
05124756601 1710 540
05124756614 1703 540
05124756621 1703 540
05124756632 1696 540
05124756639 1696 540
05124756653 1689 540
05124756666 1682 540
05124756674 1682 540
05124756685 1682 540
05124756692 1675 540
05124756704 1667 540
05124756713 1667 540
05124756724 1667 540
05124756732 1659 540
05124756743 1652 540
05124756753 1652 540
05124756766 1644 540
05124756773 1644 540
05124756785 1636 540
05124756792 1636 540
05124756805 1627 540
05124756812 1627 540
05124756824 1619 540
05124756834 1619 540
05124756845 1610 540
05124756852 1610 540
05124756865 1602 540
05124756873 1602 540
05124756885 1593 540
05124756892 1593 540
05124756905 1584 540
05124756917 1584 540
05124756924 1575 540
05124756937 1575 540
05124756944 1565 540
05124756955 1565 540
05124756964 1556 540
05124756976 1556 540
05124756985 1546 540
05124756996 1546 540
05124757005 1537 540
05124757017 1537 540
05124757024 1527 540
05124757037 1527 540
05124757044 1517 540
05124757055 1517 540
05124757064 1507 540
05124757076 1507 540
05124757085 1497 540
05124757096 1497 540
05124757105 1487 540
05124757117 1487 540
05124757124 1476 540
05124757137 1476 540
05124757144 1466 540
05124757156 1466 540
05124757169 1455 540
05124757176 1455 540
05124757189 1444 540
05124757196 1444 540
05124757208 1434 540
05124757217 1434 540
05124757228 1423 540
05124757237 1423 540
05124757250 1412 540
05124757257 1412 540
05124757268 1400 540
05124757275 1400 540
05124757289 1389 540
05124757296 1389 540
05124757308 1378 540
05124757317 1378 540
05124757329 1366 540
05124757337 1366 540
05124757350 1355 540
05124757356 1355 540
05124757368 1343 540
05124757375 1343 540
05124757388 1331 540
05124757396 1331 540
05124757408 1320 540
05124757421 1308 540
05124757428 1308 540
05124757440 1296 540
05124757450 1296 540
05124757460 1284 540
05124757468 1284 540
05124757480 1272 540
05124757489 1272 540
05124757501 1260 540
05124757508 1260 540
05124757522 1247 540
05124757528 1247 540
05124757540 1235 540
05124757550 1235 540
05124757559 1223 540
05124757567 1223 540
05124757579 1210 540
05124757589 1210 540
05124757601 1198 540
05124757608 1198 540
05124757621 1185 540
05124757629 1185 540
05124757640 1173 540
05124757649 1173 540
05124757659 1160 540
05124757672 1160 540
05124757680 1147 540
05124757691 1147 540
05124757701 1135 540
05124757712 1135 540
05124757721 1122 540
05124757733 1122 540
05124757740 1109 540
05124757753 1109 540
05124757759 1096 540
05124757772 1096 540
05124757780 1084 540
05124757791 1084 540
05124757801 1071 540
05124757812 1071 540
05124757821 1058 540
05124757833 1058 540
05124757840 1045 540
05124757853 1045 540
05124757859 1032 540
05124757872 1032 540
05124757880 1019 540
05124757891 1019 540
05124757901 1006 540
05124757912 1006 540
05124757924 993 540
05124757933 993 540
05124757945 980 540
05124757953 980 540
05124757966 967 540
05124757972 967 540
05124757984 954 540
05124757991 954 540
05124758005 941 540
05124758012 941 540
05124758024 928 540
05124758033 928 540
05124758045 915 540
05124758053 915 540
05124758067 902 540
05124758073 902 540
05124758084 889 540
05124758091 889 540
05124758105 876 540
05124758112 876 540
05124758124 863 540
05124758133 863 540
05124758145 850 540
05124758153 850 540
05124758165 837 540
05124758175 825 540
05124758184 825 540
05124758196 812 540
05124758205 812 540
05124758218 799 540
05124758224 799 540
05124758238 786 540
05124758245 786 540
05124758256 774 540
05124758266 774 540
05124758276 761 540
05124758283 761 540
05124758296 748 540
05124758305 748 540
05124758317 736 540
05124758324 736 540
05124758337 723 540
05124758345 723 540
05124758356 711 540
05124758365 711 540
05124758375 698 540
05124758385 698 540
05124758396 686 540
05124758403 686 540
05124758417 674 540
05124758429 674 540
05124758437 661 540
05124758449 661 540
05124758456 649 540
05124758469 649 540
05124758475 637 540
05124758488 637 540
05124758496 625 540
05124758507 625 540
05124758517 613 540
05124758529 613 540
05124758537 601 540
05124758549 601 540
05124758556 589 540
05124758569 589 540
05124758575 578 540
05124758589 578 540
05124758596 566 540
05124758607 566 540
05124758617 555 540
05124758629 555 540
05124758637 543 540
05124758649 543 540
05124758656 532 540
05124758669 532 540
05124758682 520 540
05124758689 520 540
05124758700 509 540
05124758707 509 540
05124758721 498 540
05124758729 498 540
05124758740 487 540
05124758749 487 540
05124758760 476 540
05124758769 476 540
05124758780 466 540
05124758789 466 540
05124758799 455 540
05124758807 455 540
05124758821 444 540
05124758829 444 540
05124758840 434 540
05124758849 434 540
05124758859 424 540
05124758869 424 540
05124758880 414 540
05124758889 414 540
05124758900 403 540
05124758907 403 540
05124758921 394 540
05124758933 384 540
05124758940 384 540
05124758953 374 540
05124758961 374 540
05124758972 364 540
05124758980 364 540
05124758991 355 540
05124759001 355 540
05124759012 346 540
05124759019 346 540
05124759033 337 540
05124759041 337 540
05124759053 328 540
05124759059 328 540
05124759072 319 540
05124759080 319 540
05124759092 310 540
05124759101 310 540
05124759112 301 540
05124759119 301 540
05124759133 293 540
05124759140 293 540
05124759152 285 540
05124759159 285 540
05124759172 277 540
05124759185 277 540
05124759191 269 540
05124759205 269 540
05124759212 261 540
05124759223 261 540
05124759233 253 540
05124759244 253 540
05124759253 246 540
05124759265 246 540
05124759272 238 540
05124759285 238 540
05124759291 231 540
05124759305 231 540
05124759312 224 540
05124759323 224 540
05124759333 217 540
05124759345 217 540
05124759353 210 540
05124759365 210 540
05124759372 204 540
05124759385 204 540
05124759391 198 540
05124759405 198 540
05124759412 191 540
05124759423 191 540
05124759437 185 540
05124759444 185 540
05124759457 179 540
05124759465 179 540
05124759476 174 540
05124759485 174 540
05124759497 168 540
05124759503 168 540
05124759517 163 540
05124759524 163 540
05124759537 158 540
05124759544 158 540
05124759557 153 540
05124759566 153 540
05124759576 148 540
05124759585 148 540
05124759597 143 540
05124759605 143 540
05124759616 139 540
05124759623 139 540
05124759637 135 540
05124759645 135 540
05124759657 131 540
05124759664 131 540
05124759676 127 540
05124759688 123 540
05124759696 123 540
05124759708 120 540
05124759717 120 540
05124759728 116 540
05124759735 116 540
05124759749 113 540
05124759757 113 540
05124759769 110 540
05124759775 110 540
05124759788 107 540
05124759796 107 540
05124759808 105 540
05124759817 105 540
05124759828 102 540
05124759835 102 540
05124759849 100 540
05124759857 100 540
05124759869 98 540
05124759875 98 540
05124759889 96 540
05124759896 96 540
05124759907 95 540
05124759917 95 540
05124759929 93 540
05124759939 93 540
05124759948 92 540
05124759959 92 540
05124759969 91 540
05124759980 91 540
05124759988 90 540
05124800001 90 540
05124800008 90 540
05124800021 90 540
05124800029 89 540
05124800041 89 540
05124800047 89 540
05124800059 89 540
05124800069 89 540
05124800080 89 540
05124800089 89 540
05124800101 89 540
05124800108 89 540
05124800121 89 540
05124800129 90 540
05124800140 90 540
05124800149 91 540
05124800159 91 540
05124800169 91 540
05124800180 93 540
05124800192 93 540
05124800201 94 540
05124800212 94 540
05124800221 94 540
05124800233 95 540
05124800240 95 540
05124800251 97 540
05124800259 97 540
05124800273 99 540
05124800280 99 540
05124800292 101 540
05124800302 103 540
05124800312 103 540
05124800321 103 540
05124800334 106 540
05124800340 106 540
05124800351 108 540
05124800360 108 540
05124800373 111 540
05124800380 111 540
05124800392 114 540
05124800401 117 540
05124800412 117 540
05124800421 121 540
05124800433 121 540
05124800445 124 540
05124800451 124 540
05124800464 128 540
05124800473 128 540
05124800485 132 540
05124800492 132 540
05124800505 136 540
05124800512 136 540
05124800525 140 540
05124800533 140 540
05124800545 145 540
05124800553 145 540
05124800565 149 540
05124800573 149 540
05124800584 154 540
05124800591 154 540
05124800605 159 540
05124800612 159 540
05124800624 165 540
05124800633 165 540
05124800645 170 540
05124800653 170 540
05124800666 176 540
05124800672 176 540
05124800684 181 540
05124800696 187 540
05124800705 187 540
05124800718 193 540
05124800724 193 540
05124800737 200 540
05124800745 200 540
05124800756 206 540
05124800766 206 540
05124800776 213 540
05124800783 213 540
05124800795 219 540
05124800805 219 540
05124800818 226 540
05124800824 226 540
05124800838 233 540
05124800845 233 540
05124800856 241 540
05124800865 241 540
05124800875 248 540
05124800885 248 540
05124800896 256 540
05124800903 256 540
05124800918 263 540
05124800924 263 540
05124800937 271 540
05124800949 271 540
05124800956 279 540
05124800969 279 540
05124800975 287 540
05124800989 287 540
05124800996 296 540
05124801007 296 540
05124801015 304 540
05124801028 304 540
05124801037 313 540
05124801049 313 540
05124801056 322 540
05124801069 322 540
05124801075 330 540
05124801089 330 540
05124801096 340 540
05124801107 340 540
05124801117 349 540
05124801129 349 540
05124801137 358 540
05124801149 358 540
05124801156 367 540
05124801168 367 540
05124801175 377 540
05124801189 377 540
05124801200 387 540
05124801207 387 540
05124801221 397 540
05124801229 397 540
05124801240 407 540
05124801249 407 540
05124801261 417 540
05124801269 417 540
05124801281 427 540
05124801288 427 540
05124801299 437 540
05124801307 437 540
05124801321 448 540
05124801329 448 540
05124801340 458 540
05124801349 458 540
05124801359 469 540
05124801369 469 540
05124801380 480 540
05124801389 480 540
05124801400 491 540
05124801407 491 540
05124801421 502 540
05124801429 502 540
05124801440 513 540
05124801453 524 540
05124801459 524 540
05124801472 535 540
05124801480 535 540
05124801491 547 540
05124801501 547 540
05124801512 558 540
05124801519 558 540
05124801533 570 540
05124801541 570 540
05124801553 581 540
05124801559 581 540
05124801572 593 540
05124801580 593 540
05124801591 605 540
05124801601 605 540
05124801612 617 540
05124801619 617 540
05124801633 629 540
05124801640 629 540
05124801653 641 540
05124801659 641 540
05124801672 653 540
05124801680 653 540
05124801691 665 540
05124801704 665 540
05124801712 677 540
05124801723 677 540
05124801733 690 540
05124801744 690 540
05124801753 702 540
05124801766 702 540
05124801774 715 540
05124801785 715 540
05124801791 727 540
05124801805 727 540
05124801812 740 540
05124801823 740 540
05124801833 752 540
05124801844 752 540
05124801853 765 540
05124801865 765 540
05124801874 778 540
05124801885 778 540
05124801891 790 540
05124801905 790 540
05124801912 803 540
05124801923 803 540
05124801933 816 540
05124801944 816 540
05124801956 829 540
05124801965 829 540
05124801976 842 540
05124801985 842 540
05124801996 854 540
05124802005 854 540
05124802016 867 540
05124802023 867 540
05124802036 880 540
05124802044 880 540
05124802056 893 540
05124802066 893 540
05124802076 906 540
05124802085 906 540
05124802096 919 540
05124802105 919 540
05124802117 932 540
05124802124 932 540
05124802136 945 540
05124802143 945 540
05124802156 958 540
05124802165 958 540
05124802175 971 540
05124802185 971 540
05124802196 984 540
05124802208 997 540
05124802217 997 540
05124802228 1010 540
05124802235 1010 540
05124802249 1023 540
05124802257 1023 540
05124802269 1036 540
05124802275 1036 540
05124802288 1049 540
05124802296 1049 540
05124802307 1062 540
05124802317 1062 540
05124802329 1075 540
05124802335 1075 540
05124802348 1088 540
05124802357 1088 540
05124802369 1100 540
05124802375 1100 540
05124802389 1113 540
05124802396 1113 540
05124802408 1126 540
05124802417 1126 540
05124802429 1139 540
05124802437 1139 540
05124802447 1151 540
05124802459 1151 540
05124802469 1164 540
05124802481 1164 540
05124802489 1177 540
05124802501 1189 540
05124802508 1189 540
05124802521 1189 540
05124802529 1202 540
05124802541 1214 540
05124802549 1214 540
05124802559 1214 540
05124802569 1227 540
05124802580 1227 540
05124802589 1239 540
05124802601 1239 540
05124802608 1251 540
05124802621 1251 540
05124802629 1263 540
05124802640 1263 540
05124802649 1276 540
05124802659 1276 540
05124802669 1288 540
05124802680 1288 540
05124802689 1300 540
05124802702 1312 540
05124802712 1312 540
05124802721 1323 540
05124802733 1323 540
05124802740 1335 540
05124802753 1335 540
05124802760 1347 540
05124802771 1347 540
05124802780 1358 540
05124802792 1358 540
05124802802 1370 540
05124802812 1370 540
05124802821 1381 540
05124802833 1381 540
05124802840 1393 540
05124802853 1393 540
05124802860 1404 540
05124802871 1404 540
05124802879 1415 540
05124802892 1415 540
05124802901 1426 540
05124802912 1426 540
05124802921 1437 540
05124802933 1437 540
05124802940 1448 540
05124802953 1448 540
05124802966 1458 540
05124802973 1458 540
05124802984 1469 540
05124802991 1469 540
05124803005 1480 540
05124803012 1480 540
05124803024 1490 540
05124803033 1490 540
05124803045 1500 540
05124803053 1500 540
05124803066 1510 540
05124803073 1510 540
05124803084 1520 540
05124803091 1520 540
05124803105 1530 540
05124803112 1530 540
05124803124 1540 540
05124803133 1540 540
05124803145 1550 540
05124803153 1550 540
05124803166 1559 540
05124803173 1559 540
05124803184 1568 540
05124803191 1568 540
05124803205 1578 540
05124803218 1587 540
05124803224 1587 540
05124803237 1596 540
05124803245 1596 540
05124803256 1604 540
05124803264 1604 540
05124803275 1613 540
05124803283 1613 540
05124803296 1622 540
05124803305 1622 540
05124803317 1630 540
05124803324 1630 540
05124803337 1638 540
05124803345 1638 540
05124803356 1646 540
05124803366 1646 540
05124803375 1654 540
05124803385 1654 540
05124803396 1662 540
05124803403 1662 540
05124803417 1669 540
05124803424 1669 540
05124803437 1677 540
05124803445 1677 540
05124803456 1684 540
05124803468 1684 540
05124803475 1691 540
05124803488 1691 540
05124803496 1698 540
05124803507 1698 540
05124803517 1705 540
05124803529 1705 540
05124803537 1712 540
05124803549 1712 540
05124803557 1718 540
05124803569 1718 540
05124803575 1724 540
05124803589 1724 540
05124803596 1731 540
05124803607 1731 540
05124803617 1737 540
05124803628 1737 540
05124803637 1742 540
05124803649 1742 540
05124803656 1748 540
05124803669 1748 540
05124803675 1753 540
05124803688 1753 540
05124803696 1759 540
05124803707 1759 540
05124803721 1764 540
05124803729 1764 540
05124803740 1769 540
05124803749 1769 540
05124803760 1773 540
05124803769 1773 540
05124803781 1778 540
05124803789 1778 540
05124803800 1782 540
05124803808 1782 540
05124803821 1786 540
05124803829 1786 540
05124803840 1790 540
05124803849 1790 540
05124803860 1794 540
05124803869 1794 540
05124803881 1798 540
05124803889 1798 540
05124803900 1801 540
05124803907 1801 540
05124803921 1804 540
05124803929 1804 540
05124803940 1807 540
05124803949 1807 540
05124803961 1810 540
05124803972 1810 540
05124803981 1813 540
05124803991 1813 540
05124804000 1815 540
05124804011 1818 540
05124804021 1818 540
05124804033 1820 540
05124804041 1820 540
05124804053 1822 540
05124804061 1822 540
05124804072 1823 540
05124804080 1823 540
05124804091 1825 540
05124804099 1825 540
05124804111 1826 540
05124804121 1826 540
05124804133 1827 540
05124804140 1827 540
05124804153 1828 540
05124804160 1828 540
05124804172 1829 540
05124804180 1829 540
05124804191 1830 540
05124804199 1830 540
05124804211 1830 540
05124804224 1830 540
05124804233 1830 540
05124804244 1830 540
05124804253 1830 540
05124804265 1830 540
05124804273 1830 540
05124804285 1830 540
05124804291 1829 540
05124804305 1829 540
05124804313 1829 540
05124804323 1829 540
05124804333 1828 540
05124804345 1828 540
05124804353 1827 540
05124804365 1827 540
05124804372 1826 540
05124804385 1826 540
05124804392 1825 540
05124804405 1825 540
05124804412 1823 540
05124804423 1823 540
05124804433 1821 540
05124804445 1821 540
05124804453 1819 540
05124804465 1819 540
05124804476 1817 540
05124804483 1817 540
05124804496 1815 540
05124804505 1815 540
05124804516 1812 540
05124804523 1812 540
05124804537 1809 540
05124804544 1809 540
05124804557 1807 540
05124804565 1807 540
05124804576 1803 540
05124804585 1803 540
05124804597 1800 540
05124804605 1800 540
05124804616 1797 540
05124804623 1797 540
05124804637 1793 540
05124804644 1793 540
05124804657 1789 540
05124804664 1789 540
05124804676 1785 540
05124804685 1785 540
05124804697 1781 540
05124804705 1781 540
05124804716 1777 540
05124804727 1777 540
05124804737 1772 540
05124804749 1767 540
05124804757 1767 540
05124804769 1767 540
05124804777 1762 540
05124804788 1762 540
05124804797 1757 540
05124804808 1757 540
05124804816 1752 540
05124804827 1752 540
05124804837 1746 540
05124804849 1741 540
05124804857 1741 540
05124804869 1735 540
05124804876 1735 540
05124804888 1735 540
05124804897 1729 540
05124804908 1729 540
05124804916 1723 540
05124804927 1723 540
05124804937 1716 540
05124804949 1710 540
05124804957 1710 540
05124804969 1703 540
05124804980 1703 540
05124804989 1696 540
05124805001 1696 540
05124805007 1696 540
05124805019 1689 540
05124805027 1689 540
05124805040 1682 540
05124805049 1675 540
05124805059 1675 540
05124805070 1667 540
05124805080 1667 540
05124805088 1660 540
05124805101 1660 540
05124805108 1652 540
05124805119 1652 540
05124805128 1644 540
05124805140 1644 540
05124805149 1636 540
05124805159 1636 540
05124805169 1628 540
05124805180 1628 540
05124805188 1619 540
05124805201 1619 540
05124805208 1611 540
05124805221 1611 540
05124805233 1602 540
05124805239 1602 540
05124805253 1593 540
05124805259 1593 540
05124805273 1584 540
05124805280 1584 540
05124805292 1575 540
05124805301 1575 540
05124805313 1566 540
05124805321 1566 540
05124805332 1557 540
05124805339 1557 540
05124805353 1547 540
05124805359 1547 540
05124805373 1537 540
05124805380 1537 540
05124805392 1528 540
05124805401 1528 540
05124805413 1518 540
05124805421 1518 540
05124805432 1508 540
05124805440 1508 540
05124805453 1497 540
05124805459 1497 540
05124805473 1487 540
05124805485 1477 540
05124805492 1477 540
05124805505 1466 540
05124805512 1466 540
05124805523 1456 540
05124805534 1456 540
05124805545 1445 540
05124805552 1445 540
05124805566 1434 540
05124805574 1434 540
05124805585 1423 540
05124805592 1423 540
05124805605 1412 540
05124805612 1412 540
05124805623 1401 540
05124805633 1401 540
05124805644 1390 540
05124805651 1390 540
05124805663 1378 540
05124805672 1378 540
05124805685 1367 540
05124805691 1367 540
05124805705 1355 540
05124805712 1355 540
05124805723 1344 540
05124805737 1344 540
05124805744 1332 540
05124805755 1332 540
05124805763 1320 540
05124805776 1320 540
05124805785 1308 540
05124805796 1308 540
05124805805 1296 540
05124805817 1296 540
05124805824 1284 540
05124805837 1284 540
05124805845 1272 540
05124805855 1272 540
05124805864 1260 540
05124805875 1260 540
05124805885 1248 540
05124805896 1248 540
05124805905 1236 540
05124805917 1236 540
05124805924 1223 540
05124805937 1223 540
05124805945 1211 540
05124805955 1211 540
05124805963 1198 540
05124805976 1198 540
05124805989 1186 540
05124805996 1186 540
05124806008 1173 540
05124806017 1173 540
05124806028 1161 540
05124806037 1161 540
05124806050 1148 540
05124806056 1148 540
05124806068 1135 540
05124806075 1135 540
05124806089 1123 540
05124806096 1123 540
05124806108 1110 540
05124806117 1110 540
05124806128 1097 540
05124806137 1097 540
05124806150 1084 540
05124806156 1084 540
05124806168 1071 540
05124806175 1071 540
05124806189 1058 540
05124806196 1058 540
05124806208 1046 540
05124806218 1033 540
05124806228 1033 540
05124806240 1020 540
05124806249 1020 540
05124806259 1007 540
05124806267 1007 540
05124806279 994 540
05124806289 994 540
05124806301 981 540
05124806308 981 540
05124806321 968 540
05124806329 968 540
05124806340 955 540
05124806349 955 540
05124806359 942 540
05124806369 942 540
05124806380 929 540
05124806387 929 540
05124806402 916 540
05124806408 916 540
05124806421 903 540
05124806429 903 540
05124806440 890 540
05124806449 890 540
05124806460 877 540
05124806469 877 540
05124806481 864 540
05124806491 864 540
05124806501 851 540
05124806512 851 540
05124806521 838 540
05124806533 838 540
05124806540 825 540
05124806553 825 540
05124806560 813 540
05124806572 813 540
05124806581 800 540
05124806591 800 540
05124806601 787 540
05124806612 787 540
05124806621 774 540
05124806633 774 540
05124806641 762 540
05124806652 762 540
05124806659 749 540
05124806672 749 540
05124806680 736 540
05124806691 736 540
05124806702 724 540
05124806712 724 540
05124806721 711 540
05124806733 711 540
05124806745 699 540
05124806753 699 540
05124806766 687 540
05124806773 687 540
05124806784 674 540
05124806791 674 540
05124806805 662 540
05124806812 662 540
05124806824 650 540
05124806833 650 540
05124806845 638 540
05124806853 638 540
05124806866 626 540
05124806873 626 540
05124806884 614 540
05124806891 614 540
05124806905 602 540
05124806912 602 540
05124806924 590 540
05124806933 590 540
05124806945 578 540
05124806953 578 540
05124806966 567 540
05124806973 567 540
05124806984 555 540
05124806995 544 540
05124807005 544 540
05124807018 532 540
05124807024 532 540
05124807037 521 540
05124807045 521 540
05124807056 510 540
05124807065 510 540
05124807075 499 540
05124807083 499 540
05124807096 488 540
05124807105 488 540
05124807118 477 540
05124807124 477 540
05124807138 466 540
05124807145 466 540
05124807156 456 540
05124807165 456 540
05124807176 445 540
05124807183 445 540
05124807196 435 540
05124807205 435 540
05124807217 424 540
05124807224 424 540
05124807237 414 540
05124807249 414 540
05124807256 404 540
05124807269 404 540
05124807275 394 540
05124807288 394 540
05124807296 384 540
05124807307 384 540
05124807317 375 540
05124807329 375 540
05124807337 365 540
05124807349 365 540
05124807356 356 540
05124807369 356 540
05124807375 346 540
05124807389 346 540
05124807396 337 540
05124807407 337 540
05124807417 328 540
05124807428 328 540
05124807437 319 540
05124807449 319 540
05124807457 310 540
05124807469 310 540
05124807475 302 540
05124807488 302 540
05124807500 293 540
05124807507 293 540
05124807521 285 540
05124807528 285 540
05124807540 277 540
05124807549 277 540
05124807559 269 540
05124807569 269 540
05124807580 261 540
05124807589 261 540
05124807601 254 540
05124807608 254 540
05124807619 246 540
05124807628 246 540
05124807640 239 540
05124807650 231 540
05124807659 231 540
05124807669 224 540
05124807680 224 540
05124807689 217 540
05124807701 217 540
05124807708 217 540
05124807719 211 540
05124807727 211 540
05124807740 204 540
05124807752 198 540
05124807759 198 540
05124807772 192 540
05124807780 192 540
05124807791 186 540
05124807801 186 540
05124807812 180 540
05124807819 180 540
05124807833 174 540
05124807841 174 540
05124807853 169 540
05124807859 169 540
05124807872 163 540
05124807880 163 540
05124807891 158 540
05124807901 158 540
05124807912 153 540
05124807919 153 540
05124807933 148 540
05124807940 148 540
05124807953 144 540
05124807959 144 540
05124807971 139 540
05124807979 139 540
05124807993 135 540
05124808005 135 540
05124808013 131 540
05124808023 131 540
05124808033 127 540
05124808045 127 540
05124808053 123 540
05124808067 120 540
05124808074 120 540
05124808085 120 540
05124808092 116 540
05124808105 116 540
05124808114 113 540
05124808124 113 540
05124808133 110 540
05124808143 110 540
05124808153 107 540
05124808166 105 540
05124808174 105 540
05124808185 103 540
05124808193 103 540
05124808205 103 540
05124808213 100 540
05124808224 100 540
05124808232 98 540
05124808243 98 540
05124808257 96 540
05124808265 96 540
05124808275 95 540
05124808285 93 540
05124808296 93 540
05124808305 92 540
05124808317 92 540
05124808324 92 540
05124808335 91 540
05124808344 90 540
05124808357 90 540
05124808365 90 540
05124808376 90 540
05124808385 89 540
05124808396 89 540
05124808405 89 540
05124808417 89 540
05124808424 89 540
05124808437 89 540
05124808445 89 540
05124808455 89 540
05124808465 89 540
05124808476 89 540
05124808485 90 540
05124808496 90 540
05124808508 90 540
05124808517 90 540
05124808529 91 540
05124808537 91 540
05124808548 92 540
05124808555 92 540
05124808569 94 540
05124808576 94 540
05124808588 95 540
05124808596 95 540
05124808609 97 540
05124808617 97 540
05124808629 99 540
05124808637 99 540
05124808650 101 540
05124808656 101 540
05124808668 103 540
05124808675 103 540
05124808689 105 540
05124808696 105 540
05124808708 108 540
05124808717 108 540
05124808728 111 540
05124808737 111 540
05124808750 114 540
05124808759 117 540
05124808767 117 540
05124808780 120 540
05124808789 120 540
05124808801 124 540
05124808808 124 540
05124808821 128 540
05124808828 128 540
05124808840 132 540
05124808850 132 540
05124808859 136 540
05124808867 136 540
05124808879 140 540
05124808889 140 540
05124808901 145 540
05124808908 145 540
05124808921 149 540
05124808929 149 540
05124808940 154 540
05124808949 154 540
05124808959 159 540
05124808969 159 540
05124808980 164 540
05124808987 164 540
05124809002 170 540
05124809012 170 540
05124809021 175 540
05124809033 175 540
05124809040 181 540
05124809053 181 540
05124809059 187 540
05124809072 187 540
05124809080 193 540
05124809091 193 540
05124809102 199 540
05124809112 199 540
05124809121 206 540
05124809133 206 540
05124809140 212 540
05124809152 212 540
05124809159 219 540
05124809172 219 540
05124809180 226 540
05124809191 226 540
05124809201 233 540
05124809212 233 540
05124809221 240 540
05124809233 240 540
05124809241 248 540
05124809253 248 540
05124809265 255 540
05124809272 255 540
05124809284 263 540
05124809291 263 540
05124809305 271 540
05124809312 271 540
05124809324 279 540
05124809333 279 540
05124809344 287 540
05124809353 287 540
05124809364 295 540
05124809372 295 540
05124809385 304 540
05124809391 304 540
05124809403 312 540
05124809411 312 540
05124809424 321 540
05124809433 330 540
05124809444 330 540
05124809453 339 540
05124809465 339 540
05124809472 348 540
05124809485 348 540
05124809491 348 540
05124809503 358 540
05124809517 367 540
05124809524 367 540
05124809537 377 540
05124809544 377 540
05124809556 386 540
05124809566 386 540
05124809575 396 540
05124809585 396 540
05124809596 406 540
05124809603 406 540
05124809617 416 540
05124809624 416 540
05124809637 426 540
05124809644 426 540
05124809657 437 540
05124809664 437 540
05124809677 447 540
05124809685 447 540
05124809697 458 540
05124809705 458 540
05124809716 468 540
05124809723 468 540
05124809737 479 540
05124809745 479 540
05124809756 490 540
05124809769 501 540
05124809776 501 540
05124809788 501 540
05124809797 512 540
05124809808 512 540
05124809816 523 540
05124809827 523 540
05124809837 535 540
05124809850 546 540
05124809857 546 540
05124809869 558 540
05124809876 558 540
05124809888 569 540
05124809897 569 540
05124809908 569 540
05124809916 581 540
05124809927 581 540
05124809937 593 540
05124809950 604 540
05124809957 604 540
05124809969 616 540
05124809976 616 540
05124809988 616 540
05124809997 628 540
05124810008 628 540
05124810019 640 540
05124810027 640 540
05124810040 652 540
05124810050 665 540
05124810059 665 540
05124810069 677 540
05124810080 677 540
05124810089 689 540
05124810101 689 540
05124810108 689 540
05124810119 702 540
05124810128 702 540
05124810140 714 540
05124810150 726 540
05124810159 726 540
05124810169 739 540
05124810180 739 540
05124810188 752 540
05124810201 752 540
05124810208 764 540
05124810220 764 540
05124810227 764 540
05124810240 777 540
05124810250 790 540
05124810259 790 540
05124810271 802 540
05124810279 802 540
05124810292 815 540
05124810301 815 540
05124810312 828 540
05124810319 828 540
05124810334 841 540
05124810341 841 540
05124810353 854 540
05124810359 854 540
05124810372 867 540
05124810380 867 540
05124810391 880 540
05124810401 880 540
05124810412 893 540
05124810419 893 540
05124810433 906 540
05124810440 906 540
05124810453 918 540
05124810459 918 540
05124810472 931 540
05124810480 931 540
05124810491 944 540
05124810501 944 540
05124810513 957 540
05124810525 957 540
