20180713T110019.052586 20 20
20180713T110019.063247 20 20
20180713T110019.071288 249.324 219.69 114.468 96.6959 144.032 269.169 269.008 291.212 270.245 20180713T110019.071288 20 20
20180713T110019.084988 20 20
20180713T110019.094982 20 20
20180713T110019.103489 249.079 219.533 114.1 96.7614 143.964 268.78 268.932 291.113 270.269 20180713T110019.103489 20 20
20180713T110019.116687 20 20
20180713T110019.123089 20 20
20180713T110019.134935 248.739 219.863 113.767 96.9563 143.931 268.881 269.258 290.87 270.498 20180713T110019.134935 20 20
20180713T110019.144976 20 20
20180713T110019.154937 20 20
20180713T110019.164466 249.034 220.152 113.526 97.4745 143.322 269.079 269.249 290.954 270.469 20180713T110019.164466 20 20
20180713T110019.175934 20 20
20180713T110019.183415 20 20
20180713T110019.195479 249.227 219.788 114.186 96.8923 144.741 269.354 269.399 291.02 270.578 20180713T110019.195479 20 20
20180713T110019.205528 20 20
20180713T110019.214934 20 20
20180713T110019.223794 249.267 219.911 114.184 97.0453 143.988 269.26 269.33 291.02 270.578 20180713T110019.223794 20 20
20180713T110019.237027 20 20
20180713T110019.243263 20 20
20180713T110019.255195 249.179 219.661 114.392 97.5845 143.875 268.781 269.083 290.872 270.424 20180713T110019.255195 20 20
20180713T110019.264092 20 20
20180713T110019.274949 20 20
20180713T110019.284172 248.716 219.73 114.665 97.516 143.955 268.543 269.147 290.657 270.429 20180713T110019.284172 20 20
20180713T110019.297789 20 20
20180713T110019.304031 20 20
20180713T110019.314889 249.107 219.359 114.255 98.2524 143.708 268.681 268.831 290.927 270.174 20180713T110019.314889 20 20
20180713T110019.323924 20 20
20180713T110019.334939 20 20
20180713T110019.347602 249.549 218.925 115.372 98.1932 144.565 269.447 268.729 291.478 269.721 20180713T110019.347602 20 20
20180713T110019.356400 20 20
20180713T110019.366925 20 20
20180713T110019.374930 250.015 218.878 115.816 98.4643 144.128 269.441 268.542 291.818 269.409 20180713T110019.374930 20 20
20180713T110019.387123 20 20
20180713T110019.394890 20 20
20180713T110019.407289 249.518 218.897 115.744 99.0642 144.193 268.801 268.535 291.102 269.502 20180713T110019.407289 20 20
20180713T110019.418201 20 20
20180713T110019.426960 20 20
20180713T110019.435004 248.828 218.998 116.425 99.1042 143.116 268.087 268.872 290.654 269.654 20180713T110019.435004 20 20
20180713T110019.446940 20 20
20180713T110019.455899 20 20
20180713T110019.467871 249.078 219 116.141 100.004 143.695 268.076 268.801 290.55 269.848 20180713T110019.467871 20 20
20180713T110019.476280 20 20
20180713T110019.487249 20 20
20180713T110019.495257 249.217 219.229 116.467 100.243 143.331 268.236 268.697 290.82 269.742 20180713T110019.495257 20 20
20180713T110019.506999 20 20
20180713T110019.514939 20 20
20180713T110019.526956 249.132 219.108 116.762 100.32 143.307 268.455 268.715 290.869 269.634 20180713T110019.526956 20 20
20180713T110019.534912 20 20
20180713T110019.546888 20 20
20180713T110019.555354 249.446 219.136 117.126 101.077 143.536 268.903 268.752 291.127 269.824 20180713T110019.555354 20 20
20180713T110019.566977 20 20
20180713T110019.574926 20 20
20180713T110019.587604 249.607 219.294 117.142 101.023 144.116 269.067 268.795 291.389 269.912 20180713T110019.587604 20 20
20180713T110019.599940 20 20
20180713T110019.606924 20 20
20180713T110019.618950 249.567 219.303 117.481 101.625 143.04 268.936 268.769 291.082 269.847 20180713T110019.618950 20 20
20180713T110019.626952 20 20
20180713T110019.638916 20 20
20180713T110019.647239 249.439 219.114 118.482 101.171 143.342 269.181 268.857 291.232 269.873 20180713T110019.647239 20 20
20180713T110019.660109 20 20
20180713T110019.667459 20 20
20180713T110019.679393 249 219.225 118.782 101.668 143.443 268.406 268.793 290.607 269.717 20180713T110019.679393 20 20
20180713T110019.687685 20 20
20180713T110019.698922 20 20
20180713T110019.708513 248.777 219.319 118.947 102.214 143.276 268.201 268.751 290.223 269.766 20180713T110019.708513 20 20
20180713T110019.719811 20 20
20180713T110019.727613 20 20
20180713T110019.739536 248.94 219.192 119.602 101.8 144.113 268.542 268.542 290.867 269.56 20180713T110019.739536 20 20
20180713T110019.747092 20 20
20180713T110019.758962 20 20
20180713T110019.767585 249.264 219.024 119.624 101.785 143.695 268.841 268.604 290.973 269.533 20180713T110019.767585 20 20
20180713T110019.779369 20 20
20180713T110019.787334 20 20
20180713T110019.799337 249.424 219.175 119.655 102.956 143.236 269 268.586 291.061 269.522 20180713T110019.799337 20 20
20180713T110019.807797 20 20
20180713T110019.818961 20 20
20180713T110019.826879 249.358 219.433 119.641 103.006 143.963 268.976 268.631 291.02 269.716 20180713T110019.826879 20 20
20180713T110019.838944 20 20
20180713T110019.852169 20 20
20180713T110019.860179 249.019 219.769 120.386 102.821 143.414 268.456 268.892 290.784 270.22 20180713T110019.860179 20 20
20180713T110019.873472 20 20
20180713T110019.878912 20 20
20180713T110019.890894 248.866 219.836 120.301 103.016 144.799 268.389 268.91 290.791 270.327 20180713T110019.890894 20 20
20180713T110019.899272 20 20
20180713T110019.910945 20 20
20180713T110019.919250 249.4 219.975 120.815 103.52 144.011 268.67 269.009 291.025 270.684 20180713T110019.919250 20 20
20180713T110019.933712 20 20
20180713T110019.938964 20 20
20180713T110019.950918 249.435 219.91 120.767 103.376 144.016 268.601 269.096 291.064 270.709 20180713T110019.950918 20 20
20180713T110019.960145 20 20
20180713T110019.971539 20 20
20180713T110019.979617 249.667 220.219 121.156 103.819 143.404 268.879 269.147 290.98 270.422 20180713T110019.979617 20 20
20180713T110019.991481 20 20
20180713T110019.999476 20 20
20180713T110020.011604 249.836 220.056 121.158 104.263 144.083 269.158 269.107 291.387 270.286 20180713T110020.011604 20 20
20180713T110020.020223 20 20
20180713T110020.031833 20 20
20180713T110020.038949 250.177 219.924 121.394 104.378 144.113 269.297 268.885 291.54 270.1 20180713T110020.038949 20 20
20180713T110020.050964 20 20
20180713T110020.058921 20 20
20180713T110020.070922 249.834 220.129 121.858 103.862 142.846 269.12 269.044 291.387 270.286 20180713T110020.070922 20 20
20180713T110020.081132 20 20
20180713T110020.090996 20 20
20180713T110020.103525 249.61 220.051 121.932 104.358 144.218 269.018 269.08 291.351 270.372 20180713T110020.103525 20 20
20180713T110020.112783 20 20
20180713T110020.124422 20 20
20180713T110020.131244 249.706 220.044 122.009 104.729 142.791 268.962 269.066 291.302 270.313 20180713T110020.131244 20 20
20180713T110020.142964 20 20
20180713T110020.150918 20 20
20180713T110020.163684 249.68 219.833 122.792 104.424 143.694 269.021 268.85 291.135 270.174 20180713T110020.163684 20 20
20180713T110020.172420 20 20
20180713T110020.182934 20 20
20180713T110020.190912 249.803 219.854 122.598 104.945 143.411 268.93 268.824 291.174 270.149 20180713T110020.190912 20 20
20180713T110020.202993 20 20
20180713T110020.212235 20 20
20180713T110020.223592 249.808 219.734 122.627 104.71 142.681 268.982 269.015 291.265 270.38 20180713T110020.223592 20 20
20180713T110020.231866 20 20
20180713T110020.242869 20 20
20180713T110020.250887 249.9 219.656 122.786 104.735 142.476 269.042 268.92 291.416 270.22 20180713T110020.250887 20 20
20180713T110020.262936 20 20
20180713T110020.270915 20 20
20180713T110020.283761 249.775 219.819 123.144 104.816 143.954 268.858 268.962 291.125 270.477 20180713T110020.283761 20 20
20180713T110020.292139 20 20
20180713T110020.302937 20 20
20180713T110020.310913 249.575 219.898 122.999 105.175 143.421 268.544 269.048 290.771 270.168 20180713T110020.310913 20 20
20180713T110020.324716 20 20
20180713T110020.331338 20 20
20180713T110020.343584 249.939 219.584 122.777 105.125 144.18 268.849 268.84 291.184 270.101 20180713T110020.343584 20 20
20180713T110020.355591 20 20
20180713T110020.363593 20 20
20180713T110020.375587 250.471 219.532 123.012 105.669 143.458 269.544 268.681 291.766 269.839 20180713T110020.375587 20 20
20180713T110020.383980 20 20
20180713T110020.394889 20 20
20180713T110020.402912 250.712 219.387 123.255 105.751 143.037 269.722 268.654 291.835 269.606 20180713T110020.402912 20 20
20180713T110020.415772 20 20
20180713T110020.423764 20 20
20180713T110020.435748 250.304 219.189 123.117 105.272 142.331 269.33 268.711 291.622 269.98 20180713T110020.435748 20 20
20180713T110020.444730 20 20
20180713T110020.455172 20 20
20180713T110020.464077 249.879 219.998 123.326 105.779 142.166 268.858 268.962 291.214 270.467 20180713T110020.464077 20 20
20180713T110020.475610 20 20
20180713T110020.483455 20 20
20180713T110020.495448 249.832 220.1 123.406 105.759 143.411 268.879 269.147 291.137 270.359 20180713T110020.495448 20 20
20180713T110020.503115 20 20
20180713T110020.514906 20 20
20180713T110020.523532 249.746 220.125 123.575 105.737 142.998 268.879 269.147 291.122 270.545 20180713T110020.523532 20 20
20180713T110020.535536 20 20
20180713T110020.543572 20 20
20180713T110021.240637 343.171 224.144 115.787 106.168 17.9931 317.764 271.071 338.946 270.878 20180713T110021.240637 960 20
20180713T110021.252170 960 20
20180713T110021.258921 960 20
20180713T110021.271324 342.953 223.976 114.397 104.46 15.0693 317.533 271.258 338.568 270.964 20180713T110021.271324 960 20
20180713T110021.281252 960 20
20180713T110021.290878 960 20
20180713T110021.298848 342.839 223.977 113.739 104.09 17.0054 317.392 270.997 338.595 270.703 20180713T110021.298848 960 20
20180713T110021.310914 960 20
20180713T110021.318916 960 20
20180713T110021.332146 342.622 223.794 112.933 102.704 15.0795 317.179 271.194 338.487 270.912 20180713T110021.332146 960 20
20180713T110021.340353 960 20
20180713T110021.350905 960 20
20180713T110021.363921 342.79 223.52 112.761 102.184 15.9781 317.111 270.791 338.5 270.654 20180713T110021.363921 960 20
20180713T110021.372502 960 20
20180713T110021.382870 960 20
20180713T110021.390890 343.793 223.359 111.549 101.673 12.9002 318.172 270.385 339.54 270.321 20180713T110021.390890 960 20
20180713T110021.403292 960 20
20180713T110021.410893 960 20
20180713T110021.424133 344.048 223.296 111.296 101.816 15.1718 318.716 270.319 339.619 270.277 20180713T110021.424133 960 20
20180713T110021.432497 960 20
20180713T110021.442844 960 20
20180713T110021.450892 343.371 223.328 111.235 101.236 17.2226 317.807 270.577 339.177 270.359 20180713T110021.450892 960 20
20180713T110021.463906 960 20
20180713T110021.471438 960 20
20180713T110021.483436 342.866 223.498 110.769 101.406 16.4926 317.192 270.776 338.502 270.547 20180713T110021.483436 960 20
20180713T110021.491478 960 20
20180713T110021.503438 960 20
20180713T110021.511873 342.862 223.569 110.673 101.156 16.6791 317.29 270.877 338.513 270.737 20180713T110021.511873 960 20
20180713T110021.522857 960 20
20180713T110021.530902 960 20
20180713T110021.544406 342.989 223.62 110.881 101.667 14.3614 317.5 270.893 338.5 270.82 20180713T110021.544406 960 20
20180713T110021.552928 960 20
20180713T110021.562961 960 20
20180713T110021.570930 343.1 223.574 111.068 102.037 13.8255 317.575 270.875 338.911 270.787 20180713T110021.570930 960 20
20180713T110021.582860 960 20
20180713T110021.590922 960 20
20180713T110021.603931 343.168 223.546 111.552 101.788 15.2151 317.73 270.87 339.004 270.724 20180713T110021.603931 960 20
20180713T110021.616362 960 20
20180713T110021.622899 960 20
20180713T110021.635572 343.386 223.466 111.959 101.945 15.8195 317.787 271.003 339.169 270.959 20180713T110021.635572 960 20
20180713T110021.644120 960 20
20180713T110021.655149 960 20
20180713T110021.663985 343.585 223.289 112.624 102.051 16.0925 317.934 270.825 339.351 270.844 20180713T110021.663985 960 20
20180713T110021.675645 960 20
20180713T110021.683728 960 20
20180713T110021.695758 343.512 223.149 113.616 102.931 14.4435 317.957 270.436 339.265 270.462 20180713T110021.695758 960 20
20180713T110021.703962 960 20
20180713T110021.715674 960 20
20180713T110021.723695 343.29 222.919 113.944 102.603 15.7661 317.606 270.442 339.156 270.277 20180713T110021.723695 960 20
20180713T110021.735776 960 20
20180713T110021.743825 960 20
20180713T110021.754884 342.708 223.285 114.297 103.788 15.1845 317.122 270.545 338.461 270.421 20180713T110021.754884 960 20
20180713T110021.764035 960 20
20180713T110021.774884 960 20
20180713T110021.783921 342.869 223.189 114.862 103.573 16.9722 317.176 270.703 338.5 270.461 20180713T110021.783921 960 20
20180713T110021.795677 960 20
20180713T110021.803680 960 20
20180713T110021.815754 343.19 223.025 115.147 105.023 15.4831 317.957 270.436 339.192 270.105 20180713T110021.815754 960 20
20180713T110021.823966 960 20
20180713T110021.835205 960 20
20180713T110021.844029 343.315 223.134 115.473 105.502 15.7044 317.957 270.436 339.203 270.207 20180713T110021.844029 960 20
20180713T110021.855392 960 20
20180713T110021.866870 960 20
20180713T110021.874888 343.051 223.473 116.151 106.345 15.8986 317.601 270.686 339 270.538 20180713T110021.874888 960 20
20180713T110021.888183 960 20
20180713T110021.894960 960 20
20180713T110021.906883 342.812 223.744 116.687 105.75 15.5243 317.343 270.904 338.5 270.654 20180713T110021.906883 960 20
20180713T110021.916871 960 20
20180713T110021.927200 960 20
20180713T110021.936093 342.639 223.576 117.189 106.013 15.0341 317.298 271.199 338.5 270.82 20180713T110021.936093 960 20
20180713T110021.947725 960 20
20180713T110021.955808 960 20
20180713T110021.967738 342.618 223.85 117.243 107.026 15.7843 317.385 271.194 338.5 270.82 20180713T110021.967738 960 20
20180713T110021.976616 960 20
20180713T110021.986877 960 20
20180713T110021.996051 342.512 223.733 117.657 106.929 13.0786 317.385 271.194 338.583 270.87 20180713T110021.996051 960 20
20180713T110022.007526 960 20
20180713T110022.015432 960 20
20180713T110022.027436 342.773 223.814 118.073 106.884 14.8133 317.502 271.044 338.773 270.843 20180713T110022.027436 960 20
20180713T110022.035747 960 20
20180713T110022.047420 960 20
20180713T110022.055414 342.818 223.682 118.153 107.909 15.3055 317.764 270.799 339.134 270.829 20180713T110022.055414 960 20
20180713T110022.066921 960 20
20180713T110022.074872 960 20
20180713T110022.086838 342.744 223.739 118.392 108.202 17.6587 317.657 270.848 338.978 270.641 20180713T110022.086838 960 20
20180713T110022.094924 960 20
20180713T110022.106913 960 20
20180713T110022.118923 342.537 223.846 118.642 108.887 15.2895 317.37 270.973 338.583 270.787 20180713T110022.118923 960 20
20180713T110022.129233 960 20
20180713T110022.138828 960 20
20180713T110022.146833 342.486 223.815 118.813 108.812 16.0408 317.11 270.876 338.5 270.654 20180713T110022.146833 960 20
20180713T110022.159565 960 20
20180713T110022.167566 960 20
20180713T110022.179553 342.334 224.056 119.001 109.569 16.2116 317.208 271.072 338.513 270.737 20180713T110022.179553 960 20
20180713T110022.189034 960 20
20180713T110022.199192 960 20
20180713T110022.207191 342.32 224.256 119.396 109.69 16.6579 317.148 271.174 338.5 270.82 20180713T110022.207191 960 20
20180713T110022.218899 960 20
20180713T110022.226828 960 20
20180713T110022.238874 342.266 224.206 119.469 109.749 17.901 317.502 271.189 338.671 270.838 20180713T110022.238874 960 20
20180713T110022.247118 960 20
20180713T110022.258877 960 20
20180713T110022.266874 342.554 224.385 119.713 109.565 18.1416 317.543 271.268 338.755 270.995 20180713T110022.266874 960 20
20180713T110022.279504 960 20
20180713T110022.287377 960 20
20180713T110022.299419 342.369 224.383 119.909 110.705 16.3685 317.601 271.142 338.748 270.9 20180713T110022.299419 960 20
20180713T110022.307411 960 20
20180713T110022.319424 960 20
20180713T110022.327563 342.317 224.235 120.143 110.392 17.7019 317.458 271.146 338.552 270.826 20180713T110022.327563 960 20
20180713T110022.338924 960 20
20180713T110022.346912 960 20
20180713T110022.359234 341.875 224.318 120.37 110.871 18.9138 316.931 271.189 338.394 270.913 20180713T110022.359234 960 20
20180713T110022.372517 960 20
20180713T110022.379299 960 20
20180713T110022.391303 342.322 224.138 120.254 110.762 18.3564 317.234 271.028 338.5 270.82 20180713T110022.391303 960 20
20180713T110022.399388 960 20
20180713T110022.410893 960 20
20180713T110022.420162 343.386 223.365 121.245 109.422 14.3818 318.73 270.762 339.706 270.654 20180713T110022.420162 960 20
20180713T110022.431646 960 20
20180713T110022.439902 960 20
20180713T110022.451287 343.371 223.901 120.861 111.111 17.6422 318.725 270.681 339.758 270.498 20180713T110022.451287 960 20
20180713T110022.458916 960 20
20180713T110022.470902 960 20
20180713T110022.479292 342.736 223.873 121.331 111.034 19.8908 317.611 270.795 339.131 270.743 20180713T110022.479292 960 20
20180713T110022.491312 960 20
20180713T110022.499231 960 20
20180713T110022.511649 342.431 224.132 121.114 111.49 17.4122 317.584 271.144 338.583 270.787 20180713T110022.511649 960 20
20180713T110022.519302 960 20
20180713T110022.531193 960 20
20180713T110022.539743 342.55 224.367 121.264 111.685 20.8953 317.774 271.212 339.185 271.063 20180713T110022.539743 960 20
20180713T110022.551603 960 20
20180713T110022.559482 960 20
20180713T110022.571643 342.741 223.971 121.552 111.013 18.6202 317.774 271.212 339.138 270.9 20180713T110022.571643 960 20
20180713T110022.578969 960 20
20180713T110022.590869 960 20
20180713T110022.598904 342.958 224.429 121.787 111.84 19.5858 317.912 271.034 339.394 270.913 20180713T110022.598904 960 20
20180713T110022.610872 960 20
20180713T110022.622858 960 20
20180713T110022.633134 342.991 224.344 121.658 112.088 17.7277 318.004 271.226 339.384 271 20180713T110022.633134 960 20
20180713T110022.643460 960 20
20180713T110022.651355 960 20
20180713T110022.663948 343.32 224.137 121.921 112.027 19.9152 318.55 271.074 339.471 270.858 20180713T110022.663948 960 20
20180713T110022.672066 960 20
20180713T110022.682865 960 20
20180713T110022.691296 343.355 223.887 121.651 111.94 18.0739 318.582 271 339.714 270.803 20180713T110022.691296 960 20
20180713T110022.703235 960 20
20180713T110022.711828 960 20
20180713T110022.723537 343.142 223.91 121.501 112.795 17.2432 318.177 270.736 339.5 270.82 20180713T110022.723537 960 20
20180713T110022.732073 960 20
20180713T110023.367529 1900 20
20180713T110023.379523 431.175 237.816 117.21 98.8693 53.7711 356.145 284.529 386.245 279.122 20180713T110023.379523 1900 20
20180713T110023.388367 1900 20
20180713T110023.398841 1900 20
20180713T110023.406797 431.619 237.669 115.618 97.9541 53.2979 356.385 284.233 386.523 278.87 20180713T110023.406797 1900 20
20180713T110023.418885 1900 20
20180713T110023.426848 1900 20
20180713T110023.439519 432.184 237.388 115.036 97.5559 52.6907 356.923 284.072 387.21 278.524 20180713T110023.439519 1900 20
20180713T110023.448987 1900 20
20180713T110023.458870 1900 20
20180713T110023.466789 432.47 237.266 113.897 97.2152 51.6565 357.108 283.882 387.339 278.369 20180713T110023.466789 1900 20
20180713T110023.478841 1900 20
20180713T110023.487272 1900 20
20180713T110023.498841 432.404 237.44 114.155 96.7398 51.3274 356.941 283.784 387.051 278.336 20180713T110023.498841 1900 20
20180713T110023.508943 1900 20
20180713T110023.519259 1900 20
20180713T110023.527276 431.96 237.378 112.69 95.9639 51.865 356.631 284.115 386.853 278.794 20180713T110023.527276 1900 20
20180713T110023.539533 1900 20
20180713T110023.547603 1900 20
20180713T110023.559440 431.928 237.679 112.468 95.971 50.6905 356.624 284.258 386.726 278.887 20180713T110023.559440 1900 20
20180713T110023.568527 1900 20
20180713T110023.578871 1900 20
20180713T110023.586982 432.004 237.741 111.832 95.3793 51.1424 356.791 284.246 386.877 278.936 20180713T110023.586982 1900 20
20180713T110023.598925 1900 20
20180713T110023.606826 1900 20
20180713T110023.620093 432.185 237.767 111.339 95.1837 50.6359 356.784 284.287 387.09 278.907 20180713T110023.620093 1900 20
20180713T110023.632369 1900 20
20180713T110023.639195 1900 20
20180713T110023.651146 432.661 236.93 111.691 94.7482 50.8392 357.006 284.249 387.276 278.63 20180713T110023.651146 1900 20
20180713T110023.659197 1900 20
20180713T110023.670868 1900 20
20180713T110023.679388 432.806 236.998 111.631 94.9116 51.3116 357.091 284.301 387.381 278.768 20180713T110023.679388 1900 20
20180713T110023.691612 1900 20
20180713T110023.698830 1900 20
20180713T110023.710837 433.128 236.812 111.446 95.2099 50.2447 357.261 284.128 387.5 278.636 20180713T110023.710837 1900 20
20180713T110023.718852 1900 20
20180713T110023.730870 1900 20
20180713T110023.739878 432.996 236.654 111.861 95.2632 49.8775 357.12 283.986 387.544 278.447 20180713T110023.739878 1900 20
20180713T110023.752047 1900 20
20180713T110023.759605 1900 20
20180713T110023.771712 432.655 236.393 111.919 95.6708 50.3778 357.058 283.726 387.383 278.292 20180713T110023.771712 1900 20
20180713T110023.780207 1900 20
20180713T110023.791165 1900 20
20180713T110023.800157 432.635 236.403 112.255 95.7559 50.663 357.032 283.739 387.352 278.236 20180713T110023.800157 1900 20
20180713T110023.812426 1900 20
20180713T110023.818861 1900 20
20180713T110023.830792 432.743 236.147 112.267 96.3931 49.9185 357.246 283.699 387.519 278.209 20180713T110023.830792 1900 20
20180713T110023.838800 1900 20
20180713T110023.850848 1900 20
20180713T110023.860563 433.026 236.334 112.65 96.5161 50.5273 357.309 283.678 387.5 278.153 20180713T110023.860563 1900 20
20180713T110023.871907 1900 20
20180713T110023.882865 1900 20
20180713T110023.891606 433.279 236.499 113.792 96.8973 50.8683 357.419 283.678 387.637 278.15 20180713T110023.891606 1900 20
20180713T110023.903654 1900 20
20180713T110023.911701 1900 20
20180713T110023.923691 433.056 236.722 114.108 97.0433 50.356 357.437 283.912 387.578 278.311 20180713T110023.923691 1900 20
20180713T110023.931837 1900 20
20180713T110023.943154 1900 20
20180713T110023.951159 432.624 237.278 114.777 97.5676 50.8072 357.248 284.18 387.391 278.7 20180713T110023.951159 1900 20
20180713T110023.962866 1900 20
20180713T110023.970822 1900 20
20180713T110023.984272 432.416 237.467 115.118 98.1424 50.906 356.994 284.385 387.139 278.95 20180713T110023.984272 1900 20
20180713T110023.992108 1900 20
20180713T110024.002859 1900 20
20180713T110024.010836 432.01 237.768 115.792 98.3115 51.9279 356.644 284.606 386.822 278.958 20180713T110024.010836 1900 20
20180713T110024.023732 1900 20
20180713T110024.031613 1900 20
20180713T110024.043604 432.081 237.804 116.179 98.5866 51.2083 356.644 284.606 387.144 279.069 20180713T110024.043604 1900 20
20180713T110024.051729 1900 20
20180713T110024.062872 1900 20
20180713T110024.071853 432.475 237.717 116.587 99.298 52.3653 357.115 284.372 387.264 278.925 20180713T110024.071853 1900 20
20180713T110024.085048 1900 20
20180713T110024.091253 1900 20
20180713T110024.103244 432.463 237.833 116.816 99.2808 50.9872 357.226 284.26 387.264 278.925 20180713T110024.103244 1900 20
20180713T110024.113370 1900 20
20180713T110024.122780 1900 20
20180713T110024.135505 432.637 237.594 117.352 99.8391 52.0084 357.302 284.209 387.431 278.753 20180713T110024.135505 1900 20
20180713T110024.146983 1900 20
20180713T110024.154828 1900 20
20180713T110024.162862 432.812 237.762 117.779 99.5158 52.0202 357.253 284.245 387.445 278.844 20180713T110024.162862 1900 20
20180713T110024.175681 1900 20
20180713T110024.182796 1900 20
20180713T110024.195859 432.454 238.091 117.796 100.166 51.4755 357.151 284.488 387.339 279.033 20180713T110024.195859 1900 20
20180713T110024.204731 1900 20
20180713T110024.214819 1900 20
20180713T110024.222855 432.32 238.239 117.632 100.553 51.0262 356.967 284.565 387.234 279.088 20180713T110024.222855 1900 20
20180713T110024.235284 1900 20
20180713T110024.243261 1900 20
20180713T110024.256636 432.437 238.185 118.183 100.66 52.2687 356.936 284.621 387.268 279.203 20180713T110024.256636 1900 20
20180713T110024.264711 1900 20
20180713T110024.274866 1900 20
20180713T110024.282834 432.345 238.377 118.535 100.527 51.7751 356.877 284.744 387.247 279.142 20180713T110024.282834 1900 20
20180713T110024.294853 1900 20
20180713T110024.302956 1900 20
20180713T110024.314816 432.387 238.434 118.516 101.048 51.7209 357.029 284.806 387.348 279.401 20180713T110024.314816 1900 20
20180713T110024.322806 1900 20
20180713T110024.334830 1900 20
20180713T110024.343860 432.414 238.294 118.746 100.58 52.6571 357.017 284.722 387.304 279.103 20180713T110024.343860 1900 20
20180713T110024.354935 1900 20
20180713T110024.362826 1900 20
20180713T110024.374829 432.382 238.423 119.111 101.435 52.3732 356.873 284.913 387.388 279.287 20180713T110024.374829 1900 20
20180713T110024.386832 1900 20
20180713T110024.394774 1900 20
20180713T110024.407605 431.984 238.851 119.012 101.715 52.1591 356.876 284.957 387.327 279.547 20180713T110024.407605 1900 20
20180713T110024.416148 1900 20
20180713T110024.427368 1900 20
20180713T110024.435369 432.553 238.297 119.395 101.468 50.7919 357.122 284.803 387.415 279.223 20180713T110024.435369 1900 20
20180713T110024.448086 1900 20
20180713T110024.455442 1900 20
20180713T110024.467420 432.972 238.227 119.905 101.638 51.3828 357.648 284.555 387.796 279.198 20180713T110024.467420 1900 20
20180713T110024.475703 1900 20
20180713T110024.486811 1900 20
20180713T110024.494820 433.203 238.294 119.788 102.302 52.3716 357.648 284.555 388.032 279.1 20180713T110024.494820 1900 20
20180713T110024.506894 1900 20
20180713T110024.514820 1900 20
20180713T110024.528067 432.873 238.453 119.75 101.892 51.2316 357.452 284.713 387.689 279.202 20180713T110024.528067 1900 20
20180713T110024.535391 1900 20
20180713T110024.547087 1900 20
20180713T110024.555253 432.644 238.721 120.25 102.588 50.5406 357.143 285.041 387.5 279.631 20180713T110024.555253 1900 20
20180713T110024.567266 1900 20
20180713T110024.575274 1900 20
20180713T110024.587512 432.508 238.903 120.67 102.146 51.6844 357.141 285.237 387.475 279.694 20180713T110024.587512 1900 20
20180713T110024.594958 1900 20
20180713T110024.606770 1900 20
20180713T110024.615169 432.68 239.034 121.326 102.668 51.4783 357.26 285.264 387.612 279.713 20180713T110024.615169 1900 20
20180713T110024.626843 1900 20
20180713T110024.639855 1900 20
20180713T110024.647845 432.896 239.239 121.484 103.119 51.122 357.297 285.441 387.794 279.883 20180713T110024.647845 1900 20
20180713T110024.659368 1900 20
20180713T110024.667373 1900 20
20180713T110024.679292 433.01 239.233 121.406 103.275 50.7798 357.677 285.643 388.016 279.852 20180713T110024.679292 1900 20
20180713T110024.688482 1900 20
20180713T110024.698819 1900 20
20180713T110024.707372 433.063 239.279 122.051 102.774 51.8279 357.949 285.495 388.089 279.855 20180713T110024.707372 1900 20
20180713T110024.719376 1900 20
20180713T110024.727374 1900 20
20180713T110024.740174 433.18 239.57 122.789 103.117 50.4753 357.732 285.565 388.052 279.802 20180713T110024.740174 1900 20
20180713T110024.747758 1900 20
20180713T110024.758852 1900 20
20180713T110024.767844 432.665 239.232 122.702 103.655 50.5342 357.562 285.449 387.825 279.822 20180713T110024.767844 1900 20
20180713T110024.779905 1900 20
20180713T110024.787572 1900 20
20180713T110024.799498 432.353 239.303 122.826 103.756 51.2631 357.114 285.431 387.448 279.885 20180713T110024.799498 1900 20
20180713T110024.807702 1900 20
20180713T110024.820179 1900 20
20180713T110024.826759 432.094 239.246 122.634 104.436 51.3323 357.028 285.479 387.422 279.823 20180713T110024.826759 1900 20
20180713T110024.838838 1900 20
20180713T110024.846813 1900 20
20180713T110024.860150 432.419 239.12 122.891 104.215 51.3858 357.168 285.453 387.578 279.917 20180713T110024.860150 1900 20
20180713T110025.414817 1900 540
20180713T110025.423599 1900 540
20180713T110025.435602 428.758 282.977 118.181 108.043 65.0137 363.905 300.93 387.471 300.507 20180713T110025.435602 1900 540
20180713T110025.443719 1900 540
20180713T110025.454802 1900 540
20180713T110025.464354 428.786 282.673 116.278 106.196 62.9667 363.797 300.703 387.326 300.358 20180713T110025.464354 1900 540
20180713T110025.476003 1900 540
20180713T110025.483457 1900 540
20180713T110025.495444 429.472 282.545 115.231 105.796 63.3206 364.377 300.809 387.938 300.267 20180713T110025.495444 1900 540
20180713T110025.503455 1900 540
20180713T110025.514775 1900 540
20180713T110025.523521 430.113 282.58 113.326 104.389 62.9194 365.085 300.548 388.489 300.032 20180713T110025.523521 1900 540
20180713T110025.537080 1900 540
20180713T110025.542784 1900 540
20180713T110025.554777 430.046 282.318 113.137 103.768 62.1603 364.826 300.504 388.138 300.23 20180713T110025.554777 1900 540
20180713T110025.564283 1900 540
20180713T110025.574779 1900 540
20180713T110025.583499 429.498 282.893 111.597 102.904 63.0925 364.161 300.726 387.699 300.404 20180713T110025.583499 1900 540
20180713T110025.595855 1900 540
20180713T110025.602835 1900 540
20180713T110025.615428 429.763 282.948 111.616 102.156 62.3755 364.148 300.986 387.642 300.469 20180713T110025.615428 1900 540
20180713T110025.623824 1900 540
20180713T110025.635083 1900 540
20180713T110025.648316 429.745 283.141 110.28 101.838 62.8173 364.249 300.946 387.627 300.585 20180713T110025.648316 1900 540
20180713T110025.656162 1900 540
20180713T110025.666774 1900 540
20180713T110025.674770 429.847 283.095 109.919 101.54 60.4796 364.258 301.062 387.707 300.577 20180713T110025.674770 1900 540
20180713T110025.686778 1900 540
20180713T110025.694769 1900 540
20180713T110025.706854 429.598 283.276 109.5 100.992 61.1786 364.258 301.062 387.735 300.976 20180713T110025.706854 1900 540
20180713T110025.715939 1900 540
20180713T110025.726764 1900 540
20180713T110025.734769 429.596 283.653 109.484 100.597 61.4067 364.17 301.318 387.479 301.128 20180713T110025.734769 1900 540
20180713T110025.746822 1900 540
20180713T110025.754814 1900 540
20180713T110025.766816 429.84 283.455 109.472 100.306 61.0173 364.258 301.062 387.625 300.824 20180713T110025.766816 1900 540
20180713T110025.774909 1900 540
20180713T110025.786769 1900 540
20180713T110025.794766 429.869 283.025 109.109 100.212 62.7529 364.403 301.029 387.551 300.555 20180713T110025.794766 1900 540
20180713T110025.806835 1900 540
20180713T110025.814824 1900 540
20180713T110025.826816 429.492 283.066 108.872 100.497 62.8151 363.967 300.864 387.141 300.354 20180713T110025.826816 1900 540
20180713T110025.834838 1900 540
20180713T110025.846795 1900 540
20180713T110025.854764 429.375 283.115 108.847 101.133 61.8455 363.669 300.864 387.037 300.556 20180713T110025.854764 1900 540
20180713T110025.867886 1900 540
20180713T110025.874805 1900 540
20180713T110025.887240 429.459 282.912 109.286 101.011 63.0723 363.746 300.866 387.125 300.468 20180713T110025.887240 1900 540
20180713T110025.900378 1900 540
20180713T110025.906794 1900 540
20180713T110025.918850 429.765 282.76 109.481 100.593 64.5962 364.041 300.833 387.387 300.286 20180713T110025.918850 1900 540
20180713T110025.926799 1900 540
20180713T110025.938793 1900 540
20180713T110025.948573 429.75 282.702 109.959 100.995 63.5248 364.309 300.615 387.586 300.344 20180713T110025.948573 1900 540
20180713T110025.959280 1900 540
20180713T110025.968029 1900 540
20180713T110025.979190 429.739 282.823 109.837 101.045 63.6597 364.178 300.794 387.552 300.306 20180713T110025.979190 1900 540
20180713T110025.986891 1900 540
20180713T110025.998768 1900 540
20180713T110026.008533 429.715 283.007 110.362 101.283 63.7287 363.806 301.02 387.037 300.556 20180713T110026.008533 1900 540
20180713T110026.021003 1900 540
20180713T110026.026804 1900 540
20180713T110026.039433 429.47 283.122 110.324 101.288 63.3606 363.604 301.025 387.048 300.629 20180713T110026.039433 1900 540
20180713T110026.047127 1900 540
20180713T110026.059074 1900 540
20180713T110026.067365 429.352 282.996 110.83 101.162 65.5432 363.431 301.052 386.939 300.721 20180713T110026.067365 1900 540
20180713T110026.079373 1900 540
20180713T110026.087299 1900 540
20180713T110026.099791 429.151 283.001 110.685 101.729 62.1912 363.431 301.052 386.979 300.788 20180713T110026.099791 1900 540
20180713T110026.106836 1900 540
20180713T110026.118755 1900 540
20180713T110026.128251 429.148 283.19 110.44 101.872 63.5773 363.433 301.117 386.845 300.795 20180713T110026.128251 1900 540
20180713T110026.139980 1900 540
20180713T110026.151284 1900 540
20180713T110026.159284 429.166 283.368 110.792 101.645 63.7109 363.458 301.178 386.822 300.862 20180713T110026.159284 1900 540
20180713T110026.170809 1900 540
20180713T110026.178795 1900 540
20180713T110026.191807 429.341 283.132 110.981 101.842 63.0356 363.432 300.966 386.902 300.741 20180713T110026.191807 1900 540
20180713T110026.199857 1900 540
20180713T110026.210763 1900 540
20180713T110026.219973 429.361 283.096 111.051 101.52 64.4129 363.405 301.026 386.845 300.795 20180713T110026.219973 1900 540
20180713T110026.231367 1900 540
20180713T110026.239351 1900 540
20180713T110026.251355 429.174 283.123 110.689 101.739 63.9522 363.384 301.274 386.746 300.9 20180713T110026.251355 1900 540
20180713T110026.260385 1900 540
20180713T110026.270759 1900 540
20180713T110026.278754 429.651 283.354 110.805 100.895 69.7537 363.285 301.288 386.822 300.862 20180713T110026.278754 1900 540
20180713T110026.292068 1900 540
20180713T110026.299851 1900 540
20180713T110026.311789 429.064 283.16 110.635 101.958 64.105 363.364 301.085 386.845 300.795 20180713T110026.311789 1900 540
20180713T110026.320283 1900 540
20180713T110026.330754 1900 540
20180713T110026.339956 429.053 283.264 110.456 102.243 64.6989 363.285 301.288 386.584 300.859 20180713T110026.339956 1900 540
20180713T110026.351504 1900 540
20180713T110026.358835 1900 540
20180713T110026.370777 429.307 282.751 110.795 101.418 63.734 363.239 301.024 386.845 300.795 20180713T110026.370777 1900 540
20180713T110026.379734 1900 540
20180713T110026.390752 1900 540
20180713T110026.403582 429.215 282.424 111.227 101.409 65.2589 363.21 300.967 386.677 300.766 20180713T110026.403582 1900 540
20180713T110026.411885 1900 540
20180713T110026.422790 1900 540
20180713T110026.430743 428.973 282.483 110.766 102.096 61.5169 363.352 300.631 386.747 300.344 20180713T110026.430743 1900 540
20180713T110026.442808 1900 540
20180713T110026.450754 1900 540
20180713T110026.462759 429.204 282.306 110.712 101.656 63.8548 363.252 300.698 386.58 300.31 20180713T110026.462759 1900 540
20180713T110026.470896 1900 540
20180713T110026.482797 1900 540
20180713T110026.491951 428.881 282.227 110.516 102.442 64.0061 363.144 300.765 386.158 300.38 20180713T110026.491951 1900 540
20180713T110026.503739 1900 540
20180713T110026.511588 1900 540
20180713T110026.523784 429.106 282.015 111.13 102.243 64.9767 363.29 300.635 386.79 300.225 20180713T110026.523784 1900 540
20180713T110026.532155 1900 540
20180713T110026.543535 1900 540
20180713T110026.550748 429.987 281.542 111.662 101.448 65.4885 363.751 299.963 387.316 299.622 20180713T110026.550748 1900 540
20180713T110026.562792 1900 540
20180713T110026.570766 1900 540
20180713T110026.584476 429.993 281.308 111.417 102.068 65.7026 363.917 299.855 387.29 299.56 20180713T110026.584476 1900 540
20180713T110026.593193 1900 540
20180713T110026.602798 1900 540
20180713T110026.610751 429.884 281.38 112.038 102.14 66.823 363.533 299.979 386.902 299.582 20180713T110026.610751 1900 540
20180713T110026.622823 1900 540
20180713T110026.630763 1900 540
20180713T110026.643808 429.556 281.458 111.945 102.427 66.6545 363.444 300.089 386.859 299.646 20180713T110026.643808 1900 540
20180713T110026.657586 1900 540
20180713T110026.662797 1900 540
20180713T110026.674749 429.883 281.362 112.685 102.215 68.345 363.476 300.069 386.902 299.582 20180713T110026.674749 1900 540
20180713T110026.683120 1900 540
20180713T110026.694753 1900 540
20180713T110026.703579 429.57 281.158 112.725 102.757 68.5883 363.355 299.882 386.962 299.478 20180713T110026.703579 1900 540
20180713T110026.715982 1900 540
20180713T110026.723829 1900 540
20180713T110026.735778 429.414 281.121 113.279 103.261 67.6066 363.415 299.953 386.935 299.51 20180713T110026.735778 1900 540
20180713T110026.743584 1900 540
20180713T110026.754797 1900 540
20180713T110026.762747 429.596 281.245 113.407 103.066 68.9199 363.375 300.01 386.935 299.51 20180713T110026.762747 1900 540
20180713T110026.776001 1900 540
20180713T110026.783477 1900 540
20180713T110026.795427 429.221 281.41 113.776 104.245 66.2223 363.294 300.161 386.902 299.582 20180713T110026.795427 1900 540
20180713T110026.803808 1900 540
20180713T110026.814777 1900 540
20180713T110026.822752 429.03 281.503 113.904 104.419 66.9723 363.239 300.409 386.722 299.945 20180713T110026.822752 1900 540
20180713T110026.834805 1900 540
20180713T110026.842844 1900 540
20180713T110026.855866 428.645 281.892 114.108 104.715 67.9614 362.546 300.964 386.179 300.251 20180713T110026.855866 1900 540
20180713T110026.863745 1900 540
20180713T110026.874774 1900 540
20180713T110026.882750 428.304 282.19 114.415 104.643 68.2014 362.304 300.916 385.919 300.414 20180713T110026.882750 1900 540
20180713T110026.896084 1900 540
20180713T110026.908079 1900 540
20180713T110027.664295 342.112 272.24 106.193 103.033 1.99106 317.833 294.467 339.287 294.625 20180713T110027.664295 960 540
20180713T110027.673929 960 540
20180713T110027.682786 960 540
20180713T110027.690765 342.045 272.37 105.826 102.322 1.81068 317.835 294.73 339.138 294.9 20180713T110027.690765 960 540
20180713T110027.703046 960 540
20180713T110027.712171 960 540
20180713T110027.722721 341.884 272.971 104.594 101.445 1.51755 317.674 295.176 338.902 295.245 20180713T110027.722721 960 540
20180713T110027.731273 960 540
20180713T110027.742777 960 540
20180713T110027.750770 341.811 272.96 104.411 101.209 177.984 317.574 295.078 338.756 294.945 20180713T110027.750770 960 540
20180713T110027.762782 960 540
20180713T110027.770988 960 540
20180713T110027.782763 341.877 273.06 104.174 100.233 179.423 317.641 295.207 338.927 295.234 20180713T110027.782763 960 540
20180713T110027.791275 960 540
20180713T110027.803329 960 540
20180713T110027.811326 341.76 273.282 104.152 100.106 1.21426 317.558 295.38 338.826 295.631 20180713T110027.811326 960 540
20180713T110027.822804 960 540
20180713T110027.830734 960 540
20180713T110027.843547 341.566 273.458 103.646 99.7303 5.44131 317.381 295.465 338.371 295.71 20180713T110027.843547 960 540
20180713T110027.851987 960 540
20180713T110027.863097 960 540
20180713T110027.871107 341.619 273.269 103.673 99.8496 5.1965 317.521 295.406 338.682 295.677 20180713T110027.871107 960 540
20180713T110027.883190 960 540
20180713T110027.890768 960 540
20180713T110027.903399 341.896 273.036 104.106 99.6782 1.84409 317.553 295.212 338.622 295.224 20180713T110027.903399 960 540
20180713T110027.916384 960 540
20180713T110027.923634 960 540
20180713T110027.934778 341.776 273.044 104.357 99.63 3.0661 317.393 295.198 338.467 295.554 20180713T110027.934778 960 540
20180713T110027.943585 960 540
20180713T110027.954755 960 540
20180713T110027.962726 341.654 273.215 104.449 100.147 1.79562 317.465 295.24 338.45 295.46 20180713T110027.962726 960 540
20180713T110027.976157 960 540
20180713T110027.983696 960 540
20180713T110027.994775 341.717 272.79 104.706 100.375 1.74109 317.667 295.025 338.897 294.897 20180713T110027.994775 960 540
20180713T110028.003579 960 540
20180713T110028.015562 960 540
20180713T110028.022752 341.801 272.63 105.214 100.976 178.959 317.93 294.888 339.138 294.9 20180713T110028.022752 960 540
20180713T110028.035402 960 540
20180713T110028.043626 960 540
20180713T110028.055610 341.902 272.779 105.791 101.346 1.01097 317.93 294.888 339.071 295.005 20180713T110028.055610 960 540
20180713T110028.064356 960 540
20180713T110028.074761 960 540
20180713T110028.082733 341.747 272.887 106.286 101.837 178.086 317.74 295.119 339.192 295.152 20180713T110028.082733 960 540
20180713T110028.094738 960 540
20180713T110028.102817 960 540
20180713T110028.116307 341.65 272.723 106.729 101.796 3.24078 317.696 295.026 339.135 295.078 20180713T110028.116307 960 540
20180713T110028.124156 960 540
20180713T110028.135699 960 540
20180713T110028.143681 341.379 272.931 107.314 102.801 0.730698 317.756 295.129 338.899 295.152 20180713T110028.143681 960 540
20180713T110028.155712 960 540
20180713T110028.167706 960 540
20180713T110028.174763 341.413 272.841 107.119 103.053 177.726 317.674 295.176 339.186 295.245 20180713T110028.174763 960 540
20180713T110028.188280 960 540
20180713T110028.195670 960 540
20180713T110028.206729 341.667 273.149 107.781 103.314 4.15227 318.033 295.257 339.18 295.45 20180713T110028.206729 960 540
20180713T110028.215163 960 540
20180713T110028.226767 960 540
20180713T110028.235088 341.767 273.032 108.216 103.902 177.826 318.033 295.257 339.378 295.423 20180713T110028.235088 960 540
20180713T110028.248706 960 540
20180713T110028.255615 960 540
20180713T110028.266705 341.716 272.796 108.603 103.98 5.06662 318.078 295.185 339.413 295.258 20180713T110028.266705 960 540
20180713T110028.276382 960 540
20180713T110028.287315 960 540
20180713T110028.296309 341.6 272.957 108.504 104.4 2.77519 318.159 295.167 339.413 295.258 20180713T110028.296309 960 540
20180713T110028.307710 960 540
20180713T110028.315155 960 540
20180713T110028.326750 341.602 273.204 108.897 104.536 2.27898 318.033 295.257 339.378 295.423 20180713T110028.326750 960 540
20180713T110028.336951 960 540
20180713T110028.346755 960 540
20180713T110028.355433 341.572 273.25 108.985 104.877 1.39043 318.033 295.257 339.282 295.405 20180713T110028.355433 960 540
20180713T110028.369413 960 540
20180713T110028.374751 960 540
20180713T110028.387100 341.544 273.144 109.147 105.396 2.2225 318.078 295.185 339.413 295.258 20180713T110028.387100 960 540
20180713T110028.394765 960 540
20180713T110028.407180 960 540
20180713T110028.419299 341.567 273.123 109.457 105.31 5.39082 318.078 295.185 339.378 295.423 20180713T110028.419299 960 540
20180713T110028.428544 960 540
20180713T110028.439646 960 540
20180713T110028.446713 341.561 273.374 109.492 105.77 1.83044 318.033 295.257 339.338 295.512 20180713T110028.446713 960 540
20180713T110028.458729 960 540
20180713T110028.466757 960 540
20180713T110028.478762 341.724 273.413 109.681 105.799 6.23021 318.139 295.267 339.338 295.512 20180713T110028.478762 960 540
20180713T110028.491124 960 540
20180713T110028.498722 960 540
20180713T110028.507167 342.78 273.136 110.111 106.033 2.74548 318.678 295.133 339.986 294.943 20180713T110028.507167 960 540
20180713T110028.521623 960 540
20180713T110028.527464 960 540
20180713T110028.538777 342.41 273.29 109.978 106.083 3.86499 318.553 295.235 339.577 295.119 20180713T110028.538777 960 540
20180713T110028.548177 960 540
20180713T110028.558714 960 540
20180713T110028.566714 342.081 273.451 109.84 106.349 4.14449 318.211 295.305 339.338 295.512 20180713T110028.566714 960 540
20180713T110028.579642 960 540
20180713T110028.586928 960 540
20180713T110028.598780 341.995 273.411 110.295 106.532 7.45715 318.139 295.267 339.396 295.512 20180713T110028.598780 960 540
20180713T110028.607556 960 540
20180713T110028.619548 960 540
20180713T110028.626707 342.525 272.935 110.559 106.849 9.3956 318.795 294.655 339.801 294.871 20180713T110028.626707 960 540
20180713T110028.638758 960 540
20180713T110028.647710 960 540
20180713T110028.658810 342.787 272.72 110.727 106.842 10.3211 318.875 294.534 340.338 294.681 20180713T110028.658810 960 540
20180713T110028.671036 960 540
20180713T110028.679022 960 540
20180713T110028.691023 342.847 272.659 110.782 107.267 5.85571 318.909 294.432 340.371 294.71 20180713T110028.691023 960 540
20180713T110028.699178 960 540
20180713T110028.710752 960 540
20180713T110028.718745 342.825 272.671 110.948 107.254 8.8916 318.909 294.432 340.338 294.681 20180713T110028.718745 960 540
20180713T110028.730749 960 540
20180713T110028.738702 960 540
20180713T110028.750712 343.103 272.747 111.264 107.05 8.32654 319.463 294.474 340.588 294.627 20180713T110028.750712 960 540
20180713T110028.759030 960 540
20180713T110028.770753 960 540
20180713T110028.780205 343.426 272.541 111.26 107.251 4.27301 319.521 294.406 340.956 294.372 20180713T110028.780205 960 540
20180713T110028.791713 960 540
20180713T110028.798752 960 540
20180713T110028.810754 343.308 272.382 111.239 107.679 4.34814 319.5 294.163 340.901 294.114 20180713T110028.810754 960 540
20180713T110028.818720 960 540
20180713T110028.830749 960 540
20180713T110028.839301 343.241 272.314 111.464 107.739 6.40256 319.5 294.163 340.939 294.076 20180713T110028.839301 960 540
20180713T110028.852491 960 540
20180713T110028.859128 960 540
20180713T110028.870704 343.206 272.507 111.733 107.59 10.6087 319.521 294.406 340.859 294.5 20180713T110028.870704 960 540
20180713T110028.879537 960 540
20180713T110028.890751 960 540
20180713T110028.898761 343.274 272.399 111.514 107.6 7.08099 319.621 294.235 340.959 294.195 20180713T110028.898761 960 540
20180713T110028.911894 960 540
20180713T110028.922706 960 540
20180713T110028.930718 343.606 271.924 111.136 107.612 1.35245 319.909 293.432 341.27 293.942 20180713T110028.930718 960 540
20180713T110028.942707 960 540
20180713T110028.950748 960 540
20180713T110028.962757 343.639 271.908 110.881 107.627 1.50089 319.877 293.406 341.236 293.662 20180713T110028.962757 960 540
20180713T110028.970961 960 540
20180713T110028.982705 960 540
20180713T110028.990695 343.587 271.79 110.731 107.572 8.2233 319.925 293.341 341.318 293.597 20180713T110028.990695 960 540
20180713T110029.002747 960 540
20180713T110029.010786 960 540
20180713T110029.022762 343.709 271.614 110.762 107.42 5.06525 320.078 293.185 341.378 293.423 20180713T110029.022762 960 540
20180713T110029.032847 960 540
20180713T110029.042722 960 540
20180713T110029.051370 343.921 271.315 110.439 107.61 11.1867 320.39 292.835 341.469 293.039 20180713T110029.051370 960 540
20180713T110029.065043 960 540
20180713T110029.071006 960 540
20180713T110029.082750 344.006 271.321 110.818 107.904 6.31421 320.341 292.835 341.5 292.952 20180713T110029.082750 960 540
20180713T110029.092059 960 540
20180713T110029.102762 960 540
20180713T110029.110730 343.942 271.292 111.172 107.643 11.9764 320.302 292.816 341.454 292.976 20180713T110029.110730 960 540
20180713T110029.122713 960 540
20180713T110029.130749 960 540
20180713T110029.142779 343.691 271.256 110.765 108.042 7.08292 320.302 292.816 341.454 292.976 20180713T110029.142779 960 540
20180713T110029.152159 960 540
20180713T110029.971909 20 540
20180713T110029.979914 249.903 266.115 103.704 95.6368 126.929 270.774 290.695 292.458 290.844 20180713T110029.979914 20 540
20180713T110029.991290 20 540
20180713T110029.999505 20 540
20180713T110030.011495 250.001 266.142 103.383 95.9111 127.986 270.722 290.636 292.446 290.762 20180713T110030.011495 20 540
20180713T110030.018996 20 540
20180713T110030.030755 20 540
20180713T110030.039093 249.739 265.961 103.392 96.079 125.242 270.454 290.534 292.292 290.514 20180713T110030.039093 20 540
20180713T110030.051519 20 540
20180713T110030.059620 20 540
20180713T110030.071567 249.636 265.876 103.783 95.5325 127.618 270.645 290.642 292.384 290.527 20180713T110030.071567 20 540
20180713T110030.079101 20 540
20180713T110030.090992 20 540
20180713T110030.099564 250.074 266.127 103.88 96.5409 128.541 270.923 290.708 292.691 290.646 20180713T110030.099564 20 540
20180713T110030.111544 20 540
20180713T110030.119318 20 540
20180713T110030.130670 250.293 266.051 104.066 96.8265 126.311 270.941 290.634 292.775 290.796 20180713T110030.130670 20 540
20180713T110030.139020 20 540
20180713T110030.150711 20 540
20180713T110030.158710 250.42 266.153 104.558 97.4188 128.476 271.14 290.87 292.983 290.827 20180713T110030.158710 20 540
20180713T110030.171015 20 540
20180713T110030.182715 20 540
20180713T110030.190710 250.407 266.471 104.448 97.9816 127.042 271.034 290.847 293 291.081 20180713T110030.190710 20 540
20180713T110030.202674 20 540
20180713T110030.210665 20 540
20180713T110030.222729 250.058 266.691 105.844 98.9449 128.102 270.944 291.13 292.866 291.234 20180713T110030.222729 20 540
20180713T110030.230740 20 540
20180713T110030.242978 20 540
20180713T110030.250978 250.141 266.716 106.046 99.3418 128.262 270.911 291.153 292.78 291.216 20180713T110030.250978 20 540
20180713T110030.262727 20 540
20180713T110030.271045 20 540
20180713T110030.282665 249.747 267.012 106.78 99.8465 129.537 270.908 291.422 292.563 291.615 20180713T110030.282665 20 540
20180713T110030.290679 20 540
20180713T110030.302663 20 540
20180713T110030.310700 249.91 267.017 106.967 100.426 129.447 270.908 291.422 292.706 291.649 20180713T110030.310700 20 540
20180713T110030.324666 20 540
20180713T110030.331930 20 540
20180713T110030.342672 250.014 266.995 108.524 100.474 126.61 270.964 291.362 292.992 291.547 20180713T110030.342672 20 540
20180713T110030.350686 20 540
20180713T110030.362714 20 540
20180713T110030.372962 249.925 267.189 109.248 100.724 126.153 271 291.34 293.128 291.436 20180713T110030.372962 20 540
20180713T110030.383781 20 540
20180713T110030.391487 20 540
20180713T110030.403554 250.249 266.987 109.025 102.438 128.46 271 291.34 293.016 291.325 20180713T110030.403554 20 540
20180713T110030.412104 20 540
20180713T110030.422664 20 540
20180713T110030.435677 252.218 266.512 109.505 102.64 128.063 272.19 291.099 293.785 290.945 20180713T110030.435677 20 540
20180713T110030.444801 20 540
20180713T110030.454672 20 540
20180713T110030.462730 252.059 266.848 110.195 103.511 130.47 272.086 290.982 293.5 291.175 20180713T110030.462730 20 540
20180713T110030.474717 20 540
20180713T110030.482664 20 540
20180713T110030.494669 252.283 266.711 109.888 103.842 130.849 272.124 291.045 293.579 291.127 20180713T110030.494669 20 540
20180713T110030.502813 20 540
20180713T110030.514717 20 540
20180713T110030.522697 252.188 266.528 110.197 103.843 129.805 272.033 290.936 293.487 291.088 20180713T110030.522697 20 540
20180713T110030.534704 20 540
20180713T110030.542724 20 540
20180713T110030.554713 252.11 266.541 110.406 104.174 130.393 272.099 290.898 293.771 291.096 20180713T110030.554713 20 540
20180713T110030.562710 20 540
20180713T110030.574662 20 540
20180713T110030.582664 252.391 266.691 110.963 103.567 129.094 272.224 291.073 293.861 291.29 20180713T110030.582664 20 540
20180713T110030.594729 20 540
20180713T110030.602775 20 540
20180713T110030.614744 252.284 266.859 110.363 104.308 128.21 272.142 291.173 293.776 291.308 20180713T110030.614744 20 540
20180713T110030.622701 20 540
20180713T110030.634664 20 540
20180713T110030.642665 252.114 267.252 110.811 104.057 129.406 271.935 291.542 293.569 291.884 20180713T110030.642665 20 540
20180713T110030.655040 20 540
20180713T110030.662716 20 540
20180713T110030.674731 252.1 267.2 110.918 104.103 128.307 271.917 291.413 293.5 291.82 20180713T110030.674731 20 540
20180713T110030.686672 20 540
20180713T110030.695322 20 540
20180713T110030.707327 252.59 266.863 111.158 104.097 127.784 272.421 291.362 294.306 291.541 20180713T110030.707327 20 540
20180713T110030.715889 20 540
20180713T110030.726744 20 540
20180713T110030.734708 252.945 266.877 111.356 103.829 127.398 272.848 291.479 294.416 291.772 20180713T110030.734708 20 540
20180713T110030.747332 20 540
20180713T110030.755187 20 540
20180713T110030.767192 252.646 267.077 111.188 104.035 127.622 272.529 291.373 294.265 291.813 20180713T110030.767192 20 540
20180713T110030.774797 20 540
20180713T110030.786707 20 540
20180713T110030.794705 252.332 267.036 111.396 104.324 127.156 272.381 291.343 293.946 291.878 20180713T110030.794705 20 540
20180713T110030.806697 20 540
20180713T110030.814656 20 540
20180713T110030.826660 252.1 267.389 112.134 104.092 126.036 272.038 291.629 293.717 291.881 20180713T110030.826660 20 540
20180713T110030.834722 20 540
20180713T110030.846702 20 540
20180713T110030.855756 252.144 267.641 112.126 104.636 125.717 272.045 291.832 293.469 292.039 20180713T110030.855756 20 540
20180713T110030.867513 20 540
20180713T110030.875472 20 540
20180713T110030.887538 252.002 267.497 112.395 104.674 126.547 272.16 291.875 293.559 292.038 20180713T110030.887538 20 540
20180713T110030.894963 20 540
20180713T110030.906653 20 540
20180713T110030.915685 252.257 267.723 112.249 105.15 125.113 272.176 291.943 293.847 292.042 20180713T110030.915685 20 540
20180713T110030.927749 20 540
20180713T110030.939020 20 540
20180713T110030.947656 252.298 267.755 112.469 105.348 122.032 272.401 292.077 293.874 292.184 20180713T110030.947656 20 540
20180713T110030.959359 20 540
20180713T110030.967422 20 540
20180713T110030.979399 252.235 267.812 112.689 105.502 125.14 272.18 292.01 293.814 292.114 20180713T110030.979399 20 540
20180713T110030.988906 20 540
20180713T110030.998688 20 540
20180713T110031.007652 252.432 267.458 113.003 106.041 123.37 272.679 291.695 294.138 291.9 20180713T110031.007652 20 540
20180713T110031.019716 20 540
20180713T110031.026752 20 540
20180713T110031.038730 252.41 267.19 113.317 105.759 125.642 272.657 291.441 294.265 291.813 20180713T110031.038730 20 540
20180713T110031.047797 20 540
20180713T110031.058691 20 540
20180713T110031.067119 252.563 266.991 113.549 106.314 122.029 272.498 291.35 294.275 291.564 20180713T110031.067119 20 540
20180713T110031.078837 20 540
20180713T110031.086823 20 540
20180713T110031.099473 252.417 267.114 113.552 106.492 124.868 272.318 291.289 294.133 291.351 20180713T110031.099473 20 540
20180713T110031.109299 20 540
20180713T110031.119526 20 540
20180713T110031.126690 252.364 266.753 113.912 106.508 123.533 272.59 290.985 294.287 291.231 20180713T110031.126690 20 540
20180713T110031.139799 20 540
20180713T110031.147653 20 540
20180713T110031.159650 252.377 266.83 114.164 106.721 120.469 272.59 290.985 294.239 291.175 20180713T110031.159650 20 540
20180713T110031.168009 20 540
20180713T110031.178724 20 540
20180713T110031.192649 252.271 266.904 114.436 107.278 124.774 272.237 291.276 293.785 291.566 20180713T110031.192649 20 540
20180713T110031.199873 20 540
20180713T110031.210705 20 540
20180713T110031.218692 251.859 267.039 114.526 107.28 124.069 272.083 291.333 293.357 291.596 20180713T110031.218692 20 540
20180713T110031.230874 20 540
20180713T110031.238650 20 540
20180713T110031.251753 251.488 267.32 114.409 107.972 125.801 271.421 291.362 293.338 291.681 20180713T110031.251753 20 540
20180713T110031.259940 20 540
20180713T110031.270684 20 540
20180713T110031.278649 251.596 267.048 114.623 108.19 124.741 271.462 291.343 293.338 291.512 20180713T110031.278649 20 540
20180713T110031.290730 20 540
20180713T110031.298940 20 540
20180713T110031.311244 251.688 266.917 115.049 107.82 124.487 271.809 291.003 293.425 291.338 20180713T110031.311244 20 540
20180713T110031.321204 20 540
20180713T110031.331721 20 540
20180713T110031.338648 251.863 266.612 115.458 108.031 125.426 271.799 290.912 293.374 291.183 20180713T110031.338648 20 540
20180713T110031.350837 20 540
20180713T110031.358655 20 540
20180713T110031.371540 252.027 266.671 115.646 108.155 124.036 272.037 290.854 293.568 291.036 20180713T110031.371540 20 540
20180713T110031.379541 20 540
20180713T110031.391176 20 540
20180713T110031.399178 252.106 266.511 115.426 108.402 122.363 272.037 290.854 293.583 290.944 20180713T110031.399178 20 540
20180713T110031.411186 20 540
20180713T110031.419186 20 540
20180713T110031.431012 251.996 266.512 115.606 108.209 125.803 271.832 290.937 293.487 291.088 20180713T110031.431012 20 540
20180713T110031.443920 20 540
20180713T110031.450668 20 540
20180713T110031.462654 251.845 266.435 115.806 108.191 124.873 271.799 290.912 293.431 291.069 20180713T110031.462654 20 540
20180713T110032.154663 20 1060
20180713T110032.166670 20 1060
20180713T110032.175530 252.228 308.537 116.09 111.596 90.0819 273.231 310.719 295.275 310.627 20180713T110032.175530 20 1060
20180713T110032.187824 20 1060
20180713T110032.198670 20 1060
20180713T110032.207504 252.219 308.49 115.829 111.347 87.3673 273.173 310.641 295.4 310.543 20180713T110032.207504 20 1060
20180713T110032.220851 20 1060
20180713T110032.226624 20 1060
20180713T110032.238696 251.885 308.877 115.279 110.959 81.1623 273.115 310.956 295.164 310.796 20180713T110032.238696 20 1060
20180713T110032.248509 20 1060
20180713T110032.258704 20 1060
20180713T110032.266669 251.801 308.901 115.175 110.574 81.3357 272.962 311.066 294.99 310.99 20180713T110032.266669 20 1060
20180713T110032.280803 20 1060
20180713T110032.287691 20 1060
20180713T110032.299704 251.74 309.297 115.295 110.411 83.3652 272.991 311.396 295.201 311.466 20180713T110032.299704 20 1060
20180713T110032.308888 20 1060
20180713T110032.318706 20 1060
20180713T110032.327708 251.672 309.31 114.6 110.134 80.1389 272.908 311.422 294.93 311.612 20180713T110032.327708 20 1060
20180713T110032.338679 20 1060
20180713T110032.346669 20 1060
20180713T110032.358615 251.266 309.347 114.483 109.904 80.683 272.651 311.462 294.371 311.71 20180713T110032.358615 20 1060
20180713T110032.366665 20 1060
20180713T110032.379611 20 1060
20180713T110032.387006 251.327 309.426 114.899 110.153 80.6118 272.651 311.462 294.582 311.783 20180713T110032.387006 20 1060
20180713T110032.399612 20 1060
20180713T110032.406666 20 1060
20180713T110032.418615 251.557 309.229 115.079 110.12 82.1245 272.908 311.422 294.795 311.482 20180713T110032.418615 20 1060
20180713T110032.427945 20 1060
20180713T110032.438880 20 1060
20180713T110032.450652 251.717 309.043 115.275 109.764 83.306 273.083 311.314 295 311.495 20180713T110032.450652 20 1060
20180713T110032.458740 20 1060
20180713T110032.470712 20 1060
20180713T110032.478686 251.65 309.024 115.293 110.305 80.3138 273 311.34 294.969 311.156 20180713T110032.478686 20 1060
20180713T110032.491527 20 1060
20180713T110032.498618 20 1060
20180713T110032.510617 251.255 308.967 115.588 110.408 80.9272 272.707 311.33 294.61 311.128 20180713T110032.510617 20 1060
20180713T110032.519453 20 1060
20180713T110032.530755 20 1060
20180713T110032.538667 251.317 308.91 116.064 110.855 81.441 272.676 310.92 294.637 310.945 20180713T110032.538667 20 1060
20180713T110032.550830 20 1060
20180713T110032.558637 20 1060
20180713T110032.571608 251.398 308.767 116.365 110.816 81.7072 273.039 310.958 295 310.901 20180713T110032.571608 20 1060
20180713T110032.579697 20 1060
20180713T110032.590658 20 1060
20180713T110032.598702 251.525 308.955 116.828 111.371 81.9836 273.079 311.109 295.23 311.289 20180713T110032.598702 20 1060
20180713T110032.610703 20 1060
20180713T110032.618701 20 1060
20180713T110032.630657 251.442 309.06 117.092 111.378 82.8912 273.179 311.173 295.23 311.289 20180713T110032.630657 20 1060
20180713T110032.638642 20 1060
20180713T110032.650638 20 1060
20180713T110032.658701 251.316 308.751 117.507 111.937 81.9862 272.894 310.938 294.903 310.903 20180713T110032.658701 20 1060
20180713T110032.670839 20 1060
20180713T110032.678677 20 1060
20180713T110032.690653 250.968 308.861 117.318 112.131 84.8585 272.645 310.945 294.615 310.906 20180713T110032.690653 20 1060
20180713T110032.702623 20 1060
20180713T110032.710624 20 1060
20180713T110032.723501 251.407 308.751 117.724 112.749 86.1335 273.076 311.021 295.101 311 20180713T110032.723501 20 1060
20180713T110032.730710 20 1060
20180713T110032.742729 20 1060
20180713T110032.750735 251.703 308.718 117.918 112.553 80.3927 273.43 310.76 295.329 310.737 20180713T110032.750735 20 1060
20180713T110032.764664 20 1060
20180713T110032.771084 20 1060
20180713T110032.783806 252.412 308.268 118.116 113.338 86.2355 274.382 310.561 296.347 310.347 20180713T110032.783806 20 1060
20180713T110032.791023 20 1060
20180713T110032.802978 20 1060
20180713T110032.811702 252.625 308.436 118.423 113.506 84.84 274.454 310.534 296.412 310.627 20180713T110032.811702 20 1060
20180713T110032.823742 20 1060
20180713T110032.830686 20 1060
20180713T110032.842606 252.157 308.634 119.26 113.548 82.4961 274.089 310.676 295.906 310.441 20180713T110032.842606 20 1060
20180713T110032.850877 20 1060
20180713T110032.862652 20 1060
20180713T110032.870705 251.963 308.347 118.619 113.65 82.6089 273.7 310.748 295.671 310.676 20180713T110032.870705 20 1060
20180713T110032.883800 20 1060
20180713T110032.890684 20 1060
20180713T110032.902651 251.811 308.477 119.336 113.766 83.356 273.545 310.852 295.574 310.73 20180713T110032.902651 20 1060
20180713T110032.911075 20 1060
20180713T110032.922611 20 1060
20180713T110032.930659 251.867 308.333 119.133 114.053 84.0992 273.5 310.792 295.5 310.667 20180713T110032.930659 20 1060
20180713T110032.942667 20 1060
20180713T110032.954651 20 1060
20180713T110032.962700 252.327 308.151 119.257 114.145 85.2129 274.248 310.706 295.929 310.4 20180713T110032.962700 20 1060
20180713T110032.974756 20 1060
20180713T110032.982619 20 1060
20180713T110032.994606 252.547 308.366 120.111 114.167 81.2599 274.34 310.467 296.329 310.258 20180713T110032.994606 20 1060
20180713T110033.003457 20 1060
20180713T110033.014684 20 1060
20180713T110033.022680 252.268 308.073 119.595 114.333 82.2428 274.074 310.222 296 310.147 20180713T110033.022680 20 1060
20180713T110033.035219 20 1060
20180713T110033.042678 20 1060
20180713T110033.055216 252.162 308.013 119.421 113.928 81.9891 273.968 310.271 295.535 310.152 20180713T110033.055216 20 1060
20180713T110033.064455 20 1060
20180713T110033.075504 20 1060
20180713T110033.082683 251.989 307.588 119.766 114.616 83.7448 273.843 309.899 295.615 309.906 20180713T110033.082683 20 1060
20180713T110033.096172 20 1060
20180713T110033.103780 20 1060
20180713T110033.114652 251.951 307.514 119.869 114.541 86.3853 273.754 309.748 295.529 309.81 20180713T110033.114652 20 1060
20180713T110033.124237 20 1060
20180713T110033.134603 20 1060
20180713T110033.142662 251.99 307.613 120.662 114.625 79.636 273.745 309.607 295.543 309.71 20180713T110033.142662 20 1060
20180713T110033.154710 20 1060
20180713T110033.162681 20 1060
20180713T110033.175337 252.129 307.223 120.135 114.489 82.2664 273.917 309.34 295.721 309.676 20180713T110033.175337 20 1060
20180713T110033.184435 20 1060
20180713T110033.194680 20 1060
20180713T110033.206606 252.276 307.054 120.676 114.602 80.3968 274.079 309.105 296.116 309.222 20180713T110033.206606 20 1060
20180713T110033.214845 20 1060
20180713T110033.226645 20 1060
20180713T110033.234676 252.308 306.932 121.393 114.781 80.6659 274.11 309.081 295.986 308.943 20180713T110033.234676 20 1060
20180713T110033.246652 20 1060
20180713T110033.255333 20 1060
20180713T110033.267259 252.117 307.258 121.517 114.926 85.1851 273.921 309.127 295.561 309.061 20180713T110033.267259 20 1060
20180713T110033.275271 20 1060
20180713T110033.287523 20 1060
20180713T110033.294677 252.093 307.411 121.66 114.897 81.4689 273.749 309.425 295.467 309.374 20180713T110033.294677 20 1060
20180713T110033.307573 20 1060
20180713T110033.314647 20 1060
20180713T110033.326641 251.842 307.359 121.899 115.571 84.8639 273.474 309.276 295.378 309.423 20180713T110033.326641 20 1060
20180713T110033.335598 20 1060
20180713T110033.346597 20 1060
20180713T110033.355589 251.799 307.497 121.993 115.692 82.7346 273.417 309.396 295.357 309.596 20180713T110033.355589 20 1060
20180713T110033.367370 20 1060
20180713T110033.374711 20 1060
20180713T110033.386640 252.195 306.886 122.188 116.26 84.0411 273.676 308.92 295.569 308.884 20180713T110033.386640 20 1060
20180713T110033.395164 20 1060
20180713T110033.406596 20 1060
20180713T110033.416004 252.576 306.486 122.578 116.051 84.9037 274.223 308.292 296 308.147 20180713T110033.416004 20 1060
20180713T110033.427032 20 1060
20180713T110033.434659 20 1060
20180713T110033.446637 253.145 305.533 122.205 116.517 82.968 274.688 307.442 296.622 307.901 20180713T110033.446637 20 1060
20180713T110033.458714 20 1060
20180713T110033.466642 20 1060
20180713T110033.478644 253.225 305.534 121.726 116.565 85.7006 274.908 307.422 296.672 307.609 20180713T110033.478644 20 1060
20180713T110033.487162 20 1060
20180713T110033.498600 20 1060
20180713T110033.506638 252.864 305.797 122.313 116.778 84.5103 274.564 307.542 296.329 307.737 20180713T110033.506638 20 1060
20180713T110033.518640 20 1060
20180713T110033.526656 20 1060
20180713T110033.540188 252.77 306.061 122.401 116.573 83.1735 274.403 307.786 296.138 307.9 20180713T110033.540188 20 1060
20180713T110033.547153 20 1060
20180713T110033.558628 20 1060
20180713T110033.566640 252.714 305.995 122.489 116.32 84.027 274.189 307.835 296.138 307.9 20180713T110033.566640 20 1060
20180713T110033.579775 20 1060
20180713T110033.586892 20 1060
20180713T110033.598704 252.738 305.67 122.611 116.727 84.3583 274.343 307.627 296.438 307.871 20180713T110033.598704 20 1060
20180713T110033.607005 20 1060
20180713T110033.618664 20 1060
20180713T110033.626909 252.823 305.523 122.544 116.924 87.2632 274.346 307.394 296.275 307.564 20180713T110033.626909 20 1060
20180713T110033.638960 20 1060
20180713T110033.647315 20 1060
20180713T110034.554573 345.406 311.245 109.048 107.89 34.98 323.935 310.63 345.295 310.71 20180713T110034.554573 960 1060
20180713T110034.567419 960 1060
20180713T110034.574688 960 1060
20180713T110034.587654 345.595 311.061 109.166 107.635 13.2213 323.957 310.564 345.324 310.543 20180713T110034.587654 960 1060
20180713T110034.594737 960 1060
20180713T110034.606657 960 1060
20180713T110034.614624 345.285 311.203 108.821 107.614 15.7439 323.957 310.564 345.123 310.76 20180713T110034.614624 960 1060
20180713T110034.627521 960 1060
20180713T110034.634616 960 1060
20180713T110034.647100 345.227 311.639 109.565 107.377 18.6869 323.877 311.004 344.867 310.867 20180713T110034.647100 960 1060
20180713T110034.656712 960 1060
20180713T110034.666705 960 1060
20180713T110034.674616 345.384 311.425 109.535 107.727 25.1234 323.882 310.862 344.943 310.929 20180713T110034.674616 960 1060
20180713T110034.687417 960 1060
20180713T110034.694629 960 1060
20180713T110034.706607 345.375 311.424 110.182 107.78 19.2964 323.93 310.596 345.164 310.796 20180713T110034.706607 960 1060
20180713T110034.719774 960 1060
20180713T110034.727775 960 1060
20180713T110034.738567 345.062 311.273 110.151 108.194 16.9997 323.699 310.532 344.682 310.677 20180713T110034.738567 960 1060
20180713T110034.748488 960 1060
20180713T110034.758645 960 1060
20180713T110034.766614 344.617 311.626 110.869 108.689 18.1893 323.076 311.051 344.343 310.836 20180713T110034.766614 960 1060
20180713T110034.780424 960 1060
20180713T110034.787812 960 1060
20180713T110034.799042 344.471 311.608 111.105 108.907 21.8353 322.95 310.961 344.138 310.9 20180713T110034.799042 960 1060
20180713T110034.806654 960 1060
20180713T110034.818621 960 1060
20180713T110034.826561 344.868 311.188 111.968 109.47 18.9727 323.322 310.419 344.446 310.5 20180713T110034.826561 960 1060
20180713T110034.838653 960 1060
20180713T110034.846612 960 1060
20180713T110034.858596 345.076 310.907 112.276 109.595 19.1901 323.821 310.251 344.718 310.108 20180713T110034.858596 960 1060
20180713T110034.867264 960 1060
20180713T110034.878566 960 1060
20180713T110034.886695 345.433 310.959 113.113 110.226 15.4319 324.011 310.23 345.231 310.069 20180713T110034.886695 960 1060
20180713T110034.898648 960 1060
20180713T110034.906633 960 1060
20180713T110034.918596 345.396 310.95 113.53 110.665 16.7489 323.883 310.311 344.939 310.076 20180713T110034.918596 960 1060
20180713T110034.926958 960 1060
20180713T110034.939022 960 1060
20180713T110034.947855 345.453 311.167 114.063 111.546 17.8981 324.033 310.533 345.367 310.657 20180713T110034.947855 960 1060
20180713T110034.959969 960 1060
20180713T110034.970562 960 1060
20180713T110034.978604 345.504 311.298 114.659 111.767 14.0931 324.011 310.6 345.32 310.653 20180713T110034.978604 960 1060
20180713T110034.990629 960 1060
20180713T110034.998610 960 1060
20180713T110035.010604 345.359 311.48 114.816 112.472 19.7232 323.93 310.596 345.201 310.824 20180713T110035.010604 960 1060
20180713T110035.018932 960 1060
20180713T110035.030557 960 1060
20180713T110035.038601 345.3 311.513 115.292 112.579 14.6344 323.882 310.862 345.134 310.995 20180713T110035.038601 960 1060
20180713T110035.050685 960 1060
20180713T110035.058657 960 1060
20180713T110035.070592 345.012 311.878 115.803 113.068 15.0253 323.752 311.294 344.543 311.164 20180713T110035.070592 960 1060
20180713T110035.079515 960 1060
20180713T110035.090625 960 1060
20180713T110035.098813 344.916 311.964 115.699 112.967 14.0236 323.752 311.294 344.502 311.239 20180713T110035.098813 960 1060
20180713T110035.110572 960 1060
20180713T110035.118639 960 1060
20180713T110035.131871 345.101 311.874 115.708 113.332 15.0343 323.752 311.294 344.838 311.359 20180713T110035.131871 960 1060
20180713T110035.139902 960 1060
20180713T110035.150608 960 1060
20180713T110035.158584 344.976 311.88 115.984 113.165 17.4751 323.752 311.294 344.59 311 20180713T110035.158584 960 1060
20180713T110035.170625 960 1060
20180713T110035.178645 960 1060
20180713T110035.190630 344.544 311.966 115.818 113.383 20.7189 323.076 311.051 344.231 311.069 20180713T110035.190630 960 1060
20180713T110035.199829 960 1060
20180713T110035.210613 960 1060
20180713T110035.222603 344.309 312.02 115.688 113.469 13.1011 322.752 311.294 344.11 311.21 20180713T110035.222603 960 1060
20180713T110035.230691 960 1060
20180713T110035.242553 960 1060
20180713T110035.250554 344.266 312.486 115.631 113.554 9.74997 322.926 311.468 344.329 311.596 20180713T110035.250554 960 1060
20180713T110035.262709 960 1060
20180713T110035.270708 960 1060
20180713T110035.282627 344.61 312.48 116.081 113.384 17.7157 323.112 311.446 344.338 311.681 20180713T110035.282627 960 1060
20180713T110035.290938 960 1060
20180713T110035.302549 960 1060
20180713T110035.310553 344.893 312.069 116.044 113.751 15.1316 323.585 311.273 344.423 311.468 20180713T110035.310553 960 1060
20180713T110035.322924 960 1060
20180713T110035.330603 960 1060
20180713T110035.342623 344.865 312.25 115.969 113.702 14.0903 323.549 311.333 344.412 311.627 20180713T110035.342623 960 1060
20180713T110035.350949 960 1060
20180713T110035.362630 960 1060
20180713T110035.370665 344.541 312.372 115.745 113.98 14.355 323.074 311.468 344.295 311.648 20180713T110035.370665 960 1060
20180713T110035.382561 960 1060
20180713T110035.390564 960 1060
20180713T110035.402597 344.553 312.232 115.896 114.099 16.3136 323.267 311.246 344.267 311.31 20180713T110035.402597 960 1060
20180713T110035.410631 960 1060
20180713T110035.422600 960 1060
20180713T110035.432044 344.699 311.688 116.401 114.318 1.38348 323.591 311.1 344.386 310.952 20180713T110035.432044 960 1060
20180713T110035.442745 960 1060
20180713T110035.450569 960 1060
20180713T110035.462636 344.921 311.923 116.572 114.728 18.687 323.767 311.204 344.552 310.909 20180713T110035.462636 960 1060
20180713T110035.474633 960 1060
20180713T110035.482608 960 1060
20180713T110035.494598 344.827 312.013 116.905 114.964 13.7325 323.667 311.288 344.588 311.627 20180713T110035.494598 960 1060
20180713T110035.503500 960 1060
20180713T110035.514595 960 1060
20180713T110035.523780 344.802 312.201 117.013 115.083 14.0158 323.812 311.355 344.781 311.667 20180713T110035.523780 960 1060
20180713T110035.535388 960 1060
20180713T110035.542598 960 1060
20180713T110035.554624 344.715 312.339 117.343 115.5 17.1453 323.805 311.404 344.543 311.795 20180713T110035.554624 960 1060
20180713T110035.563483 960 1060
20180713T110035.575453 960 1060
20180713T110035.582793 344.526 312.297 117.623 115.484 12.8481 323.374 311.544 344.371 311.71 20180713T110035.582793 960 1060
20180713T110035.594568 960 1060
20180713T110035.602715 960 1060
20180713T110035.615432 344.257 312.356 117.791 115.625 18.1889 322.993 311.733 344.237 312.045 20180713T110035.615432 960 1060
20180713T110035.623511 960 1060
20180713T110035.634600 960 1060
20180713T110035.642659 344.094 312.531 118.089 115.781 20.8149 322.993 311.733 344.101 311.874 20180713T110035.642659 960 1060
20180713T110035.654645 960 1060
20180713T110035.662576 960 1060
20180713T110035.674550 344.339 312.424 118.517 116.129 20.2522 323.144 311.667 344.371 311.71 20180713T110035.674550 960 1060
20180713T110035.682932 960 1060
20180713T110035.694592 960 1060
20180713T110035.702843 344.429 312.045 118.6 116.168 12.6525 323.19 311.434 344.338 311.681 20180713T110035.702843 960 1060
20180713T110035.715910 960 1060
20180713T110035.726577 960 1060
20180713T110035.734601 344.28 312.04 119.427 116.131 15.0324 323.074 311.468 344.295 311.648 20180713T110035.734601 960 1060
20180713T110035.746628 960 1060
20180713T110035.754603 960 1060
20180713T110035.766595 343.955 312.108 119.199 116.187 11.9777 322.853 311.369 344.13 311.556 20180713T110035.766595 960 1060
20180713T110035.776162 960 1060
20180713T110035.786593 960 1060
20180713T110035.794595 343.581 312.273 119.295 116.915 12.5278 322.44 311.465 343.458 311.745 20180713T110035.794595 960 1060
20180713T110035.806595 960 1060
20180713T110035.814550 960 1060
20180713T110035.827875 343.563 312.313 119.297 116.901 8.06851 322.554 311.944 343.5 311.82 20180713T110035.827875 960 1060
20180713T110035.836019 960 1060
20180713T110035.846557 960 1060
20180713T110035.854548 344.188 311.993 119.746 117.113 8.52481 323.043 311.564 344.329 311.596 20180713T110035.854548 960 1060
20180713T110035.866790 960 1060
20180713T110035.874715 960 1060
20180713T110035.886615 344.573 311.72 119.596 117.312 15.1727 323.752 311.294 344.467 311.554 20180713T110035.886615 960 1060
20180713T110035.894768 960 1060
20180713T110035.906544 960 1060
20180713T110035.914577 344.825 311.563 119.682 117.072 12.2286 323.725 311.225 344.705 310.874 20180713T110035.914577 960 1060
20180713T110035.926608 960 1060
20180713T110035.934619 960 1060
20180713T110035.946587 344.205 311.554 119.914 117.122 9.69244 323.289 311.099 344.402 310.922 20180713T110035.946587 960 1060
20180713T110035.955383 960 1060
20180713T110035.966613 960 1060
20180713T110035.978581 343.801 311.552 119.906 117.207 3.31197 322.752 311.294 343.974 311.034 20180713T110035.978581 960 1060
20180713T110035.987776 960 1060
20180713T110035.998580 960 1060
20180713T110036.006632 343.535 311.634 120.005 117.169 4.00864 322.604 311.234 343.615 311.371 20180713T110036.006632 960 1060
20180713T110036.019025 960 1060
20180713T110036.027023 960 1060
20180713T110036.039436 343.416 311.457 120.138 117.103 5.59207 322.641 311.207 343.568 311.036 20180713T110036.039436 960 1060
20180713T110036.048073 960 1060
20180713T110036.690894 1900 1060
20180713T110036.703623 426.968 316.911 108.922 101.575 95.8726 365.269 313.377 388.112 313.446 20180713T110036.703623 1900 1060
20180713T110036.711557 1900 1060
20180713T110036.722595 1900 1060
20180713T110036.734619 427.116 316.814 107.664 100.574 97.6262 365.439 313.409 388.25 313.657 20180713T110036.734619 1900 1060
20180713T110036.743528 1900 1060
20180713T110036.755344 1900 1060
20180713T110036.762524 427.202 316.954 107.351 100.322 98.4277 365.364 313.515 388.158 313.832 20180713T110036.762524 1900 1060
20180713T110036.774583 1900 1060
20180713T110036.783411 1900 1060
20180713T110036.794532 427.361 317.102 106.423 99.5122 99.0849 365.336 313.544 388.205 314.055 20180713T110036.794532 1900 1060
20180713T110036.803565 1900 1060
20180713T110036.814593 1900 1060
20180713T110036.822561 427.476 316.957 106.145 98.9456 97.1826 365.366 313.49 388.149 313.736 20180713T110036.822561 1900 1060
20180713T110036.834969 1900 1060
20180713T110036.842590 1900 1060
20180713T110036.854564 427.504 317.319 105.441 98.5405 98.9397 365.411 313.893 388.149 314.156 20180713T110036.854564 1900 1060
20180713T110036.862588 1900 1060
20180713T110036.874522 1900 1060
20180713T110036.882525 427.401 317.049 104.979 98.7853 98.5918 365.356 313.546 388.244 314.111 20180713T110036.882525 1900 1060
20180713T110036.894574 1900 1060
20180713T110036.902668 1900 1060
20180713T110036.914526 428.054 316.853 104.786 98.072 98.0796 365.652 313.325 388.823 313.622 20180713T110036.914526 1900 1060
20180713T110036.922591 1900 1060
20180713T110036.934632 1900 1060
20180713T110036.942572 428.211 316.86 104.375 97.7019 99.0526 366.138 313.397 389.096 314.103 20180713T110036.942572 1900 1060
20180713T110036.954540 1900 1060
20180713T110036.962536 1900 1060
20180713T110036.974568 428.255 316.885 103.802 97.4987 97.2607 366.061 313.421 389.042 313.917 20180713T110036.974568 1900 1060
20180713T110036.986609 1900 1060
20180713T110036.994515 1900 1060
20180713T110037.006526 427.988 316.92 103.56 97.2998 99.4531 365.845 313.466 388.875 314.075 20180713T110037.006526 1900 1060
20180713T110037.015719 1900 1060
20180713T110037.026621 1900 1060
20180713T110037.034519 428.091 317.062 103.587 97.3837 100.945 365.9 313.714 389.043 314.388 20180713T110037.034519 1900 1060
20180713T110037.046559 1900 1060
20180713T110037.054600 1900 1060
20180713T110037.066576 428.27 317.146 103.882 97.1009 97.7572 365.9 313.714 388.938 314.267 20180713T110037.066576 1900 1060
20180713T110037.074776 1900 1060
20180713T110037.086519 1900 1060
20180713T110037.094561 428.118 316.9 103.945 97.4932 97.3821 365.845 313.466 388.898 314.147 20180713T110037.094561 1900 1060
20180713T110037.107713 1900 1060
20180713T110037.115442 1900 1060
20180713T110037.126565 428.196 317.06 104.38 97.4867 97.7888 366.048 313.691 389 314.211 20180713T110037.126565 1900 1060
20180713T110037.134564 1900 1060
20180713T110037.146546 1900 1060
20180713T110037.154565 428.47 317.124 104.44 98.2286 97.2668 366.271 313.735 389.01 314.446 20180713T110037.154565 1900 1060
20180713T110037.166608 1900 1060
20180713T110037.174586 1900 1060
20180713T110037.186517 428.438 316.893 104.691 98.521 98.7461 366.384 313.658 389.179 314.251 20180713T110037.186517 1900 1060
20180713T110037.194806 1900 1060
20180713T110037.206560 1900 1060
20180713T110037.214523 428.994 316.14 104.977 99.227 97.0197 367.067 313.099 389.869 313.634 20180713T110037.214523 1900 1060
20180713T110037.226565 1900 1060
20180713T110037.238634 1900 1060
20180713T110037.246561 428.934 316.061 105.516 99.9735 97.818 367.065 312.71 389.823 313.299 20180713T110037.246561 1900 1060
20180713T110037.258526 1900 1060
20180713T110037.266551 1900 1060
20180713T110037.278620 428.586 315.762 106.463 100.038 96.5251 366.763 312.531 389.549 313.052 20180713T110037.278620 1900 1060
20180713T110037.286757 1900 1060
20180713T110037.298563 1900 1060
20180713T110037.306512 428.266 315.686 106.462 100.946 95.7574 366.71 312.58 389.799 313.118 20180713T110037.306512 1900 1060
20180713T110037.318570 1900 1060
20180713T110037.326556 1900 1060
20180713T110037.338523 428.591 315.294 107.128 101.444 99.8931 367.05 312.215 389.787 312.837 20180713T110037.338523 1900 1060
20180713T110037.346564 1900 1060
20180713T110037.358595 1900 1060
20180713T110037.366549 428.598 315.375 107.098 101.844 100.484 367.289 312.154 389.877 312.727 20180713T110037.366549 1900 1060
20180713T110037.378545 1900 1060
20180713T110037.386584 1900 1060
20180713T110037.398555 428.356 315.335 107.933 101.794 98.2596 366.997 312.122 389.81 312.771 20180713T110037.398555 1900 1060
20180713T110037.406608 1900 1060
20180713T110037.418512 1900 1060
20180713T110037.426500 428.207 315.448 107.73 101.999 97.0575 366.825 312.342 389.651 312.761 20180713T110037.426500 1900 1060
20180713T110037.438586 1900 1060
20180713T110037.446564 1900 1060
20180713T110037.458532 427.81 315.596 107.859 102.09 96.9504 366.5 312.594 389.398 313.085 20180713T110037.458532 1900 1060
20180713T110037.466596 1900 1060
20180713T110037.478591 1900 1060
20180713T110037.490554 427.729 315.705 107.702 102.06 95.0205 366.516 312.705 389.285 312.984 20180713T110037.490554 1900 1060
20180713T110037.498556 1900 1060
20180713T110037.510522 1900 1060
20180713T110037.518556 428.395 315.625 107.781 101.947 101.345 367.113 312.484 389.873 313.098 20180713T110037.518556 1900 1060
20180713T110037.530596 1900 1060
20180713T110037.538544 1900 1060
20180713T110037.550531 430.059 315.6 107.482 101.626 98.304 367.8 312.669 390.698 312.959 20180713T110037.550531 1900 1060
20180713T110037.558584 1900 1060
20180713T110037.570583 1900 1060
20180713T110037.578509 429.799 315.312 107.716 101.381 100.468 367.5 312.372 390.58 312.983 20180713T110037.578509 1900 1060
20180713T110037.590530 1900 1060
20180713T110037.598562 1900 1060
20180713T110037.611400 429.65 315.066 107.824 101.393 99.0801 367.477 312.313 390.425 312.704 20180713T110037.611400 1900 1060
20180713T110037.619339 1900 1060
20180713T110037.631045 1900 1060
20180713T110037.639114 429.877 315.019 108.239 100.739 98.8324 367.453 312.013 390.598 312.477 20180713T110037.639114 1900 1060
20180713T110037.650583 1900 1060
20180713T110037.658652 1900 1060
20180713T110037.670673 429.98 315.004 107.969 101.317 97.5726 367.679 311.992 390.61 312.4 20180713T110037.670673 1900 1060
20180713T110037.680030 1900 1060
20180713T110037.690543 1900 1060
20180713T110037.698504 429.999 314.938 107.966 101.663 99.8592 367.824 311.793 390.898 312.333 20180713T110037.698504 1900 1060
20180713T110037.711296 1900 1060
20180713T110037.719167 1900 1060
20180713T110037.731101 430.108 315.046 108.019 102.052 97.1138 368 311.96 391.026 312.389 20180713T110037.731101 1900 1060
20180713T110037.743838 1900 1060
20180713T110037.750571 1900 1060
20180713T110037.762550 430.172 315.105 108.073 102.124 99.5806 368.007 312.152 391.127 312.67 20180713T110037.762550 1900 1060
20180713T110037.770774 1900 1060
20180713T110037.782502 1900 1060
20180713T110037.790508 430.328 315.171 108.339 102.347 101.29 368.223 312.145 391.104 312.747 20180713T110037.790508 1900 1060
20180713T110037.802561 1900 1060
20180713T110037.810583 1900 1060
20180713T110037.822571 430.823 315.286 108.696 102.523 97.8362 368.706 312.087 391.527 312.67 20180713T110037.822571 1900 1060
20180713T110037.831065 1900 1060
20180713T110037.842557 1900 1060
20180713T110037.850547 430.854 315.066 108.981 102.413 96.5467 368.72 311.841 391.472 312.544 20180713T110037.850547 1900 1060
20180713T110037.862514 1900 1060
20180713T110037.870506 1900 1060
20180713T110037.882553 430.665 315.304 109.257 103.337 99.0333 368.588 312.225 391.455 312.693 20180713T110037.882553 1900 1060
20180713T110037.891059 1900 1060
20180713T110037.902531 1900 1060
20180713T110037.910511 430.562 315.352 109.333 103.072 97.4118 368.181 312.415 391.327 312.797 20180713T110037.910511 1900 1060
20180713T110037.923492 1900 1060
20180713T110037.931487 1900 1060
20180713T110037.942512 430.894 315.514 109.521 102.822 98.2757 368.659 312.462 391.527 312.67 20180713T110037.942512 1900 1060
20180713T110037.951081 1900 1060
20180713T110037.963096 1900 1060
20180713T110037.972371 431.19 315.355 109.561 103.176 97.4663 369.277 312.237 391.838 312.935 20180713T110037.972371 1900 1060
20180713T110037.983425 1900 1060
20180713T110037.995319 1900 1060
20180713T110038.003386 431.012 315.027 109.352 103.1 97.2817 368.923 311.852 391.869 312.516 20180713T110038.003386 1900 1060
20180713T110038.015634 1900 1060
20180713T110038.023315 1900 1060
20180713T110038.035496 430.702 315.385 109.439 102.869 98.016 368.694 311.997 391.527 312.67 20180713T110038.035496 1900 1060
20180713T110038.043953 1900 1060
20180713T110038.054653 1900 1060
20180713T110038.062522 430.934 315.989 108.938 102.662 96.222 368.924 312.561 391.941 313.206 20180713T110038.062522 1900 1060
20180713T110038.077879 1900 1060
20180713T110038.083756 1900 1060
20180713T110038.094597 431.507 316.237 108.726 102.639 96.5218 369.392 313.025 392.333 313.392 20180713T110038.094597 1900 1060
20180713T110038.104630 1900 1060
20180713T110038.114529 1900 1060
20180713T110038.122542 431.613 316.433 108.618 102.219 99.3002 369.5 313 392.5 313.443 20180713T110038.122542 1900 1060
20180713T110038.134545 1900 1060
20180713T110038.142493 1900 1060
20180713T110038.154523 431.245 316.42 108.422 101.977 92.9245 369.459 312.943 392.333 313.508 20180713T110038.154523 1900 1060
20180713T110038.162593 1900 1060
20180713T110038.174545 1900 1060
20180713T110038.182488 431.041 316.589 108.008 102.128 96.0853 369.023 312.977 392 313.456 20180713T110038.182488 1900 1060
