20190709T131427.236721 20 20
20190709T131427.248605 20 20
20190709T131427.260412 313.356 263.912 60.9064 56.2661 178.248 328.217 308.034 349.303 309.343 20190709T131427.260412 20 20
20190709T131427.270136 20 20
20190709T131427.280900 20 20
20190709T131427.288052 -1 -1 60.9064 56.2661 178.248 328.217 308.034 349.303 309.343 20190709T131427.288052 20 20
20190709T131427.300825 20 20
20190709T131427.312356 20 20
20190709T131427.320768 310.283 268.312 50.8877 39.7788 170.111 325.474 306.098 346.974 307.478 20190709T131427.320768 20 20
20190709T131427.329283 20 20
20190709T131427.339468 20 20
20190709T131427.348365 308.882 256.808 68.7749 66.1295 138.654 325.269 308.276 346.245 309.678 20190709T131427.348365 20 20
20190709T131427.360179 20 20
20190709T131427.369260 20 20
20190709T131427.378960 309.839 258.438 69.6112 66.4029 128.797 325.918 309.914 347.471 310.857 20190709T131427.378960 20 20
20190709T131427.387716 20 20
20190709T131427.398854 20 20
20190709T131427.408457 311.204 259.056 68.9077 66.5065 119.516 327.296 310.311 348.485 311.537 20190709T131427.408457 20 20
20190709T131427.420471 20 20
20190709T131427.428430 20 20
20190709T131427.439465 312.015 258.336 69.0936 66.4036 125.717 327.579 309.844 349.29 310.76 20190709T131427.439465 20 20
20190709T131427.447390 20 20
20190709T131427.459948 20 20
20190709T131427.468598 312.601 257.734 68.7914 66.6183 120.153 328.373 308.832 349.532 310.189 20190709T131427.468598 20 20
20190709T131427.480092 20 20
20190709T131427.487879 20 20
20190709T131427.499490 313.491 256.543 68.6646 66.4464 125.13 329.339 307.854 350.371 309.117 20190709T131427.499490 20 20
20190709T131427.513089 20 20
20190709T131427.518962 20 20
20190709T131427.530756 314.215 255.027 69.0358 66.3131 125.214 329.64 306.523 351.165 307.937 20190709T131427.530756 20 20
20190709T131427.541502 20 20
20190709T131427.551492 20 20
20190709T131427.559455 314.25 254.086 68.9744 66.3696 124.945 329.628 305.589 351.294 306.484 20190709T131427.559455 20 20
20190709T131427.572177 20 20
20190709T131427.581103 20 20
20190709T131427.591768 313.851 253.26 68.743 66.1635 128.162 329.385 304.669 350.815 306.283 20190709T131427.591768 20 20
20190709T131427.599778 20 20
20190709T131427.610746 20 20
20190709T131427.620449 312.759 252.911 68.7796 65.839 125.891 328.254 304.384 349.486 306.053 20190709T131427.620449 20 20
20190709T131427.632049 20 20
20190709T131427.640265 20 20
20190709T131427.652401 308.58 253.16 68.5792 65.4128 123.838 325.81 304.614 347.45 306.457 20190709T131427.652401 20 20
20190709T131427.659579 20 20
20190709T131427.670860 20 20
20190709T131427.679158 308.719 253.41 68.6426 65.2054 125.376 325.732 305.057 347.381 306.619 20190709T131427.679158 20 20
20190709T131427.690848 20 20
20190709T131427.699480 20 20
20190709T131427.711476 308.866 253.286 68.1598 64.9873 109.598 326.312 304.881 347.625 306.471 20190709T131427.711476 20 20
20190709T131427.720156 20 20
20190709T131427.730761 20 20
20190709T131427.739466 308.884 252.928 68.1728 64.9216 115.028 326.293 304.538 347.532 306.189 20190709T131427.739466 20 20
20190709T131427.752910 20 20
20190709T131427.762724 20 20
20190709T131427.770653 308.405 252.665 68.0011 64.9928 125.996 325.522 304.475 347.115 306.061 20190709T131427.770653 20 20
20190709T131427.783506 20 20
20190709T131427.791516 20 20
20190709T131427.803488 307.74 252.508 67.6766 64.9684 123.574 325.294 304.161 346.462 305.682 20190709T131427.803488 20 20
20190709T131427.811688 20 20
20190709T131427.822799 20 20
20190709T131427.830647 307.89 251.886 67.4249 64.6544 128.63 325.312 303.796 346.789 305.097 20190709T131427.830647 20 20
20190709T131427.843487 20 20
20190709T131427.851461 20 20
20190709T131427.862941 308.623 250.793 67.7548 64.7433 128.818 325.64 302.523 347.336 304.299 20190709T131427.862941 20 20
20190709T131427.873127 20 20
20190709T131427.882981 20 20
20190709T131427.891457 309.02 249.665 68.0301 64.7143 122.553 326.287 301.344 347.553 302.783 20190709T131427.891457 20 20
20190709T131427.903390 20 20
20190709T131427.912291 20 20
20190709T131427.924442 309.537 248.926 67.5064 64.6655 118.806 327 300.555 348.318 302.439 20190709T131427.924442 20 20
20190709T131427.935435 20 20
20190709T131427.942838 20 20
20190709T131427.950829 309.714 248.596 67.421 64.5681 114.3 327.101 300.351 348.644 302.17 20190709T131427.950829 20 20
20190709T131427.963733 20 20
20190709T131427.970811 20 20
20190709T131427.984454 309.525 248.582 67.8221 64.1753 120.173 327.003 300.398 348.196 302.196 20190709T131427.984454 20 20
20190709T131427.995390 20 20
20190709T131428.003735 20 20
20190709T131428.014702 309.237 249.106 67.0771 64.5172 114.466 326.44 300.877 347.753 302.715 20190709T131428.014702 20 20
20190709T131428.023045 20 20
20190709T131428.034779 20 20
20190709T131428.043468 309.121 249.568 67.0566 64.3191 125.875 326.379 301.65 347.643 303.115 20190709T131428.043468 20 20
20190709T131428.056010 20 20
20190709T131428.063497 20 20
20190709T131428.075483 308.974 250.018 67.0735 64.3058 125.169 326.078 302.062 347.523 303.679 20190709T131428.075483 20 20
20190709T131428.084271 20 20
20190709T131428.094751 20 20
20190709T131428.102808 308.851 250.349 66.4904 64.1117 119.466 326.047 302.226 347.548 303.871 20190709T131428.102808 20 20
20190709T131428.115618 20 20
20190709T131428.122851 20 20
20190709T131428.134962 320.908 249.354 66.3694 65.104 109.643 331.938 301.964 353.116 303.048 20190709T131428.134962 20 20
20190709T131428.143828 20 20
20190709T131428.155475 20 20
20190709T131428.163479 320.875 249.622 66.1615 65.1603 129.009 331.723 302.268 353.114 303.236 20190709T131428.163479 20 20
20190709T131428.176934 20 20
20190709T131428.184769 20 20
20190709T131428.195478 320.974 249.72 66.483 65.008 122.771 331.873 302.627 353.186 303.525 20190709T131428.195478 20 20
20190709T131428.204645 20 20
20190709T131428.216487 20 20
20190709T131428.223341 321.174 250.089 65.7516 65.0867 134.995 331.887 302.78 353.04 303.777 20190709T131428.223341 20 20
20190709T131428.235236 20 20
20190709T131428.243493 20 20
20190709T131428.255455 321.142 250.433 65.45 65.0572 149.715 331.879 303.013 353.089 304.067 20190709T131428.255455 20 20
20190709T131428.268309 20 20
20190709T131428.276863 20 20
20190709T131428.287512 321.034 250.752 65.2987 64.9897 151.216 331.38 303.361 352.772 304.336 20190709T131428.287512 20 20
20190709T131428.295988 20 20
20190709T131428.307459 20 20
20190709T131428.315468 320.602 251.191 65.3879 64.2456 131.962 331.09 303.91 352.607 304.638 20190709T131428.315468 20 20
20190709T131428.327855 20 20
20190709T131428.335530 20 20
20190709T131428.347458 321.597 250.856 64.7095 63.8735 166.979 332.078 303.389 353.206 304.401 20190709T131428.347458 20 20
20190709T131428.357808 20 20
20190709T131428.366960 20 20
20190709T131428.375428 322.078 250.581 64.7935 64.1217 110.346 332.419 303.043 353.591 303.938 20190709T131428.375428 20 20
20190709T131428.388405 20 20
20190709T131428.394922 20 20
20190709T131428.408448 315.886 249.97 64.8358 63.3792 125.394 329.196 302.413 350.711 303.81 20190709T131428.408448 20 20
20190709T131428.417444 20 20
20190709T131428.426702 20 20
20190709T131428.435496 315.09 250.224 64.9873 63.0691 116.563 328.499 302.821 349.697 303.984 20190709T131428.435496 20 20
20190709T131428.447181 20 20
20190709T131428.455493 20 20
20190709T131428.467502 314.879 250.109 64.9001 63.2054 130.819 328.06 302.948 349.7 304.117 20190709T131428.467502 20 20
20190709T131428.477157 20 20
20190709T131428.486813 20 20
20190709T131428.495428 314.94 249.74 64.4041 63.4072 119.353 327.997 302.348 349.578 303.336 20190709T131428.495428 20 20
20190709T131428.509510 20 20
20190709T131428.518968 20 20
20190709T131428.527532 314.271 248.736 64.8064 62.7904 122.436 327.606 301.429 348.935 302.5 20190709T131428.527532 20 20
20190709T131428.539781 20 20
20190709T131428.546988 20 20
20190709T131428.559528 314.341 248.536 64.7172 62.8984 130.551 327.626 301.148 349.084 302.499 20190709T131428.559528 20 20
20190709T131428.570878 20 20
20190709T131428.578775 20 20
20190709T131428.587503 315.652 248.351 64.471 63.2443 145.13 328.851 301.129 350.092 302.392 20190709T131428.587503 20 20
20190709T131428.600977 20 20
20190709T131428.610704 20 20
20190709T131428.618785 317.526 248.248 64.5577 63.1539 127.082 330.851 301.009 352.279 302.434 20190709T131428.618785 20 20
20190709T131428.628189 20 20
20190709T131428.639744 20 20
20190709T131428.647486 319.482 248.478 64.8619 63.1533 124.145 332.699 300.974 353.953 302.358 20190709T131428.647486 20 20
20190709T131428.660362 20 20
20190709T131428.667490 20 20
20190709T131428.678798 319.873 248.254 64.8055 63.1824 125.868 332.912 301 354.263 302.204 20190709T131428.678798 20 20
20190709T131428.688977 20 20
20190709T131428.699525 20 20
20190709T131428.707448 318.673 247.7 64.6989 63.2024 138.57 332.03 300.358 353.342 301.344 20190709T131428.707448 20 20
20190709T131428.719003 20 20
20190709T131428.727415 20 20
20190709T131429.517304 410.517 252.908 69.4115 61.6361 44.5473 378.463 304.427 399.526 304.317 20190709T131429.517304 960 20
20190709T131429.529084 960 20
20190709T131429.536842 960 20
20190709T131429.547562 411.371 253.669 69.202 61.4438 44.5616 379.341 305.21 400.571 305.022 20190709T131429.547562 960 20
20190709T131429.557408 960 20
20190709T131429.569586 960 20
20190709T131429.576533 412.774 253.759 68.9929 61.2097 44.0114 380.537 305.72 401.679 305.396 20190709T131429.576533 960 20
20190709T131429.588236 960 20
20190709T131429.595988 960 20
20190709T131429.607555 413.647 254.136 68.5492 61.4969 44.8793 381.679 305.667 402.805 305.627 20190709T131429.607555 960 20
20190709T131429.616481 960 20
20190709T131429.627576 960 20
20190709T131429.636564 415.032 255.479 68.3347 61.0656 44.3846 383.365 306.552 404.5 306.413 20190709T131429.636564 960 20
20190709T131429.648728 960 20
20190709T131429.654984 960 20
20190709T131429.667576 -1 -1 68.3347 61.0656 44.3846 383.365 306.552 404.5 306.413 20190709T131429.667576 960 20
20190709T131429.675511 960 20
20190709T131429.686984 960 20
20190709T131429.695520 -1 -1 68.3347 61.0656 44.3846 383.365 306.552 404.5 306.413 20190709T131429.695520 960 20
20190709T131429.707125 960 20
20190709T131429.715011 960 20
20190709T131429.727506 438.607 260.037 58.2917 52.07 168.99 397.5 306.5 418.327 306.661 20190709T131429.727506 960 20
20190709T131429.741855 960 20
20190709T131429.748529 960 20
20190709T131429.755765 437.122 256.565 69.0051 60.3006 44.5445 398.638 309.362 420.087 308.88 20190709T131429.755765 960 20
20190709T131429.766924 960 20
20190709T131429.778881 960 20
20190709T131429.787578 437.224 258.089 69.2823 60.4573 45.3249 398.679 310.435 419.939 310.435 20190709T131429.787578 960 20
20190709T131429.799097 960 20
20190709T131429.807065 960 20
20190709T131429.819015 435.464 258.862 68.5221 60.6119 44.5355 396.638 311.362 418.01 310.872 20190709T131429.819015 960 20
20190709T131429.829585 960 20
20190709T131429.839070 960 20
20190709T131429.847536 433.722 259.24 69.0768 60.3211 44.2572 395.024 311.571 416.446 311.377 20190709T131429.847536 960 20
20190709T131429.860323 960 20
20190709T131429.867421 960 20
20190709T131429.879048 433.218 259.156 69.1716 60.356 45.5149 394.671 311.437 415.934 311.009 20190709T131429.879048 960 20
20190709T131429.888072 960 20
20190709T131429.899078 960 20
20190709T131429.907598 433.088 258.186 69.1085 60.6103 44.7572 394.463 310.427 416.006 310.108 20190709T131429.907598 960 20
20190709T131429.920926 960 20
20190709T131429.927586 960 20
20190709T131429.939494 432.956 257.426 68.947 60.2569 43.5671 394.541 310.009 415.606 309.441 20190709T131429.939494 960 20
20190709T131429.951425 960 20
20190709T131429.960488 960 20
20190709T131429.967616 432.966 256.948 68.935 60.692 44.3678 394.45 309.171 415.66 308.747 20190709T131429.967616 960 20
20190709T131429.978936 960 20
20190709T131429.987110 960 20
20190709T131429.999009 433.252 256.371 68.8261 60.7093 44.3364 394.5 308.5 415.885 308.346 20190709T131429.999009 960 20
20190709T131430.008453 960 20
20190709T131430.019946 960 20
20190709T131430.032278 432.33 255.901 68.9033 60.6472 45.4716 394.24 308.036 414.969 308.102 20190709T131430.032278 960 20
20190709T131430.040549 960 20
20190709T131430.051102 960 20
20190709T131430.059476 425.557 255.6 68.6254 60.6614 43.3913 391.295 308.068 412.466 308.235 20190709T131430.059476 960 20
20190709T131430.071066 960 20
20190709T131430.079524 960 20
20190709T131430.091023 426.197 256.115 68.8985 61.185 45.061 392.062 308.838 413 308.422 20190709T131430.091023 960 20
20190709T131430.101208 960 20
20190709T131430.112557 960 20
20190709T131430.120510 426.793 256.697 68.7064 61.2283 44.0937 392.422 309.234 413.42 308.797 20190709T131430.120510 960 20
20190709T131430.132388 960 20
20190709T131430.139595 960 20
20190709T131430.151022 427.156 256.758 69.0003 61.1896 43.071 392.486 309.398 413.822 309.003 20190709T131430.151022 960 20
20190709T131430.162350 960 20
20190709T131430.171581 960 20
20190709T131430.179127 427.681 256.888 69.3257 61.1188 44.0583 393.133 309.113 414.306 308.973 20190709T131430.179127 960 20
20190709T131430.192507 960 20
20190709T131430.201011 960 20
20190709T131430.211550 428.438 257.143 69.3945 61.066 44.4392 393.939 309.53 414.88 309.344 20190709T131430.211550 960 20
20190709T131430.220104 960 20
20190709T131430.230877 960 20
20190709T131430.238920 429.294 257.22 69.5792 61.0807 45.1497 394.448 309.967 415.677 309.326 20190709T131430.238920 960 20
20190709T131430.251783 960 20
20190709T131430.259038 960 20
20190709T131430.271563 429.988 257.105 69.7285 61.01 44.389 394.968 309.618 416.446 309.377 20190709T131430.271563 960 20
20190709T131430.284238 960 20
20190709T131430.291969 960 20
20190709T131430.303741 431.229 257.24 69.8536 61.2609 44.8062 396.275 309.627 417.51 309.293 20190709T131430.303741 960 20
20190709T131430.312588 960 20
20190709T131430.323560 960 20
20190709T131430.331537 432.614 257.109 69.6996 61.7494 42.1478 397.917 309.385 418.883 309.266 20190709T131430.331537 960 20
20190709T131430.344476 960 20
20190709T131430.351046 960 20
20190709T131430.363542 434.606 256.865 70.3465 61.5146 45.1888 399.413 309.103 420.609 308.973 20190709T131430.363542 960 20
20190709T131430.372428 960 20
20190709T131430.382874 960 20
20190709T131430.391557 436.773 256.698 70.2897 61.7663 45.8245 401.324 309.077 422.502 308.898 20190709T131430.391557 960 20
20190709T131430.404329 960 20
20190709T131430.412074 960 20
20190709T131430.424367 445.367 257.783 70.2036 60.7702 50.734 407.045 309.979 428.753 309.509 20190709T131430.424367 960 20
20190709T131430.432097 960 20
20190709T131430.443066 960 20
20190709T131430.451552 465.94 260.903 71.2443 60.1028 51.5096 417.5 312 438.974 311.498 20190709T131430.451552 960 20
20190709T131430.463824 960 20
20190709T131430.471060 960 20
20190709T131430.483043 467.398 261.016 71.4903 59.9871 50.2316 419.292 312.704 440.758 312.16 20190709T131430.483043 960 20
20190709T131430.493892 960 20
20190709T131430.503037 960 20
20190709T131430.511548 468.995 261.545 70.7379 60.4785 49.171 420.64 312.964 442.461 312.473 20190709T131430.511548 960 20
20190709T131430.523137 960 20
20190709T131430.535069 960 20
20190709T131430.543576 469.765 261.997 71.0213 60.0037 50.347 421.188 313.296 442.65 312.638 20190709T131430.543576 960 20
20190709T131430.555566 960 20
20190709T131430.563556 960 20
20190709T131430.575045 469.554 262.053 70.9085 60.1131 49.403 420.845 313.402 442.433 312.912 20190709T131430.575045 960 20
20190709T131430.585057 960 20
20190709T131430.596597 960 20
20190709T131430.603953 468.836 262.502 70.8589 59.6949 50.2916 420.291 313.538 441.982 313.22 20190709T131430.603953 960 20
20190709T131430.615600 960 20
20190709T131430.622940 960 20
20190709T131430.636597 468.619 263.273 70.6523 59.7322 52.5323 420.151 314.009 441.598 313.888 20190709T131430.636597 960 20
20190709T131430.645863 960 20
20190709T131430.655635 960 20
20190709T131430.663528 468.679 263.79 70.6517 60.0267 50.3172 420.192 314.753 441.812 314.402 20190709T131430.663528 960 20
20190709T131430.675163 960 20
20190709T131430.683562 960 20
20190709T131430.695536 469.305 264.001 70.5602 59.7512 50.4715 420.489 315.139 442.203 314.341 20190709T131430.695536 960 20
20190709T131430.707187 960 20
20190709T131430.714819 960 20
20190709T131430.722772 453.029 262.321 68.4542 61.3627 50.1301 413.355 313.355 434.856 313.274 20190709T131430.722772 960 20
20190709T131430.736328 960 20
20190709T131430.743600 960 20
20190709T131430.755599 445.777 261.276 69.6269 61.2308 46.7632 409.655 312.936 431.082 312.853 20190709T131430.755599 960 20
20190709T131430.765076 960 20
20190709T131430.776345 960 20
20190709T131430.787801 446.091 261.728 69.8267 61.1102 45.7954 410.161 313.367 431.365 313.169 20190709T131430.787801 960 20
20190709T131430.795917 960 20
20190709T131430.807650 960 20
20190709T131430.815568 446.552 262.102 69.6723 61.2406 46.7899 410.298 313.303 431.744 313.419 20190709T131430.815568 960 20
20190709T131430.827195 960 20
20190709T131430.835583 960 20
20190709T131430.847041 447.234 262.104 69.5257 61.5139 42.9683 410.848 313.6 432.406 313.544 20190709T131430.847041 960 20
20190709T131430.857035 960 20
20190709T131430.867633 960 20
20190709T131430.875573 447.338 262.173 69.5786 61.6341 44.9993 410.843 313.863 432.476 313.643 20190709T131430.875573 960 20
20190709T131430.887067 960 20
20190709T131430.895037 960 20
20190709T131430.907567 446.721 262.399 69.8703 61.7831 44.9637 410.3 314.019 431.871 314.009 20190709T131430.907567 960 20
20190709T131430.916446 960 20
20190709T131430.927926 960 20
20190709T131430.935025 445.941 262.892 69.7403 61.4496 43.5966 409.565 314.412 430.578 314.435 20190709T131430.935025 960 20
20190709T131430.947581 960 20
20190709T131430.954976 960 20
20190709T131430.967082 445.478 263.278 69.9541 61.8201 45.5491 408.892 314.93 430.5 314.5 20190709T131430.967082 960 20
20190709T131430.975641 960 20
20190709T131430.986888 960 20
20190709T131430.995574 445.218 263.583 69.879 61.9333 44.0635 408.672 315.52 430.269 314.859 20190709T131430.995574 960 20
20190709T131431.008721 960 20
20190709T131431.017754 960 20
20190709T131431.732497 519.326 280.283 71.7622 54.7347 61.0711 433.182 331.427 463.128 326.371 20190709T131431.732497 1900 20
20190709T131431.744599 1900 20
20190709T131431.754982 1900 20
20190709T131431.764192 521.609 281.212 70.6237 54.3149 60.7588 434.241 332.084 464.63 326.115 20190709T131431.764192 1900 20
20190709T131431.774803 1900 20
20190709T131431.784660 1900 20
20190709T131431.796050 -1 -1 70.6237 54.3149 60.7588 434.241 332.084 464.63 326.115 20190709T131431.796050 1900 20
20190709T131431.805298 1900 20
20190709T131431.816060 1900 20
20190709T131431.825342 -1 -1 70.6237 54.3149 60.7588 434.241 332.084 464.63 326.115 20190709T131431.825342 1900 20
20190709T131431.836473 1900 20
20190709T131431.843562 1900 20
20190709T131431.856584 -1 -1 70.6237 54.3149 60.7588 434.241 332.084 464.63 326.115 20190709T131431.856584 1900 20
20190709T131431.866407 1900 20
20190709T131431.875579 1900 20
20190709T131431.883615 520.733 278.502 70.2171 53.5812 59.0616 434.119 329.772 464.716 323.716 20190709T131431.883615 1900 20
20190709T131431.896324 1900 20
20190709T131431.904471 1900 20
20190709T131431.915557 521.177 278.162 72.4013 54.978 61.2202 434.096 330.653 464.437 324.695 20190709T131431.915557 1900 20
20190709T131431.925148 1900 20
20190709T131431.935570 1900 20
20190709T131431.943089 520.804 279.013 72.4294 55.2389 60.9888 433.582 331.41 464.15 325.439 20190709T131431.943089 1900 20
20190709T131431.956636 1900 20
20190709T131431.964637 1900 20
20190709T131431.975612 520.917 279.517 72.9432 55.5674 60.4047 433.96 331.849 464.43 326.084 20190709T131431.975612 1900 20
20190709T131431.985372 1900 20
20190709T131431.995028 1900 20
20190709T131432.003068 521.303 279.598 72.3864 55.5337 60.4275 434.293 332.293 465.008 326.351 20190709T131432.003068 1900 20
20190709T131432.015323 1900 20
20190709T131432.023603 1900 20
20190709T131432.035628 521.735 279.698 72.6555 55.6725 59.7951 434.463 332.374 465.194 326.293 20190709T131432.035628 1900 20
20190709T131432.048330 1900 20
20190709T131432.055096 1900 20
20190709T131432.067279 522.112 279.413 72.9856 55.5469 60.1637 434.773 331.645 465.385 326.328 20190709T131432.067279 1900 20
20190709T131432.077463 1900 20
20190709T131432.087131 1900 20
20190709T131432.096024 522.356 279.352 73.2973 55.5319 59.8351 434.971 331.534 465.47 326.122 20190709T131432.096024 1900 20
20190709T131432.108229 1900 20
20190709T131432.115524 1900 20
20190709T131432.128611 522.441 278.997 72.6545 55.7533 59.984 435.233 331.663 465.623 325.78 20190709T131432.128611 1900 20
20190709T131432.137807 1900 20
20190709T131432.146951 1900 20
20190709T131432.155114 522.311 278.987 72.8591 55.6697 59.6106 435.023 331.5 465.578 325.621 20190709T131432.155114 1900 20
20190709T131432.167185 1900 20
20190709T131432.175613 1900 20
20190709T131432.187618 522.072 279.618 72.5487 55.7486 59.9068 434.536 331.659 465.269 326.215 20190709T131432.187618 1900 20
20190709T131432.195535 1900 20
20190709T131432.206865 1900 20
20190709T131432.215553 521.866 280.154 72.3702 55.5141 59.754 434.406 332.406 465.116 326.64 20190709T131432.215553 1900 20
20190709T131432.228540 1900 20
20190709T131432.235626 1900 20
20190709T131432.247600 521.999 280.643 72.1842 55.6574 59.3305 434.765 332.726 465.287 326.986 20190709T131432.247600 1900 20
20190709T131432.257275 1900 20
20190709T131432.266866 1900 20
20190709T131432.275534 522.181 281.222 72.3836 55.1725 59.4496 434.513 333.825 465.41 327.453 20190709T131432.275534 1900 20
20190709T131432.287590 1900 20
20190709T131432.299225 1900 20
20190709T131432.306992 521.924 283.999 65.0833 55.2946 60.3868 438.111 331.135 466.297 326.936 20190709T131432.306992 1900 20
20190709T131432.319081 1900 20
20190709T131432.327563 1900 20
20190709T131432.339589 -1 -1 65.0833 55.2946 60.3868 438.111 331.135 466.297 326.936 20190709T131432.339589 1900 20
20190709T131432.347778 1900 20
20190709T131432.358929 1900 20
20190709T131432.367589 -1 -1 65.0833 55.2946 60.3868 438.111 331.135 466.297 326.936 20190709T131432.367589 1900 20
20190709T131432.379130 1900 20
20190709T131432.387577 1900 20
20190709T131432.399030 -1 -1 65.0833 55.2946 60.3868 438.111 331.135 466.297 326.936 20190709T131432.399030 1900 20
20190709T131432.407044 1900 20
20190709T131432.419563 1900 20
20190709T131432.427535 522.925 283.81 58.9373 48.2421 36.7079 435.516 327.844 465.107 322.415 20190709T131432.427535 1900 20
20190709T131432.440139 1900 20
20190709T131432.447456 1900 20
20190709T131432.459602 520.431 278.171 71.9674 55.4173 59.0446 435.115 328.616 463.725 323.763 20190709T131432.459602 1900 20
20190709T131432.468619 1900 20
20190709T131432.478940 1900 20
20190709T131432.487583 519.647 279.201 72.1677 55.6784 59.9134 434.347 329.392 463.066 324.349 20190709T131432.487583 1900 20
20190709T131432.501778 1900 20
20190709T131432.508041 1900 20
20190709T131432.519013 519.395 279.857 72.7084 55.5218 58.9689 434.253 330.032 463.031 324.629 20190709T131432.519013 1900 20
20190709T131432.528006 1900 20
20190709T131432.540101 1900 20
20190709T131432.551014 519.983 280.296 72.6644 55.6273 59.7253 434.557 330.109 463.384 325.116 20190709T131432.551014 1900 20
20190709T131432.561100 1900 20
20190709T131432.571135 1900 20
20190709T131432.579060 520.69 279.833 72.4252 55.4531 59.3961 435.473 330.014 464.461 324.652 20190709T131432.579060 1900 20
20190709T131432.593045 1900 20
20190709T131432.601076 1900 20
20190709T131432.611153 521.223 279.958 72.9458 55.5072 58.706 435.81 330.328 464.82 324.777 20190709T131432.611153 1900 20
20190709T131432.619983 1900 20
20190709T131432.630846 1900 20
20190709T131432.639043 520.836 280.546 72.4971 55.883 59.7301 435.283 330.888 464.193 325.508 20190709T131432.639043 1900 20
20190709T131432.651633 1900 20
20190709T131432.659175 1900 20
20190709T131432.671678 519.958 281.005 72.7571 55.8497 59.5632 434.903 330.704 463.375 325.894 20190709T131432.671678 1900 20
20190709T131432.684360 1900 20
20190709T131432.691059 1900 20
20190709T131432.699607 519.76 281.083 72.3317 55.4206 60.7483 434.316 331.006 463.375 325.894 20190709T131432.699607 1900 20
20190709T131432.712599 1900 20
20190709T131432.719171 1900 20
20190709T131432.731059 520.048 280.73 72.3251 55.9355 59.3083 434.552 330.637 463.531 325.476 20190709T131432.731059 1900 20
20190709T131432.740767 1900 20
20190709T131432.751980 1900 20
20190709T131432.759490 520.616 280.512 72.4534 55.3365 59.4459 435.046 330.291 463.774 325.105 20190709T131432.759490 1900 20
20190709T131432.773493 1900 20
20190709T131432.780152 1900 20
20190709T131432.790910 520.76 280.396 72.4321 55.2033 59.2545 435.473 330.014 464.382 324.765 20190709T131432.790910 1900 20
20190709T131432.803621 1900 20
20190709T131432.811103 1900 20
20190709T131432.823610 521.138 280.212 72.4466 55.0252 59.1902 435.932 329.658 464.752 324.557 20190709T131432.823610 1900 20
20190709T131432.833511 1900 20
20190709T131432.843868 1900 20
20190709T131432.850895 521.499 281.579 71.7385 55.373 59.9991 437.193 329.167 465.556 324.749 20190709T131432.850895 1900 20
20190709T131432.863086 1900 20
20190709T131432.871588 1900 20
20190709T131432.883538 -1 -1 71.7385 55.373 59.9991 437.193 329.167 465.556 324.749 20190709T131432.883538 1900 20
20190709T131432.893412 1900 20
20190709T131432.904559 1900 20
20190709T131432.911587 -1 -1 71.7385 55.373 59.9991 437.193 329.167 465.556 324.749 20190709T131432.911587 1900 20
20190709T131432.923139 1900 20
20190709T131432.931564 1900 20
20190709T131432.943550 529.035 296.261 42.0698 31.7689 173.298 440.073 324.075 468.04 319.735 20190709T131432.943550 1900 20
20190709T131432.954942 1900 20
20190709T131432.963073 1900 20
20190709T131432.971071 523.641 282.733 70.5642 55.5052 59.4135 439.24 327.688 467.909 322.473 20190709T131432.971071 1900 20
20190709T131432.985197 1900 20
20190709T131432.991494 1900 20
20190709T131433.003033 523.461 283.81 71.7858 55.5082 61.4009 439.107 329.079 467.579 324.177 20190709T131433.003033 1900 20
20190709T131433.013479 1900 20
20190709T131433.024645 1900 20
20190709T131433.031057 522.764 284.382 71.2083 55.4508 58.9729 438.689 329.621 467.347 324.79 20190709T131433.031057 1900 20
20190709T131433.043033 1900 20
20190709T131433.055169 1900 20
20190709T131433.063615 522.19 285.111 71.9466 56.1557 60.5697 438.064 329.876 466.329 325.531 20190709T131433.063615 1900 20
20190709T131433.076829 1900 20
20190709T131433.083879 1900 20
20190709T131433.094958 521.007 285.293 71.876 55.9559 61.2937 437.199 330.021 465.381 325.769 20190709T131433.094958 1900 20
20190709T131433.103398 1900 20
20190709T131433.115669 1900 20
20190709T131433.123137 519.878 285.388 71.8358 56.1533 61.9334 436.142 329.748 464.04 325.911 20190709T131433.123137 1900 20
20190709T131433.135223 1900 20
20190709T131433.143131 1900 20
20190709T131433.156634 519.007 285.182 71.9508 55.8538 61.286 435.648 329.401 463.427 325.61 20190709T131433.156634 1900 20
20190709T131433.165530 1900 20
20190709T131433.176129 1900 20
20190709T131433.183357 518.905 285.249 71.553 55.8113 60.9304 435.711 329.147 463.391 325.548 20190709T131433.183357 1900 20
20190709T131433.195112 1900 20
20190709T131433.203710 1900 20
20190709T131433.215595 519.094 285.543 71.7183 55.94 60.0095 436.094 329.309 463.456 325.916 20190709T131433.215595 1900 20
20190709T131433.231428 1900 20
20190709T131434.001622 1900 540
20190709T131434.012831 518.971 320.708 71.1181 57.6384 73.2441 440.87 339.587 464.224 339.384 20190709T131434.012831 1900 540
20190709T131434.024566 1900 540
20190709T131434.034526 1900 540
20190709T131434.043509 519.164 320.408 71.0453 57.4832 72.6983 440.88 339.344 464.657 339.263 20190709T131434.043509 1900 540
20190709T131434.053412 1900 540
20190709T131434.067089 1900 540
20190709T131434.075375 519.445 319.232 70.516 57.5195 73.524 440.966 338.027 464.757 338.083 20190709T131434.075375 1900 540
20190709T131434.085385 1900 540
20190709T131434.094755 1900 540
20190709T131434.104810 521.48 306.236 70.2194 57.2543 71.8016 442.571 325.533 466.343 325.01 20190709T131434.104810 1900 540
20190709T131434.112683 1900 540
20190709T131434.125021 1900 540
20190709T131434.132798 523.486 295.35 69.8592 57.1831 69.9571 444.525 314.886 468.352 314.474 20190709T131434.132798 1900 540
20190709T131434.144198 1900 540
20190709T131434.151834 1900 540
20190709T131434.163040 525.972 285.031 70.4296 57.1362 71.4242 446.849 304.396 470.805 304.106 20190709T131434.163040 1900 540
20190709T131434.173059 1900 540
20190709T131434.183068 1900 540
20190709T131434.191051 525.204 281.718 69.2793 56.4548 73.2268 449.232 299.712 472.302 299.477 20190709T131434.191051 1900 540
20190709T131434.205148 1900 540
20190709T131434.212241 1900 540
20190709T131434.224611 -1 -1 69.2793 56.4548 73.2268 449.232 299.712 472.302 299.477 20190709T131434.224611 1900 540
20190709T131434.232027 1900 540
20190709T131434.243660 1900 540
20190709T131434.251579 -1 -1 69.2793 56.4548 73.2268 449.232 299.712 472.302 299.477 20190709T131434.251579 1900 540
20190709T131434.263013 1900 540
20190709T131434.271584 1900 540
20190709T131434.283046 526.082 282.836 70.9224 56.5211 74.3941 449.354 302.74 473.082 302.988 20190709T131434.283046 1900 540
20190709T131434.294013 1900 540
20190709T131434.303119 1900 540
20190709T131434.315608 523.681 288.305 70.5633 57.0472 71.4418 447.051 307.627 470.429 307.783 20190709T131434.315608 1900 540
20190709T131434.325642 1900 540
20190709T131434.335971 1900 540
20190709T131434.343155 521.663 291.108 70.9074 56.886 71.846 445.117 310.117 468.47 310.967 20190709T131434.343155 1900 540
20190709T131434.355725 1900 540
20190709T131434.363685 1900 540
20190709T131434.375147 521.176 292.908 70.738 57.296 72.7759 444.51 311.811 467.952 312.595 20190709T131434.375147 1900 540
20190709T131434.389046 1900 540
20190709T131434.396436 1900 540
20190709T131434.404648 522.06 294.343 70.7489 57.2558 71.5908 445.29 313.589 468.914 314.04 20190709T131434.404648 1900 540
20190709T131434.416384 1900 540
20190709T131434.423390 1900 540
20190709T131434.435615 523.771 295.516 71.4672 57.2231 71.9751 446.907 315.089 470.418 315.189 20190709T131434.435615 1900 540
20190709T131434.445607 1900 540
20190709T131434.455723 1900 540
20190709T131434.463712 524.857 296.468 70.869 57.6453 72.3789 448.179 316.179 471.362 315.986 20190709T131434.463712 1900 540
20190709T131434.475193 1900 540
20190709T131434.483725 1900 540
20190709T131434.495654 524.535 297.569 71.3907 57.624 72.6782 447.782 316.918 470.988 316.814 20190709T131434.495654 1900 540
20190709T131434.504513 1900 540
20190709T131434.515022 1900 540
20190709T131434.522890 526.965 298.338 71.3074 56.8049 70.7506 448.02 317.857 471.614 317.941 20190709T131434.522890 1900 540
20190709T131434.535719 1900 540
20190709T131434.543133 1900 540
20190709T131434.556685 526.202 299.293 71.0817 56.9082 71.714 447.167 319.051 470.957 318.61 20190709T131434.556685 1900 540
20190709T131434.568213 1900 540
20190709T131434.574985 1900 540
20190709T131434.587155 526.135 299.885 71.6637 56.8816 71.8179 447.058 319.354 470.805 319.277 20190709T131434.587155 1900 540
20190709T131434.596515 1900 540
20190709T131434.607162 1900 540
20190709T131434.615663 526.271 300.831 70.9252 56.7792 71.5819 447.26 320.278 470.888 320.241 20190709T131434.615663 1900 540
20190709T131434.627829 1900 540
20190709T131434.635707 1900 540
20190709T131434.647660 526.358 302.035 71.2009 56.5824 73.6084 447.333 321.212 470.93 321.263 20190709T131434.647660 1900 540
20190709T131434.657156 1900 540
20190709T131434.666992 1900 540
20190709T131434.675670 526.352 302.845 70.821 56.6246 71.7351 447.694 321.806 471.201 321.741 20190709T131434.675670 1900 540
20190709T131434.687875 1900 540
20190709T131434.695677 1900 540
20190709T131434.707680 526.569 304 70.7512 56.9566 72.0568 447.647 323.289 471.582 323.273 20190709T131434.707680 1900 540
20190709T131434.716595 1900 540
20190709T131434.727027 1900 540
20190709T131434.735674 526.819 305.103 70.8695 56.8054 71.9274 448.294 323.671 471.769 323.932 20190709T131434.735674 1900 540
20190709T131434.747191 1900 540
20190709T131434.755441 1900 540
20190709T131434.767495 526.875 306.029 70.7225 56.8897 71.5514 448.179 325.252 471.619 325.341 20190709T131434.767495 1900 540
20190709T131434.775580 1900 540
20190709T131434.787020 1900 540
20190709T131434.795716 527.126 306.814 70.7821 56.5988 71.4612 448.328 326.389 471.905 325.825 20190709T131434.795716 1900 540
20190709T131434.807933 1900 540
20190709T131434.819724 1900 540
20190709T131434.827664 527.267 307.482 70.41 56.7736 72.8072 448.325 326.601 472.325 326.658 20190709T131434.827664 1900 540
20190709T131434.840499 1900 540
20190709T131434.848895 1900 540
20190709T131434.859720 524.524 307.43 70.353 57.2318 72.5446 447.318 327.03 470.588 327.18 20190709T131434.859720 1900 540
20190709T131434.870359 1900 540
20190709T131434.880132 1900 540
20190709T131434.887987 523.749 307.823 70.5437 57.3261 71.3326 446.502 327.601 470.364 327.433 20190709T131434.887987 1900 540
20190709T131434.900271 1900 540
20190709T131434.908003 1900 540
20190709T131434.918943 523.148 308.898 70.7361 57.0993 72.5862 446.275 328.284 469.519 328.432 20190709T131434.918943 1900 540
20190709T131434.929566 1900 540
20190709T131434.939728 1900 540
20190709T131434.947584 522.747 310.048 70.7612 57.2248 72.5521 445.676 329.471 469.022 329.419 20190709T131434.947584 1900 540
20190709T131434.959716 1900 540
20190709T131434.968703 1900 540
20190709T131434.979721 522.185 311.281 70.4881 57.2251 71.8044 445.18 331.085 468.353 331.02 20190709T131434.979721 1900 540
20190709T131434.989248 1900 540
20190709T131434.999030 1900 540
20190709T131435.007679 521.204 312.696 70.8047 57.4201 72.1363 444.3 332.019 467.791 332.089 20190709T131435.007679 1900 540
20190709T131435.019725 1900 540
20190709T131435.028381 1900 540
20190709T131435.039667 520.068 313.892 70.5145 57.5915 72.2017 443.099 333.378 466.5 333.441 20190709T131435.039667 1900 540
20190709T131435.052036 1900 540
20190709T131435.059150 1900 540
20190709T131435.071178 518.769 315.193 70.3603 57.8318 72.1601 442.323 334.453 465.192 334.579 20190709T131435.071178 1900 540
20190709T131435.081347 1900 540
20190709T131435.092664 1900 540
20190709T131435.102258 517.49 316.42 70.8305 57.622 72.4133 440.613 335.622 464.391 335.547 20190709T131435.102258 1900 540
20190709T131435.111963 1900 540
20190709T131435.119769 1900 540
20190709T131435.131493 517.059 316.858 70.5047 57.8194 72.3182 440.347 336.081 463.696 336.088 20190709T131435.131493 1900 540
20190709T131435.139491 1900 540
20190709T131435.151093 1900 540
20190709T131435.159658 516.978 317.127 70.6607 57.5036 70.2043 440.384 336.153 463.768 336.206 20190709T131435.159658 1900 540
20190709T131435.172426 1900 540
20190709T131435.180075 1900 540
20190709T131435.191408 516.867 317.55 70.7079 58.0307 73.5955 440.324 336.594 463.615 336.897 20190709T131435.191408 1900 540
20190709T131435.199546 1900 540
20190709T131435.211657 1900 540
20190709T131435.219675 516.65 317.573 70.8754 57.6439 73.0026 440.175 336.402 463.041 336.476 20190709T131435.219675 1900 540
20190709T131435.232883 1900 540
20190709T131435.240014 1900 540
20190709T131435.251155 516.377 317.503 70.6709 57.6652 72.3253 439.944 336.056 462.957 336.294 20190709T131435.251155 1900 540
20190709T131435.260212 1900 540
20190709T131435.271003 1900 540
20190709T131435.279660 517.448 318.142 70.3726 57.6667 72.3899 440.395 336.811 463.827 336.82 20190709T131435.279660 1900 540
20190709T131435.291972 1900 540
20190709T131435.299716 1900 540
20190709T131435.311675 519.45 321.766 70.5503 57.508 75.5491 441.939 338 465 338 20190709T131435.311675 1900 540
20190709T131435.324421 1900 540
20190709T131435.332108 1900 540
20190709T131435.343779 519.869 322.013 70.3603 57.4211 73.8417 442.319 337.986 465.529 338.036 20190709T131435.343779 1900 540
20190709T131435.353425 1900 540
20190709T131435.363741 1900 540
20190709T131435.371658 520.236 322.566 70.3231 57.2135 72.6869 442.372 338.579 465.979 338.584 20190709T131435.371658 1900 540
20190709T131435.383489 1900 540
20190709T131435.391716 1900 540
20190709T131435.403187 520.05 322.946 69.9988 57.4656 73.9832 442.318 339.225 465.745 339.225 20190709T131435.403187 1900 540
20190709T131435.412978 1900 540
20190709T131435.424205 1900 540
20190709T131435.432127 520.022 323.59 69.751 57.4146 73.5849 442.397 339.916 465.889 339.663 20190709T131435.432127 1900 540
20190709T131435.443320 1900 540
20190709T131435.451148 1900 540
20190709T131435.463156 520.35 324.192 70.1882 57.049 74.245 442.436 340 466.285 340.013 20190709T131435.463156 1900 540
20190709T131435.472140 1900 540
20190709T131435.483210 1900 540
20190709T131435.491710 520.218 324.047 70.235 57.188 74.4322 442.401 340.029 466.012 340.012 20190709T131435.491710 1900 540
20190709T131436.203636 960 540
20190709T131436.209228 960 540
20190709T131436.220260 436.409 307.812 69.4837 63.4076 59.2205 405.083 331.933 426.011 332.367 20190709T131436.220260 960 540
20190709T131436.230854 960 540
20190709T131436.242572 960 540
20190709T131436.248626 437.077 307.896 69.3586 62.6804 59.9773 405.684 331.836 426.709 332.624 20190709T131436.248626 960 540
20190709T131436.260869 960 540
20190709T131436.268250 960 540
20190709T131436.280912 437.074 307.753 69.1301 62.1586 54.1627 405.406 331.958 426.575 332.831 20190709T131436.280912 960 540
20190709T131436.294447 960 540
20190709T131436.300958 960 540
20190709T131436.311744 435.82 308.018 68.5502 62.0535 54.5457 404.462 332.392 425.642 332.952 20190709T131436.311744 960 540
20190709T131436.321200 960 540
20190709T131436.331471 960 540
20190709T131436.339044 434.388 308.889 68.4518 62.1398 60.1371 403.024 332.612 424.101 333.283 20190709T131436.339044 960 540
20190709T131436.351863 960 540
20190709T131436.360110 960 540
20190709T131436.371037 433.659 308.085 67.8918 61.6157 57.1921 402.047 332.462 423.257 333.012 20190709T131436.371037 960 540
20190709T131436.380170 960 540
20190709T131436.391780 960 540
20190709T131436.400679 433.501 307.641 67.6021 61.2828 54.5308 402 332.156 423.164 333.045 20190709T131436.400679 960 540
20190709T131436.412501 960 540
20190709T131436.419709 960 540
20190709T131436.430998 434.068 307.757 67.0191 60.6694 54.1446 402.516 332.914 423.712 333.497 20190709T131436.430998 960 540
20190709T131436.441326 960 540
20190709T131436.451069 960 540
20190709T131436.459714 434.599 308.614 67.0961 60.5134 54.1578 403.117 333.807 424 334 20190709T131436.459714 960 540
20190709T131436.471879 960 540
20190709T131436.479787 960 540
20190709T131436.491726 435.068 309.091 67.0962 60.2103 52.8376 403.406 333.879 424.348 334.588 20190709T131436.491726 960 540
20190709T131436.500843 960 540
20190709T131436.511065 960 540
20190709T131436.519105 434.887 309.687 66.6809 60.2314 53.4398 403.384 334.535 424.287 335.251 20190709T131436.519105 960 540
20190709T131436.531734 960 540
20190709T131436.539730 960 540
20190709T131436.552669 434.829 309.936 66.4602 60.2401 54.1322 403.212 334.764 424.041 335.313 20190709T131436.552669 960 540
20190709T131436.561711 960 540
20190709T131436.571093 960 540
20190709T131436.583719 434.732 309.871 66.5516 59.9799 50.7221 403.086 334.856 424.041 335.313 20190709T131436.583719 960 540
20190709T131436.592476 960 540
20190709T131436.603233 960 540
20190709T131436.611686 434.594 309.79 66.2473 60.2437 53.2456 403.034 334.667 424 335.188 20190709T131436.611686 960 540
20190709T131436.624853 960 540
20190709T131436.632262 960 540
20190709T131436.643194 434.279 309.602 66.2896 60.1389 53.628 402.603 334.448 423.874 335.038 20190709T131436.643194 960 540
20190709T131436.657756 960 540
20190709T131436.663434 960 540
20190709T131436.671183 434.371 309.6 65.9546 59.987 56.1159 402.879 334.406 423.831 334.974 20190709T131436.671183 960 540
20190709T131436.684717 960 540
20190709T131436.695665 960 540
20190709T131436.704175 435.374 309.398 65.8574 59.6893 50.3591 403.735 334.519 424.989 335.224 20190709T131436.704175 960 540
20190709T131436.712123 960 540
20190709T131436.725266 960 540
20190709T131436.731348 436.222 309.946 66.3536 59.5924 52.984 404.552 334.908 425.667 335.596 20190709T131436.731348 960 540
20190709T131436.743849 960 540
20190709T131436.751741 960 540
20190709T131436.763722 436.67 310.494 66.1358 59.5554 56.2149 405 335.622 425.897 335.897 20190709T131436.763722 960 540
20190709T131436.774736 960 540
20190709T131436.784889 960 540
20190709T131436.793905 436.607 311.25 65.4161 59.982 54.9512 405.054 336.107 426.071 336.364 20190709T131436.793905 960 540
20190709T131436.804480 960 540
20190709T131436.816462 960 540
20190709T131436.823048 436.353 311.966 65.5745 59.4236 54.2556 404.5 336.839 425.792 337.547 20190709T131436.823048 960 540
20190709T131436.835661 960 540
20190709T131436.844559 960 540
20190709T131436.855924 435.106 312.549 65.5214 59.0515 51.6084 403.384 337.874 424.268 338.399 20190709T131436.855924 960 540
20190709T131436.866374 960 540
20190709T131436.875226 960 540
20190709T131436.883723 434.146 313.404 65.0597 59.5455 56.4474 402.378 338.01 423.4 338.967 20190709T131436.883723 960 540
20190709T131436.895813 960 540
20190709T131436.903756 960 540
20190709T131436.915782 433.969 313.845 64.8161 59.158 53.4411 401.968 338.688 423.041 339.313 20190709T131436.915782 960 540
20190709T131436.925665 960 540
20190709T131436.935076 960 540
20190709T131436.943725 434.369 314.112 65.3969 58.8622 53.8318 402.536 339.022 423.746 339.608 20190709T131436.943725 960 540
20190709T131436.955233 960 540
20190709T131436.963403 960 540
20190709T131436.974999 434.808 313.634 64.562 59.5028 53.8165 403.24 338.275 424.051 339.006 20190709T131436.974999 960 540
20190709T131436.983353 960 540
20190709T131436.995046 960 540
20190709T131437.002954 434.99 313.254 64.6493 59.3144 56.4834 403.364 337.926 424.414 338.5 20190709T131437.002954 960 540
20190709T131437.015317 960 540
20190709T131437.023742 960 540
20190709T131437.036308 434.783 312.206 64.67 58.8822 54.2908 402.959 337.269 423.776 337.874 20190709T131437.036308 960 540
20190709T131437.048427 960 540
20190709T131437.055671 960 540
20190709T131437.067192 435.035 310.066 64.1353 58.7704 54.5968 403.133 335.113 424.028 335.583 20190709T131437.067192 960 540
20190709T131437.076041 960 540
20190709T131437.087179 960 540
20190709T131437.094918 -1 -1 64.1353 58.7704 54.5968 403.133 335.113 424.028 335.583 20190709T131437.094918 960 540
20190709T131437.107678 960 540
20190709T131437.115656 960 540
20190709T131437.127235 -1 -1 64.1353 58.7704 54.5968 403.133 335.113 424.028 335.583 20190709T131437.127235 960 540
20190709T131437.136041 960 540
20190709T131437.147691 960 540
20190709T131437.155731 -1 -1 64.1353 58.7704 54.5968 403.133 335.113 424.028 335.583 20190709T131437.155731 960 540
20190709T131437.167045 960 540
20190709T131437.175764 960 540
20190709T131437.187638 -1 -1 64.1353 58.7704 54.5968 403.133 335.113 424.028 335.583 20190709T131437.187638 960 540
20190709T131437.195821 960 540
20190709T131437.207753 960 540
20190709T131437.215638 435.137 304.929 62.1022 58.3022 32.7373 402.863 329.714 423.903 330.139 20190709T131437.215638 960 540
20190709T131437.227284 960 540
20190709T131437.235016 960 540
20190709T131437.246994 433.667 306.258 64.4968 58.901 53.9212 401.57 332.442 422.466 333.179 20190709T131437.246994 960 540
20190709T131437.255720 960 540
20190709T131437.267019 960 540
20190709T131437.274906 432.32 308.345 64.759 59.3414 55.7056 400.246 334.183 420.919 335.171 20190709T131437.274906 960 540
20190709T131437.288087 960 540
20190709T131437.295200 960 540
20190709T131437.307749 431.592 309.286 64.9943 59.4856 56.9098 399.46 335.304 420.512 336.117 20190709T131437.307749 960 540
20190709T131437.320294 960 540
20190709T131437.328271 960 540
20190709T131437.339054 431.571 309.501 64.9784 59.0081 53.7762 399.484 335.47 420.207 336.031 20190709T131437.339054 960 540
20190709T131437.348140 960 540
20190709T131437.359247 960 540
20190709T131437.368737 431.795 309.742 64.7888 59.7245 56.0383 399.889 335.425 420.438 335.671 20190709T131437.368737 960 540
20190709T131437.380748 960 540
20190709T131437.387260 960 540
20190709T131437.399085 432.584 309.054 65.192 59.5199 55.3685 400.311 334.779 421.115 335.538 20190709T131437.399085 960 540
20190709T131437.407595 960 540
20190709T131437.419010 960 540
20190709T131437.427127 433.02 308.311 65.2068 59.6376 54.049 400.763 334.213 421.855 334.791 20190709T131437.427127 960 540
20190709T131437.439467 960 540
20190709T131437.447658 960 540
20190709T131437.459710 430.994 308.418 65.0763 59.1947 54.0656 400.301 334.105 421.008 334.629 20190709T131437.459710 960 540
20190709T131437.468757 960 540
20190709T131437.479118 960 540
20190709T131437.488718 429.778 309.306 65.4054 58.6822 49.515 399.802 334.599 420.653 335.164 20190709T131437.488718 960 540
20190709T131437.502120 960 540
20190709T131437.509204 960 540
20190709T131437.519750 429.891 309.801 65.345 58.853 49.9137 399.892 335.216 420.705 335.938 20190709T131437.519750 960 540
20190709T131437.529316 960 540
20190709T131437.540337 960 540
20190709T131437.547250 429.889 310.605 65.442 58.6551 48.7249 399.795 335.619 420.542 336.156 20190709T131437.547250 960 540
20190709T131437.559282 960 540
20190709T131437.571764 960 540
20190709T131437.579742 429.567 311.311 65.4029 58.8925 51.271 399.707 336.431 420.568 336.964 20190709T131437.579742 960 540
20190709T131437.594385 960 540
20190709T131437.601297 960 540
20190709T131437.611758 429.769 311.486 65.3578 58.8657 48.0415 399.644 336.728 420.653 337.164 20190709T131437.611758 960 540
20190709T131437.622375 960 540
20190709T131437.632490 960 540
20190709T131437.639206 430.185 311.493 65.4988 59.2231 53.6124 399.901 336.114 420.799 336.971 20190709T131437.639206 960 540
20190709T131437.652425 960 540
20190709T131437.659745 960 540
20190709T131437.671115 430.482 311.099 65.6265 58.8918 50.8958 400.298 336.197 421.237 336.729 20190709T131437.671115 960 540
20190709T131437.680711 960 540
20190709T131437.691237 960 540
20190709T131437.700073 430.341 310.952 65.7929 59.4248 53.3878 400 335.871 421 336.199 20190709T131437.700073 960 540
20190709T131438.397968 20 540
20190709T131438.407783 20 540
20190709T131438.416426 332.044 300.655 65.3358 59.8904 84.6122 354.21 325.71 375.139 326.311 20190709T131438.416426 20 540
20190709T131438.430088 20 540
20190709T131438.438073 20 540
20190709T131438.448285 331.545 301.441 65.3026 59.8534 84.3192 353.486 326.419 374.536 327.281 20190709T131438.448285 20 540
20190709T131438.458445 20 540
20190709T131438.469685 20 540
20190709T131438.477656 332.379 302.115 65.66 59.9484 79.8377 354.265 326.813 375.064 327.628 20190709T131438.477656 20 540
20190709T131438.488677 20 540
20190709T131438.495270 20 540
20190709T131438.507691 338.795 300.88 64.0399 61.262 91.0375 357.032 327.081 378.224 327.604 20190709T131438.507691 20 540
20190709T131438.516516 20 540
20190709T131438.527145 20 540
20190709T131438.535882 338.364 301.456 65.1032 60.5201 94.7341 356.884 327.053 378.333 327.605 20190709T131438.535882 20 540
20190709T131438.549398 20 540
20190709T131438.555847 20 540
20190709T131438.567759 338.002 301.684 66.1316 60.5984 90.0812 356.615 326.906 377.736 327.402 20190709T131438.567759 20 540
20190709T131438.581739 20 540
20190709T131438.587497 20 540
20190709T131438.599267 337.99 301.654 66.1273 61.0594 92.9163 356.622 327.055 377.901 327.543 20190709T131438.599267 20 540
20190709T131438.608252 20 540
20190709T131438.619205 20 540
20190709T131438.627241 338.278 302.175 66.6161 61.1868 94.3922 356.86 327.833 377.957 328.059 20190709T131438.627241 20 540
20190709T131438.639856 20 540
20190709T131438.647746 20 540
20190709T131438.660723 337.205 300.767 66.9547 61.2272 90.0794 356.615 326.906 377.901 327.543 20190709T131438.660723 20 540
20190709T131438.670053 20 540
20190709T131438.680241 20 540
20190709T131438.687164 337.391 301.719 66.9939 61.5376 89.153 356.661 327.619 377.678 328.004 20190709T131438.687164 20 540
20190709T131438.699129 20 540
20190709T131438.707795 20 540
20190709T131438.719803 336.913 301.94 67.0503 61.8177 93.2903 356.05 327.581 376.966 328.368 20190709T131438.719803 20 540
20190709T131438.728365 20 540
20190709T131438.739098 20 540
20190709T131438.747669 336.501 302.543 67.3988 62.2407 87.2501 355.783 328.138 376.466 329.174 20190709T131438.747669 20 540
20190709T131438.759311 20 540
20190709T131438.767286 20 540
20190709T131438.780754 336.253 302.234 66.3879 62.5287 91.4941 355.757 328.395 376.446 329.377 20190709T131438.780754 20 540
20190709T131438.788269 20 540
20190709T131438.799130 20 540
20190709T131438.807784 336.865 302.603 67.7067 62.6132 87.7896 356.039 328.074 376.842 329.323 20190709T131438.807784 20 540
20190709T131438.819334 20 540
20190709T131438.832766 20 540
20190709T131438.840787 337.647 302.272 68.4576 62.7886 85.7654 356.647 327.85 377.826 328.67 20190709T131438.840787 20 540
20190709T131438.854996 20 540
20190709T131438.861817 20 540
20190709T131438.871266 337.644 301.463 66.5129 63.0117 92.0351 356.72 327.778 378.021 328.709 20190709T131438.871266 20 540
20190709T131438.882615 20 540
20190709T131438.891041 20 540
20190709T131438.899778 336.892 302.243 68.266 62.9443 88.5635 355.897 327.897 376.667 328.628 20190709T131438.899778 20 540
20190709T131438.914378 20 540
20190709T131438.920689 20 540
20190709T131438.931770 335.668 302.539 68.6315 63.0356 85.7127 354.469 328.039 375.464 328.877 20190709T131438.931770 20 540
20190709T131438.944583 20 540
20190709T131438.951826 20 540
20190709T131438.959778 335.111 301.626 65.0326 63.4767 93.1344 354.237 328.295 375.078 329.319 20190709T131438.959778 20 540
20190709T131438.971418 20 540
20190709T131438.979776 20 540
20190709T131438.991250 335.765 302.505 68.1498 62.928 90.5362 354.546 327.976 375.414 328.916 20190709T131438.991250 20 540
20190709T131439.001775 20 540
20190709T131439.011297 20 540
20190709T131439.019774 337.694 300.726 67.3088 63.1291 96.3606 356.193 326.246 376.812 327.288 20190709T131439.019774 20 540
20190709T131439.031241 20 540
20190709T131439.040369 20 540
20190709T131439.051677 -1 -1 67.3088 63.1291 96.3606 356.193 326.246 376.812 327.288 20190709T131439.051677 20 540
20190709T131439.059256 20 540
20190709T131439.071186 20 540
20190709T131439.083847 -1 -1 67.3088 63.1291 96.3606 356.193 326.246 376.812 327.288 20190709T131439.083847 20 540
20190709T131439.092319 20 540
20190709T131439.103980 20 540
20190709T131439.111836 -1 -1 67.3088 63.1291 96.3606 356.193 326.246 376.812 327.288 20190709T131439.111836 20 540
20190709T131439.123391 20 540
20190709T131439.131796 20 540
20190709T131439.143276 -1 -1 67.3088 63.1291 96.3606 356.193 326.246 376.812 327.288 20190709T131439.143276 20 540
20190709T131439.152122 20 540
20190709T131439.163797 20 540
20190709T131439.171800 -1 -1 67.3088 63.1291 96.3606 356.193 326.246 376.812 327.288 20190709T131439.171800 20 540
20190709T131439.183317 20 540
20190709T131439.191766 20 540
20190709T131439.203254 336.995 291.118 75.2802 62.2705 95.5042 355.717 321.321 376.5 322 20190709T131439.203254 20 540
20190709T131439.213620 20 540
20190709T131439.223788 20 540
20190709T131439.231218 336.737 297.339 68.046 63.1538 87.6396 355.878 324.008 376.469 324.872 20190709T131439.231218 20 540
20190709T131439.243409 20 540
20190709T131439.251701 20 540
20190709T131439.263046 336.458 299.002 68.4829 62.8832 94.6563 355.308 325.915 376.333 326.777 20190709T131439.263046 20 540
20190709T131439.272272 20 540
20190709T131439.284792 20 540
20190709T131439.291709 336.077 300.625 68.0269 63.2031 94.7691 354.967 327.399 376.385 328.027 20190709T131439.291709 20 540
20190709T131439.303290 20 540
20190709T131439.311302 20 540
20190709T131439.323277 336.05 301.47 66.7597 63.398 97.7064 354.613 328.51 375.904 329.419 20190709T131439.323277 20 540
20190709T131439.337575 20 540
20190709T131439.343977 20 540
20190709T131439.355162 335.831 303.044 68.282 63.1643 93.3129 354.513 329.825 375.687 330.29 20190709T131439.355162 20 540
20190709T131439.366221 20 540
20190709T131439.375169 20 540
20190709T131439.383126 335.619 304.029 68.2924 62.7549 91.2252 354.245 330.359 375.52 331.22 20190709T131439.383126 20 540
20190709T131439.396886 20 540
20190709T131439.404940 20 540
20190709T131439.415140 335.805 304.943 67.9609 63.2699 91.9056 354.543 331.594 375.711 332.196 20190709T131439.415140 20 540
20190709T131439.425470 20 540
20190709T131439.435164 20 540
20190709T131439.443779 335.736 305.904 68.2104 62.8919 89.2262 354.279 332 375.265 332.81 20190709T131439.443779 20 540
20190709T131439.457127 20 540
20190709T131439.466629 20 540
20190709T131439.475168 335.399 305.857 65.7896 62.8351 93.375 354.213 332.511 375.141 333.478 20190709T131439.475168 20 540
20190709T131439.485654 20 540
20190709T131439.496766 20 540
20190709T131439.503326 335.337 307.042 68.2677 62.8509 83.9692 354.065 333.116 375.069 333.595 20190709T131439.503326 20 540
20190709T131439.515223 20 540
20190709T131439.523148 20 540
20190709T131439.535766 335.246 307.052 68.3057 62.8599 80.784 353.892 333.216 374.722 333.945 20190709T131439.535766 20 540
20190709T131439.545947 20 540
20190709T131439.555200 20 540
20190709T131439.563841 332.303 307.467 68.0757 62.5266 91.2338 352.133 333.351 373.145 334.028 20190709T131439.563841 20 540
20190709T131439.576985 20 540
20190709T131439.587797 20 540
20190709T131439.595787 331.006 307.474 68.3324 62.6905 89.0978 350.939 333.385 372.348 334.004 20190709T131439.595787 20 540
20190709T131439.608507 20 540
20190709T131439.616186 20 540
20190709T131439.627328 330.184 306.79 66.8957 63.0174 90.1032 350.487 333.246 371.584 333.771 20190709T131439.627328 20 540
20190709T131439.638772 20 540
20190709T131439.647760 20 540
20190709T131439.655270 330.175 307.147 68.7543 62.7315 89.3904 350.238 333.091 371.236 333.808 20190709T131439.655270 20 540
20190709T131439.668788 20 540
20190709T131439.675780 20 540
20190709T131439.687292 330.357 307.236 69.0476 62.7053 86.5627 350.472 333.278 371.509 333.816 20190709T131439.687292 20 540
20190709T131439.695639 20 540
20190709T131439.707849 20 540
20190709T131439.715800 330.698 307.389 69.2713 63.2988 83.8539 350.625 333.12 371.752 333.67 20190709T131439.715800 20 540
20190709T131439.728139 20 540
20190709T131439.735878 20 540
20190709T131439.747804 330.782 307.069 68.6781 63.27 90.5216 350.591 333.359 371.634 333.805 20190709T131439.747804 20 540
20190709T131439.757332 20 540
20190709T131439.767154 20 540
20190709T131439.775231 331.211 307.338 69.3917 63.0884 87.829 351.059 333.348 372.247 333.978 20190709T131439.775231 20 540
20190709T131439.789212 20 540
20190709T131439.795716 20 540
20190709T131439.807811 331.447 307.388 68.8966 63.4338 87.8342 351.348 333.542 372.312 334.054 20190709T131439.807811 20 540
20190709T131439.818084 20 540
20190709T131439.827226 20 540
20190709T131439.839834 331.42 307.375 69.0106 63.759 89.5043 351.081 333.866 372.2 334.145 20190709T131439.839834 20 540
20190709T131439.849128 20 540
20190709T131439.859164 20 540
20190709T131439.867202 330.755 307.288 69.3661 63.5661 92.3235 350.516 333.443 371.481 333.918 20190709T131439.867202 20 540
20190709T131439.879425 20 540
20190709T131439.887829 20 540
20190709T131440.717782 333.789 352.967 71.4419 64.0334 72.8257 353.267 353.103 374.543 354.152 20190709T131440.717782 20 1060
20190709T131440.729814 20 1060
20190709T131440.737052 20 1060
20190709T131440.745342 334.087 352.985 71.8585 64.0991 69.3284 353.958 353.418 374.78 353.663 20190709T131440.745342 20 1060
20190709T131440.756888 20 1060
20190709T131440.764639 20 1060
20190709T131440.777098 333.828 353.479 71.4999 64.3976 72.3 353.708 353.815 374.542 354.156 20190709T131440.777098 20 1060
20190709T131440.786576 20 1060
20190709T131440.797780 20 1060
20190709T131440.804987 333.219 353.465 71.9569 64.2002 72.2136 352.814 353.729 374.285 354.013 20190709T131440.804987 20 1060
20190709T131440.817266 20 1060
20190709T131440.826810 20 1060
20190709T131440.835466 333.16 353.56 72.0031 64.5819 71.3497 352.586 353.457 373.905 353.825 20190709T131440.835466 20 1060
20190709T131440.847296 20 1060
20190709T131440.855939 20 1060
20190709T131440.867161 333.512 353.588 71.8439 64.1148 72.0387 353.147 353.898 374.214 354.462 20190709T131440.867161 20 1060
20190709T131440.876159 20 1060
20190709T131440.887885 20 1060
20190709T131440.895835 334.181 353.192 71.756 64.2956 71.101 353.989 353.645 375 353.697 20190709T131440.895835 20 1060
20190709T131440.907427 20 1060
20190709T131440.915832 20 1060
20190709T131440.927307 334.783 353.003 71.8697 64.0555 73.0519 354.294 353.373 375.586 353.882 20190709T131440.927307 20 1060
20190709T131440.938212 20 1060
20190709T131440.948786 20 1060
20190709T131440.955878 335.004 353.218 72.1837 64.0085 72.7559 354.661 353.69 375.925 353.987 20190709T131440.955878 20 1060
20190709T131440.968080 20 1060
20190709T131440.975868 20 1060
20190709T131440.987863 334.821 353.415 71.8142 64.1323 72.71 353.914 353.5 375.36 354.102 20190709T131440.987863 20 1060
20190709T131441.001334 20 1060
20190709T131441.007301 20 1060
20190709T131441.015313 334.342 353.656 72.0899 64.1436 75.3869 353.548 353.833 374.58 354.394 20190709T131441.015313 20 1060
20190709T131441.029003 20 1060
20190709T131441.035827 20 1060
20190709T131441.047791 333.927 353.644 72.0949 64.0969 72.496 353.156 353.844 374.423 354.308 20190709T131441.047791 20 1060
20190709T131441.059095 20 1060
20190709T131441.068255 20 1060
20190709T131441.076213 333.753 353.659 72.0078 64.1335 73.431 353.156 353.844 374.388 354.388 20190709T131441.076213 20 1060
20190709T131441.087200 20 1060
20190709T131441.100334 20 1060
20190709T131441.108012 333.652 353.727 71.5614 64.1823 71.9521 353.083 353.933 374.426 354.402 20190709T131441.108012 20 1060
20190709T131441.120745 20 1060
20190709T131441.127851 20 1060
20190709T131441.139823 334.129 352.544 71.434 63.726 73.7921 352.955 352.972 374.394 353.433 20190709T131441.139823 20 1060
20190709T131441.148924 20 1060
20190709T131441.159842 20 1060
20190709T131441.167783 337.278 346.934 71.7537 63.181 81.3823 354.928 347.281 375.362 348.236 20190709T131441.167783 20 1060
20190709T131441.180547 20 1060
20190709T131441.188346 20 1060
20190709T131441.199311 -1 -1 71.7537 63.181 81.3823 354.928 347.281 375.362 348.236 20190709T131441.199311 20 1060
20190709T131441.207926 20 1060
20190709T131441.220985 20 1060
20190709T131441.229308 -1 -1 71.7537 63.181 81.3823 354.928 347.281 375.362 348.236 20190709T131441.229308 20 1060
20190709T131441.239438 20 1060
20190709T131441.247824 20 1060
20190709T131441.259327 -1 -1 71.7537 63.181 81.3823 354.928 347.281 375.362 348.236 20190709T131441.259327 20 1060
20190709T131441.268873 20 1060
20190709T131441.279406 20 1060
20190709T131441.287935 329.563 358.747 44.8571 34.7708 38.3386 352.943 343.921 374.873 343.663 20190709T131441.287935 20 1060
20190709T131441.300253 20 1060
20190709T131441.307841 20 1060
20190709T131441.319248 338.317 350.554 62.4731 55.554 123.179 353.322 346.448 374.752 346.976 20190709T131441.319248 20 1060
20190709T131441.329795 20 1060
20190709T131441.339177 20 1060
20190709T131441.351304 336.025 348.131 68.7423 61.6533 87.1464 353.718 347.867 374.799 348.444 20190709T131441.351304 20 1060
20190709T131441.361070 20 1060
20190709T131441.371975 20 1060
20190709T131441.379839 335.548 348.549 70.1243 62.339 74.8118 353.746 349.042 374.87 349.587 20190709T131441.379839 20 1060
20190709T131441.391338 20 1060
20190709T131441.399174 20 1060
20190709T131441.411146 335.742 349.392 69.8427 62.6768 73.3488 353.862 349.815 374.799 350.444 20190709T131441.411146 20 1060
20190709T131441.422401 20 1060
20190709T131441.432405 20 1060
20190709T131441.440281 335.145 350.006 70.0331 62.7324 74.5392 353.37 350.169 374.443 351.153 20190709T131441.440281 20 1060
20190709T131441.452525 20 1060
20190709T131441.459902 20 1060
20190709T131441.471407 335.058 350.627 70.1459 62.5454 73.1441 353.074 351.037 374.406 351.544 20190709T131441.471407 20 1060
20190709T131441.480305 20 1060
20190709T131441.491965 20 1060
20190709T131441.499963 335.356 350.992 70.1005 63.1416 69.7934 353.041 351.313 374.436 351.88 20190709T131441.499963 20 1060
20190709T131441.512081 20 1060
20190709T131441.519826 20 1060
20190709T131441.531333 335.381 351.258 70.2491 62.5218 74.7041 353.303 351.497 374.5 351.686 20190709T131441.531333 20 1060
20190709T131441.541599 20 1060
20190709T131441.551394 20 1060
20190709T131441.559928 335.902 351.433 70.0584 63.1679 72.0235 353.792 351.547 374.698 351.74 20190709T131441.559928 20 1060
20190709T131441.572617 20 1060
20190709T131441.580386 20 1060
20190709T131441.592292 335.695 351.559 70.3037 62.5841 74.1426 353.744 351.744 374.736 352.109 20190709T131441.592292 20 1060
20190709T131441.603753 20 1060
20190709T131441.611929 20 1060
20190709T131441.623636 332.606 351.275 70.172 63.5612 72.0056 352.5 351.994 373.826 352.194 20190709T131441.623636 20 1060
20190709T131441.632395 20 1060
20190709T131441.643961 20 1060
20190709T131441.651948 333.434 351.519 70.2456 63.7529 75.8056 352.714 351.784 374.011 352.246 20190709T131441.651948 20 1060
20190709T131441.663993 20 1060
20190709T131441.671881 20 1060
20190709T131441.683874 333.385 351.503 70.4707 63.8393 74.571 352.714 351.784 373.965 352.31 20190709T131441.683874 20 1060
20190709T131441.694002 20 1060
20190709T131441.703315 20 1060
20190709T131441.711361 333.069 352.05 70.9756 63.2774 75.4283 352.469 352.039 373.852 352.689 20190709T131441.711361 20 1060
20190709T131441.724566 20 1060
20190709T131441.731816 20 1060
20190709T131441.743418 332.685 351.876 71.0808 64.1317 74.6584 352.295 352.068 373.404 352.875 20190709T131441.743418 20 1060
20190709T131441.751731 20 1060
20190709T131441.763375 20 1060
20190709T131441.771865 332.465 352.043 70.9651 64.1423 74.5289 351.853 352.141 372.945 352.941 20190709T131441.771865 20 1060
20190709T131441.783806 20 1060
20190709T131441.791966 20 1060
20190709T131441.803925 332.047 352.194 71.6079 63.4869 76.3517 351.803 352.126 372.704 353.158 20190709T131441.803925 20 1060
20190709T131441.814504 20 1060
20190709T131441.823194 20 1060
20190709T131441.831161 332.608 352.417 71.4692 64.1403 76.056 352.042 352.185 373.184 353.282 20190709T131441.831161 20 1060
20190709T131441.844251 20 1060
20190709T131441.855881 20 1060
20190709T131441.863844 333.292 352.338 71.7171 64.073 77.202 352.655 352.412 374.057 353.049 20190709T131441.863844 20 1060
20190709T131441.875434 20 1060
20190709T131441.883356 20 1060
20190709T131441.896920 333.587 352.58 72.0197 64.458 76.4824 353 352.5 374.173 353.059 20190709T131441.896920 20 1060
20190709T131441.905715 20 1060
20190709T131441.915205 20 1060
20190709T131441.923841 333.457 352.888 71.847 64.6289 76.3362 352.622 352.901 373.851 353.475 20190709T131441.923841 20 1060
20190709T131441.936683 20 1060
20190709T131441.944291 20 1060
20190709T131441.955949 332.88 353.039 72.1184 64.3055 75.5824 352.55 352.942 373.784 353.602 20190709T131441.955949 20 1060
20190709T131441.964457 20 1060
20190709T131441.975936 20 1060
20190709T131441.983868 333.086 353.358 72.0881 64.7843 74.5884 352.617 353.454 373.859 353.936 20190709T131441.983868 20 1060
20190709T131441.995862 20 1060
20190709T131442.003917 20 1060
20190709T131442.015332 333.279 353.254 72.1708 64.5641 77.4073 352.672 353.128 374.205 353.603 20190709T131442.015332 20 1060
20190709T131442.025429 20 1060
20190709T131442.035208 20 1060
20190709T131442.044850 333.485 353.394 72.3787 64.8252 73.6808 352.662 353.145 374.004 353.81 20190709T131442.044850 20 1060
20190709T131442.056446 20 1060
20190709T131442.063932 20 1060
20190709T131442.075366 333.215 353.469 71.9344 64.598 75.8607 352.617 353.444 373.859 353.936 20190709T131442.075366 20 1060
20190709T131442.086775 20 1060
20190709T131442.095252 20 1060
20190709T131442.107175 333.4 353.552 71.9258 64.3558 77.3719 352.661 353.69 373.859 353.936 20190709T131442.107175 20 1060
20190709T131442.116872 20 1060
20190709T131442.127155 20 1060
20190709T131442.135188 333.715 353.489 71.8637 64.5198 76.6773 352.713 353.754 373.961 354.026 20190709T131442.135188 20 1060
20190709T131442.147715 20 1060
20190709T131442.155362 20 1060
20190709T131442.167880 333.943 353.601 71.546 64.4804 75.6899 353.147 353.898 374.319 354.475 20190709T131442.167880 20 1060
20190709T131442.177486 20 1060
20190709T131442.187319 20 1060
20190709T131442.195876 334.216 353.788 71.5215 64.1567 77.0905 353.042 353.746 374.355 354.252 20190709T131442.195876 20 1060
20190709T131442.208267 20 1060
20190709T131442.215679 20 1060
20190709T131443.005370 436.693 356.768 68.846 63.2949 74.2006 399.879 354.327 420.594 354.365 20190709T131443.005370 960 1060
20190709T131443.015347 960 1060
20190709T131443.027273 960 1060
20190709T131443.033959 437.194 357.236 69.1523 62.9162 76.9406 400.279 354 421.122 354.865 20190709T131443.033959 960 1060
20190709T131443.046680 960 1060
20190709T131443.054581 960 1060
20190709T131443.063940 437.697 357.394 68.9872 63.2363 74.3457 400.763 354.213 421.944 355.004 20190709T131443.063940 960 1060
20190709T131443.075121 960 1060
20190709T131443.084568 960 1060
20190709T131443.094368 438.205 357.648 68.9186 63.189 73.0836 401.29 354.737 422.35 355.086 20190709T131443.094368 960 1060
20190709T131443.105542 960 1060
20190709T131443.115834 960 1060
20190709T131443.123936 438.819 358.107 69.3778 63.1091 75.4571 401.859 354.859 422.685 355.69 20190709T131443.123936 960 1060
20190709T131443.135568 960 1060
20190709T131443.143434 960 1060
20190709T131443.156932 438.34 358.341 68.7841 64.025 71.2241 401.959 355.262 422.615 355.615 20190709T131443.156932 960 1060
20190709T131443.166086 960 1060
20190709T131443.176454 960 1060
20190709T131443.183425 438.454 358.906 69.4159 63.1804 72.8562 401.862 355.815 422.462 356.425 20190709T131443.183425 960 1060
20190709T131443.195848 960 1060
20190709T131443.203868 960 1060
20190709T131443.216072 449.65 360.647 69.3131 60.4179 79.9836 406.441 356.549 427.27 357.543 20190709T131443.216072 960 1060
20190709T131443.225471 960 1060
20190709T131443.235156 960 1060
20190709T131443.243405 479.279 363.238 69.4388 58.1262 82.8698 420.732 357.565 441.385 358.601 20190709T131443.243405 960 1060
20190709T131443.255975 960 1060
20190709T131443.263936 960 1060
20190709T131443.275938 487.906 364.852 68.6981 59.5935 85.9344 424.378 358.747 446.286 359.476 20190709T131443.275938 960 1060
20190709T131443.285951 960 1060
20190709T131443.295359 960 1060
20190709T131443.303926 487.675 365.521 68.694 59.5677 86.7498 424.014 359.635 445.733 360.096 20190709T131443.303926 960 1060
20190709T131443.316822 960 1060
20190709T131443.324127 960 1060
20190709T131443.335945 487.435 365.858 68.5168 59.7953 85.8612 423.818 359.792 445.286 360.508 20190709T131443.335945 960 1060
20190709T131443.346235 960 1060
20190709T131443.355209 960 1060
20190709T131443.367598 487.414 366.034 69.2837 59.8772 84.841 423.511 359.654 445.417 360.934 20190709T131443.367598 960 1060
20190709T131443.377089 960 1060
20190709T131443.387423 960 1060
20190709T131443.395983 487.404 366.234 69.3991 60.0574 86.1421 423.5 360 445.148 361.126 20190709T131443.395983 960 1060
20190709T131443.408166 960 1060
20190709T131443.415967 960 1060
20190709T131443.427414 487.613 366.333 69.3699 60.2552 84.5123 423.859 359.939 445.587 361.155 20190709T131443.427414 960 1060
20190709T131443.437454 960 1060
20190709T131443.447394 960 1060
20190709T131443.455871 487.714 366.413 69.822 60.3818 86.0133 423.876 359.819 445.667 361.025 20190709T131443.455871 960 1060
20190709T131443.469321 960 1060
20190709T131443.476730 960 1060
20190709T131443.487989 487.738 366.577 69.6213 60.4784 85.8013 424.02 360.114 445.73 361.23 20190709T131443.487989 960 1060
20190709T131443.498108 960 1060
20190709T131443.507166 960 1060
20190709T131443.515107 488.041 366.979 69.7488 60.2629 84.2125 424.056 360.038 445.942 361.313 20190709T131443.515107 960 1060
20190709T131443.527490 960 1060
20190709T131443.535933 960 1060
20190709T131443.547337 463.695 363.64 68.0793 62.5389 83.2584 414.534 358.701 435.582 359.745 20190709T131443.547337 960 1060
20190709T131443.558323 960 1060
20190709T131443.567417 960 1060
20190709T131443.575404 427.691 358.717 69.6628 64.2293 81.1515 396.816 356.048 417.979 356.584 20190709T131443.575404 960 1060
20190709T131443.589344 960 1060
20190709T131443.595859 960 1060
20190709T131443.607380 423.785 359.228 70.461 64.3531 77.0168 394.467 356.287 415.436 357.123 20190709T131443.607380 960 1060
20190709T131443.620884 960 1060
20190709T131443.627390 960 1060
20190709T131443.639333 422.782 359.41 70.147 63.8925 76.5931 393.953 356.538 414.788 357.446 20190709T131443.639333 960 1060
20190709T131443.649984 960 1060
20190709T131443.663332 960 1060
20190709T131443.668373 421.565 359.85 70.2263 63.7526 74.4531 392.847 356.973 413.892 357.765 20190709T131443.668373 960 1060
20190709T131443.681006 960 1060
20190709T131443.687563 960 1060
20190709T131443.699283 420.972 360.107 70.1033 64.1375 74.5714 392.29 357.108 413.286 358.005 20190709T131443.699283 960 1060
20190709T131443.708424 960 1060
20190709T131443.719235 960 1060
20190709T131443.728951 421.275 360.185 70.0087 64.1986 76.5925 392.703 357.655 413.612 357.982 20190709T131443.728951 960 1060
20190709T131443.743110 960 1060
20190709T131443.749272 960 1060
20190709T131443.760947 421.694 360.14 70.0263 64.2275 76.2413 393.17 357.135 414.185 357.883 20190709T131443.760947 960 1060
20190709T131443.769847 960 1060
20190709T131443.779976 960 1060
20190709T131443.787983 421.788 360.096 70.0736 64.5136 76.9098 393.585 357.145 414.365 357.671 20190709T131443.787983 960 1060
20190709T131443.800433 960 1060
20190709T131443.807973 960 1060
20190709T131443.819367 421.95 358.837 70.3365 64.0696 73.9288 393.139 356.006 414.27 356.738 20190709T131443.819367 960 1060
20190709T131443.828187 960 1060
20190709T131443.839171 960 1060
20190709T131443.847814 425.85 358.727 63.9662 60.9664 124.894 394 352.317 415.498 352.787 20190709T131443.847814 960 1060
20190709T131443.861323 960 1060
20190709T131443.871946 960 1060
20190709T131443.879928 -1 -1 63.9662 60.9664 124.894 394 352.317 415.498 352.787 20190709T131443.879928 960 1060
20190709T131443.891494 960 1060
20190709T131443.900040 960 1060
20190709T131443.911975 -1 -1 63.9662 60.9664 124.894 394 352.317 415.498 352.787 20190709T131443.911975 960 1060
20190709T131443.920225 960 1060
20190709T131443.931153 960 1060
20190709T131443.939942 -1 -1 63.9662 60.9664 124.894 394 352.317 415.498 352.787 20190709T131443.939942 960 1060
20190709T131443.951456 960 1060
20190709T131443.959847 960 1060
20190709T131443.971964 -1 -1 63.9662 60.9664 124.894 394 352.317 415.498 352.787 20190709T131443.971964 960 1060
20190709T131443.980374 960 1060
20190709T131443.991263 960 1060
20190709T131443.999920 427.307 353.1 70.8518 64.0941 71.8098 397.607 349.845 416.865 350.823 20190709T131443.999920 960 1060
20190709T131444.011393 960 1060
20190709T131444.019412 960 1060
20190709T131444.032938 427.873 355.132 70.7025 65.0578 71.7104 395.904 352.023 417.097 352.709 20190709T131444.032938 960 1060
20190709T131444.044277 960 1060
20190709T131444.051389 960 1060
20190709T131444.059268 427.954 356.567 70.4474 65.4592 71.1743 396.277 353.661 417.394 353.913 20190709T131444.059268 960 1060
20190709T131444.072108 960 1060
20190709T131444.079954 960 1060
20190709T131444.091426 427.858 357.303 70.9933 65.4022 72.0231 395.82 354.056 417.008 355.086 20190709T131444.091426 960 1060
20190709T131444.100469 960 1060
20190709T131444.111975 960 1060
20190709T131444.123982 427.781 358.345 70.8573 65.8336 74.0274 395.813 355.234 416.814 355.65 20190709T131444.123982 960 1060
20190709T131444.133490 960 1060
20190709T131444.143297 960 1060
20190709T131444.151961 427.523 359.069 71.5064 65.8011 72.0642 395.729 355.547 416.733 356.461 20190709T131444.151961 960 1060
20190709T131444.164098 960 1060
20190709T131444.172092 960 1060
20190709T131444.183407 427.761 359.742 71.7488 65.6612 73.5059 395.849 356.097 416.92 357.114 20190709T131444.183407 960 1060
20190709T131444.193583 960 1060
20190709T131444.203257 960 1060
20190709T131444.211850 444.899 360.678 71.3028 61.2736 79.2064 404 356.715 424.91 357.804 20190709T131444.211850 960 1060
20190709T131444.225317 960 1060
20190709T131444.232069 960 1060
20190709T131444.243988 477.243 361.51 70.9078 62.1905 76.5989 420.432 357.662 441.615 358.236 20190709T131444.243988 960 1060
20190709T131444.255033 960 1060
20190709T131444.263236 960 1060
20190709T131444.271424 495.936 362.939 70.4585 61.1382 82.4594 428.945 358.941 450.69 359.354 20190709T131444.271424 960 1060
20190709T131444.284032 960 1060
20190709T131444.292029 960 1060
20190709T131444.303413 496.466 364.281 70.8541 61.5429 80.8365 429.991 359.638 451.576 360.23 20190709T131444.303413 960 1060
20190709T131444.313406 960 1060
20190709T131444.323312 960 1060
20190709T131444.331961 496.703 364.811 70.8248 61.2725 85.8552 430.151 360.009 451.859 361.216 20190709T131444.331961 960 1060
20190709T131444.345146 960 1060
20190709T131444.352161 960 1060
20190709T131444.363294 496.738 365.327 71.1242 61.0783 84.7083 429.926 360.651 451.747 361.365 20190709T131444.363294 960 1060
20190709T131444.376895 960 1060
20190709T131444.383561 960 1060
20190709T131444.396957 496.676 365.391 70.9689 61.3669 84.4041 429.901 360.821 451.753 361.509 20190709T131444.396957 960 1060
20190709T131444.406450 960 1060
20190709T131444.415298 960 1060
20190709T131444.423939 496.002 365.792 71.112 61.3573 85.3547 428.831 361.103 450.821 361.685 20190709T131444.423939 960 1060
20190709T131444.436044 960 1060
20190709T131444.443997 960 1060
20190709T131444.455976 494.97 365.962 70.8616 61.2618 83.1431 428.271 361.35 449.85 361.832 20190709T131444.455976 960 1060
20190709T131444.464896 960 1060
20190709T131444.475305 960 1060
20190709T131444.483963 494.71 366.006 70.9212 60.7854 83.4483 428.037 361.341 449.518 361.978 20190709T131444.483963 960 1060
20190709T131444.495637 960 1060
20190709T131445.291854 1900 1060
20190709T131445.300480 504.905 368.365 68.0347 57.9749 86.1229 430.443 361.153 453.018 362.028 20190709T131445.300480 1900 1060
20190709T131445.314127 1900 1060
20190709T131445.325823 1900 1060
20190709T131445.336100 504.538 368.056 67.664 57.5325 84.6093 430.397 360.848 452.961 361.712 20190709T131445.336100 1900 1060
20190709T131445.346521 1900 1060
20190709T131445.354607 1900 1060
20190709T131445.361285 504.287 368.014 68.1451 57.5518 84.3499 430.225 360.779 452.769 361.575 20190709T131445.361285 1900 1060
20190709T131445.373949 1900 1060
20190709T131445.384434 1900 1060
20190709T131445.392013 504.216 368.101 67.6977 57.686 85.8671 430.066 360.975 452.399 361.905 20190709T131445.392013 1900 1060
20190709T131445.405643 1900 1060
20190709T131445.413388 1900 1060
20190709T131445.424592 504.394 368.153 67.4282 57.3124 85.9106 430.316 360.916 452.722 361.945 20190709T131445.424592 1900 1060
20190709T131445.434033 1900 1060
20190709T131445.444566 1900 1060
20190709T131445.453387 504.635 368.098 67.2545 57.1912 85.716 430.387 360.934 452.961 361.712 20190709T131445.453387 1900 1060
20190709T131445.464540 1900 1060
20190709T131445.472511 1900 1060
20190709T131445.484021 504.947 368.222 67.1523 57.2716 86.506 430.502 361.207 453.147 362.007 20190709T131445.484021 1900 1060
20190709T131445.492647 1900 1060
20190709T131445.503241 1900 1060
20190709T131445.511289 504.542 368.335 67.0002 57.1589 84.085 430.263 361.35 452.799 361.962 20190709T131445.511289 1900 1060
20190709T131445.524695 1900 1060
20190709T131445.533069 1900 1060
20190709T131445.543275 504.064 368.385 66.5901 57.3118 87.3684 429.459 361.165 452.344 361.88 20190709T131445.543275 1900 1060
20190709T131445.553148 1900 1060
20190709T131445.563706 1900 1060
20190709T131445.572393 503.291 368.693 66.6271 57.5236 85.7297 428.542 361.787 451.66 362.385 20190709T131445.572393 1900 1060
20190709T131445.583618 1900 1060
20190709T131445.592385 1900 1060
20190709T131445.604296 503.315 369.167 66.505 57.3986 85.5108 428.922 361.467 451.663 362.859 20190709T131445.604296 1900 1060
20190709T131445.612730 1900 1060
20190709T131445.625065 1900 1060
20190709T131445.635200 503.781 369.182 66.8817 57.3458 86.4725 429.394 361.913 452.161 362.853 20190709T131445.635200 1900 1060
20190709T131445.644063 1900 1060
20190709T131445.656052 1900 1060
20190709T131445.664008 503.904 369.259 66.3287 57.6102 85.944 429.794 362.058 452.377 363.377 20190709T131445.664008 1900 1060
20190709T131445.676208 1900 1060
20190709T131445.683987 1900 1060
20190709T131445.696028 504.151 369.769 66.9013 57.5346 84.97 429.831 362.728 452.377 363.377 20190709T131445.696028 1900 1060
20190709T131445.706885 1900 1060
20190709T131445.715454 1900 1060
20190709T131445.723981 503.857 370.09 67.17 57.3722 84.5464 429.425 362.8 452.229 363.755 20190709T131445.723981 1900 1060
20190709T131445.736143 1900 1060
20190709T131445.743451 1900 1060
20190709T131445.756027 503.836 370.518 66.3871 57.1527 85.4947 429.46 363.304 452.21 364.148 20190709T131445.756027 1900 1060
20190709T131445.764841 1900 1060
20190709T131445.776430 1900 1060
20190709T131445.784277 491.939 366.006 64.5614 59.2847 102.471 425.863 361.185 447.71 361.719 20190709T131445.784277 1900 1060
20190709T131445.795747 1900 1060
20190709T131445.803983 1900 1060
20190709T131445.815976 467.536 344.509 64.8426 61.8942 72.9857 415.776 351.008 436.477 351.58 20190709T131445.815976 1900 1060
20190709T131445.825460 1900 1060
20190709T131445.836570 1900 1060
20190709T131445.843409 449.096 327.748 66.3535 60.8229 63.0556 407.6 343.41 428.279 344 20190709T131445.843409 1900 1060
20190709T131445.856829 1900 1060
20190709T131445.864346 1900 1060
20190709T131445.876017 446.39 327.325 67.7323 61.3803 68.036 405.874 343.531 426.714 344.136 20190709T131445.876017 1900 1060
20190709T131445.889056 1900 1060
20190709T131445.896485 1900 1060
20190709T131445.907435 446.019 327.751 67.5292 61.2561 64.9465 405.661 343.9 426.458 344.745 20190709T131445.907435 1900 1060
20190709T131445.917704 1900 1060
20190709T131445.927318 1900 1060
20190709T131445.935959 445.593 327.444 67.3328 61.0568 64.6618 405.126 343.891 426.187 344.12 20190709T131445.935959 1900 1060
20190709T131445.947844 1900 1060
20190709T131445.955409 1900 1060
20190709T131445.967973 447.918 325.558 67.5408 59.1284 57.8816 406.091 341.567 426.54 342.473 20190709T131445.967973 1900 1060
20190709T131445.976486 1900 1060
20190709T131445.987914 1900 1060
20190709T131445.995837 -1 -1 67.5408 59.1284 57.8816 406.091 341.567 426.54 342.473 20190709T131445.995837 1900 1060
20190709T131446.007503 1900 1060
20190709T131446.015976 1900 1060
20190709T131446.027475 -1 -1 67.5408 59.1284 57.8816 406.091 341.567 426.54 342.473 20190709T131446.027475 1900 1060
20190709T131446.036109 1900 1060
20190709T131446.047381 1900 1060
20190709T131446.056081 -1 -1 67.5408 59.1284 57.8816 406.091 341.567 426.54 342.473 20190709T131446.056081 1900 1060
20190709T131446.067598 1900 1060
20190709T131446.076203 1900 1060
20190709T131446.088174 -1 -1 67.5408 59.1284 57.8816 406.091 341.567 426.54 342.473 20190709T131446.088174 1900 1060
20190709T131446.096919 1900 1060
20190709T131446.107415 1900 1060
20190709T131446.116122 -1 -1 67.5408 59.1284 57.8816 406.091 341.567 426.54 342.473 20190709T131446.116122 1900 1060
20190709T131446.127641 1900 1060
20190709T131446.140139 1900 1060
20190709T131446.148078 -1 -1 67.5408 59.1284 57.8816 406.091 341.567 426.54 342.473 20190709T131446.148078 1900 1060
20190709T131446.159440 1900 1060
20190709T131446.167404 1900 1060
20190709T131446.180143 -1 -1 67.5408 59.1284 57.8816 406.091 341.567 426.54 342.473 20190709T131446.180143 1900 1060
20190709T131446.189798 1900 1060
20190709T131446.199440 1900 1060
20190709T131446.208092 -1 -1 67.5408 59.1284 57.8816 406.091 341.567 426.54 342.473 20190709T131446.208092 1900 1060
20190709T131446.219528 1900 1060
20190709T131446.228049 1900 1060
20190709T131446.239986 -1 -1 67.5408 59.1284 57.8816 406.091 341.567 426.54 342.473 20190709T131446.239986 1900 1060
20190709T131446.249678 1900 1060
20190709T131446.259302 1900 1060
20190709T131446.268882 -1 -1 67.5408 59.1284 57.8816 406.091 341.567 426.54 342.473 20190709T131446.268882 1900 1060
20190709T131446.279469 1900 1060
20190709T131446.288034 1900 1060
20190709T131446.299989 -1 -1 67.5408 59.1284 57.8816 406.091 341.567 426.54 342.473 20190709T131446.299989 1900 1060
20190709T131446.309761 1900 1060
20190709T131446.319301 1900 1060
20190709T131446.327970 473.69 315.104 67.1694 56.0681 74.4126 416.76 330.964 438.377 331.377 20190709T131446.327970 1900 1060
20190709T131446.340725 1900 1060
20190709T131446.347426 1900 1060
20190709T131446.359421 473.291 319.585 64.8787 57.1111 69.6163 416.431 334.069 437.912 334.751 20190709T131446.359421 1900 1060
20190709T131446.370344 1900 1060
20190709T131446.379237 1900 1060
20190709T131446.391920 473.583 321.998 65.2001 56.8879 69.0481 416.687 336.149 438.386 336.633 20190709T131446.391920 1900 1060
20190709T131446.402046 1900 1060
20190709T131446.412442 1900 1060
20190709T131446.419481 474.107 322.947 65.1178 56.8159 68.1093 417.454 337.052 438.554 337.848 20190709T131446.419481 1900 1060
20190709T131446.431452 1900 1060
20190709T131446.440102 1900 1060
20190709T131446.451874 474.096 323.69 65.0497 56.9494 65.9055 417.744 337.744 438.605 338.395 20190709T131446.451874 1900 1060
20190709T131446.460593 1900 1060
20190709T131446.471306 1900 1060
20190709T131446.479224 473.677 324.272 64.917 56.6615 68.9678 416.891 338.126 438.367 338.807 20190709T131446.479224 1900 1060
20190709T131446.491959 1900 1060
20190709T131446.500158 1900 1060
20190709T131446.511735 472.98 325.028 65.5225 56.9123 66.5115 416.456 338.76 438.053 339.313 20190709T131446.511735 1900 1060
20190709T131446.522876 1900 1060
20190709T131446.531550 1900 1060
20190709T131446.539396 472.587 325.72 65.5434 57.3187 67.3864 416.245 339.361 437.658 340 20190709T131446.539396 1900 1060
20190709T131446.553366 1900 1060
20190709T131446.560371 1900 1060
20190709T131446.571423 472.335 326.226 65.3327 57.1418 66.5477 415.906 339.615 437.438 340.237 20190709T131446.571423 1900 1060
20190709T131446.580786 1900 1060
20190709T131446.592328 1900 1060
20190709T131446.600655 472.488 326.467 65.8328 57.6249 66.1572 415.901 339.801 437.463 340.329 20190709T131446.600655 1900 1060
20190709T131446.612699 1900 1060
20190709T131446.620002 1900 1060
20190709T131446.631443 472.707 326.735 66.4439 57.7831 65.9733 416.3 340.019 437.891 340.442 20190709T131446.631443 1900 1060
20190709T131446.646855 1900 1060
20190709T131446.654365 1900 1060
20190709T131446.663527 472.963 326.975 66.3917 57.8168 68.9606 416.5 340.348 438.277 341.084 20190709T131446.663527 1900 1060
20190709T131446.672808 1900 1060
20190709T131446.685278 1900 1060
20190709T131446.692382 452.498 321.034 66.3366 59.8323 64.707 408.087 337.739 428.45 337.979 20190709T131446.692382 1900 1060
20190709T131446.705159 1900 1060
20190709T131446.712528 1900 1060
20190709T131446.723455 449.645 320.299 67.6885 59.5647 61.6217 406.164 337.524 426.702 337.697 20190709T131446.723455 1900 1060
20190709T131446.732677 1900 1060
20190709T131446.744049 1900 1060
20190709T131446.752079 449.241 320.103 67.6713 59.7791 62.0481 405.958 336.815 426.657 337.915 20190709T131446.752079 1900 1060
20190709T131446.763416 1900 1060
20190709T131446.771363 1900 1060
