15161934612 960 540
15161934620 960 540
15161934632 960 540
15161934640 960 540
15161934652 960 540
15161934660 960 540
15161934672 960 540
15161934680 960 540
15161934692 960 540
15161934704 960 540
15161934712 960 540
15161934724 960 540
15161934732 960 540
15161934744 960 540
15161934752 960 540
15161934764 960 540
15161934772 960 540
15161934784 960 540
15161934792 960 540
15161934804 960 540
15161934812 960 540
15161934824 960 540
15161934832 960 540
15161934844 960 540
15161934852 960 540
15161934864 960 540
15161934872 960 540
15161934884 960 540
15161934892 960 540
15161934904 960 540
15161934912 960 540
15161934924 960 540
15161934932 960 540
15161934944 960 540
15161934956 960 540
15161934964 960 540
15161934976 960 540
15161934984 960 540
15161934996 960 540
15161935004 960 540
15161935016 960 540
15161935024 960 540
15161935036 960 540
15161935044 960 540
15161935056 960 540
15161935064 960 540
15161935076 960 540
15161935084 960 540
15161935096 960 540
15161935104 960 540
15161935116 960 540
15161935124 960 540
15161935136 960 540
15161935144 960 540
15161935156 960 540
15161935164 960 540
15161935176 960 540
15161935184 960 540
15161935196 960 540
15161935208 960 540
15161935216 960 540
15161935228 960 540
15161935236 960 540
15161935248 960 540
15161935256 960 540
15161935268 960 540
15161935276 960 540
15161935288 960 540
15161935296 960 540
15161935308 960 540
15161935316 960 540
15161935328 960 540
15161935336 960 540
15161935348 960 540
15161935356 960 540
15161935368 960 540
15161935376 960 540
15161935388 960 540
15161935396 960 540
15161935408 960 540
15161935416 960 540
15161935428 960 540
15161935436 960 540
15161935448 960 540
15161935460 960 540
15161935468 960 540
15161935480 960 540
15161935488 960 540
15161935500 960 540
15161935508 960 540
15161935520 960 540
15161935528 960 540
15161935540 960 540
15161935548 960 540
15161935560 960 540
15161935568 960 540
15161935580 960 540
15161935588 960 540
15161935600 960 540
15161935608 960 540
15161935620 960 540
15161935628 960 540
15161935640 960 540
15161935648 960 540
15161935660 960 540
15161935668 960 540
15161935680 960 540
15161935688 960 540
15161935700 960 540
15161935712 960 540
15161935720 960 540
15161935732 960 540
15161935740 960 540
15161935752 960 540
15161935760 960 540
15161935772 960 540
15161935780 960 540
15161935792 960 540
15161935800 960 540
15161935812 960 540
15161935820 960 540
15161935832 960 540
15161935840 960 540
15161935852 960 540
15161935860 960 540
15161935872 960 540
15161935880 960 540
15161935892 960 540
15161935900 960 540
15161935912 960 540
15161935920 960 540
15161935932 960 540
15161935940 960 540
15161935952 960 540
15161935964 960 540
15161935972 960 540
15161935984 960 540
15161935992 960 540
15161936004 960 540
15161936012 960 540
15161936024 960 540
15161936032 960 540
15161936044 960 540
15161936052 960 540
15161936064 960 540
15161936072 960 540
15161936084 960 540
15161936092 960 540
15161936104 960 540
15161936112 610 540
15161936124 610 540
15161936132 610 540
15161936144 610 540
15161936152 610 540
15161936164 610 540
15161936172 610 540
15161936184 610 540
15161936192 610 540
15161936204 610 540
15161936216 610 540
15161936224 610 540
15161936236 610 540
15161936244 610 540
15161936256 610 540
15161936264 610 540
15161936276 610 540
15161936284 610 540
15161936296 610 540
15161936304 610 540
15161936316 610 540
15161936324 610 540
15161936336 610 540
15161936344 610 540
15161936356 610 540
15161936364 610 540
15161936376 610 540
15161936384 610 540
15161936396 610 540
15161936404 610 540
15161936416 610 540
15161936424 610 540
15161936436 610 540
15161936444 610 540
15161936456 610 540
15161936468 610 540
15161936476 610 540
15161936488 610 540
15161936496 610 540
15161936508 610 540
15161936516 610 540
15161936528 610 540
15161936536 610 540
15161936548 610 540
15161936556 610 540
15161936567 610 540
15161936575 610 540
15161936587 610 540
15161936595 610 540
15161936607 610 540
15161936615 610 540
15161936627 610 540
15161936635 610 540
15161936647 610 540
15161936655 610 540
15161936667 610 540
15161936675 610 540
15161936687 610 540
15161936695 610 540
15161936707 610 540
15161936719 610 540
15161936727 610 540
15161936739 610 540
15161936747 610 540
15161936759 610 540
15161936767 610 540
15161936779 610 540
15161936787 610 540
15161936799 610 540
15161936807 610 540
15161936819 610 540
15161936828 610 540
15161936840 610 540
15161936848 610 540
15161936860 610 540
15161936868 610 540
15161936880 610 540
15161936888 610 540
15161936900 610 540
15161936908 610 540
15161936920 610 540
15161936928 610 540
15161936940 610 540
15161936948 610 540
15161936960 610 540
15161936972 610 540
15161936980 610 540
15161936992 610 540
15161937000 610 540
15161937012 610 540
15161937020 610 540
15161937032 610 540
15161937040 610 540
15161937052 610 540
15161937060 610 540
15161937072 610 540
15161937080 610 540
15161937092 610 540
15161937100 610 540
15161937112 610 540
15161937120 610 540
15161937132 610 540
15161937140 610 540
15161937152 610 540
15161937160 610 540
15161937172 610 540
15161937180 610 540
15161937192 610 540
15161937200 610 540
15161937212 610 540
15161937224 610 540
15161937232 610 540
15161937244 610 540
15161937252 610 540
15161937264 610 540
15161937272 610 540
15161937284 610 540
15161937292 610 540
15161937304 610 540
15161937312 610 540
15161937324 610 540
15161937332 610 540
15161937344 610 540
15161937352 610 540
15161937364 610 540
15161937372 610 540
15161937384 610 540
15161937392 610 540
15161937404 610 540
15161937412 610 540
15161937424 610 540
15161937432 610 540
15161937444 610 540
15161937452 610 540
15161937464 610 540
15161937476 610 540
15161937484 610 540
15161937496 610 540
15161937504 610 540
15161937516 610 540
15161937524 610 540
15161937536 610 540
15161937544 610 540
15161937556 610 540
15161937564 610 540
15161937576 610 540
15161937584 610 540
15161937596 610 540
15161937604 610 540
15161937616 960 540
15161937624 960 540
15161937636 960 540
15161937644 960 540
15161937656 960 540
15161937664 960 540
15161937676 960 540
15161937684 960 540
15161937696 960 540
15161937704 960 540
15161937716 960 540
15161937728 960 540
15161937736 960 540
15161937748 960 540
15161937756 960 540
15161937768 960 540
15161937776 960 540
15161937788 960 540
15161937796 960 540
15161937808 960 540
15161937816 960 540
15161937828 960 540
15161937836 960 540
15161937848 960 540
15161937856 960 540
15161937868 960 540
15161937876 960 540
15161937888 960 540
15161937896 960 540
15161937908 960 540
15161937916 960 540
15161937928 960 540
15161937936 960 540
15161937948 960 540
15161937956 960 540
15161937968 960 540
15161937980 960 540
15161937988 960 540
15161938000 960 540
15161938008 960 540
15161938020 960 540
15161938028 960 540
15161938040 960 540
15161938048 960 540
15161938060 960 540
15161938068 960 540
15161938080 960 540
15161938088 960 540
15161938100 960 540
15161938108 960 540
15161938120 960 540
15161938128 960 540
15161938140 960 540
15161938148 960 540
15161938160 960 540
15161938168 960 540
15161938180 960 540
15161938188 960 540
15161938200 960 540
15161938208 960 540
15161938220 960 540
15161938232 960 540
15161938240 960 540
15161938252 960 540
15161938260 960 540
15161938272 960 540
15161938280 960 540
15161938292 960 540
15161938300 960 540
15161938312 960 540
15161938320 960 540
15161938332 960 540
15161938340 960 540
15161938352 960 540
15161938360 960 540
15161938372 960 540
15161938380 960 540
15161938392 960 540
15161938400 960 540
15161938412 960 540
15161938420 960 540
15161938432 960 540
15161938440 960 540
15161938452 960 540
15161938460 960 540
15161938472 960 540
15161938484 960 540
15161938492 960 540
15161938504 960 540
15161938512 960 540
15161938524 960 540
15161938532 960 540
15161938544 960 540
15161938552 960 540
15161938564 960 540
15161938572 960 540
15161938584 960 540
15161938592 960 540
15161938604 960 540
15161938612 960 540
15161938624 960 540
15161938632 960 540
15161938644 960 540
15161938652 960 540
15161938664 960 540
15161938672 960 540
15161938684 960 540
15161938692 960 540
15161938704 960 540
15161938712 960 540
15161938724 960 540
15161938736 960 540
15161938744 960 540
15161938756 960 540
15161938764 960 540
15161938776 960 540
15161938784 960 540
15161938796 960 540
15161938804 960 540
15161938816 960 540
15161938824 960 540
15161938836 960 540
15161938844 960 540
15161938856 960 540
15161938864 960 540
15161938876 960 540
15161938884 960 540
15161938896 960 540
15161938904 960 540
15161938916 960 540
15161938924 960 540
15161938936 960 540
15161938944 960 540
15161938956 960 540
15161938964 960 540
15161938976 960 540
15161938988 960 540
15161938996 960 540
15161939008 960 540
15161939016 960 540
15161939028 960 540
15161939036 960 540
15161939048 960 540
15161939056 960 540
15161939068 960 540
15161939076 960 540
15161939088 960 540
15161939096 960 540
15161939108 960 540
15161939116 610 540
15161939128 610 540
15161939136 610 540
15161939148 610 540
15161939156 610 540
15161939168 610 540
15161939176 610 540
15161939188 610 540
15161939196 610 540
15161939208 610 540
15161939216 610 540
15161939228 610 540
15161939240 610 540
15161939248 610 540
15161939260 610 540
15161939268 610 540
15161939280 610 540
15161939288 610 540
15161939300 610 540
15161939308 610 540
15161939320 610 540
15161939328 610 540
15161939340 610 540
15161939348 610 540
15161939360 610 540
15161939368 610 540
15161939380 610 540
15161939388 610 540
15161939400 610 540
15161939408 610 540
15161939420 610 540
15161939428 610 540
15161939440 610 540
15161939448 610 540
15161939460 610 540
15161939468 610 540
15161939480 610 540
15161939492 610 540
15161939500 610 540
15161939512 610 540
15161939520 610 540
15161939532 610 540
15161939540 610 540
15161939552 610 540
15161939560 610 540
15161939572 610 540
15161939580 610 540
15161939592 610 540
15161939600 610 540
15161939612 610 540
15161939620 610 540
15161939632 610 540
15161939640 610 540
15161939652 610 540
15161939660 610 540
15161939672 610 540
15161939680 610 540
15161939692 610 540
15161939700 610 540
15161939712 610 540
15161939720 610 540
15161939732 610 540
15161939744 610 540
15161939752 610 540
15161939764 610 540
15161939772 610 540
15161939784 610 540
15161939792 610 540
15161939804 610 540
15161939812 610 540
15161939824 610 540
15161939832 610 540
15161939844 610 540
15161939852 610 540
15161939864 610 540
15161939872 610 540
15161939884 610 540
15161939892 610 540
15161939904 610 540
15161939912 610 540
15161939924 610 540
15161939932 610 540
15161939944 610 540
15161939952 610 540
15161939964 610 540
15161939972 610 540
15161939984 610 540
15161939996 610 540
15161940004 610 540
15161940016 610 540
15161940024 610 540
15161940036 610 540
15161940044 610 540
15161940056 610 540
15161940064 610 540
15161940076 610 540
15161940084 610 540
15161940096 610 540
15161940104 610 540
15161940116 610 540
15161940124 610 540
15161940136 610 540
15161940144 610 540
15161940156 610 540
15161940164 610 540
15161940176 610 540
15161940184 610 540
15161940196 610 540
15161940204 610 540
15161940216 610 540
15161940224 610 540
15161940236 610 540
15161940248 610 540
15161940256 610 540
15161940268 610 540
15161940276 610 540
15161940288 610 540
15161940296 610 540
15161940308 610 540
15161940316 610 540
15161940328 610 540
15161940336 610 540
15161940348 610 540
15161940356 610 540
15161940368 610 540
15161940376 610 540
15161940388 610 540
15161940396 610 540
15161940408 610 540
15161940416 610 540
15161940428 610 540
15161940436 610 540
15161940448 610 540
15161940456 610 540
15161940468 610 540
15161940476 610 540
15161940488 610 540
15161940500 610 540
15161940508 610 540
15161940520 610 540
15161940528 610 540
15161940540 610 540
15161940548 610 540
15161940560 610 540
15161940568 610 540
15161940580 610 540
15161940588 610 540
15161940600 610 540
15161940608 610 540
15161940620 960 540
15161940628 960 540
15161940640 960 540
15161940648 960 540
15161940660 960 540
15161940668 960 540
15161940680 960 540
15161940688 960 540
15161940700 960 540
15161940708 960 540
15161940720 960 540
15161940728 960 540
15161940740 960 540
15161940752 960 540
15161940760 960 540
15161940772 960 540
15161940780 960 540
15161940792 960 540
15161940800 960 540
15161940812 960 540
15161940820 960 540
15161940832 960 540
15161940840 960 540
15161940852 960 540
15161940860 960 540
15161940872 960 540
15161940880 960 540
15161940892 960 540
15161940900 960 540
15161940912 960 540
15161940920 960 540
15161940932 960 540
15161940940 960 540
15161940952 960 540
15161940960 960 540
15161940972 960 540
15161940980 960 540
15161940992 960 540
15161941004 960 540
15161941012 960 540
15161941024 960 540
15161941032 960 540
15161941044 960 540
15161941052 960 540
15161941064 960 540
15161941072 960 540
15161941084 960 540
15161941092 960 540
15161941104 960 540
15161941112 960 540
15161941124 960 540
15161941132 960 540
15161941144 960 540
15161941152 960 540
15161941164 960 540
15161941172 960 540
15161941184 960 540
15161941192 960 540
15161941204 960 540
15161941212 960 540
15161941224 960 540
15161941232 960 540
15161941244 960 540
15161941256 960 540
15161941264 960 540
15161941276 960 540
15161941284 960 540
15161941296 960 540
15161941304 960 540
15161941316 960 540
15161941324 960 540
15161941336 960 540
15161941344 960 540
15161941356 960 540
15161941364 960 540
15161941376 960 540
15161941384 960 540
15161941396 960 540
15161941404 960 540
15161941416 960 540
15161941424 960 540
15161941436 960 540
15161941444 960 540
15161941456 960 540
15161941464 960 540
15161941476 960 540
15161941484 960 540
15161941496 960 540
15161941508 960 540
15161941516 960 540
15161941528 960 540
15161941536 960 540
15161941548 960 540
15161941556 960 540
15161941568 960 540
15161941576 960 540
15161941588 960 540
15161941596 960 540
15161941608 960 540
15161941616 960 540
15161941628 960 540
15161941636 960 540
15161941648 960 540
15161941656 960 540
15161941668 960 540
15161941676 960 540
15161941688 960 540
15161941696 960 540
15161941708 960 540
15161941716 960 540
15161941728 960 540
15161941736 960 540
15161941748 960 540
15161941760 960 540
15161941768 960 540
15161941780 960 540
15161941788 960 540
15161941800 960 540
15161941808 960 540
15161941820 960 540
15161941828 960 540
15161941840 960 540
15161941848 960 540
15161941860 960 540
15161941868 960 540
15161941880 960 540
15161941888 960 540
15161941900 960 540
15161941908 960 540
15161941920 960 540
15161941928 960 540
15161941940 960 540
15161941948 960 540
15161941960 960 540
15161941968 960 540
15161941980 960 540
15161941988 960 540
15161942000 960 540
15161942012 960 540
15161942020 960 540
15161942032 960 540
15161942040 960 540
15161942052 960 540
15161942060 960 540
15161942072 960 540
15161942080 960 540
15161942092 960 540
15161942100 960 540
15161942112 960 540
15161942120 1310 540
15161942132 1310 540
15161942140 1310 540
15161942152 1310 540
15161942160 1310 540
15161942172 1310 540
15161942180 1310 540
15161942192 1310 540
15161942200 1310 540
15161942212 1310 540
15161942220 1310 540
15161942232 1310 540
15161942240 1310 540
15161942252 1310 540
15161942264 1310 540
15161942272 1310 540
15161942284 1310 540
15161942292 1310 540
15161942304 1310 540
15161942312 1310 540
15161942324 1310 540
15161942332 1310 540
15161942344 1310 540
15161942352 1310 540
15161942364 1310 540
15161942372 1310 540
15161942384 1310 540
15161942392 1310 540
15161942404 1310 540
15161942412 1310 540
15161942424 1310 540
15161942432 1310 540
15161942444 1310 540
15161942452 1310 540
15161942464 1310 540
15161942472 1310 540
15161942484 1310 540
15161942492 1310 540
15161942504 1310 540
15161942516 1310 540
15161942524 1310 540
15161942536 1310 540
15161942544 1310 540
15161942556 1310 540
15161942564 1310 540
15161942576 1310 540
15161942584 1310 540
15161942596 1310 540
15161942604 1310 540
15161942616 1310 540
15161942624 1310 540
15161942636 1310 540
15161942644 1310 540
15161942656 1310 540
15161942664 1310 540
15161942676 1310 540
15161942684 1310 540
15161942696 1310 540
15161942704 1310 540
15161942716 1310 540
15161942724 1310 540
15161942736 1310 540
15161942744 1310 540
15161942756 1310 540
15161942768 1310 540
15161942776 1310 540
15161942788 1310 540
15161942796 1310 540
15161942808 1310 540
15161942816 1310 540
15161942828 1310 540
15161942836 1310 540
15161942848 1310 540
15161942856 1310 540
15161942868 1310 540
15161942876 1310 540
15161942888 1310 540
15161942896 1310 540
15161942908 1310 540
15161942916 1310 540
15161942928 1310 540
15161942936 1310 540
15161942948 1310 540
15161942956 1310 540
15161942968 1310 540
15161942976 1310 540
15161942988 1310 540
15161942996 1310 540
15161943008 1310 540
15161943020 1310 540
15161943028 1310 540
15161943040 1310 540
15161943048 1310 540
15161943060 1310 540
15161943068 1310 540
15161943080 1310 540
15161943088 1310 540
15161943100 1310 540
15161943108 1310 540
15161943120 1310 540
15161943128 1310 540
15161943140 1310 540
15161943148 1310 540
15161943160 1310 540
15161943168 1310 540
15161943180 1310 540
15161943188 1310 540
15161943200 1310 540
15161943208 1310 540
15161943220 1310 540
15161943228 1310 540
15161943240 1310 540
15161943248 1310 540
15161943260 1310 540
15161943272 1310 540
15161943280 1310 540
15161943292 1310 540
15161943300 1310 540
15161943312 1310 540
15161943320 1310 540
15161943332 1310 540
15161943340 1310 540
15161943352 1310 540
15161943360 1310 540
15161943372 1310 540
15161943380 1310 540
15161943392 1310 540
15161943400 1310 540
15161943412 1310 540
15161943420 1310 540
15161943432 1310 540
15161943440 1310 540
15161943452 1310 540
15161943460 1310 540
15161943472 1310 540
15161943480 1310 540
15161943492 1310 540
15161943500 1310 540
15161943512 1310 540
15161943524 1310 540
15161943532 1310 540
15161943544 1310 540
15161943552 1310 540
15161943564 1310 540
15161943572 1310 540
15161943584 1310 540
15161943592 1310 540
15161943604 1310 540
15161943612 1310 540
15161943624 960 540
15161943632 960 540
15161943644 960 540
15161943652 960 540
15161943664 960 540
15161943672 960 540
15161943684 960 540
15161943692 960 540
15161943704 960 540
15161943712 960 540
15161943724 960 540
15161943732 960 540
15161943744 960 540
15161943752 960 540
15161943764 960 540
15161943776 960 540
15161943784 960 540
15161943796 960 540
15161943804 960 540
15161943816 960 540
15161943824 960 540
15161943836 960 540
15161943844 960 540
15161943856 960 540
15161943864 960 540
15161943876 960 540
15161943884 960 540
15161943896 960 540
15161943904 960 540
15161943916 960 540
15161943924 960 540
15161943936 960 540
15161943944 960 540
15161943956 960 540
15161943964 960 540
15161943976 960 540
15161943984 960 540
15161943996 960 540
15161944004 960 540
15161944016 960 540
15161944028 960 540
15161944036 960 540
15161944048 960 540
15161944056 960 540
15161944068 960 540
15161944076 960 540
15161944088 960 540
15161944096 960 540
15161944108 960 540
15161944116 960 540
15161944128 960 540
15161944136 960 540
15161944148 960 540
15161944156 960 540
15161944168 960 540
15161944176 960 540
15161944188 960 540
15161944196 960 540
15161944208 960 540
15161944216 960 540
15161944228 960 540
15161944236 960 540
15161944248 960 540
15161944256 960 540
15161944268 960 540
15161944280 960 540
15161944288 960 540
15161944300 960 540
15161944308 960 540
15161944320 960 540
15161944328 960 540
15161944340 960 540
15161944348 960 540
15161944360 960 540
15161944368 960 540
15161944380 960 540
15161944388 960 540
15161944400 960 540
15161944408 960 540
15161944420 960 540
15161944428 960 540
15161944440 960 540
15161944448 960 540
15161944460 960 540
15161944468 960 540
15161944480 960 540
15161944488 960 540
15161944500 960 540
15161944508 960 540
15161944520 960 540
15161944532 960 540
15161944540 960 540
15161944552 960 540
15161944560 960 540
15161944572 960 540
15161944580 960 540
15161944592 960 540
15161944600 960 540
15161944612 960 540
15161944620 960 540
15161944632 960 540
15161944640 960 540
15161944652 960 540
15161944660 960 540
15161944672 960 540
15161944680 960 540
15161944692 960 540
15161944700 960 540
15161944712 960 540
15161944720 960 540
15161944732 960 540
15161944740 960 540
15161944752 960 540
15161944760 960 540
15161944772 960 540
15161944784 960 540
15161944792 960 540
15161944804 960 540
15161944812 960 540
15161944824 960 540
15161944832 960 540
15161944844 960 540
15161944852 960 540
15161944864 960 540
15161944872 960 540
15161944884 960 540
15161944892 960 540
15161944904 960 540
15161944912 960 540
15161944924 960 540
15161944932 960 540
15161944944 960 540
15161944952 960 540
15161944964 960 540
15161944972 960 540
15161944984 960 540
15161944992 960 540
15161945004 960 540
15161945012 960 540
15161945024 960 540
15161945036 960 540
15161945044 960 540
15161945056 960 540
15161945064 960 540
15161945076 960 540
15161945084 960 540
15161945096 960 540
15161945104 960 540
15161945116 960 540
15161945124 1135 540
15161945136 1135 540
15161945144 1135 540
15161945156 1135 540
15161945164 1135 540
15161945176 1135 540
15161945184 1135 540
15161945196 1135 540
15161945204 1135 540
15161945216 1135 540
15161945224 1135 540
15161945236 1135 540
15161945244 1135 540
15161945256 1135 540
15161945264 1135 540
15161945276 1135 540
15161945288 1135 540
15161945296 1135 540
15161945308 1135 540
15161945316 1135 540
15161945328 1135 540
15161945336 1135 540
15161945348 1135 540
15161945356 1135 540
15161945368 1135 540
15161945376 1135 540
15161945388 1135 540
15161945396 1135 540
15161945408 1135 540
15161945416 1135 540
15161945428 1135 540
15161945436 1135 540
15161945448 1135 540
15161945456 1135 540
15161945468 1135 540
15161945476 1135 540
15161945488 1135 540
15161945496 1135 540
15161945508 1135 540
15161945516 1135 540
15161945528 1135 540
15161945540 1135 540
15161945548 1135 540
15161945560 1135 540
15161945568 1135 540
15161945580 1135 540
15161945588 1135 540
15161945600 1135 540
15161945608 1135 540
15161945620 1135 540
15161945628 1135 540
15161945640 1135 540
15161945648 1135 540
15161945660 1135 540
15161945668 1135 540
15161945680 1135 540
15161945688 1135 540
15161945700 1135 540
15161945708 1135 540
15161945720 1135 540
15161945728 1135 540
15161945740 1135 540
15161945748 1135 540
15161945760 1135 540
15161945768 1135 540
15161945780 1135 540
15161945792 1135 540
15161945800 1135 540
15161945812 1135 540
15161945820 1135 540
15161945832 1135 540
15161945840 1135 540
15161945852 1135 540
15161945860 1135 540
15161945872 1135 540
15161945880 1135 540
15161945892 1135 540
15161945900 1135 540
15161945912 1135 540
15161945920 1135 540
15161945932 1135 540
15161945940 1135 540
15161945952 1135 540
15161945960 1135 540
15161945972 1135 540
15161945980 1135 540
15161945992 1135 540
15161946000 1135 540
15161946012 1135 540
15161946020 1135 540
15161946032 1135 540
15161946044 1135 540
15161946052 1135 540
15161946064 1135 540
15161946072 1135 540
15161946084 1135 540
15161946092 1135 540
15161946104 1135 540
15161946112 1135 540
15161946124 1135 540
15161946132 1135 540
15161946144 1135 540
15161946152 1135 540
15161946164 1135 540
15161946172 1135 540
15161946184 1135 540
15161946192 1135 540
15161946204 1135 540
15161946212 1135 540
15161946224 1135 540
15161946232 1135 540
15161946244 1135 540
15161946252 1135 540
15161946264 1135 540
15161946272 1135 540
15161946284 1135 540
15161946296 1135 540
15161946304 1135 540
15161946316 1135 540
15161946324 1135 540
15161946336 1135 540
15161946344 1135 540
15161946356 1135 540
15161946364 1135 540
15161946376 1135 540
15161946384 1135 540
15161946396 1135 540
15161946404 1135 540
15161946416 1135 540
15161946424 1135 540
15161946436 1135 540
15161946444 1135 540
15161946456 1135 540
15161946464 1135 540
15161946476 1135 540
15161946484 1135 540
15161946496 1135 540
15161946504 1135 540
15161946516 1135 540
15161946524 1135 540
15161946536 1135 540
15161946548 1135 540
15161946556 1135 540
15161946568 1135 540
15161946576 1135 540
15161946588 1135 540
15161946596 1135 540
15161946608 1135 540
15161946616 1135 540
15161946628 960 540
15161946636 960 540
15161946648 960 540
15161946656 960 540
15161946668 960 540
15161946676 960 540
15161946688 960 540
15161946696 960 540
15161946708 960 540
15161946716 960 540
15161946728 960 540
15161946736 960 540
15161946748 960 540
15161946756 960 540
15161946768 960 540
15161946776 960 540
15161946788 960 540
15161946800 960 540
15161946808 960 540
15161946820 960 540
15161946828 960 540
15161946840 960 540
15161946848 960 540
15161946860 960 540
15161946868 960 540
15161946880 960 540
15161946888 960 540
15161946900 960 540
15161946908 960 540
15161946920 960 540
15161946928 960 540
15161946940 960 540
15161946948 960 540
15161946960 960 540
15161946968 960 540
15161946980 960 540
15161946988 960 540
15161947000 960 540
15161947008 960 540
15161947020 960 540
15161947028 960 540
15161947040 960 540
15161947052 960 540
15161947060 960 540
15161947072 960 540
15161947080 960 540
15161947092 960 540
15161947100 960 540
15161947112 960 540
15161947120 960 540
15161947132 960 540
15161947140 960 540
15161947152 960 540
15161947160 960 540
15161947172 960 540
15161947180 960 540
15161947192 960 540
15161947200 960 540
15161947212 960 540
15161947220 960 540
15161947232 960 540
15161947240 960 540
15161947252 960 540
15161947260 960 540
15161947272 960 540
15161947280 960 540
15161947292 960 540
15161947304 960 540
15161947312 960 540
15161947324 960 540
15161947332 960 540
15161947344 960 540
15161947352 960 540
15161947364 960 540
15161947372 960 540
15161947384 960 540
15161947392 960 540
15161947404 960 540
15161947412 960 540
15161947424 960 540
15161947432 960 540
15161947444 960 540
15161947452 960 540
15161947464 960 540
15161947472 960 540
15161947484 960 540
15161947492 960 540
15161947504 960 540
15161947512 960 540
15161947524 960 540
15161947532 960 540
15161947544 960 540
15161947556 960 540
15161947564 960 540
15161947576 960 540
15161947584 960 540
15161947596 960 540
15161947604 960 540
15161947616 960 540
15161947624 960 540
15161947636 960 540
15161947644 960 540
15161947656 960 540
15161947664 960 540
15161947676 960 540
15161947684 960 540
15161947696 960 540
15161947704 960 540
15161947716 960 540
15161947724 960 540
15161947736 960 540
15161947744 960 540
15161947756 960 540
15161947764 960 540
15161947776 960 540
15161947784 960 540
15161947796 960 540
15161947808 960 540
15161947816 960 540
15161947828 960 540
15161947836 960 540
15161947848 960 540
15161947856 960 540
15161947868 960 540
15161947876 960 540
15161947888 960 540
15161947896 960 540
15161947908 960 540
15161947916 960 540
15161947928 960 540
15161947936 960 540
15161947948 960 540
15161947956 960 540
15161947968 960 540
15161947976 960 540
15161947988 960 540
15161947996 960 540
15161948008 960 540
15161948016 960 540
15161948028 960 540
15161948036 960 540
15161948048 960 540
15161948060 960 540
15161948068 960 540
15161948080 960 540
15161948088 960 540
15161948100 960 540
15161948108 960 540
15161948120 960 540
15161948128 260 540
15161948140 260 540
15161948148 260 540
15161948160 260 540
15161948168 260 540
15161948180 260 540
15161948188 260 540
15161948200 260 540
15161948208 260 540
15161948220 260 540
15161948228 260 540
15161948240 260 540
15161948248 260 540
15161948260 260 540
15161948268 260 540
15161948280 260 540
15161948288 260 540
15161948300 260 540
15161948312 260 540
15161948320 260 540
15161948332 260 540
15161948340 260 540
15161948352 260 540
15161948360 260 540
15161948372 260 540
15161948380 260 540
15161948392 260 540
15161948400 260 540
15161948412 260 540
15161948420 260 540
15161948432 260 540
15161948440 260 540
15161948452 260 540
15161948460 260 540
15161948472 260 540
15161948480 260 540
15161948492 260 540
15161948500 260 540
15161948512 260 540
15161948520 260 540
15161948532 260 540
15161948540 260 540
15161948552 260 540
15161948564 260 540
15161948572 260 540
15161948584 260 540
15161948592 260 540
15161948604 260 540
15161948612 260 540
15161948624 260 540
15161948632 260 540
15161948644 260 540
15161948652 260 540
15161948664 260 540
15161948672 260 540
15161948684 260 540
15161948692 260 540
15161948704 260 540
15161948712 260 540
15161948724 260 540
15161948732 260 540
15161948744 260 540
15161948752 260 540
15161948764 260 540
15161948772 260 540
15161948784 260 540
15161948792 260 540
15161948804 260 540
15161948816 260 540
15161948824 260 540
15161948836 260 540
15161948844 260 540
15161948856 260 540
15161948864 260 540
15161948876 260 540
15161948884 260 540
15161948896 260 540
15161948904 260 540
15161948916 260 540
15161948924 260 540
15161948936 260 540
15161948944 260 540
15161948956 260 540
15161948964 260 540
15161948976 260 540
15161948984 260 540
15161948996 260 540
15161949004 260 540
15161949016 260 540
15161949024 260 540
15161949036 260 540
15161949044 260 540
15161949056 260 540
15161949068 260 540
15161949076 260 540
15161949088 260 540
15161949096 260 540
15161949108 260 540
15161949116 260 540
15161949128 260 540
15161949136 260 540
15161949148 260 540
15161949156 260 540
15161949168 260 540
15161949176 260 540
15161949188 260 540
15161949196 260 540
15161949208 260 540
15161949216 260 540
15161949228 260 540
15161949236 260 540
15161949248 260 540
15161949256 260 540
15161949268 260 540
15161949276 260 540
15161949288 260 540
15161949296 260 540
15161949308 260 540
15161949320 260 540
15161949328 260 540
15161949340 260 540
15161949348 260 540
15161949360 260 540
15161949368 260 540
15161949380 260 540
15161949388 260 540
15161949400 260 540
15161949408 260 540
15161949420 260 540
15161949428 260 540
15161949440 260 540
15161949448 260 540
15161949460 260 540
15161949468 260 540
15161949480 260 540
15161949488 260 540
15161949500 260 540
15161949508 260 540
15161949520 260 540
15161949528 260 540
15161949540 260 540
15161949548 260 540
15161949560 260 540
15161949572 260 540
15161949580 260 540
15161949592 260 540
15161949600 260 540
15161949612 260 540
15161949620 260 540
15161949632 960 540
15161949640 960 540
15161949652 960 540
15161949660 960 540
15161949672 960 540
15161949680 960 540
15161949692 960 540
15161949700 960 540
15161949712 960 540
15161949720 960 540
15161949732 960 540
15161949740 960 540
15161949752 960 540
15161949760 960 540
15161949772 960 540
15161949780 960 540
15161949792 960 540
15161949800 960 540
15161949812 960 540
15161949824 960 540
15161949832 960 540
15161949844 960 540
15161949852 960 540
15161949864 960 540
15161949872 960 540
15161949884 960 540
15161949892 960 540
15161949904 960 540
15161949912 960 540
15161949924 960 540
15161949932 960 540
15161949944 960 540
15161949952 960 540
15161949964 960 540
15161949972 960 540
15161949984 960 540
15161949992 960 540
15161950004 960 540
15161950012 960 540
15161950024 960 540
15161950032 960 540
15161950044 960 540
15161950052 960 540
15161950064 960 540
15161950076 960 540
15161950084 960 540
15161950096 960 540
15161950104 960 540
15161950116 960 540
15161950124 960 540
15161950136 960 540
15161950144 960 540
15161950156 960 540
15161950164 960 540
15161950176 960 540
15161950184 960 540
15161950196 960 540
15161950204 960 540
15161950216 960 540
15161950224 960 540
15161950236 960 540
15161950244 960 540
15161950256 960 540
15161950264 960 540
15161950276 960 540
15161950284 960 540
15161950296 960 540
15161950304 960 540
15161950316 960 540
15161950328 960 540
15161950336 960 540
15161950348 960 540
15161950356 960 540
15161950368 960 540
15161950376 960 540
15161950388 960 540
15161950396 960 540
15161950408 960 540
15161950416 960 540
15161950428 960 540
15161950436 960 540
15161950448 960 540
15161950456 960 540
15161950468 960 540
15161950476 960 540
15161950488 960 540
15161950496 960 540
15161950508 960 540
15161950516 960 540
15161950528 960 540
15161950536 960 540
15161950548 960 540
15161950556 960 540
15161950568 960 540
15161950580 960 540
15161950588 960 540
15161950600 960 540
15161950608 960 540
15161950620 960 540
15161950628 960 540
15161950640 960 540
15161950648 960 540
15161950660 960 540
15161950668 960 540
15161950680 960 540
15161950688 960 540
15161950700 960 540
15161950708 960 540
15161950720 960 540
15161950728 960 540
15161950740 960 540
15161950748 960 540
15161950760 960 540
15161950768 960 540
15161950780 960 540
15161950788 960 540
15161950800 960 540
15161950808 960 540
15161950820 960 540
15161950832 960 540
15161950840 960 540
15161950852 960 540
15161950860 960 540
15161950872 960 540
15161950880 960 540
15161950892 960 540
15161950900 960 540
15161950912 960 540
15161950920 960 540
15161950932 960 540
15161950940 960 540
15161950952 960 540
15161950960 960 540
15161950972 960 540
15161950980 960 540
15161950992 960 540
15161951000 960 540
15161951012 960 540
15161951020 960 540
15161951032 960 540
15161951040 960 540
15161951052 960 540
15161951060 960 540
15161951072 960 540
15161951084 960 540
15161951092 960 540
15161951104 960 540
15161951112 960 540
15161951124 960 540
15161951132 1660 540
15161951144 1660 540
15161951152 1660 540
15161951164 1660 540
15161951172 1660 540
15161951184 1660 540
15161951192 1660 540
15161951204 1660 540
15161951212 1660 540
15161951224 1660 540
15161951232 1660 540
15161951244 1660 540
15161951252 1660 540
15161951264 1660 540
15161951272 1660 540
15161951284 1660 540
15161951292 1660 540
15161951304 1660 540
15161951312 1660 540
15161951324 1660 540
15161951336 1660 540
15161951344 1660 540
15161951356 1660 540
15161951364 1660 540
15161951376 1660 540
15161951384 1660 540
15161951396 1660 540
15161951404 1660 540
15161951416 1660 540
15161951424 1660 540
15161951436 1660 540
15161951444 1660 540
15161951456 1660 540
15161951464 1660 540
15161951476 1660 540
15161951484 1660 540
15161951496 1660 540
15161951504 1660 540
15161951516 1660 540
15161951524 1660 540
15161951536 1660 540
15161951544 1660 540
15161951556 1660 540
15161951564 1660 540
15161951576 1660 540
15161951588 1660 540
15161951596 1660 540
15161951608 1660 540
15161951616 1660 540
15161951628 1660 540
15161951636 1660 540
15161951648 1660 540
15161951656 1660 540
15161951668 1660 540
15161951676 1660 540
15161951688 1660 540
15161951696 1660 540
15161951708 1660 540
15161951716 1660 540
15161951728 1660 540
15161951736 1660 540
15161951748 1660 540
15161951756 1660 540
15161951768 1660 540
15161951776 1660 540
15161951788 1660 540
15161951796 1660 540
15161951808 1660 540
15161951816 1660 540
15161951828 1660 540
15161951840 1660 540
15161951848 1660 540
15161951860 1660 540
15161951868 1660 540
15161951880 1660 540
15161951888 1660 540
15161951900 1660 540
15161951908 1660 540
15161951920 1660 540
15161951928 1660 540
15161951940 1660 540
15161951948 1660 540
15161951960 1660 540
15161951968 1660 540
15161951980 1660 540
15161951988 1660 540
15161952000 1660 540
15161952008 1660 540
15161952020 1660 540
15161952028 1660 540
15161952040 1660 540
15161952048 1660 540
15161952060 1660 540
15161952068 1660 540
15161952080 1660 540
15161952092 1660 540
15161952100 1660 540
15161952112 1660 540
15161952120 1660 540
15161952132 1660 540
15161952140 1660 540
15161952152 1660 540
15161952160 1660 540
15161952172 1660 540
15161952180 1660 540
15161952192 1660 540
15161952200 1660 540
15161952212 1660 540
15161952220 1660 540
15161952232 1660 540
15161952240 1660 540
15161952252 1660 540
15161952260 1660 540
15161952272 1660 540
15161952280 1660 540
15161952292 1660 540
15161952300 1660 540
15161952312 1660 540
15161952320 1660 540
15161952332 1660 540
15161952344 1660 540
15161952352 1660 540
15161952364 1660 540
15161952372 1660 540
15161952384 1660 540
15161952392 1660 540
15161952404 1660 540
15161952412 1660 540
15161952424 1660 540
15161952432 1660 540
15161952444 1660 540
15161952452 1660 540
15161952464 1660 540
15161952472 1660 540
15161952484 1660 540
15161952492 1660 540
15161952504 1660 540
15161952512 1660 540
15161952524 1660 540
15161952532 1660 540
15161952544 1660 540
15161952552 1660 540
15161952564 1660 540
15161952572 1660 540
15161952584 1660 540
15161952596 1660 540
15161952604 1660 540
15161952616 1660 540
15161952624 1660 540
15161952636 960 540
15161952644 960 540
15161952656 960 540
15161952664 960 540
15161952676 960 540
15161952684 960 540
15161952696 960 540
15161952704 960 540
15161952716 960 540
15161952724 960 540
15161952736 960 540
15161952744 960 540
15161952756 960 540
15161952764 960 540
15161952776 960 540
15161952784 960 540
15161952796 960 540
15161952804 960 540
15161952816 960 540
15161952824 960 540
15161952836 960 540
15161952848 960 540
15161952856 960 540
15161952868 960 540
15161952876 960 540
15161952888 960 540
15161952896 960 540
15161952908 960 540
15161952916 960 540
15161952928 960 540
15161952936 960 540
15161952948 960 540
15161952956 960 540
15161952968 960 540
15161952976 960 540
15161952988 960 540
15161952996 960 540
15161953008 960 540
15161953016 960 540
15161953028 960 540
15161953036 960 540
15161953048 960 540
15161953056 960 540
15161953068 960 540
15161953076 960 540
15161953088 960 540
15161953100 960 540
15161953108 960 540
15161953120 960 540
15161953128 960 540
15161953140 960 540
15161953148 960 540
15161953160 960 540
15161953168 960 540
15161953180 960 540
15161953188 960 540
15161953200 960 540
15161953208 960 540
15161953220 960 540
15161953228 960 540
15161953240 960 540
15161953248 960 540
15161953260 960 540
15161953268 960 540
15161953280 960 540
15161953288 960 540
15161953300 960 540
15161953308 960 540
15161953320 960 540
15161953328 960 540
15161953340 960 540
15161953352 960 540
15161953360 960 540
15161953372 960 540
15161953380 960 540
15161953392 960 540
15161953400 960 540
15161953412 960 540
15161953420 960 540
15161953432 960 540
15161953440 960 540
15161953452 960 540
15161953460 960 540
15161953472 960 540
15161953480 960 540
15161953492 960 540
15161953500 960 540
15161953512 960 540
15161953520 960 540
15161953532 960 540
15161953540 960 540
15161953552 960 540
15161953560 960 540
15161953572 960 540
15161953580 960 540
15161953592 960 540
15161953604 960 540
15161953612 960 540
15161953624 960 540
15161953632 960 540
15161953644 960 540
15161953652 960 540
15161953664 960 540
15161953672 960 540
15161953684 960 540
15161953692 960 540
15161953704 960 540
15161953712 960 540
15161953724 960 540
15161953732 960 540
15161953744 960 540
15161953752 960 540
15161953764 960 540
15161953772 960 540
15161953784 960 540
15161953792 960 540
15161953804 960 540
15161953812 960 540
15161953824 960 540
15161953832 960 540
15161953844 960 540
15161953856 960 540
15161953864 960 540
15161953876 960 540
15161953884 960 540
15161953896 960 540
15161953904 960 540
15161953916 960 540
15161953924 960 540
15161953936 960 540
15161953944 960 540
15161953956 960 540
15161953964 960 540
15161953976 960 540
15161953984 960 540
15161953996 960 540
15161954004 960 540
15161954016 960 540
15161954024 960 540
15161954036 960 540
15161954044 960 540
15161954056 960 540
15161954064 960 540
15161954076 960 540
15161954084 960 540
15161954096 960 540
15161954108 960 540
15161954116 960 540
15161954128 960 540
15161954136 1660 540
15161954148 1660 540
15161954156 1660 540
15161954168 1660 540
15161954176 1660 540
15161954188 1660 540
15161954196 1660 540
15161954208 1660 540
15161954216 1660 540
15161954228 1660 540
15161954236 1660 540
15161954248 1660 540
15161954256 1660 540
15161954268 1660 540
15161954276 1660 540
15161954288 1660 540
15161954296 1660 540
15161954308 1660 540
15161954316 1660 540
15161954328 1660 540
15161954336 1660 540
15161954348 1660 540
15161954360 1660 540
15161954368 1660 540
15161954380 1660 540
15161954388 1660 540
15161954400 1660 540
15161954408 1660 540
15161954420 1660 540
15161954428 1660 540
15161954440 1660 540
15161954448 1660 540
15161954460 1660 540
15161954468 1660 540
15161954480 1660 540
15161954488 1660 540
15161954500 1660 540
15161954508 1660 540
15161954520 1660 540
15161954528 1660 540
15161954540 1660 540
15161954548 1660 540
15161954560 1660 540
15161954568 1660 540
15161954580 1660 540
15161954588 1660 540
15161954600 1660 540
15161954612 1660 540
15161954620 1660 540
15161954632 1660 540
15161954640 1660 540
15161954652 1660 540
15161954660 1660 540
15161954672 1660 540
15161954680 1660 540
15161954692 1660 540
15161954700 1660 540
15161954712 1660 540
15161954720 1660 540
15161954732 1660 540
15161954740 1660 540
15161954752 1660 540
15161954760 1660 540
15161954772 1660 540
15161954780 1660 540
15161954792 1660 540
15161954800 1660 540
15161954812 1660 540
15161954820 1660 540
15161954832 1660 540
15161954840 1660 540
15161954852 1660 540
15161954864 1660 540
15161954872 1660 540
15161954884 1660 540
15161954892 1660 540
15161954904 1660 540
15161954912 1660 540
15161954924 1660 540
15161954932 1660 540
15161954944 1660 540
15161954952 1660 540
15161954964 1660 540
15161954972 1660 540
15161954984 1660 540
15161954992 1660 540
15161955004 1660 540
15161955012 1660 540
15161955024 1660 540
15161955032 1660 540
15161955044 1660 540
15161955052 1660 540
15161955064 1660 540
15161955072 1660 540
15161955084 1660 540
15161955092 1660 540
15161955104 1660 540
15161955116 1660 540
15161955124 1660 540
15161955136 1660 540
15161955144 1660 540
15161955156 1660 540
15161955164 1660 540
15161955176 1660 540
15161955184 1660 540
15161955196 1660 540
15161955204 1660 540
15161955216 1660 540
15161955224 1660 540
15161955236 1660 540
15161955244 1660 540
15161955256 1660 540
15161955264 1660 540
15161955276 1660 540
15161955284 1660 540
15161955296 1660 540
15161955304 1660 540
15161955316 1660 540
15161955324 1660 540
15161955336 1660 540
15161955344 1660 540
15161955356 1660 540
15161955368 1660 540
15161955376 1660 540
15161955388 1660 540
15161955396 1660 540
15161955408 1660 540
15161955416 1660 540
15161955428 1660 540
15161955436 1660 540
15161955448 1660 540
15161955456 1660 540
15161955468 1660 540
15161955476 1660 540
15161955488 1660 540
15161955496 1660 540
15161955508 1660 540
15161955516 1660 540
15161955528 1660 540
15161955536 1660 540
15161955548 1660 540
15161955556 1660 540
15161955568 1660 540
15161955576 1660 540
15161955588 1660 540
15161955595 1660 540
15161955608 1660 540
15161955619 1660 540
15161955628 1660 540
15161955640 960 540
15161955648 960 540
15161955660 960 540
15161955668 960 540
15161955680 960 540
15161955688 960 540
15161955700 960 540
15161955708 960 540
15161955720 960 540
15161955728 960 540
15161955740 960 540
15161955748 960 540
15161955760 960 540
15161955768 960 540
15161955780 960 540
15161955788 960 540
15161955800 960 540
15161955808 960 540
15161955820 960 540
15161955828 960 540
15161955840 960 540
15161955848 960 540
15161955860 960 540
15161955872 960 540
15161955880 960 540
15161955892 960 540
15161955900 960 540
15161955912 960 540
15161955920 960 540
15161955932 960 540
15161955940 960 540
15161955952 960 540
15161955960 960 540
15161955972 960 540
15161955980 960 540
15161955992 960 540
15161956000 960 540
15161956012 960 540
15161956020 960 540
15161956032 960 540
15161956040 960 540
15161956052 960 540
15161956060 960 540
15161956072 960 540
15161956080 960 540
15161956092 960 540
15161956100 960 540
15161956112 960 540
15161956124 960 540
15161956132 960 540
15161956144 960 540
15161956152 960 540
15161956164 960 540
15161956172 960 540
15161956184 960 540
15161956192 960 540
15161956204 960 540
15161956212 960 540
15161956224 960 540
15161956232 960 540
15161956244 960 540
15161956252 960 540
15161956264 960 540
15161956272 960 540
15161956284 960 540
15161956292 960 540
15161956304 960 540
15161956312 960 540
15161956324 960 540
15161956332 960 540
15161956344 960 540
15161956352 960 540
15161956364 960 540
15161956376 960 540
15161956384 960 540
15161956396 960 540
15161956404 960 540
15161956415 960 540
15161956424 960 540
15161956435 960 540
15161956444 960 540
15161956455 960 540
15161956464 960 540
15161956475 960 540
15161956484 960 540
15161956496 960 540
15161956504 960 540
15161956516 960 540
15161956524 960 540
15161956536 960 540
15161956544 960 540
15161956556 960 540
15161956564 960 540
15161956576 960 540
15161956584 960 540
15161956596 960 540
15161956604 960 540
15161956616 960 540
15161956628 960 540
15161956636 960 540
15161956648 960 540
15161956656 960 540
15161956668 960 540
15161956676 960 540
15161956688 960 540
15161956696 960 540
15161956708 960 540
15161956716 960 540
15161956728 960 540
15161956736 960 540
15161956748 960 540
15161956756 960 540
15161956768 960 540
15161956776 960 540
15161956788 960 540
15161956796 960 540
15161956808 960 540
15161956815 960 540
15161956828 960 540
15161956836 960 540
15161956848 960 540
15161956856 960 540
15161956868 960 540
15161956880 960 540
15161956888 960 540
15161956900 960 540
15161956907 960 540
15161956920 960 540
15161956928 960 540
15161956940 960 540
15161956947 960 540
15161956960 960 540
15161956968 960 540
15161956980 960 540
15161956987 960 540
15161957000 960 540
15161957007 960 540
15161957019 960 540
15161957028 960 540
15161957040 960 540
15161957048 960 540
15161957060 960 540
15161957068 960 540
15161957080 960 540
15161957088 960 540
15161957099 960 540
15161957107 960 540
15161957119 960 540
15161957132 960 540
15161957140 785 540
15161957152 785 540
15161957160 785 540
15161957172 785 540
15161957180 785 540
15161957192 785 540
15161957200 785 540
15161957211 785 540
15161957220 785 540
15161957232 785 540
15161957239 785 540
15161957251 785 540
15161957260 785 540
15161957271 785 540
15161957280 785 540
15161957291 785 540
15161957299 785 540
15161957311 785 540
15161957320 785 540
15161957332 785 540
15161957339 785 540
15161957352 785 540
15161957359 785 540
15161957371 785 540
15161957383 785 540
15161957391 785 540
15161957403 785 540
15161957412 785 540
15161957423 785 540
15161957432 785 540
15161957443 785 540
15161957451 785 540
15161957463 785 540
15161957472 785 540
15161957483 785 540
15161957492 785 540
15161957503 785 540
15161957511 785 540
15161957523 785 540
15161957532 785 540
15161957544 785 540
15161957551 785 540
15161957564 785 540
15161957572 785 540
15161957584 785 540
15161957592 785 540
15161957603 785 540
15161957612 785 540
15161957623 785 540
15161957635 785 540
15161957644 785 540
15161957656 785 540
15161957664 785 540
15161957676 785 540
15161957684 785 540
15161957695 785 540
15161957703 785 540
15161957715 785 540
15161957723 785 540
15161957736 785 540
15161957743 785 540
15161957756 785 540
15161957763 785 540
15161957775 785 540
15161957783 785 540
15161957795 785 540
15161957804 785 540
15161957815 785 540
15161957824 785 540
15161957835 785 540
15161957843 785 540
15161957856 785 540
15161957864 785 540
15161957876 785 540
15161957887 785 540
15161957895 785 540
15161957908 785 540
15161957915 785 540
15161957928 785 540
15161957936 785 540
15161957948 785 540
15161957956 785 540
15161957968 785 540
15161957976 785 540
15161957987 785 540
15161957996 785 540
15161958008 785 540
15161958016 785 540
15161958028 785 540
15161958035 785 540
15161958048 785 540
15161958056 785 540
15161958068 785 540
15161958075 785 540
15161958088 785 540
15161958096 785 540
15161958107 785 540
15161958115 785 540
15161958128 785 540
15161958140 785 540
15161958148 785 540
15161958160 785 540
15161958167 785 540
15161958179 785 540
15161958188 785 540
15161958199 785 540
15161958208 785 540
15161958219 785 540
15161958227 785 540
15161958240 785 540
15161958247 785 540
15161958260 785 540
15161958268 785 540
15161958280 785 540
15161958287 785 540
15161958300 785 540
15161958308 785 540
15161958320 785 540
15161958327 785 540
15161958339 785 540
15161958348 785 540
15161958360 785 540
15161958368 785 540
15161958379 785 540
15161958391 785 540
15161958399 785 540
15161958412 785 540
15161958419 785 540
15161958431 785 540
15161958439 785 540
15161958452 785 540
15161958459 785 540
15161958472 785 540
15161958479 785 540
15161958492 785 540
15161958499 785 540
15161958512 785 540
15161958519 785 540
15161958532 785 540
15161958539 785 540
15161958551 785 540
15161958559 785 540
15161958571 785 540
15161958579 785 540
15161958591 785 540
15161958599 785 540
15161958611 785 540
15161958619 785 540
15161958631 785 540
15161958644 960 540
15161958652 960 540
15161958664 960 540
15161958672 960 540
15161958684 960 540
15161958692 960 540
15161958704 960 540
15161958712 960 540
15161958724 960 540
15161958732 960 540
15161958744 960 540
15161958752 960 540
15161958764 960 540
15161958772 960 540
15161958784 960 540
15161958792 960 540
15161958804 960 540
15161958812 960 540
15161958824 960 540
15161958832 960 540
15161958844 960 540
15161958852 960 540
15161958864 960 540
15161958872 960 540
15161958883 960 540
15161958895 960 540
15161958904 960 540
15161958916 960 540
15161958924 960 540
15161958935 960 540
15161958944 960 540
15161958956 960 540
15161958964 960 540
15161958975 960 540
15161958983 960 540
15161958995 960 540
15161959004 960 540
15161959015 960 540
15161959024 960 540
15161959036 960 540
15161959044 960 540
15161959056 960 540
15161959064 960 540
15161959076 960 540
15161959083 960 540
15161959095 960 540
15161959104 960 540
15161959115 960 540
15161959123 960 540
15161959136 960 540
15161959147 960 540
15161959156 960 540
15161959168 960 540
15161959175 960 540
15161959187 960 540
15161959195 960 540
15161959208 960 540
15161959215 960 540
15161959228 960 540
15161959235 960 540
15161959248 960 540
15161959255 960 540
15161959267 960 540
15161959276 960 540
15161959287 960 540
15161959295 960 540
15161959307 960 540
15161959315 960 540
15161959327 960 540
15161959336 960 540
15161959347 960 540
15161959356 960 540
15161959367 960 540
15161959375 960 540
15161959388 960 540
15161959399 960 540
15161959407 960 540
15161959419 960 540
15161959428 960 540
15161959439 960 540
15161959448 960 540
15161959459 960 540
15161959468 960 540
15161959480 960 540
15161959488 960 540
15161959499 960 540
15161959507 960 540
15161959520 960 540
15161959528 960 540
15161959540 960 540
15161959548 960 540
15161959559 960 540
15161959568 960 540
15161959580 960 540
15161959588 960 540
15161959600 960 540
15161959607 960 540
15161959620 960 540
15161959628 960 540
15161959640 960 540
15161959652 960 540
15161959660 960 540
15161959672 960 540
15161959679 960 540
15161959692 960 540
15161959700 960 540
15161959711 960 540
15161959720 960 540
15161959732 960 540
15161959739 960 540
15161959751 960 540
15161959759 960 540
15161959771 960 540
15161959780 960 540
15161959792 960 540
15161959800 960 540
15161959812 960 540
15161959820 960 540
15161959832 960 540
15161959840 960 540
15161959851 960 540
15161959860 960 540
15161959871 960 540
15161959880 960 540
15161959891 960 540
15161959903 960 540
15161959912 960 540
15161959924 960 540
15161959931 960 540
15161959944 960 540
15161959952 960 540
15161959964 960 540
15161959971 960 540
15161959983 960 540
15161959992 960 540
15162000004 960 540
15162000011 960 540
15162000023 960 540
15162000031 960 540
15162000043 960 540
15162000051 960 540
15162000063 960 540
15162000072 960 540
15162000083 960 540
15162000091 960 540
15162000103 960 540
15162000111 960 540
15162000123 960 540
15162000131 960 540
15162000144 260 540
15162000156 260 540
15162000164 260 540
15162000176 260 540
15162000184 260 540
15162000196 260 540
15162000204 260 540
15162000215 260 540
15162000223 260 540
15162000236 260 540
15162000243 260 540
15162000255 260 540
15162000263 260 540
15162000275 260 540
15162000283 260 540
15162000295 260 540
15162000303 260 540
15162000315 260 540
15162000323 260 540
15162000335 260 540
15162000343 260 540
15162000355 260 540
15162000363 260 540
15162000375 260 540
15162000383 260 540
15162000395 260 540
15162000407 260 540
15162000415 260 540
15162000427 260 540
15162000436 260 540
15162000447 260 540
15162000455 260 540
15162000467 260 540
15162000475 260 540
15162000487 260 540
15162000496 260 540
15162000507 260 540
15162000515 260 540
15162000527 260 540
15162000535 260 540
15162000548 260 540
15162000556 260 540
15162000567 260 540
15162000575 260 540
15162000587 260 540
15162000595 260 540
15162000607 260 540
15162000615 260 540
15162000627 260 540
15162000635 260 540
15162000647 260 540
15162000659 260 540
15162000667 260 540
15162000680 260 540
15162000688 260 540
15162000700 260 540
15162000708 260 540
15162000720 260 540
15162000728 260 540
15162000740 260 540
15162000748 260 540
15162000760 260 540
15162000768 260 540
15162000779 260 540
15162000788 260 540
15162000799 260 540
15162000808 260 540
15162000819 260 540
15162000827 260 540
15162000840 260 540
15162000848 260 540
15162000860 260 540
15162000868 260 540
15162000880 260 540
15162000888 260 540
15162000899 260 540
15162000911 260 540
15162000920 260 540
15162000932 260 540
15162000940 260 540
15162000952 260 540
15162000959 260 540
15162000971 260 540
15162000979 260 540
15162000991 260 540
15162000999 260 540
15162001011 260 540
15162001019 260 540
15162001031 260 540
15162001039 260 540
15162001051 260 540
15162001059 260 540
15162001071 260 540
15162001079 260 540
15162001091 260 540
15162001099 260 540
15162001111 260 540
15162001120 260 540
15162001132 260 540
15162001140 260 540
15162001152 260 540
15162001163 260 540
15162001171 260 540
15162001183 260 540
15162001191 260 540
15162001203 260 540
15162001211 260 540
15162001223 260 540
15162001231 260 540
15162001243 260 540
15162001251 260 540
15162001263 260 540
15162001271 260 540
15162001283 260 540
15162001291 260 540
15162001303 260 540
15162001312 260 540
15162001324 260 540
15162001331 260 540
15162001344 260 540
15162001352 260 540
15162001364 260 540
15162001371 260 540
15162001383 260 540
15162001391 260 540
15162001403 260 540
15162001415 260 540
15162001423 260 540
15162001435 260 540
15162001443 260 540
15162001455 260 540
15162001463 260 540
15162001475 260 540
15162001484 260 540
15162001496 260 540
15162001503 260 540
15162001515 260 540
15162001523 260 540
15162001535 260 540
15162001543 260 540
15162001555 260 540
15162001563 260 540
15162001575 260 540
15162001583 260 540
15162001595 260 540
15162001603 260 540
15162001615 260 540
15162001623 260 540
15162001635 260 540
15162001643 960 540
15162001656 960 540
15162001667 960 540
15162001675 960 540
15162001687 960 540
15162001695 960 540
15162001707 960 540
15162001715 960 540
15162001727 960 540
15162001735 960 540
15162001747 960 540
15162001755 960 540
15162001767 960 540
15162001775 960 540
15162001787 960 540
15162001795 960 540
15162001807 960 540
15162001815 960 540
15162001827 960 540
15162001835 960 540
15162001848 960 540
15162001855 960 540
15162001868 960 540
15162001874 960 540
15162001886 960 540
15162001894 960 540
15162001906 960 540
15162001919 960 540
15162001927 960 540
15162001939 960 540
15162001947 960 540
15162001959 960 540
15162001967 960 540
15162001979 960 540
15162001987 960 540
15162001999 960 540
15162002007 960 540
15162002019 960 540
15162002027 960 540
15162002039 960 540
15162002047 960 540
15162002059 960 540
15162002067 960 540
15162002079 960 540
15162002087 960 540
15162002099 960 540
15162002107 960 540
15162002119 960 540
15162002127 960 540
15162002139 960 540
15162002147 960 540
15162002159 960 540
15162002171 960 540
15162002179 960 540
15162002191 960 540
15162002199 960 540
15162002211 960 540
15162002219 960 540
15162002231 960 540
15162002239 960 540
15162002252 960 540
15162002259 960 540
15162002271 960 540
15162002279 960 540
15162002291 960 540
15162002299 960 540
15162002311 960 540
15162002319 960 540
15162002331 960 540
15162002339 960 540
15162002351 960 540
15162002359 960 540
15162002371 960 540
15162002379 960 540
15162002391 960 540
15162002399 960 540
15162002411 960 540
15162002423 960 540
15162002431 960 540
15162002443 960 540
15162002451 960 540
15162002463 960 540
15162002471 960 540
15162002483 960 540
15162002491 960 540
15162002503 960 540
15162002511 960 540
15162002523 960 540
15162002531 960 540
15162002543 960 540
15162002551 960 540
15162002563 960 540
15162002571 960 540
15162002583 960 540
15162002591 960 540
15162002603 960 540
15162002611 960 540
15162002623 960 540
15162002631 960 540
15162002643 960 540
15162002651 960 540
15162002663 960 540
15162002675 960 540
15162002683 960 540
15162002696 960 540
15162002704 960 540
15162002715 960 540
15162002723 960 540
15162002735 960 540
15162002743 960 540
15162002755 960 540
15162002763 960 540
15162002775 960 540
15162002783 960 540
15162002796 960 540
15162002803 960 540
15162002815 960 540
15162002823 960 540
15162002835 960 540
15162002843 960 540
15162002855 960 540
15162002863 960 540
15162002875 960 540
15162002883 960 540
15162002895 960 540
15162002903 960 540
15162002915 960 540
15162002927 960 540
15162002935 960 540
15162002947 960 540
15162002955 960 540
15162002967 960 540
15162002975 960 540
15162002987 960 540
15162002995 960 540
15162003007 960 540
15162003015 960 540
15162003027 960 540
15162003035 960 540
15162003047 960 540
15162003055 960 540
15162003067 960 540
15162003075 960 540
15162003087 960 540
15162003095 960 540
15162003107 960 540
15162003115 960 540
15162003127 960 540
15162003135 960 540
15162003148 785 540
15162003156 785 540
15162003167 785 540
15162003179 785 540
15162003188 785 540
15162003199 785 540
15162003207 785 540
15162003219 785 540
15162003227 785 540
15162003239 785 540
15162003247 785 540
15162003259 785 540
15162003267 785 540
15162003279 785 540
15162003287 785 540
15162003299 785 540
15162003307 785 540
15162003319 785 540
15162003327 785 540
15162003339 785 540
15162003347 785 540
15162003359 785 540
15162003367 785 540
15162003379 785 540
15162003387 785 540
15162003399 785 540
15162003407 785 540
15162003419 785 540
15162003431 785 540
15162003439 785 540
15162003451 785 540
15162003459 785 540
15162003471 785 540
15162003479 785 540
15162003491 785 540
15162003499 785 540
15162003511 785 540
15162003519 785 540
15162003531 785 540
15162003539 785 540
15162003551 785 540
15162003559 785 540
15162003571 785 540
15162003579 785 540
15162003591 785 540
15162003599 785 540
15162003611 785 540
15162003619 785 540
15162003631 785 540
15162003639 785 540
15162003651 785 540
15162003659 785 540
15162003671 785 540
15162003683 785 540
15162003691 785 540
15162003703 785 540
15162003711 785 540
15162003723 785 540
15162003731 785 540
15162003743 785 540
15162003751 785 540
15162003763 785 540
15162003771 785 540
15162003783 785 540
15162003791 785 540
15162003803 785 540
15162003811 785 540
15162003823 785 540
15162003831 785 540
15162003843 785 540
15162003851 785 540
15162003863 785 540
15162003871 785 540
15162003883 785 540
15162003891 785 540
15162003904 785 540
15162003911 785 540
15162003923 785 540
15162003935 785 540
15162003943 785 540
15162003955 785 540
15162003963 785 540
15162003975 785 540
15162003983 785 540
15162003995 785 540
15162004003 785 540
15162004015 785 540
15162004023 785 540
15162004035 785 540
15162004043 785 540
15162004055 785 540
15162004063 785 540
15162004075 785 540
15162004083 785 540
15162004095 785 540
15162004103 785 540
15162004115 785 540
15162004123 785 540
15162004135 785 540
15162004143 785 540
15162004155 785 540
15162004163 785 540
15162004175 785 540
15162004187 785 540
15162004195 785 540
15162004207 785 540
15162004215 785 540
15162004227 785 540
15162004235 785 540
15162004247 785 540
15162004255 785 540
15162004267 785 540
15162004275 785 540
15162004287 785 540
15162004295 785 540
15162004307 785 540
15162004315 785 540
15162004327 785 540
15162004335 785 540
15162004347 785 540
15162004355 785 540
15162004367 785 540
15162004375 785 540
15162004387 785 540
15162004395 785 540
15162004407 785 540
15162004415 785 540
15162004427 785 540
15162004439 785 540
15162004447 785 540
15162004459 785 540
15162004467 785 540
15162004479 785 540
15162004487 785 540
15162004499 785 540
15162004507 785 540
15162004519 785 540
15162004527 785 540
15162004539 785 540
15162004547 785 540
15162004559 785 540
15162004567 785 540
15162004579 785 540
15162004587 785 540
15162004599 785 540
15162004607 785 540
15162004619 785 540
15162004627 785 540
15162004639 785 540
15162004647 960 540
15162004660 960 540
15162004667 960 540
15162004679 960 540
15162004691 960 540
15162004699 960 540
15162004711 960 540
15162004719 960 540
15162004731 960 540
15162004739 960 540
15162004751 960 540
15162004759 960 540
15162004771 960 540
15162004779 960 540
15162004791 960 540
15162004799 960 540
15162004811 960 540
15162004819 960 540
15162004831 960 540
15162004839 960 540
15162004851 960 540
15162004859 960 540
15162004871 960 540
15162004879 960 540
15162004891 960 540
15162004899 960 540
15162004911 960 540
15162004919 960 540
15162004931 960 540
15162004943 960 540
15162004951 960 540
15162004963 960 540
15162004971 960 540
15162004983 960 540
15162004991 960 540
15162005003 960 540
15162005011 960 540
15162005023 960 540
15162005031 960 540
15162005043 960 540
15162005051 960 540
15162005063 960 540
15162005071 960 540
15162005083 960 540
15162005091 960 540
15162005103 960 540
15162005111 960 540
15162005123 960 540
15162005131 960 540
15162005143 960 540
15162005151 960 540
15162005163 960 540
15162005171 960 540
15162005183 960 540
15162005195 960 540
15162005203 960 540
15162005215 960 540
15162005223 960 540
15162005235 960 540
15162005243 960 540
15162005255 960 540
15162005263 960 540
15162005275 960 540
15162005283 960 540
15162005295 960 540
15162005303 960 540
15162005315 960 540
15162005323 960 540
15162005335 960 540
15162005343 960 540
15162005355 960 540
15162005363 960 540
15162005375 960 540
15162005383 960 540
15162005395 960 540
15162005403 960 540
15162005415 960 540
15162005423 960 540
15162005435 960 540
15162005447 960 540
15162005455 960 540
15162005467 960 540
15162005475 960 540
15162005487 960 540
15162005495 960 540
15162005507 960 540
15162005515 960 540
15162005527 960 540
15162005535 960 540
15162005547 960 540
15162005555 960 540
15162005567 960 540
15162005575 960 540
15162005587 960 540
15162005595 960 540
15162005607 960 540
15162005615 960 540
15162005627 960 540
15162005635 960 540
15162005647 960 540
15162005655 960 540
15162005667 960 540
15162005675 960 540
15162005687 960 540
15162005699 960 540
15162005707 960 540
15162005719 960 540
15162005727 960 540
15162005739 960 540
15162005747 960 540
15162005759 960 540
15162005767 960 540
15162005779 960 540
15162005787 960 540
15162005799 960 540
15162005807 960 540
15162005819 960 540
15162005827 960 540
15162005839 960 540
15162005847 960 540
15162005859 960 540
15162005867 960 540
15162005879 960 540
15162005887 960 540
15162005899 960 540
15162005907 960 540
15162005919 960 540
15162005927 960 540
15162005939 960 540
15162005951 960 540
15162005959 960 540
15162005971 960 540
15162005979 960 540
15162005991 960 540
15162005999 960 540
15162006011 960 540
15162006019 960 540
15162006031 960 540
15162006039 960 540
15162006051 960 540
15162006059 960 540
15162006071 960 540
15162006079 960 540
15162006091 960 540
15162006099 960 540
15162006111 960 540
15162006119 960 540
15162006131 960 540
15162006139 960 540
15162006152 1135 540
15162006159 1135 540
15162006171 1135 540
15162006179 1135 540
15162006192 1135 540
15162006203 1135 540
15162006211 1135 540
15162006223 1135 540
15162006231 1135 540
15162006243 1135 540
15162006251 1135 540
15162006263 1135 540
15162006271 1135 540
15162006283 1135 540
15162006291 1135 540
15162006303 1135 540
15162006311 1135 540
15162006323 1135 540
15162006331 1135 540
15162006343 1135 540
15162006351 1135 540
15162006363 1135 540
15162006371 1135 540
15162006383 1135 540
15162006391 1135 540
15162006403 1135 540
15162006411 1135 540
15162006423 1135 540
15162006431 1135 540
15162006443 1135 540
15162006455 1135 540
15162006463 1135 540
15162006475 1135 540
15162006483 1135 540
15162006495 1135 540
15162006503 1135 540
15162006515 1135 540
15162006523 1135 540
15162006535 1135 540
15162006543 1135 540
15162006555 1135 540
15162006563 1135 540
15162006575 1135 540
15162006583 1135 540
15162006595 1135 540
15162006603 1135 540
15162006614 1135 540
15162006622 1135 540
15162006634 1135 540
15162006643 1135 540
15162006655 1135 540
15162006664 1135 540
15162006676 1135 540
15162006684 1135 540
15162006696 1135 540
15162006708 1135 540
15162006716 1135 540
15162006728 1135 540
15162006736 1135 540
15162006748 1135 540
15162006756 1135 540
15162006766 1135 540
15162006774 1135 540
15162006786 1135 540
15162006794 1135 540
15162006806 1135 540
15162006814 1135 540
15162006826 1135 540
15162006835 1135 540
15162006847 1135 540
15162006855 1135 540
15162006868 1135 540
15162006876 1135 540
15162006888 1135 540
15162006896 1135 540
15162006908 1135 540
15162006916 1135 540
15162006928 1135 540
15162006936 1135 540
15162006948 1135 540
15162006960 1135 540
15162006968 1135 540
15162006980 1135 540
15162006988 1135 540
15162007000 1135 540
15162007008 1135 540
15162007020 1135 540
15162007028 1135 540
15162007040 1135 540
15162007048 1135 540
15162007060 1135 540
15162007068 1135 540
15162007080 1135 540
15162007088 1135 540
15162007100 1135 540
15162007108 1135 540
15162007120 1135 540
15162007128 1135 540
15162007140 1135 540
15162007148 1135 540
15162007160 1135 540
15162007168 1135 540
15162007180 1135 540
15162007188 1135 540
15162007200 1135 540
15162007212 1135 540
15162007220 1135 540
15162007232 1135 540
15162007240 1135 540
15162007252 1135 540
15162007260 1135 540
15162007272 1135 540
15162007280 1135 540
15162007292 1135 540
15162007300 1135 540
15162007312 1135 540
15162007320 1135 540
15162007332 1135 540
15162007340 1135 540
15162007352 1135 540
15162007360 1135 540
15162007372 1135 540
15162007380 1135 540
15162007392 1135 540
15162007400 1135 540
15162007412 1135 540
15162007420 1135 540
15162007432 1135 540
15162007440 1135 540
15162007452 1135 540
15162007464 1135 540
15162007472 1135 540
15162007484 1135 540
15162007492 1135 540
15162007504 1135 540
15162007512 1135 540
15162007524 1135 540
15162007532 1135 540
15162007544 1135 540
15162007552 1135 540
15162007564 1135 540
15162007572 1135 540
15162007584 1135 540
15162007592 1135 540
15162007604 1135 540
15162007612 1135 540
15162007624 1135 540
15162007632 1135 540
15162007644 1135 540
15162007652 960 540
15162007664 960 540
15162007672 960 540
15162007684 960 540
15162007692 960 540
15162007704 960 540
15162007716 960 540
15162007724 960 540
15162007736 960 540
15162007744 960 540
15162007756 960 540
15162007764 960 540
15162007776 960 540
15162007784 960 540
15162007796 960 540
15162007804 960 540
15162007816 960 540
15162007824 960 540
15162007836 960 540
15162007844 960 540
15162007856 960 540
15162007864 960 540
15162007876 960 540
15162007884 960 540
15162007896 960 540
15162007904 960 540
15162007916 960 540
15162007924 960 540
15162007936 960 540
15162007944 960 540
15162007956 960 540
15162007968 960 540
15162007976 960 540
15162007988 960 540
15162007996 960 540
15162008008 960 540
15162008016 960 540
15162008028 960 540
15162008036 960 540
15162008048 960 540
15162008056 960 540
15162008068 960 540
15162008076 960 540
15162008088 960 540
15162008096 960 540
15162008108 960 540
15162008116 960 540
15162008128 960 540
15162008136 960 540
15162008148 960 540
15162008156 960 540
15162008168 960 540
15162008176 960 540
15162008188 960 540
15162008196 960 540
15162008208 960 540
15162008220 960 540
15162008228 960 540
15162008240 960 540
15162008248 960 540
15162008260 960 540
15162008268 960 540
15162008280 960 540
15162008288 960 540
15162008300 960 540
15162008308 960 540
15162008320 960 540
15162008328 960 540
15162008340 960 540
15162008348 960 540
15162008360 960 540
15162008368 960 540
15162008380 960 540
15162008388 960 540
15162008400 960 540
15162008408 960 540
15162008420 960 540
15162008428 960 540
15162008440 960 540
15162008448 960 540
15162008460 960 540
15162008472 960 540
15162008480 960 540
15162008492 960 540
15162008500 960 540
15162008512 960 540
15162008520 960 540
15162008532 960 540
15162008540 960 540
15162008552 960 540
15162008560 960 540
15162008572 960 540
15162008580 960 540
15162008592 960 540
15162008600 960 540
15162008612 960 540
15162008620 960 540
15162008632 960 540
15162008640 960 540
15162008652 960 540
15162008660 960 540
15162008672 960 540
15162008680 960 540
15162008692 960 540
15162008700 960 540
15162008712 960 540
15162008724 960 540
15162008732 960 540
15162008744 960 540
15162008752 960 540
15162008764 960 540
15162008772 960 540
15162008784 960 540
15162008792 960 540
15162008804 960 540
15162008812 960 540
15162008824 960 540
15162008832 960 540
15162008844 960 540
15162008852 960 540
15162008864 960 540
15162008872 960 540
15162008884 960 540
15162008892 960 540
15162008904 960 540
15162008912 960 540
15162008924 960 540
15162008932 960 540
15162008944 960 540
15162008952 960 540
15162008964 960 540
15162008976 960 540
15162008984 960 540
15162008996 960 540
15162009004 960 540
15162009016 960 540
15162009024 960 540
15162009036 960 540
15162009044 960 540
15162009056 960 540
15162009064 960 540
15162009076 960 540
15162009084 960 540
15162009096 960 540
15162009104 960 540
15162009116 960 540
15162009124 960 540
15162009136 960 540
15162009144 960 540
15162009156 1310 540
15162009164 1310 540
15162009176 1310 540
15162009184 1310 540
15162009196 1310 540
15162009204 1310 540
15162009216 1310 540
15162009228 1310 540
15162009236 1310 540
15162009248 1310 540
15162009256 1310 540
15162009268 1310 540
15162009276 1310 540
15162009288 1310 540
15162009296 1310 540
15162009308 1310 540
15162009316 1310 540
15162009328 1310 540
15162009336 1310 540
15162009348 1310 540
15162009356 1310 540
15162009368 1310 540
15162009376 1310 540
15162009388 1310 540
15162009396 1310 540
15162009408 1310 540
15162009416 1310 540
15162009428 1310 540
15162009436 1310 540
15162009448 1310 540
15162009456 1310 540
15162009468 1310 540
15162009480 1310 540
15162009488 1310 540
15162009500 1310 540
15162009508 1310 540
15162009520 1310 540
15162009528 1310 540
15162009540 1310 540
15162009548 1310 540
15162009560 1310 540
15162009568 1310 540
15162009580 1310 540
15162009588 1310 540
15162009600 1310 540
15162009608 1310 540
15162009620 1310 540
15162009628 1310 540
15162009640 1310 540
15162009648 1310 540
15162009660 1310 540
15162009668 1310 540
15162009680 1310 540
15162009688 1310 540
15162009700 1310 540
15162009708 1310 540
15162009720 1310 540
15162009732 1310 540
15162009740 1310 540
15162009752 1310 540
15162009760 1310 540
15162009772 1310 540
15162009780 1310 540
15162009792 1310 540
15162009800 1310 540
15162009812 1310 540
15162009820 1310 540
15162009832 1310 540
15162009840 1310 540
15162009852 1310 540
15162009860 1310 540
15162009872 1310 540
15162009880 1310 540
15162009892 1310 540
15162009900 1310 540
15162009912 1310 540
15162009920 1310 540
15162009932 1310 540
15162009940 1310 540
15162009952 1310 540
15162009960 1310 540
15162009972 1310 540
15162009984 1310 540
15162009992 1310 540
15162010004 1310 540
15162010012 1310 540
15162010024 1310 540
15162010032 1310 540
15162010044 1310 540
15162010052 1310 540
15162010064 1310 540
15162010072 1310 540
15162010084 1310 540
15162010092 1310 540
15162010104 1310 540
15162010112 1310 540
15162010124 1310 540
15162010132 1310 540
15162010144 1310 540
15162010152 1310 540
15162010164 1310 540
15162010172 1310 540
15162010184 1310 540
15162010192 1310 540
15162010204 1310 540
15162010212 1310 540
15162010224 1310 540
15162010236 1310 540
15162010244 1310 540
15162010256 1310 540
15162010264 1310 540
15162010276 1310 540
15162010284 1310 540
15162010296 1310 540
15162010304 1310 540
15162010316 1310 540
15162010324 1310 540
15162010336 1310 540
15162010344 1310 540
15162010356 1310 540
15162010364 1310 540
15162010376 1310 540
15162010384 1310 540
15162010396 1310 540
15162010404 1310 540
15162010416 1310 540
15162010424 1310 540
15162010436 1310 540
15162010444 1310 540
15162010456 1310 540
15162010464 1310 540
15162010476 1310 540
15162010488 1310 540
15162010496 1310 540
15162010508 1310 540
15162010516 1310 540
15162010528 1310 540
15162010536 1310 540
15162010548 1310 540
15162010556 1310 540
15162010568 1310 540
15162010576 1310 540
15162010588 1310 540
15162010596 1310 540
15162010608 1310 540
15162010616 1310 540
15162010628 1310 540
15162010636 1310 540
15162010648 1310 540
