29125425865 960 540
29125425873 960 540
29125425875 960 540
29125425887 960 540
29125425899 960 540
29125425907 960 540
29125425919 960 540
29125425927 960 540
29125425939 960 540
29125425947 960 540
29125425959 960 540
29125425968 960 540
29125425980 960 540
29125425988 960 540
29125426000 960 540
29125426012 960 540
29125426020 960 540
29125426032 960 540
29125426040 960 540
29125426052 960 540
29125426060 960 540
29125426072 960 540
29125426080 960 540
29125426092 960 540
29125426100 960 540
29125426112 960 540
29125426120 960 540
29125426132 960 540
29125426140 960 540
29125426152 960 540
29125426160 960 540
29125426172 960 540
29125426180 960 540
29125426192 960 540
29125426200 960 540
29125426212 960 540
29125426220 960 540
29125426232 960 540
29125426240 960 540
29125426252 960 540
29125426264 960 540
29125426272 960 540
29125426284 960 540
29125426292 960 540
29125426304 960 540
29125426312 960 540
29125426324 960 540
29125426332 960 540
29125426344 960 540
29125426352 960 540
29125426364 960 540
29125426372 960 540
29125426384 960 540
29125426392 960 540
29125426404 960 540
29125426412 960 540
29125426424 960 540
29125426432 960 540
29125426444 960 540
29125426452 960 540
29125426464 960 540
29125426472 960 540
29125426484 960 540
29125426492 960 540
29125426504 960 540
29125426516 960 540
29125426524 960 540
29125426536 960 540
29125426544 960 540
29125426556 960 540
29125426564 960 540
29125426576 960 540
29125426584 960 540
29125426596 960 540
29125426604 960 540
29125426616 960 540
29125426624 960 540
29125426636 960 540
29125426644 960 540
29125426656 960 540
29125426664 960 540
29125426676 960 540
29125426684 960 540
29125426696 960 540
29125426704 960 540
29125426716 960 540
29125426724 960 540
29125426736 960 540
29125426744 960 540
29125426756 960 540
29125426768 960 540
29125426776 960 540
29125426788 960 540
29125426796 960 540
29125426808 960 540
29125426816 960 540
29125426828 960 540
29125426836 960 540
29125426848 960 540
29125426856 960 540
29125426868 960 540
29125426876 960 540
29125426888 960 540
29125426896 960 540
29125426908 960 540
29125426916 960 540
29125426928 960 540
29125426936 960 540
29125426948 960 540
29125426956 960 540
29125426968 960 540
29125426976 960 540
29125426988 960 540
29125426996 960 540
29125427008 960 540
29125427020 960 540
29125427028 960 540
29125427040 960 540
29125427048 960 540
29125427060 960 540
29125427068 960 540
29125427080 960 540
29125427088 960 540
29125427100 960 540
29125427108 960 540
29125427120 960 540
29125427128 960 540
29125427140 960 540
29125427148 960 540
29125427160 960 540
29125427168 960 540
29125427180 960 540
29125427188 960 540
29125427200 960 540
29125427208 960 540
29125427220 960 540
29125427228 960 540
29125427240 960 540
29125427248 960 540
29125427260 960 540
29125427272 960 540
29125427280 960 540
29125427292 960 540
29125427300 960 540
29125427312 960 540
29125427320 960 540
29125427332 960 540
29125427340 960 540
29125427352 960 540
29125427360 960 540
29125427372 960 540
29125427380 960 540
29125427392 960 540
29125427400 960 540
29125427412 960 540
29125427420 960 540
29125427432 960 540
29125427440 960 540
29125427452 960 540
29125427460 960 540
29125427472 960 540
29125427480 960 540
29125427492 960 540
29125427500 960 540
29125427512 960 540
29125427524 960 540
29125427532 960 540
29125427544 960 540
29125427552 960 540
29125427564 960 540
29125427572 960 540
29125427584 960 540
29125427592 960 540
29125427604 960 540
29125427612 960 540
29125427624 960 540
29125427632 960 540
29125427644 960 540
29125427652 960 540
29125427664 960 540
29125427672 960 540
29125427684 960 540
29125427692 960 540
29125427704 960 540
29125427712 960 540
29125427724 960 540
29125427732 960 540
29125427744 960 540
29125427752 960 540
29125427764 960 540
29125427776 960 540
29125427784 960 540
29125427796 960 540
29125427804 960 540
29125427816 960 540
29125427824 960 540
29125427836 960 540
29125427844 960 540
29125427856 960 540
29125427864 960 540
29125427876 960 540
29125427884 960 540
29125427896 960 540
29125427904 960 540
29125427916 960 540
29125427924 960 540
29125427936 960 540
29125427944 960 540
29125427956 960 540
29125427964 960 540
29125427976 960 540
29125427984 960 540
29125427996 960 540
29125428004 960 540
29125428016 960 540
29125428028 960 540
29125428036 960 540
29125428048 960 540
29125428056 960 540
29125428068 960 540
29125428076 960 540
29125428088 960 540
29125428096 960 540
29125428108 960 540
29125428116 960 540
29125428128 960 540
29125428136 960 540
29125428148 960 540
29125428156 960 540
29125428168 960 540
29125428176 960 540
29125428188 960 540
29125428196 960 540
29125428208 960 540
29125428216 960 540
29125428228 960 540
29125428236 960 540
29125428248 960 540
29125428256 960 540
29125428268 960 540
29125428280 960 540
29125428288 960 540
29125428300 960 540
29125428308 960 540
29125428320 960 540
29125428328 960 540
29125428340 960 540
29125428348 960 540
29125428360 960 540
29125428368 960 540
29125428380 960 540
29125428388 960 540
29125428400 960 540
29125428408 960 540
29125428420 960 540
29125428428 960 540
29125428440 960 540
29125428448 960 540
29125428460 960 540
29125428468 960 540
29125428480 960 540
29125428488 960 540
29125428500 960 540
29125428508 960 540
29125428520 960 540
29125428532 960 540
29125428540 960 540
29125428552 960 540
29125428560 960 540
29125428572 960 540
29125428580 960 540
29125428592 960 540
29125428600 960 540
29125428612 960 540
29125428620 960 540
29125428632 960 540
29125428640 960 540
29125428652 960 540
29125428660 960 540
29125428672 960 540
29125428680 960 540
29125428692 960 540
29125428700 960 540
29125428712 960 540
29125428720 960 540
29125428732 960 540
29125428740 960 540
29125428752 960 540
29125428760 960 540
29125428772 960 540
29125428784 960 540
29125428792 960 540
29125428804 960 540
29125428812 960 540
29125428824 960 540
29125428832 960 540
29125428844 960 540
29125428852 960 540
29125428864 960 540
29125428872 960 540
29125428884 960 540
29125428892 960 540
29125428904 960 540
29125428912 960 540
29125428924 960 540
29125428932 960 540
29125428944 960 540
29125428952 960 540
29125428964 960 540
29125428972 960 540
29125428984 960 540
29125428992 960 540
29125429004 960 540
29125429012 960 540
29125429024 960 540
29125429036 960 540
29125429044 960 540
29125429056 960 540
29125429064 960 540
29125429076 960 540
29125429084 960 540
29125429096 960 540
29125429104 960 540
29125429116 960 540
29125429124 960 540
29125429136 960 540
29125429144 960 540
29125429156 960 540
29125429164 960 540
29125429176 960 540
29125429184 960 540
29125429196 960 540
29125429204 960 540
29125429216 960 540
29125429224 960 540
29125429236 960 540
29125429244 960 540
29125429256 960 540
29125429264 960 540
29125429276 960 540
29125429288 960 540
29125429296 960 540
29125429308 960 540
29125429316 960 540
29125429328 960 540
29125429336 960 540
29125429348 960 540
29125429356 960 540
29125429368 960 540
29125429376 960 540
29125429388 960 540
29125429396 960 540
29125429408 960 540
29125429416 960 540
29125429428 960 540
29125429436 960 540
29125429448 960 540
29125429456 960 540
29125429468 960 540
29125429476 960 540
29125429488 960 540
29125429496 960 540
29125429508 960 540
29125429516 960 540
29125429528 960 540
29125429540 960 540
29125429548 960 540
29125429560 960 540
29125429568 960 540
29125429580 960 540
29125429588 960 540
29125429600 960 540
29125429608 960 540
29125429620 960 540
29125429628 960 540
29125429640 960 540
29125429648 960 540
29125429660 960 540
29125429668 960 540
29125429680 960 540
29125429688 960 540
29125429700 960 540
29125429708 960 540
29125429720 960 540
29125429728 960 540
29125429740 960 540
29125429748 960 540
29125429760 960 540
29125429768 960 540
29125429780 960 540
29125429792 960 540
29125429800 960 540
29125429812 960 540
29125429820 960 540
29125429832 960 540
29125429840 960 540
29125429852 960 540
29125429860 960 540
29125429872 960 540
29125429880 960 540
29125429892 960 540
29125429900 960 540
29125429912 960 540
29125429920 960 540
29125429932 960 540
29125429940 960 540
29125429952 960 540
29125429960 960 540
29125429972 960 540
29125429980 960 540
29125429992 960 540
29125430000 960 540
29125430012 960 540
29125430020 960 540
29125430032 960 540
29125430044 960 540
29125430052 960 540
29125430064 960 540
29125430072 960 540
29125430084 960 540
29125430092 960 540
29125430104 960 540
29125430112 960 540
29125430124 960 540
29125430132 960 540
29125430144 960 540
29125430152 960 540
29125430164 960 540
29125430172 960 540
29125430184 960 540
29125430192 960 540
29125430204 960 540
29125430212 960 540
29125430224 960 540
29125430232 960 540
29125430244 960 540
29125430252 960 540
29125430264 960 540
29125430272 960 540
29125430284 960 540
29125430296 960 540
29125430304 960 540
29125430316 960 540
29125430324 960 540
29125430336 960 540
29125430344 960 540
29125430356 960 540
29125430364 960 540
29125430376 960 540
29125430384 960 540
29125430396 960 540
29125430404 960 540
29125430416 960 540
29125430424 960 540
29125430436 960 540
29125430444 960 540
29125430456 960 540
29125430464 960 540
29125430476 960 540
29125430484 960 540
29125430496 960 540
29125430504 960 540
29125430516 960 540
29125430524 960 540
29125430536 960 540
29125430548 960 540
29125430556 960 540
29125430568 960 540
29125430576 960 540
29125430588 960 540
29125430596 960 540
29125430608 960 540
29125430616 960 540
29125430628 960 540
29125430636 960 540
29125430648 960 540
29125430656 960 540
29125430668 960 540
29125430676 960 540
29125430688 960 540
29125430696 960 540
29125430708 960 540
29125430716 960 540
29125430728 960 540
29125430736 960 540
29125430748 960 540
29125430756 960 540
29125430768 960 540
29125430776 960 540
29125430788 960 540
29125430800 960 540
29125430808 960 540
29125430820 960 540
29125430828 960 540
29125430840 960 540
29125430848 960 540
29125430860 960 540
29125430868 960 540
29125430880 960 540
29125430888 960 540
29125430900 960 540
29125430908 960 540
29125430920 960 540
29125430928 960 540
29125430940 960 540
29125430948 960 540
29125430960 960 540
29125430968 960 540
29125430980 960 540
29125430988 960 540
29125431000 960 540
29125431008 960 540
29125431020 960 540
29125431028 960 540
29125431040 960 540
29125431052 960 540
29125431060 960 540
29125431072 960 540
29125431080 960 540
29125431092 960 540
29125431100 960 540
29125431112 960 540
29125431120 960 540
29125431132 960 540
29125431140 960 540
29125431152 960 540
29125431160 960 540
29125431172 960 540
29125431180 960 540
29125431192 960 540
29125431200 960 540
29125431212 960 540
29125431220 960 540
29125431232 960 540
29125431240 960 540
29125431252 960 540
29125431260 960 540
29125431272 960 540
29125431280 960 540
29125431292 960 540
29125431304 960 540
29125431312 960 540
29125431324 960 540
29125431332 960 540
29125431344 960 540
29125431352 960 540
29125431364 960 540
29125431372 960 540
29125431384 960 540
29125431392 960 540
29125431404 960 540
29125431412 960 540
29125431424 960 540
29125431432 960 540
29125431444 960 540
29125431452 960 540
29125431464 960 540
29125431472 960 540
29125431484 960 540
29125431492 960 540
29125431504 960 540
29125431512 960 540
29125431524 960 540
29125431532 960 540
29125431544 960 540
29125431556 960 540
29125431564 960 540
29125431576 960 540
29125431584 960 540
29125431596 960 540
29125431604 960 540
29125431616 960 540
29125431624 960 540
29125431636 960 540
29125431644 960 540
29125431656 960 540
29125431664 960 540
29125431676 960 540
29125431684 960 540
29125431696 960 540
29125431704 960 540
29125431716 960 540
29125431724 960 540
29125431736 960 540
29125431744 960 540
29125431756 960 540
29125431764 960 540
29125431776 960 540
29125431784 960 540
29125431796 960 540
29125431808 960 540
29125431816 960 540
29125431828 960 540
29125431836 960 540
29125431848 960 540
29125431856 960 540
29125431868 960 540
29125431876 960 540
29125431888 960 540
29125431896 960 540
29125431908 960 540
29125431916 960 540
29125431928 960 540
29125431936 960 540
29125431948 960 540
29125431956 960 540
29125431968 960 540
29125431976 960 540
29125431988 960 540
29125431996 960 540
29125432008 960 540
29125432016 960 540
29125432028 960 540
29125432036 960 540
29125432048 960 540
29125432060 960 540
29125432068 960 540
29125432080 960 540
29125432088 960 540
29125432100 960 540
29125432108 960 540
29125432120 960 540
29125432128 960 540
29125432140 960 540
29125432148 960 540
29125432160 960 540
29125432168 960 540
29125432180 960 540
29125432188 960 540
29125432200 960 540
29125432208 960 540
29125432220 960 540
29125432228 960 540
29125432240 960 540
29125432248 960 540
29125432260 960 540
29125432268 960 540
29125432280 960 540
29125432288 960 540
29125432300 960 540
29125432312 960 540
29125432320 960 540
29125432332 960 540
29125432340 960 540
29125432352 960 540
29125432360 960 540
29125432372 960 540
29125432380 960 540
29125432392 960 540
29125432400 960 540
29125432412 960 540
29125432420 960 540
29125432432 960 540
29125432440 960 540
29125432452 960 540
29125432460 960 540
29125432472 960 540
29125432480 960 540
29125432492 960 540
29125432500 960 540
29125432512 960 540
29125432520 960 540
29125432532 960 540
29125432540 960 540
29125432552 960 540
29125432564 960 540
29125432572 960 540
29125432584 960 540
29125432592 960 540
29125432604 960 540
29125432612 960 540
29125432624 960 540
29125432632 960 540
29125432644 960 540
29125432652 960 540
29125432664 960 540
29125432672 960 540
29125432684 960 540
29125432692 960 540
29125432704 960 540
29125432712 960 540
29125432724 960 540
29125432732 960 540
29125432744 960 540
29125432752 960 540
29125432764 960 540
29125432772 960 540
29125432784 960 540
29125432792 960 540
29125432804 960 540
29125432816 960 540
29125432824 960 540
29125432836 960 540
29125432844 960 540
29125432856 960 540
29125432864 960 540
29125432876 960 540
29125432884 960 540
29125432896 960 540
29125432904 960 540
29125432916 960 540
29125432924 960 540
29125432936 960 540
29125432944 960 540
29125432956 960 540
29125432964 960 540
29125432976 960 540
29125432984 960 540
29125432996 960 540
29125433004 960 540
29125433016 960 540
29125433024 960 540
29125433036 960 540
29125433044 960 540
29125433056 960 540
29125433068 960 540
29125433076 960 540
29125433088 960 540
29125433096 960 540
29125433108 960 540
29125433116 960 540
29125433128 960 540
29125433136 960 540
29125433148 960 540
29125433156 960 540
29125433168 960 540
29125433176 960 540
29125433188 960 540
29125433196 960 540
29125433208 960 540
29125433216 960 540
29125433228 960 540
29125433236 960 540
29125433248 960 540
29125433256 960 540
29125433268 960 540
29125433276 960 540
29125433288 960 540
29125433296 960 540
29125433308 960 540
29125433320 960 540
29125433328 960 540
29125433340 960 540
29125433348 960 540
29125433360 960 540
29125433368 960 540
29125433380 960 540
29125433388 960 540
29125433400 960 540
29125433408 960 540
29125433420 960 540
29125433428 960 540
29125433440 960 540
29125433448 960 540
29125433460 960 540
29125433468 960 540
29125433480 960 540
29125433488 960 540
29125433500 960 540
29125433508 960 540
29125433520 960 540
29125433528 960 540
29125433540 960 540
29125433548 960 540
29125433560 960 540
29125433572 960 540
29125433580 960 540
29125433592 960 540
29125433600 960 540
29125433612 960 540
29125433620 960 540
29125433632 960 540
29125433640 960 540
29125433652 960 540
29125433660 960 540
29125433672 960 540
29125433680 960 540
29125433692 960 540
29125433700 960 540
29125433712 960 540
29125433720 960 540
29125433732 960 540
29125433740 960 540
29125433752 960 540
29125433760 960 540
29125433772 960 540
29125433780 960 540
29125433792 960 540
29125433800 960 540
29125433812 960 540
29125433824 960 540
29125433832 960 540
29125433844 960 540
29125433852 960 540
29125433864 960 540
29125433872 960 540
29125433884 960 540
29125433892 960 540
29125433904 960 540
29125433912 960 540
29125433924 960 540
29125433932 960 540
29125433944 960 540
29125433952 960 540
29125433964 960 540
29125433972 960 540
29125433984 960 540
29125433992 960 540
29125434004 960 540
29125434012 960 540
29125434024 960 540
29125434032 960 540
29125434044 960 540
29125434052 960 540
29125434064 960 540
29125434076 960 540
29125434084 960 540
29125434096 960 540
29125434104 960 540
29125434116 960 540
29125434124 960 540
29125434136 960 540
29125434144 960 540
29125434156 960 540
29125434164 960 540
29125434176 960 540
29125434184 960 540
29125434196 960 540
29125434204 960 540
29125434216 960 540
29125434224 960 540
29125434236 960 540
29125434244 960 540
29125434256 960 540
29125434264 960 540
29125434276 960 540
29125434284 960 540
29125434296 960 540
29125434304 960 540
29125434316 960 540
29125434328 960 540
29125434336 960 540
29125434348 960 540
29125434356 960 540
29125434368 960 540
29125434376 960 540
29125434388 960 540
29125434396 960 540
29125434408 960 540
29125434416 960 540
29125434428 960 540
29125434436 960 540
29125434448 960 540
29125434456 960 540
29125434468 960 540
29125434476 960 540
29125434488 960 540
29125434496 960 540
29125434508 960 540
29125434516 960 540
29125434528 960 540
29125434536 960 540
29125434548 960 540
29125434556 960 540
29125434568 960 540
29125434580 960 540
29125434588 960 540
29125434600 960 540
29125434608 960 540
29125434620 960 540
29125434628 960 540
29125434640 960 540
29125434648 960 540
29125434660 960 540
29125434668 960 540
29125434680 960 540
29125434688 960 540
29125434700 960 540
29125434708 960 540
29125434720 960 540
29125434728 960 540
29125434740 960 540
29125434748 960 540
29125434760 960 540
29125434768 960 540
29125434780 960 540
29125434788 960 540
29125434800 960 540
29125434808 960 540
29125434820 960 540
29125434832 960 540
29125434840 960 540
29125434852 960 540
29125434860 960 540
29125434872 960 540
29125434880 960 540
29125434892 960 540
29125434900 960 540
29125434912 960 540
29125434920 960 540
29125434932 960 540
29125434940 960 540
29125434952 960 540
29125434960 960 540
29125434972 960 540
29125434980 960 540
29125434992 960 540
29125435000 960 540
29125435012 960 540
29125435020 960 540
29125435032 960 540
29125435040 960 540
29125435052 960 540
29125435060 960 540
29125435072 960 540
29125435084 960 540
29125435092 960 540
29125435104 960 540
29125435112 960 540
29125435124 960 540
29125435132 960 540
29125435144 960 540
29125435152 960 540
29125435164 960 540
29125435172 960 540
29125435184 960 540
29125435192 960 540
29125435204 960 540
29125435212 960 540
29125435224 960 540
29125435232 960 540
29125435244 960 540
29125435252 960 540
29125435264 960 540
29125435272 960 540
29125435284 960 540
29125435292 960 540
29125435304 960 540
29125435312 960 540
29125435324 960 540
29125435336 960 540
29125435344 960 540
29125435356 960 540
29125435364 960 540
29125435376 960 540
29125435384 960 540
29125435396 960 540
29125435404 960 540
29125435416 960 540
29125435424 960 540
29125435436 960 540
29125435444 960 540
29125435456 960 540
29125435464 960 540
29125435476 960 540
29125435484 960 540
29125435496 960 540
29125435504 960 540
29125435516 960 540
29125435524 960 540
29125435536 960 540
29125435544 960 540
29125435556 960 540
29125435564 960 540
29125435576 960 540
29125435588 960 540
29125435596 960 540
29125435608 960 540
29125435616 960 540
29125435628 960 540
29125435636 960 540
29125435648 960 540
29125435656 960 540
29125435668 960 540
29125435676 960 540
29125435688 960 540
29125435696 960 540
29125435708 960 540
29125435716 960 540
29125435728 960 540
29125435736 960 540
29125435748 960 540
29125435756 960 540
29125435768 960 540
29125435776 960 540
29125435788 960 540
29125435796 960 540
29125435808 960 540
29125435816 960 540
29125435828 960 540
29125435840 960 540
29125435848 960 540
29125435860 960 540
29125435868 960 540
29125435880 960 540
29125435888 960 540
29125435900 960 540
29125435908 960 540
29125435920 960 540
29125435928 960 540
29125435940 960 540
29125435948 960 540
29125435960 960 540
29125435968 960 540
29125435980 960 540
29125435988 960 540
29125436000 960 540
29125436008 960 540
29125436020 960 540
29125436028 960 540
29125436040 960 540
29125436048 960 540
29125436060 960 540
29125436068 960 540
29125436080 960 540
29125436092 960 540
29125436100 960 540
29125436112 960 540
29125436120 960 540
29125436132 960 540
29125436140 960 540
29125436152 960 540
29125436160 960 540
29125436172 960 540
29125436180 960 540
29125436192 960 540
29125436200 960 540
29125436212 960 540
29125436220 960 540
29125436232 960 540
29125436240 960 540
29125436252 960 540
29125436260 960 540
29125436272 960 540
29125436280 960 540
29125436292 960 540
29125436300 960 540
29125436312 960 540
29125436320 960 540
29125436332 960 540
29125436344 960 540
29125436352 960 540
29125436364 960 540
29125436372 960 540
29125436384 960 540
29125436392 960 540
29125436404 960 540
29125436412 960 540
29125436424 960 540
29125436432 960 540
29125436444 960 540
29125436452 960 540
29125436464 960 540
29125436472 960 540
29125436484 960 540
29125436492 960 540
29125436504 960 540
29125436512 960 540
29125436524 960 540
29125436532 960 540
29125436544 960 540
29125436552 960 540
29125436564 960 540
29125436572 960 540
29125436584 960 540
29125436596 960 540
29125436604 960 540
29125436616 960 540
29125436624 960 540
29125436636 960 540
29125436644 960 540
29125436656 960 540
29125436664 960 540
29125436676 960 540
29125436684 960 540
29125436696 960 540
29125436704 960 540
29125436716 960 540
29125436724 960 540
29125436736 960 540
29125436744 960 540
29125436756 960 540
29125436764 960 540
29125436776 960 540
29125436784 960 540
29125436796 960 540
29125436804 960 540
29125436816 960 540
29125436824 960 540
29125436836 960 540
29125436848 960 540
29125436856 960 540
29125436868 960 540
29125436876 960 540
29125436888 960 540
29125436896 960 540
29125436908 960 540
29125436916 960 540
29125436928 960 540
29125436936 960 540
29125436948 960 540
29125436956 960 540
29125436968 960 540
29125436976 960 540
29125436988 960 540
29125436996 960 540
29125437008 960 540
29125437016 960 540
29125437028 960 540
29125437036 960 540
29125437048 960 540
29125437056 960 540
29125437068 960 540
29125437076 960 540
29125437088 960 540
29125437100 960 540
29125437108 960 540
29125437120 960 540
29125437128 960 540
29125437140 960 540
29125437148 960 540
29125437160 960 540
29125437168 960 540
29125437180 960 540
29125437188 960 540
29125437200 960 540
29125437208 960 540
29125437220 960 540
29125437228 960 540
29125437240 960 540
29125437248 960 540
29125437260 960 540
29125437268 960 540
29125437280 960 540
29125437288 960 540
29125437300 960 540
29125437308 960 540
29125437320 960 540
29125437328 960 540
29125437340 960 540
29125437352 960 540
29125437360 960 540
29125437372 960 540
29125437380 960 540
29125437392 960 540
29125437400 960 540
29125437412 960 540
29125437420 960 540
29125437432 960 540
29125437440 960 540
29125437452 960 540
29125437460 960 540
29125437472 960 540
29125437480 960 540
29125437492 960 540
29125437500 960 540
29125437512 960 540
29125437520 960 540
29125437532 960 540
29125437540 960 540
29125437552 960 540
29125437560 960 540
29125437572 960 540
29125437580 960 540
29125437592 960 540
29125437604 960 540
29125437612 960 540
29125437624 960 540
29125437632 960 540
29125437644 960 540
29125437652 960 540
29125437664 960 540
29125437672 960 540
29125437684 960 540
29125437692 960 540
29125437704 960 540
29125437712 960 540
29125437724 960 540
29125437732 960 540
29125437744 960 540
29125437752 960 540
29125437764 960 540
29125437772 960 540
29125437784 960 540
29125437792 960 540
29125437804 960 540
29125437812 960 540
29125437824 960 540
29125437832 960 540
29125437844 960 540
29125437856 960 540
29125437864 960 540
29125437876 960 540
29125437884 960 540
29125437896 960 540
29125437904 960 540
29125437916 960 540
29125437924 960 540
29125437936 960 540
29125437944 960 540
29125437956 960 540
29125437964 960 540
29125437976 960 540
29125437984 960 540
29125437996 960 540
29125438004 960 540
29125438016 960 540
29125438024 960 540
29125438036 960 540
29125438044 960 540
29125438056 960 540
29125438064 960 540
29125438076 960 540
29125438084 960 540
29125438096 960 540
29125438108 960 540
29125438116 960 540
29125438128 960 540
29125438136 960 540
29125438148 960 540
29125438156 960 540
29125438168 960 540
29125438176 960 540
29125438188 960 540
29125438196 960 540
29125438208 960 540
29125438216 960 540
29125438228 960 540
29125438236 960 540
29125438248 960 540
29125438256 960 540
29125438268 960 540
29125438276 960 540
29125438288 960 540
29125438296 960 540
29125438308 960 540
29125438316 960 540
29125438328 960 540
29125438336 960 540
29125438348 960 540
29125438360 960 540
29125438368 960 540
29125438380 960 540
29125438388 960 540
29125438400 960 540
29125438408 960 540
29125438420 960 540
29125438428 960 540
29125438440 960 540
29125438448 960 540
29125438460 960 540
29125438468 960 540
29125438480 960 540
29125438488 960 540
29125438500 960 540
29125438508 960 540
29125438520 960 540
29125438528 960 540
29125438540 960 540
29125438548 960 540
29125438560 960 540
29125438568 960 540
29125438580 960 540
29125438588 960 540
29125438600 960 540
29125438612 960 540
29125438620 960 540
29125438632 960 540
29125438640 960 540
29125438652 960 540
29125438660 960 540
29125438672 960 540
29125438680 960 540
29125438692 960 540
29125438700 960 540
29125438712 960 540
29125438720 960 540
29125438732 960 540
29125438740 960 540
29125438752 960 540
29125438760 960 540
29125438772 960 540
29125438780 960 540
29125438792 960 540
29125438800 960 540
29125438812 960 540
29125438820 960 540
29125438832 960 540
29125438840 960 540
29125438852 960 540
29125438864 960 540
29125438872 960 540
29125438884 960 540
29125438892 960 540
29125438904 960 540
29125438912 960 540
29125438924 960 540
29125438932 960 540
29125438944 960 540
29125438952 960 540
29125438964 960 540
29125438972 960 540
29125438984 960 540
29125438992 960 540
29125439004 960 540
29125439012 960 540
29125439024 960 540
29125439032 960 540
29125439044 960 540
29125439052 960 540
29125439064 960 540
29125439072 960 540
29125439084 960 540
29125439092 960 540
29125439104 960 540
29125439116 960 540
29125439124 960 540
29125439136 960 540
29125439144 960 540
29125439156 960 540
29125439164 960 540
29125439176 960 540
29125439184 960 540
29125439196 960 540
29125439204 960 540
29125439216 960 540
29125439224 960 540
29125439236 960 540
29125439244 960 540
29125439256 960 540
29125439264 960 540
29125439276 960 540
29125439284 960 540
29125439296 960 540
29125439304 960 540
29125439316 960 540
29125439324 960 540
29125439336 960 540
29125439344 960 540
29125439356 960 540
29125439368 960 540
29125439376 960 540
29125439388 960 540
29125439396 960 540
29125439408 960 540
29125439416 960 540
29125439428 960 540
29125439436 960 540
29125439448 960 540
29125439456 960 540
29125439468 960 540
29125439476 960 540
29125439488 960 540
29125439496 960 540
29125439508 960 540
29125439516 960 540
29125439528 960 540
29125439536 960 540
29125439548 960 540
29125439556 960 540
29125439568 960 540
29125439576 960 540
29125439588 960 540
29125439596 960 540
29125439608 960 540
29125439620 960 540
29125439628 960 540
29125439640 960 540
29125439648 960 540
29125439660 960 540
29125439668 960 540
29125439680 960 540
29125439688 960 540
29125439700 960 540
29125439708 960 540
29125439720 960 540
29125439728 960 540
29125439740 960 540
29125439748 960 540
29125439760 960 540
29125439768 960 540
29125439780 960 540
29125439788 960 540
29125439800 960 540
29125439808 960 540
29125439820 960 540
29125439828 960 540
29125439840 960 540
29125439848 960 540
29125439860 960 540
29125439872 960 540
29125439880 960 540
29125439892 960 540
29125439900 960 540
29125439912 960 540
29125439920 960 540
29125439932 960 540
29125439940 960 540
29125439952 960 540
29125439960 960 540
29125439972 960 540
29125439980 960 540
29125439992 960 540
29125440000 960 540
29125440012 960 540
29125440020 960 540
29125440032 960 540
29125440040 960 540
29125440053 960 540
29125440060 960 540
29125440072 960 540
29125440080 960 540
29125440092 960 540
29125440100 960 540
29125440112 960 540
29125440124 960 540
29125440130 960 540
29125440142 960 540
29125440151 960 540
29125440163 960 540
29125440171 960 540
29125440184 960 540
29125440192 960 540
29125440204 960 540
29125440212 960 540
