29133832975 960 540
29133832988 960 540
29133832995 960 540
29133833007 960 540
29133833015 960 540
29133833027 960 540
29133833039 960 540
29133833047 960 540
29133833059 960 540
29133833067 960 540
29133833079 960 540
29133833087 960 540
29133833099 960 540
29133833107 960 540
29133833119 960 540
29133833127 960 540
29133833139 960 540
29133833147 960 540
29133833159 960 540
29133833167 960 540
29133833179 960 540
29133833187 960 540
29133833199 960 540
29133833207 960 540
29133833219 960 540
29133833227 960 540
29133833239 960 540
29133833247 960 540
29133833259 960 540
29133833267 960 540
29133833279 960 540
29133833291 960 540
29133833299 960 540
29133833311 960 540
29133833319 960 540
29133833331 960 540
29133833339 960 540
29133833351 960 540
29133833359 960 540
29133833371 960 540
29133833379 960 540
29133833391 960 540
29133833399 960 540
29133833412 960 540
29133833419 960 540
29133833431 960 540
29133833439 960 540
29133833451 960 540
29133833459 960 540
29133833471 960 540
29133833479 960 540
29133833491 960 540
29133833499 960 540
29133833511 960 540
29133833519 960 540
29133833531 960 540
29133833543 960 540
29133833551 960 540
29133833563 960 540
29133833571 960 540
29133833584 960 540
29133833591 960 540
29133833603 960 540
29133833611 960 540
29133833623 960 540
29133833631 960 540
29133833643 960 540
29133833651 960 540
29133833663 960 540
29133833671 960 540
29133833684 960 540
29133833692 960 540
29133833703 960 540
29133833711 960 540
29133833723 960 540
29133833731 960 540
29133833743 960 540
29133833751 960 540
29133833763 960 540
29133833771 960 540
29133833783 960 540
29133833795 960 540
29133833803 960 540
29133833815 960 540
29133833823 960 540
29133833835 960 540
29133833843 960 540
29133833855 960 540
29133833863 960 540
29133833875 960 540
29133833883 960 540
29133833895 960 540
29133833903 960 540
29133833915 960 540
29133833923 960 540
29133833935 960 540
29133833943 960 540
29133833955 960 540
29133833963 960 540
29133833975 960 540
29133833983 960 540
29133833995 960 540
29133834003 960 540
29133834015 960 540
29133834023 960 540
29133834035 960 540
29133834047 960 540
29133834055 960 540
29133834067 960 540
29133834075 960 540
29133834087 960 540
29133834095 960 540
29133834107 960 540
29133834115 960 540
29133834128 960 540
29133834135 960 540
29133834147 960 540
29133834155 960 540
29133834167 960 540
29133834175 960 540
29133834187 960 540
29133834195 960 540
29133834207 960 540
29133834215 960 540
29133834227 960 540
29133834235 960 540
29133834247 960 540
29133834255 960 540
29133834267 960 540
29133834275 960 540
29133834287 960 540
29133834299 960 540
29133834307 960 540
29133834319 960 540
29133834327 960 540
29133834339 960 540
29133834347 960 540
29133834359 960 540
29133834367 960 540
29133834379 960 540
29133834387 960 540
29133834399 960 540
29133834407 960 540
29133834419 960 540
29133834427 960 540
29133834439 960 540
29133834447 960 540
29133834459 960 540
29133834467 960 540
29133834480 1660 540
29133834488 1660 540
29133834500 1660 540
29133834507 1660 540
29133834519 1660 540
29133834527 1660 540
29133834539 1660 540
29133834551 1660 540
29133834559 1660 540
29133834571 1660 540
29133834579 1660 540
29133834591 1660 540
29133834599 1660 540
29133834611 1660 540
29133834619 1660 540
29133834631 1660 540
29133834639 1660 540
29133834651 1660 540
29133834659 1660 540
29133834671 1660 540
29133834679 1660 540
29133834691 1660 540
29133834699 1660 540
29133834711 1660 540
29133834719 1660 540
29133834731 1660 540
29133834739 1660 540
29133834751 1660 540
29133834759 1660 540
29133834771 1660 540
29133834779 1660 540
29133834791 1660 540
29133834803 1660 540
29133834811 1660 540
29133834823 1660 540
29133834831 1660 540
29133834843 1660 540
29133834851 1660 540
29133834863 1660 540
29133834871 1660 540
29133834883 1660 540
29133834891 1660 540
29133834903 1660 540
29133834911 1660 540
29133834923 1660 540
29133834931 1660 540
29133834943 1660 540
29133834951 1660 540
29133834963 1660 540
29133834971 1660 540
29133834983 1660 540
29133834991 1660 540
29133835003 1660 540
29133835011 1660 540
29133835023 1660 540
29133835031 1660 540
29133835043 1660 540
29133835056 1660 540
29133835063 1660 540
29133835075 1660 540
29133835083 1660 540
29133835095 1660 540
29133835103 1660 540
29133835116 1660 540
29133835123 1660 540
29133835135 1660 540
29133835143 1660 540
29133835155 1660 540
29133835163 1660 540
29133835175 1660 540
29133835183 1660 540
29133835195 1660 540
29133835203 1660 540
29133835215 1660 540
29133835223 1660 540
29133835235 1660 540
29133835243 1660 540
29133835255 1660 540
29133835263 1660 540
29133835275 1660 540
29133835283 1660 540
29133835295 1660 540
29133835307 1660 540
29133835315 1660 540
29133835327 1660 540
29133835335 1660 540
29133835347 1660 540
29133835355 1660 540
29133835367 1660 540
29133835375 1660 540
29133835387 1660 540
29133835395 1660 540
29133835407 1660 540
29133835415 1660 540
29133835427 1660 540
29133835435 1660 540
29133835447 1660 540
29133835455 1660 540
29133835467 1660 540
29133835475 1660 540
29133835487 1660 540
29133835495 1660 540
29133835507 1660 540
29133835515 1660 540
29133835527 1660 540
29133835535 1660 540
29133835547 1660 540
29133835559 1660 540
29133835567 1660 540
29133835579 1660 540
29133835587 1660 540
29133835599 1660 540
29133835607 1660 540
29133835619 1660 540
29133835627 1660 540
29133835639 1660 540
29133835647 1660 540
29133835659 1660 540
29133835667 1660 540
29133835679 1660 540
29133835687 1660 540
29133835699 1660 540
29133835707 1660 540
29133835719 1660 540
29133835727 1660 540
29133835739 1660 540
29133835747 1660 540
29133835759 1660 540
29133835767 1660 540
29133835779 1660 540
29133835787 1660 540
29133835799 1660 540
29133835811 1660 540
29133835819 1660 540
29133835831 1660 540
29133835839 1660 540
29133835851 1660 540
29133835859 1660 540
29133835871 1660 540
29133835879 1660 540
29133835891 1660 540
29133835899 1660 540
29133835911 1660 540
29133835919 1660 540
29133835931 1660 540
29133835939 1660 540
29133835951 1660 540
29133835959 1660 540
29133835971 1660 540
29133835979 960 540
29133835992 960 540
29133836000 960 540
29133836011 960 540
29133836019 960 540
29133836031 960 540
29133836039 960 540
29133836051 960 540
29133836063 960 540
29133836071 960 540
29133836083 960 540
29133836091 960 540
29133836103 960 540
29133836111 960 540
29133836123 960 540
29133836131 960 540
29133836143 960 540
29133836151 960 540
29133836163 960 540
29133836171 960 540
29133836183 960 540
29133836191 960 540
29133836203 960 540
29133836211 960 540
29133836223 960 540
29133836231 960 540
29133836243 960 540
29133836251 960 540
29133836263 960 540
29133836271 960 540
29133836283 960 540
29133836291 960 540
29133836303 960 540
29133836315 960 540
29133836323 960 540
29133836335 960 540
29133836343 960 540
29133836355 960 540
29133836363 960 540
29133836375 960 540
29133836383 960 540
29133836395 960 540
29133836403 960 540
29133836415 960 540
29133836423 960 540
29133836435 960 540
29133836443 960 540
29133836455 960 540
29133836463 960 540
29133836475 960 540
29133836483 960 540
29133836495 960 540
29133836503 960 540
29133836515 960 540
29133836523 960 540
29133836535 960 540
29133836543 960 540
29133836556 960 540
29133836567 960 540
29133836575 960 540
29133836587 960 540
29133836595 960 540
29133836607 960 540
29133836615 960 540
29133836627 960 540
29133836635 960 540
29133836647 960 540
29133836655 960 540
29133836667 960 540
29133836675 960 540
29133836687 960 540
29133836695 960 540
29133836707 960 540
29133836715 960 540
29133836727 960 540
29133836735 960 540
29133836747 960 540
29133836755 960 540
29133836767 960 540
29133836775 960 540
29133836787 960 540
29133836795 960 540
29133836807 960 540
29133836819 960 540
29133836827 960 540
29133836839 960 540
29133836847 960 540
29133836859 960 540
29133836867 960 540
29133836879 960 540
29133836887 960 540
29133836899 960 540
29133836907 960 540
29133836919 960 540
29133836927 960 540
29133836939 960 540
29133836947 960 540
29133836959 960 540
29133836967 960 540
29133836979 960 540
29133836987 960 540
29133836999 960 540
29133837007 960 540
29133837019 960 540
29133837027 960 540
29133837039 960 540
29133837047 960 540
29133837059 960 540
29133837071 960 540
29133837079 960 540
29133837091 960 540
29133837099 960 540
29133837111 960 540
29133837119 960 540
29133837131 960 540
29133837139 960 540
29133837151 960 540
29133837159 960 540
29133837171 960 540
29133837179 960 540
29133837191 960 540
29133837199 960 540
29133837211 960 540
29133837219 960 540
29133837231 960 540
29133837239 960 540
29133837251 960 540
29133837259 960 540
29133837271 960 540
29133837279 960 540
29133837291 960 540
29133837299 960 540
29133837311 960 540
29133837323 960 540
29133837331 960 540
29133837343 960 540
29133837351 960 540
29133837363 960 540
29133837371 960 540
29133837383 960 540
29133837391 960 540
29133837403 960 540
29133837411 960 540
29133837423 960 540
29133837431 960 540
29133837443 960 540
29133837451 960 540
29133837463 960 540
29133837471 960 540
29133837484 1660 540
29133837491 1660 540
29133837503 1660 540
29133837511 1660 540
29133837523 1660 540
29133837531 1660 540
29133837543 1660 540
29133837551 1660 540
29133837563 1660 540
29133837575 1660 540
29133837583 1660 540
29133837595 1660 540
29133837603 1660 540
29133837615 1660 540
29133837623 1660 540
29133837635 1660 540
29133837643 1660 540
29133837655 1660 540
29133837663 1660 540
29133837675 1660 540
29133837683 1660 540
29133837695 1660 540
29133837703 1660 540
29133837715 1660 540
29133837723 1660 540
29133837735 1660 540
29133837743 1660 540
29133837755 1660 540
29133837763 1660 540
29133837775 1660 540
29133837783 1660 540
29133837795 1660 540
29133837803 1660 540
29133837815 1660 540
29133837827 1660 540
29133837835 1660 540
29133837847 1660 540
29133837855 1660 540
29133837867 1660 540
29133837875 1660 540
29133837887 1660 540
29133837895 1660 540
29133837907 1660 540
29133837915 1660 540
29133837927 1660 540
29133837935 1660 540
29133837947 1660 540
29133837955 1660 540
29133837967 1660 540
29133837975 1660 540
29133837987 1660 540
29133837995 1660 540
29133838007 1660 540
29133838015 1660 540
29133838027 1660 540
29133838035 1660 540
29133838047 1660 540
29133838055 1660 540
29133838067 1660 540
29133838079 1660 540
29133838087 1660 540
29133838099 1660 540
29133838107 1660 540
29133838119 1660 540
29133838127 1660 540
29133838139 1660 540
29133838147 1660 540
29133838159 1660 540
29133838167 1660 540
29133838179 1660 540
29133838187 1660 540
29133838199 1660 540
29133838207 1660 540
29133838219 1660 540
29133838227 1660 540
29133838239 1660 540
29133838247 1660 540
29133838259 1660 540
29133838267 1660 540
29133838279 1660 540
29133838287 1660 540
29133838299 1660 540
29133838307 1660 540
29133838319 1660 540
29133838331 1660 540
29133838339 1660 540
29133838351 1660 540
29133838359 1660 540
29133838371 1660 540
29133838379 1660 540
29133838391 1660 540
29133838399 1660 540
29133838411 1660 540
29133838419 1660 540
29133838431 1660 540
29133838439 1660 540
29133838451 1660 540
29133838459 1660 540
29133838471 1660 540
29133838479 1660 540
29133838491 1660 540
29133838499 1660 540
29133838511 1660 540
29133838519 1660 540
29133838531 1660 540
29133838539 1660 540
29133838551 1660 540
29133838559 1660 540
29133838571 1660 540
29133838583 1660 540
29133838591 1660 540
29133838603 1660 540
29133838611 1660 540
29133838623 1660 540
29133838631 1660 540
29133838643 1660 540
29133838651 1660 540
29133838663 1660 540
29133838671 1660 540
29133838683 1660 540
29133838691 1660 540
29133838703 1660 540
29133838711 1660 540
29133838723 1660 540
29133838731 1660 540
29133838743 1660 540
29133838751 1660 540
29133838763 1660 540
29133838771 1660 540
29133838783 1660 540
29133838791 1660 540
29133838803 1660 540
29133838811 1660 540
29133838823 1660 540
29133838835 1660 540
29133838843 1660 540
29133838855 1660 540
29133838863 1660 540
29133838875 1660 540
29133838883 1660 540
29133838895 1660 540
29133838903 1660 540
29133838915 1660 540
29133838923 1660 540
29133838935 1660 540
29133838943 1660 540
29133838955 1660 540
29133838963 1660 540
29133838975 1660 540
29133838983 960 540
29133838996 960 540
29133839003 960 540
29133839015 960 540
29133839023 960 540
29133839035 960 540
29133839043 960 540
29133839055 960 540
29133839063 960 540
29133839075 960 540
29133839087 960 540
29133839095 960 540
29133839107 960 540
29133839115 960 540
29133839127 960 540
29133839135 960 540
29133839147 960 540
29133839155 960 540
29133839167 960 540
29133839175 960 540
29133839187 960 540
29133839195 960 540
29133839207 960 540
29133839215 960 540
29133839227 960 540
29133839235 960 540
29133839247 960 540
29133839255 960 540
29133839267 960 540
29133839275 960 540
29133839287 960 540
29133839295 960 540
29133839307 960 540
29133839315 960 540
29133839327 960 540
29133839339 960 540
29133839347 960 540
29133839359 960 540
29133839367 960 540
29133839379 960 540
29133839387 960 540
29133839399 960 540
29133839407 960 540
29133839419 960 540
29133839427 960 540
29133839439 960 540
29133839447 960 540
29133839459 960 540
29133839467 960 540
29133839479 960 540
29133839487 960 540
29133839499 960 540
29133839507 960 540
29133839519 960 540
29133839527 960 540
29133839539 960 540
29133839547 960 540
29133839559 960 540
29133839567 960 540
29133839579 960 540
29133839591 960 540
29133839599 960 540
29133839611 960 540
29133839619 960 540
29133839631 960 540
29133839639 960 540
29133839651 960 540
29133839659 960 540
29133839671 960 540
29133839679 960 540
29133839691 960 540
29133839699 960 540
29133839711 960 540
29133839719 960 540
29133839731 960 540
29133839739 960 540
29133839751 960 540
29133839759 960 540
29133839771 960 540
29133839779 960 540
29133839791 960 540
29133839799 960 540
29133839811 960 540
29133839819 960 540
29133839831 960 540
29133839843 960 540
29133839851 960 540
29133839863 960 540
29133839871 960 540
29133839883 960 540
29133839891 960 540
29133839903 960 540
29133839911 960 540
29133839923 960 540
29133839931 960 540
29133839943 960 540
29133839951 960 540
29133839963 960 540
29133839971 960 540
29133839983 960 540
29133839991 960 540
29133840003 960 540
29133840011 960 540
29133840023 960 540
29133840031 960 540
29133840043 960 540
29133840051 960 540
29133840063 960 540
29133840071 960 540
29133840083 960 540
29133840095 960 540
29133840103 960 540
29133840115 960 540
29133840123 960 540
29133840135 960 540
29133840143 960 540
29133840155 960 540
29133840163 960 540
29133840175 960 540
29133840183 960 540
29133840195 960 540
29133840203 960 540
29133840215 960 540
29133840223 960 540
29133840235 960 540
29133840243 960 540
29133840255 960 540
29133840263 960 540
29133840275 960 540
29133840283 960 540
29133840295 960 540
29133840303 960 540
29133840315 960 540
29133840323 960 540
29133840335 960 540
29133840347 960 540
29133840355 960 540
29133840367 960 540
29133840375 960 540
29133840387 960 540
29133840395 960 540
29133840407 960 540
29133840415 960 540
29133840427 960 540
29133840435 960 540
29133840447 960 540
29133840455 960 540
29133840467 960 540
29133840475 960 540
29133840488 1310 540
29133840495 1310 540
29133840507 1310 540
29133840515 1310 540
29133840527 1310 540
29133840535 1310 540
29133840548 1310 540
29133840556 1310 540
29133840566 1310 540
29133840574 1310 540
29133840586 1310 540
29133840598 1310 540
29133840606 1310 540
29133840618 1310 540
29133840626 1310 540
29133840638 1310 540
29133840646 1310 540
29133840659 1310 540
29133840667 1310 540
29133840679 1310 540
29133840687 1310 540
29133840699 1310 540
29133840707 1310 540
29133840719 1310 540
29133840727 1310 540
29133840739 1310 540
29133840747 1310 540
29133840759 1310 540
29133840767 1310 540
29133840779 1310 540
29133840787 1310 540
29133840799 1310 540
29133840807 1310 540
29133840819 1310 540
29133840827 1310 540
29133840839 1310 540
29133840851 1310 540
29133840859 1310 540
29133840871 1310 540
29133840879 1310 540
29133840891 1310 540
29133840899 1310 540
29133840911 1310 540
29133840919 1310 540
29133840931 1310 540
29133840939 1310 540
29133840951 1310 540
29133840959 1310 540
29133840971 1310 540
29133840979 1310 540
29133840991 1310 540
29133840999 1310 540
29133841011 1310 540
29133841019 1310 540
29133841031 1310 540
29133841039 1310 540
29133841051 1310 540
29133841059 1310 540
29133841071 1310 540
29133841079 1310 540
29133841091 1310 540
29133841103 1310 540
29133841111 1310 540
29133841123 1310 540
29133841131 1310 540
29133841143 1310 540
29133841151 1310 540
29133841163 1310 540
29133841171 1310 540
29133841183 1310 540
29133841191 1310 540
29133841203 1310 540
29133841211 1310 540
29133841223 1310 540
29133841231 1310 540
29133841243 1310 540
29133841251 1310 540
29133841263 1310 540
29133841271 1310 540
29133841283 1310 540
29133841291 1310 540
29133841303 1310 540
29133841311 1310 540
29133841323 1310 540
29133841331 1310 540
29133841343 1310 540
29133841355 1310 540
29133841363 1310 540
29133841375 1310 540
29133841383 1310 540
29133841395 1310 540
29133841403 1310 540
29133841415 1310 540
29133841423 1310 540
29133841435 1310 540
29133841443 1310 540
29133841455 1310 540
29133841463 1310 540
29133841475 1310 540
29133841483 1310 540
29133841495 1310 540
29133841503 1310 540
29133841515 1310 540
29133841523 1310 540
29133841535 1310 540
29133841543 1310 540
29133841555 1310 540
29133841563 1310 540
29133841575 1310 540
29133841583 1310 540
29133841595 1310 540
29133841607 1310 540
29133841615 1310 540
29133841627 1310 540
29133841635 1310 540
29133841647 1310 540
29133841655 1310 540
29133841667 1310 540
29133841675 1310 540
29133841687 1310 540
29133841695 1310 540
29133841707 1310 540
29133841715 1310 540
29133841727 1310 540
29133841735 1310 540
29133841747 1310 540
29133841755 1310 540
29133841767 1310 540
29133841775 1310 540
29133841787 1310 540
29133841795 1310 540
29133841807 1310 540
29133841815 1310 540
29133841827 1310 540
29133841835 1310 540
29133841847 1310 540
29133841859 1310 540
29133841867 1310 540
29133841879 1310 540
29133841887 1310 540
29133841899 1310 540
29133841907 1310 540
29133841919 1310 540
29133841927 1310 540
29133841939 1310 540
29133841947 1310 540
29133841959 1310 540
29133841967 1310 540
29133841979 1310 540
29133841987 960 540
29133841999 960 540
29133842007 960 540
29133842019 960 540
29133842027 960 540
29133842039 960 540
29133842047 960 540
29133842059 960 540
29133842067 960 540
29133842079 960 540
29133842087 960 540
29133842099 960 540
29133842111 960 540
29133842119 960 540
29133842131 960 540
29133842139 960 540
29133842151 960 540
29133842159 960 540
29133842171 960 540
29133842179 960 540
29133842191 960 540
29133842199 960 540
29133842211 960 540
29133842219 960 540
29133842231 960 540
29133842239 960 540
29133842251 960 540
29133842259 960 540
29133842271 960 540
29133842279 960 540
29133842291 960 540
29133842299 960 540
29133842311 960 540
29133842319 960 540
29133842331 960 540
29133842339 960 540
29133842351 960 540
29133842363 960 540
29133842371 960 540
29133842383 960 540
29133842391 960 540
29133842403 960 540
29133842411 960 540
29133842423 960 540
29133842431 960 540
29133842443 960 540
29133842451 960 540
29133842463 960 540
29133842471 960 540
29133842483 960 540
29133842491 960 540
29133842503 960 540
29133842511 960 540
29133842523 960 540
29133842531 960 540
29133842543 960 540
29133842551 960 540
29133842563 960 540
29133842571 960 540
29133842583 960 540
29133842591 960 540
29133842603 960 540
29133842615 960 540
29133842623 960 540
29133842635 960 540
29133842643 960 540
29133842655 960 540
29133842663 960 540
29133842675 960 540
29133842683 960 540
29133842695 960 540
29133842703 960 540
29133842715 960 540
29133842723 960 540
29133842735 960 540
29133842743 960 540
29133842755 960 540
29133842763 960 540
29133842775 960 540
29133842783 960 540
29133842795 960 540
29133842803 960 540
29133842815 960 540
29133842823 960 540
29133842835 960 540
29133842843 960 540
29133842855 960 540
29133842867 960 540
29133842875 960 540
29133842887 960 540
29133842895 960 540
29133842907 960 540
29133842915 960 540
29133842927 960 540
29133842935 960 540
29133842947 960 540
29133842955 960 540
29133842967 960 540
29133842975 960 540
29133842987 960 540
29133842995 960 540
29133843007 960 540
29133843015 960 540
29133843027 960 540
29133843035 960 540
29133843047 960 540
29133843055 960 540
29133843067 960 540
29133843075 960 540
29133843087 960 540
29133843095 960 540
29133843107 960 540
29133843119 960 540
29133843127 960 540
29133843139 960 540
29133843147 960 540
29133843159 960 540
29133843167 960 540
29133843179 960 540
29133843187 960 540
29133843199 960 540
29133843207 960 540
29133843219 960 540
29133843227 960 540
29133843239 960 540
29133843247 960 540
29133843259 960 540
29133843267 960 540
29133843279 960 540
29133843287 960 540
29133843299 960 540
29133843307 960 540
29133843319 960 540
29133843327 960 540
29133843339 960 540
29133843347 960 540
29133843359 960 540
29133843371 960 540
29133843379 960 540
29133843391 960 540
29133843399 960 540
29133843411 960 540
29133843419 960 540
29133843431 960 540
29133843439 960 540
29133843451 960 540
29133843459 960 540
29133843471 960 540
29133843479 960 540
29133843492 1135 540
29133843499 1135 540
29133843511 1135 540
29133843519 1135 540
29133843531 1135 540
29133843539 1135 540
29133843551 1135 540
29133843559 1135 540
29133843571 1135 540
29133843579 1135 540
29133843591 1135 540
29133843599 1135 540
29133843611 1135 540
29133843623 1135 540
29133843631 1135 540
29133843643 1135 540
29133843651 1135 540
29133843663 1135 540
29133843671 1135 540
29133843683 1135 540
29133843691 1135 540
29133843703 1135 540
29133843711 1135 540
29133843723 1135 540
29133843731 1135 540
29133843743 1135 540
29133843751 1135 540
29133843763 1135 540
29133843771 1135 540
29133843783 1135 540
29133843791 1135 540
29133843803 1135 540
29133843811 1135 540
29133843823 1135 540
29133843831 1135 540
29133843843 1135 540
29133843851 1135 540
29133843863 1135 540
29133843875 1135 540
29133843883 1135 540
29133843895 1135 540
29133843903 1135 540
29133843915 1135 540
29133843923 1135 540
29133843935 1135 540
29133843943 1135 540
29133843955 1135 540
29133843963 1135 540
29133843975 1135 540
29133843983 1135 540
29133843995 1135 540
29133844003 1135 540
29133844015 1135 540
29133844023 1135 540
29133844035 1135 540
29133844043 1135 540
29133844055 1135 540
29133844063 1135 540
29133844075 1135 540
29133844083 1135 540
29133844095 1135 540
29133844103 1135 540
29133844115 1135 540
29133844127 1135 540
29133844135 1135 540
29133844147 1135 540
29133844155 1135 540
29133844167 1135 540
29133844175 1135 540
29133844187 1135 540
29133844195 1135 540
29133844207 1135 540
29133844215 1135 540
29133844227 1135 540
29133844235 1135 540
29133844247 1135 540
29133844255 1135 540
29133844267 1135 540
29133844275 1135 540
29133844287 1135 540
29133844295 1135 540
29133844307 1135 540
29133844315 1135 540
29133844327 1135 540
29133844335 1135 540
29133844347 1135 540
29133844355 1135 540
29133844367 1135 540
29133844379 1135 540
29133844387 1135 540
29133844399 1135 540
29133844407 1135 540
29133844419 1135 540
29133844427 1135 540
29133844439 1135 540
29133844447 1135 540
29133844459 1135 540
29133844467 1135 540
29133844479 1135 540
29133844487 1135 540
29133844499 1135 540
29133844507 1135 540
29133844519 1135 540
29133844527 1135 540
29133844539 1135 540
29133844547 1135 540
29133844559 1135 540
29133844567 1135 540
29133844579 1135 540
29133844587 1135 540
29133844599 1135 540
29133844607 1135 540
29133844619 1135 540
29133844631 1135 540
29133844639 1135 540
29133844651 1135 540
29133844659 1135 540
29133844671 1135 540
29133844679 1135 540
29133844691 1135 540
29133844699 1135 540
29133844711 1135 540
29133844719 1135 540
29133844731 1135 540
29133844739 1135 540
29133844751 1135 540
29133844759 1135 540
29133844771 1135 540
29133844779 1135 540
29133844791 1135 540
29133844799 1135 540
29133844811 1135 540
29133844819 1135 540
29133844831 1135 540
29133844839 1135 540
29133844851 1135 540
29133844859 1135 540
29133844871 1135 540
29133844883 1135 540
29133844891 1135 540
29133844903 1135 540
29133844911 1135 540
29133844923 1135 540
29133844931 1135 540
29133844943 1135 540
29133844951 1135 540
29133844963 1135 540
29133844971 1135 540
29133844983 1135 540
29133844991 960 540
29133845003 960 540
29133845011 960 540
29133845023 960 540
29133845031 960 540
29133845043 960 540
29133845051 960 540
29133845063 960 540
29133845071 960 540
29133845083 960 540
29133845091 960 540
29133845103 960 540
29133845111 960 540
29133845123 960 540
29133845135 960 540
29133845143 960 540
29133845155 960 540
29133845163 960 540
29133845175 960 540
29133845183 960 540
29133845195 960 540
29133845203 960 540
29133845215 960 540
29133845223 960 540
29133845235 960 540
29133845243 960 540
29133845255 960 540
29133845263 960 540
29133845275 960 540
29133845283 960 540
29133845295 960 540
29133845303 960 540
29133845315 960 540
29133845323 960 540
29133845335 960 540
29133845343 960 540
29133845355 960 540
29133845363 960 540
29133845375 960 540
29133845387 960 540
29133845395 960 540
29133845407 960 540
29133845415 960 540
29133845427 960 540
29133845435 960 540
29133845447 960 540
29133845455 960 540
29133845467 960 540
29133845475 960 540
29133845487 960 540
29133845495 960 540
29133845507 960 540
29133845515 960 540
29133845527 960 540
29133845535 960 540
29133845547 960 540
29133845555 960 540
29133845567 960 540
29133845575 960 540
29133845587 960 540
29133845595 960 540
29133845607 960 540
29133845615 960 540
29133845627 960 540
29133845639 960 540
29133845647 960 540
29133845659 960 540
29133845667 960 540
29133845679 960 540
29133845687 960 540
29133845699 960 540
29133845707 960 540
29133845719 960 540
29133845727 960 540
29133845739 960 540
29133845747 960 540
29133845759 960 540
29133845767 960 540
29133845779 960 540
29133845787 960 540
29133845799 960 540
29133845807 960 540
29133845819 960 540
29133845827 960 540
29133845839 960 540
29133845847 960 540
29133845859 960 540
29133845867 960 540
29133845879 960 540
29133845891 960 540
29133845899 960 540
29133845911 960 540
29133845919 960 540
29133845931 960 540
29133845939 960 540
29133845951 960 540
29133845959 960 540
29133845971 960 540
29133845979 960 540
29133845991 960 540
29133845999 960 540
29133846011 960 540
29133846019 960 540
29133846031 960 540
29133846039 960 540
29133846051 960 540
29133846059 960 540
29133846071 960 540
29133846079 960 540
29133846091 960 540
29133846099 960 540
29133846111 960 540
29133846119 960 540
29133846131 960 540
29133846143 960 540
29133846151 960 540
29133846163 960 540
29133846171 960 540
29133846183 960 540
29133846191 960 540
29133846203 960 540
29133846211 960 540
29133846223 960 540
29133846231 960 540
29133846243 960 540
29133846251 960 540
29133846263 960 540
29133846271 960 540
29133846283 960 540
29133846291 960 540
29133846303 960 540
29133846311 960 540
29133846323 960 540
29133846331 960 540
29133846343 960 540
29133846351 960 540
29133846363 960 540
29133846371 960 540
29133846383 960 540
29133846395 960 540
29133846403 960 540
29133846415 960 540
29133846423 960 540
29133846435 960 540
29133846443 960 540
29133846455 960 540
29133846463 960 540
29133846475 960 540
29133846483 960 540
29133846496 610 540
29133846503 610 540
29133846515 610 540
29133846523 610 540
29133846535 610 540
29133846543 610 540
29133846555 610 540
29133846563 610 540
29133846575 610 540
29133846583 610 540
29133846595 610 540
29133846603 610 540
29133846615 610 540
29133846623 610 540
29133846635 610 540
29133846647 610 540
29133846655 610 540
29133846667 610 540
29133846675 610 540
29133846687 610 540
29133846695 610 540
29133846707 610 540
29133846715 610 540
29133846727 610 540
29133846735 610 540
29133846747 610 540
29133846755 610 540
29133846767 610 540
29133846775 610 540
29133846787 610 540
29133846795 610 540
29133846807 610 540
29133846815 610 540
29133846827 610 540
29133846835 610 540
29133846847 610 540
29133846855 610 540
29133846867 610 540
29133846875 610 540
29133846887 610 540
29133846899 610 540
29133846907 610 540
29133846919 610 540
29133846927 610 540
29133846939 610 540
29133846947 610 540
29133846959 610 540
29133846967 610 540
29133846979 610 540
29133846987 610 540
29133846999 610 540
29133847007 610 540
29133847019 610 540
29133847027 610 540
29133847039 610 540
29133847047 610 540
29133847059 610 540
29133847067 610 540
29133847079 610 540
29133847087 610 540
29133847099 610 540
29133847107 610 540
29133847119 610 540
29133847127 610 540
29133847139 610 540
29133847151 610 540
29133847159 610 540
29133847171 610 540
29133847179 610 540
29133847191 610 540
29133847199 610 540
29133847211 610 540
29133847219 610 540
29133847231 610 540
29133847239 610 540
29133847251 610 540
29133847259 610 540
29133847271 610 540
29133847279 610 540
29133847291 610 540
29133847299 610 540
29133847311 610 540
29133847319 610 540
29133847331 610 540
29133847339 610 540
29133847351 610 540
29133847359 610 540
29133847371 610 540
29133847379 610 540
29133847391 610 540
29133847403 610 540
29133847411 610 540
29133847423 610 540
29133847431 610 540
29133847443 610 540
29133847451 610 540
29133847463 610 540
29133847471 610 540
29133847483 610 540
29133847491 610 540
29133847503 610 540
29133847511 610 540
29133847523 610 540
29133847531 610 540
29133847543 610 540
29133847551 610 540
29133847563 610 540
29133847571 610 540
29133847583 610 540
29133847591 610 540
29133847603 610 540
29133847611 610 540
29133847623 610 540
29133847631 610 540
29133847643 610 540
29133847655 610 540
29133847663 610 540
29133847675 610 540
29133847683 610 540
29133847695 610 540
29133847703 610 540
29133847715 610 540
29133847723 610 540
29133847735 610 540
29133847743 610 540
29133847755 610 540
29133847763 610 540
29133847775 610 540
29133847783 610 540
29133847795 610 540
29133847803 610 540
29133847815 610 540
29133847823 610 540
29133847835 610 540
29133847843 610 540
29133847855 610 540
29133847863 610 540
29133847875 610 540
29133847883 610 540
29133847895 610 540
29133847907 610 540
29133847915 610 540
29133847927 610 540
29133847935 610 540
29133847947 610 540
29133847955 610 540
29133847967 610 540
29133847975 610 540
29133847987 610 540
29133847995 960 540
29133848007 960 540
29133848015 960 540
29133848027 960 540
29133848035 960 540
29133848047 960 540
29133848055 960 540
29133848067 960 540
29133848075 960 540
29133848087 960 540
29133848095 960 540
29133848107 960 540
29133848115 960 540
29133848127 960 540
29133848135 960 540
29133848147 960 540
29133848159 960 540
29133848167 960 540
29133848179 960 540
29133848187 960 540
29133848199 960 540
29133848207 960 540
29133848219 960 540
29133848227 960 540
29133848239 960 540
29133848247 960 540
29133848259 960 540
29133848267 960 540
29133848279 960 540
29133848287 960 540
29133848299 960 540
29133848307 960 540
29133848319 960 540
29133848327 960 540
29133848339 960 540
29133848347 960 540
29133848359 960 540
29133848367 960 540
29133848379 960 540
29133848387 960 540
29133848399 960 540
29133848411 960 540
29133848419 960 540
29133848431 960 540
29133848439 960 540
29133848451 960 540
29133848459 960 540
29133848471 960 540
29133848479 960 540
29133848491 960 540
29133848499 960 540
29133848511 960 540
29133848519 960 540
29133848531 960 540
29133848539 960 540
29133848551 960 540
29133848559 960 540
29133848571 960 540
29133848579 960 540
29133848591 960 540
29133848599 960 540
29133848611 960 540
29133848619 960 540
29133848631 960 540
29133848639 960 540
29133848651 960 540
29133848663 960 540
29133848671 960 540
29133848683 960 540
29133848691 960 540
29133848703 960 540
29133848711 960 540
29133848723 960 540
29133848731 960 540
29133848743 960 540
29133848751 960 540
29133848763 960 540
29133848771 960 540
29133848783 960 540
29133848791 960 540
29133848803 960 540
29133848811 960 540
29133848823 960 540
29133848831 960 540
29133848843 960 540
29133848851 960 540
29133848863 960 540
29133848871 960 540
29133848883 960 540
29133848891 960 540
29133848903 960 540
29133848915 960 540
29133848923 960 540
29133848935 960 540
29133848943 960 540
29133848955 960 540
29133848963 960 540
29133848975 960 540
29133848983 960 540
29133848995 960 540
29133849003 960 540
29133849015 960 540
29133849023 960 540
29133849035 960 540
29133849043 960 540
29133849055 960 540
29133849063 960 540
29133849075 960 540
29133849083 960 540
29133849095 960 540
29133849103 960 540
29133849115 960 540
29133849123 960 540
29133849135 960 540
29133849143 960 540
29133849155 960 540
29133849167 960 540
29133849175 960 540
29133849187 960 540
29133849195 960 540
29133849207 960 540
29133849215 960 540
29133849227 960 540
29133849235 960 540
29133849247 960 540
29133849255 960 540
29133849267 960 540
29133849275 960 540
29133849287 960 540
29133849295 960 540
29133849307 960 540
29133849315 960 540
29133849327 960 540
29133849335 960 540
29133849347 960 540
29133849355 960 540
29133849367 960 540
29133849375 960 540
29133849387 960 540
29133849395 960 540
29133849407 960 540
29133849419 960 540
29133849427 960 540
29133849439 960 540
29133849447 960 540
29133849459 960 540
29133849467 960 540
29133849479 960 540
29133849487 960 540
29133849499 610 540
29133849507 610 540
29133849519 610 540
29133849527 610 540
29133849539 610 540
29133849547 610 540
29133849559 610 540
29133849567 610 540
29133849579 610 540
29133849587 610 540
29133849599 610 540
29133849607 610 540
29133849619 610 540
29133849627 610 540
29133849639 610 540
29133849647 610 540
29133849659 610 540
29133849671 610 540
29133849679 610 540
29133849691 610 540
29133849699 610 540
29133849711 610 540
29133849719 610 540
29133849731 610 540
29133849739 610 540
29133849751 610 540
29133849759 610 540
29133849771 610 540
29133849779 610 540
29133849791 610 540
29133849799 610 540
29133849811 610 540
29133849819 610 540
29133849831 610 540
29133849839 610 540
29133849851 610 540
29133849859 610 540
29133849871 610 540
29133849879 610 540
29133849891 610 540
29133849899 610 540
29133849911 610 540
29133849923 610 540
29133849931 610 540
29133849943 610 540
29133849951 610 540
29133849963 610 540
29133849971 610 540
29133849983 610 540
29133849991 610 540
29133850003 610 540
29133850011 610 540
29133850023 610 540
29133850031 610 540
29133850043 610 540
29133850051 610 540
29133850063 610 540
29133850071 610 540
29133850083 610 540
29133850091 610 540
29133850103 610 540
29133850111 610 540
29133850123 610 540
29133850131 610 540
29133850143 610 540
29133850151 610 540
29133850163 610 540
29133850175 610 540
29133850183 610 540
29133850195 610 540
29133850203 610 540
29133850215 610 540
29133850223 610 540
29133850235 610 540
29133850243 610 540
29133850255 610 540
29133850263 610 540
29133850275 610 540
29133850283 610 540
29133850295 610 540
29133850303 610 540
29133850315 610 540
29133850323 610 540
29133850335 610 540
29133850343 610 540
29133850355 610 540
29133850363 610 540
29133850375 610 540
29133850383 610 540
29133850395 610 540
29133850403 610 540
29133850415 610 540
29133850427 610 540
29133850435 610 540
29133850447 610 540
29133850455 610 540
29133850467 610 540
29133850475 610 540
29133850487 610 540
29133850495 610 540
29133850507 610 540
29133850515 610 540
29133850527 610 540
29133850535 610 540
29133850547 610 540
29133850555 610 540
29133850567 610 540
29133850575 610 540
29133850587 610 540
29133850595 610 540
29133850607 610 540
29133850615 610 540
29133850627 610 540
29133850635 610 540
29133850647 610 540
29133850655 610 540
29133850667 610 540
29133850679 610 540
29133850687 610 540
29133850699 610 540
29133850707 610 540
29133850719 610 540
29133850727 610 540
29133850739 610 540
29133850747 610 540
29133850759 610 540
29133850767 610 540
29133850779 610 540
29133850787 610 540
29133850799 610 540
29133850807 610 540
29133850819 610 540
29133850827 610 540
29133850839 610 540
29133850847 610 540
29133850859 610 540
29133850867 610 540
29133850879 610 540
29133850887 610 540
29133850899 610 540
29133850907 610 540
29133850919 610 540
29133850931 610 540
29133850939 610 540
29133850951 610 540
29133850959 610 540
29133850971 610 540
29133850979 610 540
29133850991 610 540
29133850999 960 540
29133851011 960 540
29133851019 960 540
29133851031 960 540
29133851039 960 540
29133851051 960 540
29133851059 960 540
29133851071 960 540
29133851079 960 540
29133851091 960 540
29133851099 960 540
29133851111 960 540
29133851119 960 540
29133851131 960 540
29133851139 960 540
29133851151 960 540
29133851159 960 540
29133851171 960 540
29133851183 960 540
29133851191 960 540
29133851203 960 540
29133851211 960 540
29133851223 960 540
29133851231 960 540
29133851243 960 540
29133851251 960 540
29133851263 960 540
29133851271 960 540
29133851283 960 540
29133851291 960 540
29133851303 960 540
29133851311 960 540
29133851323 960 540
29133851331 960 540
29133851343 960 540
29133851351 960 540
29133851363 960 540
29133851371 960 540
29133851383 960 540
29133851391 960 540
29133851403 960 540
29133851411 960 540
29133851423 960 540
29133851435 960 540
29133851443 960 540
29133851455 960 540
29133851463 960 540
29133851475 960 540
29133851483 960 540
29133851495 960 540
29133851503 960 540
29133851515 960 540
29133851523 960 540
29133851535 960 540
29133851543 960 540
29133851555 960 540
29133851563 960 540
29133851575 960 540
29133851583 960 540
29133851595 960 540
29133851603 960 540
29133851615 960 540
29133851623 960 540
29133851635 960 540
29133851643 960 540
29133851655 960 540
29133851663 960 540
29133851675 960 540
29133851687 960 540
29133851695 960 540
29133851707 960 540
29133851715 960 540
29133851727 960 540
29133851735 960 540
29133851747 960 540
29133851755 960 540
29133851767 960 540
29133851775 960 540
29133851787 960 540
29133851795 960 540
29133851807 960 540
29133851815 960 540
29133851827 960 540
29133851835 960 540
29133851847 960 540
29133851855 960 540
29133851867 960 540
29133851875 960 540
29133851887 960 540
29133851895 960 540
29133851907 960 540
29133851915 960 540
29133851927 960 540
29133851939 960 540
29133851947 960 540
29133851959 960 540
29133851967 960 540
29133851979 960 540
29133851987 960 540
29133851999 960 540
29133852007 960 540
29133852019 960 540
29133852027 960 540
29133852039 960 540
29133852047 960 540
29133852059 960 540
29133852067 960 540
29133852079 960 540
29133852087 960 540
29133852099 960 540
29133852107 960 540
29133852119 960 540
29133852127 960 540
29133852139 960 540
29133852147 960 540
29133852159 960 540
29133852167 960 540
29133852179 960 540
29133852191 960 540
29133852199 960 540
29133852211 960 540
29133852219 960 540
29133852231 960 540
29133852239 960 540
29133852251 960 540
29133852259 960 540
29133852271 960 540
29133852279 960 540
29133852291 960 540
29133852299 960 540
29133852311 960 540
29133852319 960 540
29133852331 960 540
29133852339 960 540
29133852351 960 540
29133852359 960 540
29133852371 960 540
29133852379 960 540
29133852391 960 540
29133852399 960 540
29133852411 960 540
29133852419 960 540
29133852431 960 540
29133852443 960 540
29133852451 960 540
29133852463 960 540
29133852471 960 540
29133852483 960 540
29133852491 960 540
29133852503 1310 540
29133852511 1310 540
29133852523 1310 540
29133852531 1310 540
29133852543 1310 540
29133852551 1310 540
29133852563 1310 540
29133852571 1310 540
29133852583 1310 540
29133852591 1310 540
29133852603 1310 540
29133852611 1310 540
29133852623 1310 540
29133852631 1310 540
29133852643 1310 540
29133852651 1310 540
29133852663 1310 540
29133852671 1310 540
29133852683 1310 540
29133852695 1310 540
29133852703 1310 540
29133852715 1310 540
29133852723 1310 540
29133852735 1310 540
29133852743 1310 540
29133852755 1310 540
29133852763 1310 540
29133852775 1310 540
29133852783 1310 540
29133852795 1310 540
29133852803 1310 540
29133852815 1310 540
29133852823 1310 540
29133852835 1310 540
29133852843 1310 540
29133852855 1310 540
29133852863 1310 540
29133852875 1310 540
29133852883 1310 540
29133852895 1310 540
29133852903 1310 540
29133852915 1310 540
29133852923 1310 540
29133852935 1310 540
29133852947 1310 540
29133852955 1310 540
29133852967 1310 540
29133852975 1310 540
29133852987 1310 540
29133852995 1310 540
29133853007 1310 540
29133853015 1310 540
29133853027 1310 540
29133853035 1310 540
29133853047 1310 540
29133853055 1310 540
29133853067 1310 540
29133853075 1310 540
29133853087 1310 540
29133853095 1310 540
29133853107 1310 540
29133853115 1310 540
29133853127 1310 540
29133853135 1310 540
29133853147 1310 540
29133853155 1310 540
29133853167 1310 540
29133853175 1310 540
29133853187 1310 540
29133853199 1310 540
29133853207 1310 540
29133853219 1310 540
29133853227 1310 540
29133853239 1310 540
29133853247 1310 540
29133853259 1310 540
29133853267 1310 540
29133853279 1310 540
29133853287 1310 540
29133853299 1310 540
29133853307 1310 540
29133853319 1310 540
29133853327 1310 540
29133853339 1310 540
29133853347 1310 540
29133853359 1310 540
29133853367 1310 540
29133853379 1310 540
29133853387 1310 540
29133853399 1310 540
29133853407 1310 540
29133853419 1310 540
29133853427 1310 540
29133853439 1310 540
29133853451 1310 540
29133853459 1310 540
29133853471 1310 540
29133853479 1310 540
29133853491 1310 540
29133853499 1310 540
29133853511 1310 540
29133853519 1310 540
29133853531 1310 540
29133853539 1310 540
29133853551 1310 540
29133853559 1310 540
29133853571 1310 540
29133853579 1310 540
29133853591 1310 540
29133853599 1310 540
29133853611 1310 540
29133853619 1310 540
29133853631 1310 540
29133853639 1310 540
29133853651 1310 540
29133853659 1310 540
29133853671 1310 540
29133853679 1310 540
29133853691 1310 540
29133853703 1310 540
29133853711 1310 540
29133853723 1310 540
29133853731 1310 540
29133853743 1310 540
29133853751 1310 540
29133853763 1310 540
29133853771 1310 540
29133853783 1310 540
29133853791 1310 540
29133853803 1310 540
29133853811 1310 540
29133853823 1310 540
29133853831 1310 540
29133853843 1310 540
29133853851 1310 540
29133853863 1310 540
29133853871 1310 540
29133853883 1310 540
29133853891 1310 540
29133853903 1310 540
29133853911 1310 540
29133853923 1310 540
29133853931 1310 540
29133853943 1310 540
29133853955 1310 540
29133853963 1310 540
29133853975 1310 540
29133853983 1310 540
29133853995 1310 540
29133854003 960 540
29133854015 960 540
29133854023 960 540
29133854035 960 540
29133854043 960 540
29133854055 960 540
29133854063 960 540
29133854075 960 540
29133854083 960 540
29133854095 960 540
29133854103 960 540
29133854115 960 540
29133854123 960 540
29133854135 960 540
29133854143 960 540
29133854155 960 540
29133854163 960 540
29133854175 960 540
29133854183 960 540
29133854195 960 540
29133854207 960 540
29133854215 960 540
29133854227 960 540
29133854235 960 540
29133854247 960 540
29133854255 960 540
29133854267 960 540
29133854275 960 540
29133854287 960 540
29133854295 960 540
29133854307 960 540
29133854315 960 540
29133854327 960 540
29133854335 960 540
29133854347 960 540
29133854355 960 540
29133854367 960 540
29133854375 960 540
29133854387 960 540
29133854395 960 540
29133854407 960 540
29133854415 960 540
29133854427 960 540
29133854435 960 540
29133854447 960 540
29133854459 960 540
29133854467 960 540
29133854479 960 540
29133854487 960 540
29133854499 960 540
29133854507 960 540
29133854519 960 540
29133854527 960 540
29133854539 960 540
29133854547 960 540
29133854559 960 540
29133854567 960 540
29133854579 960 540
29133854587 960 540
29133854599 960 540
29133854607 960 540
29133854619 960 540
29133854627 960 540
29133854639 960 540
29133854647 960 540
29133854659 960 540
29133854667 960 540
29133854679 960 540
29133854687 960 540
29133854699 960 540
29133854711 960 540
29133854719 960 540
29133854731 960 540
29133854739 960 540
29133854751 960 540
29133854759 960 540
29133854771 960 540
29133854779 960 540
29133854791 960 540
29133854799 960 540
29133854811 960 540
29133854819 960 540
29133854831 960 540
29133854839 960 540
29133854851 960 540
29133854859 960 540
29133854871 960 540
29133854879 960 540
29133854891 960 540
29133854899 960 540
29133854911 960 540
29133854919 960 540
29133854931 960 540
29133854939 960 540
29133854951 960 540
29133854963 960 540
29133854971 960 540
29133854983 960 540
29133854991 960 540
29133855003 960 540
29133855011 960 540
29133855023 960 540
29133855031 960 540
29133855043 960 540
29133855051 960 540
29133855063 960 540
29133855071 960 540
29133855083 960 540
29133855091 960 540
29133855103 960 540
29133855111 960 540
29133855123 960 540
29133855131 960 540
29133855143 960 540
29133855151 960 540
29133855163 960 540
29133855171 960 540
29133855183 960 540
29133855191 960 540
29133855203 960 540
29133855215 960 540
29133855223 960 540
29133855235 960 540
29133855243 960 540
29133855255 960 540
29133855263 960 540
29133855275 960 540
29133855283 960 540
29133855295 960 540
29133855303 960 540
29133855315 960 540
29133855323 960 540
29133855335 960 540
29133855343 960 540
29133855355 960 540
29133855363 960 540
29133855375 960 540
29133855383 960 540
29133855395 960 540
29133855403 960 540
29133855415 960 540
29133855423 960 540
29133855435 960 540
29133855443 960 540
29133855455 960 540
29133855467 960 540
29133855475 960 540
29133855487 960 540
29133855495 960 540
29133855508 260 540
29133855515 260 540
29133855527 260 540
29133855535 260 540
29133855547 260 540
29133855555 260 540
29133855567 260 540
29133855575 260 540
29133855587 260 540
29133855595 260 540
29133855607 260 540
29133855615 260 540
29133855627 260 540
29133855635 260 540
29133855647 260 540
29133855655 260 540
29133855667 260 540
29133855675 260 540
29133855687 260 540
29133855695 260 540
29133855707 260 540
29133855719 260 540
29133855727 260 540
29133855739 260 540
29133855747 260 540
29133855759 260 540
29133855767 260 540
29133855779 260 540
29133855787 260 540
29133855799 260 540
29133855807 260 540
29133855819 260 540
29133855827 260 540
29133855839 260 540
29133855847 260 540
29133855859 260 540
29133855867 260 540
29133855879 260 540
29133855887 260 540
29133855899 260 540
29133855907 260 540
29133855919 260 540
29133855927 260 540
29133855939 260 540
29133855947 260 540
29133855959 260 540
29133855971 260 540
29133855979 260 540
29133855991 260 540
29133855999 260 540
29133856011 260 540
29133856019 260 540
29133856031 260 540
29133856039 260 540
29133856051 260 540
29133856059 260 540
29133856071 260 540
29133856079 260 540
29133856091 260 540
29133856099 260 540
29133856111 260 540
29133856119 260 540
29133856131 260 540
29133856139 260 540
29133856151 260 540
29133856159 260 540
29133856171 260 540
29133856179 260 540
29133856191 260 540
29133856199 260 540
29133856211 260 540
29133856223 260 540
29133856231 260 540
29133856243 260 540
29133856251 260 540
29133856263 260 540
29133856271 260 540
29133856283 260 540
29133856291 260 540
29133856303 260 540
29133856311 260 540
29133856323 260 540
29133856331 260 540
29133856343 260 540
29133856351 260 540
29133856363 260 540
29133856371 260 540
29133856383 260 540
29133856391 260 540
29133856403 260 540
29133856411 260 540
29133856423 260 540
29133856431 260 540
29133856443 260 540
29133856451 260 540
29133856463 260 540
29133856475 260 540
29133856483 260 540
29133856495 260 540
29133856503 260 540
29133856515 260 540
29133856523 260 540
29133856535 260 540
29133856543 260 540
29133856555 260 540
29133856563 260 540
29133856575 260 540
29133856583 260 540
29133856595 260 540
29133856603 260 540
29133856615 260 540
29133856623 260 540
29133856635 260 540
29133856643 260 540
29133856655 260 540
29133856663 260 540
29133856675 260 540
29133856683 260 540
29133856695 260 540
29133856703 260 540
29133856715 260 540
29133856727 260 540
29133856735 260 540
29133856747 260 540
29133856755 260 540
29133856767 260 540
29133856775 260 540
29133856787 260 540
29133856795 260 540
29133856807 260 540
29133856815 260 540
29133856827 260 540
29133856835 260 540
29133856847 260 540
29133856855 260 540
29133856867 260 540
29133856875 260 540
29133856887 260 540
29133856895 260 540
29133856907 260 540
29133856915 260 540
29133856927 260 540
29133856935 260 540
29133856947 260 540
29133856955 260 540
29133856967 260 540
29133856979 260 540
29133856987 260 540
29133856999 260 540
29133857007 960 540
29133857019 960 540
29133857027 960 540
29133857039 960 540
29133857047 960 540
29133857059 960 540
29133857067 960 540
29133857079 960 540
29133857087 960 540
29133857099 960 540
29133857107 960 540
29133857119 960 540
29133857127 960 540
29133857139 960 540
29133857147 960 540
29133857159 960 540
29133857167 960 540
29133857179 960 540
29133857187 960 540
29133857199 960 540
29133857207 960 540
29133857219 960 540
29133857231 960 540
29133857239 960 540
29133857251 960 540
29133857259 960 540
29133857271 960 540
29133857279 960 540
29133857291 960 540
29133857299 960 540
29133857311 960 540
29133857319 960 540
29133857331 960 540
29133857339 960 540
29133857351 960 540
29133857359 960 540
29133857371 960 540
29133857379 960 540
29133857391 960 540
29133857399 960 540
29133857411 960 540
29133857419 960 540
29133857431 960 540
29133857439 960 540
29133857451 960 540
29133857459 960 540
29133857471 960 540
29133857483 960 540
29133857491 960 540
29133857503 960 540
29133857511 960 540
29133857523 960 540
29133857531 960 540
29133857543 960 540
29133857551 960 540
29133857563 960 540
29133857571 960 540
29133857583 960 540
29133857591 960 540
29133857603 960 540
29133857611 960 540
29133857623 960 540
29133857631 960 540
29133857643 960 540
29133857651 960 540
29133857663 960 540
29133857671 960 540
29133857683 960 540
29133857691 960 540
29133857703 960 540
29133857711 960 540
29133857723 960 540
29133857735 960 540
29133857743 960 540
29133857755 960 540
29133857763 960 540
29133857775 960 540
29133857783 960 540
29133857795 960 540
29133857803 960 540
29133857815 960 540
29133857823 960 540
29133857835 960 540
29133857843 960 540
29133857855 960 540
29133857863 960 540
29133857875 960 540
29133857883 960 540
29133857895 960 540
29133857903 960 540
29133857915 960 540
29133857923 960 540
29133857935 960 540
29133857943 960 540
29133857955 960 540
29133857963 960 540
29133857975 960 540
29133857987 960 540
29133857995 960 540
29133858007 960 540
29133858015 960 540
29133858027 960 540
29133858035 960 540
29133858047 960 540
29133858055 960 540
29133858067 960 540
29133858075 960 540
29133858087 960 540
29133858095 960 540
29133858107 960 540
29133858115 960 540
29133858127 960 540
29133858135 960 540
29133858147 960 540
29133858155 960 540
29133858167 960 540
29133858175 960 540
29133858187 960 540
29133858195 960 540
29133858207 960 540
29133858215 960 540
29133858227 960 540
29133858239 960 540
29133858247 960 540
29133858259 960 540
29133858267 960 540
29133858279 960 540
29133858287 960 540
29133858299 960 540
29133858307 960 540
29133858319 960 540
29133858327 960 540
29133858339 960 540
29133858347 960 540
29133858359 960 540
29133858367 960 540
29133858379 960 540
29133858387 960 540
29133858399 960 540
29133858407 960 540
29133858419 960 540
29133858427 960 540
29133858439 960 540
29133858447 960 540
29133858459 960 540
29133858467 960 540
29133858479 960 540
29133858491 960 540
29133858499 960 540
29133858511 1135 540
29133858519 1135 540
29133858531 1135 540
29133858539 1135 540
29133858551 1135 540
29133858559 1135 540
29133858571 1135 540
29133858579 1135 540
29133858591 1135 540
29133858599 1135 540
29133858611 1135 540
29133858619 1135 540
29133858631 1135 540
29133858639 1135 540
29133858651 1135 540
29133858659 1135 540
29133858671 1135 540
29133858679 1135 540
29133858691 1135 540
29133858699 1135 540
29133858711 1135 540
29133858719 1135 540
29133858731 1135 540
29133858743 1135 540
29133858751 1135 540
29133858763 1135 540
29133858771 1135 540
29133858783 1135 540
29133858791 1135 540
29133858803 1135 540
29133858811 1135 540
29133858823 1135 540
29133858831 1135 540
29133858843 1135 540
29133858851 1135 540
29133858863 1135 540
29133858871 1135 540
29133858883 1135 540
29133858891 1135 540
29133858903 1135 540
29133858911 1135 540
29133858923 1135 540
29133858931 1135 540
29133858943 1135 540
29133858951 1135 540
29133858963 1135 540
29133858971 1135 540
29133858983 1135 540
29133858995 1135 540
29133859003 1135 540
29133859015 1135 540
29133859023 1135 540
29133859035 1135 540
29133859043 1135 540
29133859055 1135 540
29133859063 1135 540
29133859075 1135 540
29133859083 1135 540
29133859095 1135 540
29133859103 1135 540
29133859115 1135 540
29133859123 1135 540
29133859135 1135 540
29133859143 1135 540
29133859155 1135 540
29133859163 1135 540
29133859175 1135 540
29133859183 1135 540
29133859195 1135 540
29133859203 1135 540
29133859215 1135 540
29133859223 1135 540
29133859235 1135 540
29133859247 1135 540
29133859255 1135 540
29133859267 1135 540
29133859275 1135 540
29133859287 1135 540
29133859295 1135 540
29133859307 1135 540
29133859315 1135 540
29133859327 1135 540
29133859335 1135 540
29133859347 1135 540
29133859355 1135 540
29133859367 1135 540
29133859375 1135 540
29133859387 1135 540
29133859395 1135 540
29133859407 1135 540
29133859415 1135 540
29133859427 1135 540
29133859435 1135 540
29133859447 1135 540
29133859455 1135 540
29133859467 1135 540
29133859475 1135 540
29133859487 1135 540
29133859499 1135 540
29133859507 1135 540
29133859519 1135 540
29133859527 1135 540
29133859539 1135 540
29133859547 1135 540
29133859559 1135 540
29133859567 1135 540
29133859579 1135 540
29133859587 1135 540
29133859599 1135 540
29133859607 1135 540
29133859619 1135 540
29133859627 1135 540
29133859639 1135 540
29133859647 1135 540
29133859659 1135 540
29133859667 1135 540
29133859679 1135 540
29133859687 1135 540
29133859699 1135 540
29133859707 1135 540
29133859719 1135 540
29133859727 1135 540
29133859739 1135 540
29133859751 1135 540
29133859759 1135 540
29133859771 1135 540
29133859779 1135 540
29133859791 1135 540
29133859799 1135 540
29133859811 1135 540
29133859819 1135 540
29133859831 1135 540
29133859839 1135 540
29133859851 1135 540
29133859859 1135 540
29133859871 1135 540
29133859879 1135 540
29133859891 1135 540
29133859899 1135 540
29133859911 1135 540
29133859919 1135 540
29133859931 1135 540
29133859939 1135 540
29133859951 1135 540
29133859959 1135 540
29133859971 1135 540
29133859979 1135 540
29133859991 1135 540
29133900003 1135 540
29133900011 960 540
29133900023 960 540
29133900031 960 540
29133900043 960 540
29133900051 960 540
29133900063 960 540
29133900071 960 540
29133900083 960 540
29133900091 960 540
29133900103 960 540
29133900111 960 540
29133900123 960 540
29133900131 960 540
29133900143 960 540
29133900151 960 540
29133900163 960 540
29133900171 960 540
29133900183 960 540
29133900191 960 540
29133900203 960 540
29133900211 960 540
29133900223 960 540
29133900231 960 540
29133900243 960 540
29133900255 960 540
29133900263 960 540
29133900275 960 540
29133900283 960 540
29133900295 960 540
29133900303 960 540
29133900315 960 540
29133900323 960 540
29133900335 960 540
29133900343 960 540
29133900355 960 540
29133900363 960 540
29133900375 960 540
29133900383 960 540
29133900395 960 540
29133900403 960 540
29133900415 960 540
29133900423 960 540
29133900435 960 540
29133900443 960 540
29133900455 960 540
29133900463 960 540
29133900475 960 540
29133900483 960 540
29133900495 960 540
29133900507 960 540
29133900515 960 540
29133900527 960 540
29133900535 960 540
29133900547 960 540
29133900555 960 540
29133900567 960 540
29133900575 960 540
29133900587 960 540
29133900595 960 540
29133900607 960 540
29133900615 960 540
29133900627 960 540
29133900635 960 540
29133900647 960 540
29133900655 960 540
29133900667 960 540
29133900675 960 540
29133900687 960 540
29133900695 960 540
29133900707 960 540
29133900715 960 540
29133900727 960 540
29133900735 960 540
29133900747 960 540
29133900759 960 540
29133900767 960 540
29133900779 960 540
29133900787 960 540
29133900799 960 540
29133900807 960 540
29133900819 960 540
29133900827 960 540
29133900839 960 540
29133900847 960 540
29133900859 960 540
29133900867 960 540
29133900879 960 540
29133900887 960 540
29133900899 960 540
29133900907 960 540
29133900919 960 540
29133900927 960 540
29133900939 960 540
29133900947 960 540
29133900959 960 540
29133900967 960 540
29133900979 960 540
29133900987 960 540
29133900999 960 540
29133901011 960 540
29133901019 960 540
29133901031 960 540
29133901039 960 540
29133901051 960 540
29133901059 960 540
29133901071 960 540
29133901079 960 540
29133901091 960 540
29133901099 960 540
29133901111 960 540
29133901119 960 540
29133901131 960 540
29133901139 960 540
29133901151 960 540
29133901159 960 540
29133901171 960 540
29133901179 960 540
29133901191 960 540
29133901199 960 540
29133901211 960 540
29133901219 960 540
29133901231 960 540
29133901239 960 540
29133901251 960 540
29133901263 960 540
29133901271 960 540
29133901283 960 540
29133901291 960 540
29133901303 960 540
29133901311 960 540
29133901323 960 540
29133901331 960 540
29133901343 960 540
29133901351 960 540
29133901363 960 540
29133901371 960 540
29133901383 960 540
29133901391 960 540
29133901403 960 540
29133901411 960 540
29133901423 960 540
29133901431 960 540
29133901443 960 540
29133901451 960 540
29133901463 960 540
29133901471 960 540
29133901483 960 540
29133901491 960 540
29133901503 960 540
29133901515 785 540
29133901523 785 540
29133901535 785 540
29133901543 785 540
29133901555 785 540
29133901563 785 540
29133901575 785 540
29133901583 785 540
29133901595 785 540
29133901603 785 540
29133901615 785 540
29133901623 785 540
29133901635 785 540
29133901643 785 540
29133901655 785 540
29133901663 785 540
29133901675 785 540
29133901683 785 540
29133901695 785 540
29133901703 785 540
29133901715 785 540
29133901723 785 540
29133901735 785 540
29133901743 785 540
29133901755 785 540
29133901767 785 540
29133901775 785 540
29133901787 785 540
29133901795 785 540
29133901807 785 540
29133901815 785 540
29133901827 785 540
29133901835 785 540
29133901847 785 540
29133901855 785 540
29133901867 785 540
29133901875 785 540
29133901887 785 540
29133901895 785 540
29133901907 785 540
29133901915 785 540
29133901927 785 540
29133901935 785 540
29133901947 785 540
29133901955 785 540
29133901967 785 540
29133901975 785 540
29133901987 785 540
29133901995 785 540
29133902007 785 540
29133902019 785 540
29133902027 785 540
29133902039 785 540
29133902047 785 540
29133902059 785 540
29133902067 785 540
29133902079 785 540
29133902087 785 540
29133902099 785 540
29133902107 785 540
29133902119 785 540
29133902127 785 540
29133902139 785 540
29133902147 785 540
29133902159 785 540
29133902167 785 540
29133902179 785 540
29133902187 785 540
29133902199 785 540
29133902207 785 540
29133902219 785 540
29133902227 785 540
29133902239 785 540
29133902247 785 540
29133902259 785 540
29133902271 785 540
29133902279 785 540
29133902291 785 540
29133902299 785 540
29133902311 785 540
29133902319 785 540
29133902331 785 540
29133902339 785 540
29133902351 785 540
29133902359 785 540
29133902371 785 540
29133902379 785 540
29133902391 785 540
29133902399 785 540
29133902411 785 540
29133902419 785 540
29133902431 785 540
29133902439 785 540
29133902451 785 540
29133902459 785 540
29133902471 785 540
29133902479 785 540
29133902491 785 540
29133902499 785 540
29133902511 785 540
29133902523 785 540
29133902531 785 540
29133902543 785 540
29133902551 785 540
29133902563 785 540
29133902571 785 540
29133902583 785 540
29133902591 785 540
29133902603 785 540
29133902611 785 540
29133902623 785 540
29133902631 785 540
29133902643 785 540
29133902651 785 540
29133902663 785 540
29133902671 785 540
29133902683 785 540
29133902691 785 540
29133902703 785 540
29133902711 785 540
29133902723 785 540
29133902731 785 540
29133902743 785 540
29133902751 785 540
29133902763 785 540
29133902775 785 540
29133902783 785 540
29133902795 785 540
29133902803 785 540
29133902815 785 540
29133902823 785 540
29133902835 785 540
29133902843 785 540
29133902855 785 540
29133902863 785 540
29133902875 785 540
29133902883 785 540
29133902895 785 540
29133902903 785 540
29133902915 785 540
29133902923 785 540
29133902935 785 540
29133902943 785 540
29133902955 785 540
29133902963 785 540
29133902975 785 540
29133902983 785 540
29133902995 785 540
29133903003 785 540
29133903016 960 540
29133903027 960 540
29133903035 960 540
29133903047 960 540
29133903055 960 540
29133903067 960 540
29133903075 960 540
29133903087 960 540
29133903095 960 540
29133903107 960 540
29133903115 960 540
29133903127 960 540
29133903135 960 540
29133903147 960 540
29133903155 960 540
29133903167 960 540
29133903175 960 540
29133903187 960 540
29133903195 960 540
29133903207 960 540
29133903215 960 540
29133903227 960 540
29133903235 960 540
29133903247 960 540
29133903255 960 540
29133903267 960 540
29133903279 960 540
29133903287 960 540
29133903299 960 540
29133903307 960 540
29133903319 960 540
29133903327 960 540
29133903339 960 540
29133903347 960 540
29133903359 960 540
29133903367 960 540
29133903379 960 540
29133903387 960 540
29133903399 960 540
29133903407 960 540
29133903419 960 540
29133903427 960 540
29133903439 960 540
29133903447 960 540
29133903459 960 540
29133903467 960 540
29133903479 960 540
29133903487 960 540
29133903499 960 540
29133903507 960 540
29133903519 960 540
29133903531 960 540
29133903539 960 540
29133903551 960 540
29133903559 960 540
29133903571 960 540
29133903579 960 540
29133903591 960 540
29133903599 960 540
29133903611 960 540
29133903619 960 540
29133903631 960 540
29133903639 960 540
29133903651 960 540
29133903659 960 540
29133903671 960 540
29133903679 960 540
29133903691 960 540
29133903699 960 540
29133903711 960 540
29133903719 960 540
29133903731 960 540
29133903739 960 540
29133903751 960 540
29133903759 960 540
29133903771 960 540
29133903783 960 540
29133903791 960 540
29133903803 960 540
29133903811 960 540
29133903823 960 540
29133903831 960 540
29133903843 960 540
29133903851 960 540
29133903863 960 540
29133903871 960 540
29133903883 960 540
29133903891 960 540
29133903903 960 540
29133903911 960 540
29133903923 960 540
29133903931 960 540
29133903943 960 540
29133903951 960 540
29133903963 960 540
29133903971 960 540
29133903983 960 540
29133903991 960 540
29133904003 960 540
29133904011 960 540
29133904023 960 540
29133904035 960 540
29133904043 960 540
29133904055 960 540
29133904063 960 540
29133904075 960 540
29133904083 960 540
29133904095 960 540
29133904103 960 540
29133904115 960 540
29133904123 960 540
29133904135 960 540
29133904143 960 540
29133904155 960 540
29133904163 960 540
29133904175 960 540
29133904183 960 540
29133904195 960 540
29133904203 960 540
29133904215 960 540
29133904223 960 540
29133904235 960 540
29133904243 960 540
29133904255 960 540
29133904263 960 540
29133904275 960 540
29133904287 960 540
29133904295 960 540
29133904307 960 540
29133904315 960 540
29133904327 960 540
29133904335 960 540
29133904347 960 540
29133904355 960 540
29133904367 960 540
29133904375 960 540
29133904387 960 540
29133904395 960 540
29133904407 960 540
29133904415 960 540
29133904427 960 540
29133904435 960 540
29133904447 960 540
29133904455 960 540
29133904467 960 540
29133904475 960 540
29133904487 960 540
29133904495 960 540
29133904507 960 540
29133904515 260 540
29133904527 260 540
29133904539 260 540
29133904547 260 540
29133904559 260 540
29133904567 260 540
29133904579 260 540
29133904587 260 540
29133904599 260 540
29133904607 260 540
29133904619 260 540
29133904627 260 540
29133904639 260 540
29133904647 260 540
29133904659 260 540
29133904667 260 540
29133904679 260 540
29133904687 260 540
29133904699 260 540
29133904707 260 540
29133904719 260 540
29133904727 260 540
29133904739 260 540
29133904747 260 540
29133904759 260 540
29133904767 260 540
29133904779 260 540
29133904791 260 540
29133904799 260 540
29133904811 260 540
29133904819 260 540
29133904831 260 540
29133904839 260 540
29133904851 260 540
29133904859 260 540
29133904871 260 540
29133904879 260 540
29133904891 260 540
29133904899 260 540
29133904911 260 540
29133904919 260 540
29133904931 260 540
29133904939 260 540
29133904951 260 540
29133904959 260 540
29133904971 260 540
29133904979 260 540
29133904991 260 540
29133904999 260 540
29133905011 260 540
29133905019 260 540
29133905031 260 540
29133905043 260 540
29133905051 260 540
29133905063 260 540
29133905071 260 540
29133905083 260 540
29133905091 260 540
29133905103 260 540
29133905111 260 540
29133905123 260 540
29133905131 260 540
29133905143 260 540
29133905151 260 540
29133905163 260 540
29133905171 260 540
29133905183 260 540
29133905191 260 540
29133905203 260 540
29133905211 260 540
29133905223 260 540
29133905231 260 540
29133905243 260 540
29133905251 260 540
29133905263 260 540
29133905271 260 540
29133905283 260 540
29133905293 260 540
29133905301 260 540
29133905313 260 540
29133905322 260 540
29133905335 260 540
29133905343 260 540
29133905355 260 540
29133905362 260 540
29133905374 260 540
29133905383 260 540
29133905394 260 540
29133905403 260 540
29133905415 260 540
29133905423 260 540
29133905434 260 540
29133905443 260 540
29133905455 260 540
29133905462 260 540
29133905475 260 540
29133905483 260 540
29133905495 260 540
29133905503 260 540
29133905514 260 540
29133905522 260 540
29133905533 260 540
29133905545 260 540
29133905553 260 540
29133905565 260 540
29133905573 260 540
29133905585 260 540
29133905593 260 540
29133905605 260 540
29133905614 260 540
29133905626 260 540
29133905635 260 540
29133905647 260 540
29133905655 260 540
29133905667 260 540
29133905675 260 540
29133905687 260 540
29133905695 260 540
29133905707 260 540
29133905715 260 540
29133905727 260 540
29133905735 260 540
29133905747 260 540
29133905755 260 540
29133905767 260 540
29133905774 260 540
29133905787 260 540
29133905799 260 540
29133905807 260 540
29133905818 260 540
29133905826 260 540
29133905838 260 540
29133905847 260 540
29133905858 260 540
29133905867 260 540
29133905878 260 540
29133905886 260 540
29133905898 260 540
29133905906 260 540
29133905919 260 540
29133905926 260 540
29133905938 260 540
29133905947 260 540
29133905958 260 540
29133905967 260 540
29133905979 260 540
29133905987 260 540
29133905998 260 540
29133906007 260 540
29133906019 960 540
29133906027 960 540
29133906039 960 540
29133906050 960 540
29133906058 960 540
29133906070 960 540
29133906078 960 540
29133906090 960 540
29133906099 960 540
29133906110 960 540
29133906119 960 540
29133906131 960 540
29133906139 960 540
29133906150 960 540
29133906159 960 540
29133906171 960 540
29133906179 960 540
29133906191 960 540
29133906199 960 540
29133906211 960 540
29133906219 960 540
29133906231 960 540
29133906238 960 540
29133906250 960 540
29133906258 960 540
29133906271 960 540
29133906279 960 540
29133906291 960 540
29133906303 960 540
29133906311 960 540
29133906322 960 540
29133906331 960 540
29133906343 960 540
29133906350 960 540
29133906363 960 540
29133906371 960 540
29133906383 960 540
29133906391 960 540
29133906402 960 540
29133906410 960 540
29133906422 960 540
29133906431 960 540
29133906442 960 540
29133906451 960 540
29133906463 960 540
29133906471 960 540
29133906483 960 540
29133906491 960 540
29133906502 960 540
29133906511 960 540
29133906523 960 540
29133906531 960 540
29133906543 960 540
29133906554 960 540
29133906563 960 540
29133906575 960 540
29133906583 960 540
29133906595 960 540
29133906603 960 540
29133906615 960 540
29133906623 960 540
29133906634 960 540
29133906642 960 540
29133906655 960 540
29133906663 960 540
29133906674 960 540
29133906682 960 540
29133906694 960 540
29133906702 960 540
29133906714 960 540
29133906723 960 540
29133906735 960 540
29133906743 960 540
29133906755 960 540
29133906762 960 540
29133906774 960 540
29133906783 960 540
29133906794 960 540
29133906806 960 540
29133906814 960 540
29133906826 960 540
29133906834 960 540
29133906846 960 540
29133906854 960 540
29133906867 960 540
29133906874 960 540
29133906886 960 540
29133906895 960 540
29133906906 960 540
29133906914 960 540
29133906926 960 540
29133906934 960 540
29133906947 960 540
29133906955 960 540
29133906966 960 540
29133906974 960 540
29133906987 960 540
29133906995 960 540
29133907007 960 540
29133907015 960 540
29133907027 960 540
29133907035 960 540
29133907047 960 540
29133907059 960 540
29133907067 960 540
29133907079 960 540
29133907087 960 540
29133907099 960 540
29133907107 960 540
29133907118 960 540
29133907127 960 540
29133907139 960 540
29133907146 960 540
29133907158 960 540
29133907166 960 540
29133907178 960 540
29133907187 960 540
29133907199 960 540
29133907206 960 540
29133907218 960 540
29133907227 960 540
29133907239 960 540
29133907246 960 540
29133907258 960 540
29133907266 960 540
29133907279 960 540
29133907287 960 540
29133907298 960 540
29133907310 960 540
29133907319 960 540
29133907331 960 540
29133907339 960 540
29133907350 960 540
29133907358 960 540
29133907370 960 540
29133907378 960 540
29133907390 960 540
29133907398 960 540
29133907410 960 540
29133907418 960 540
29133907430 960 540
29133907438 960 540
29133907450 960 540
29133907458 960 540
29133907470 960 540
29133907479 960 540
29133907490 960 540
29133907498 960 540
29133907510 960 540
29133907519 785 540
29133907531 785 540
29133907539 785 540
29133907550 785 540
29133907562 785 540
29133907570 785 540
29133907582 785 540
29133907591 785 540
29133907603 785 540
29133907611 785 540
29133907623 785 540
29133907631 785 540
29133907642 785 540
29133907650 785 540
29133907663 785 540
29133907671 785 540
29133907683 785 540
29133907691 785 540
29133907702 785 540
29133907710 785 540
29133907722 785 540
29133907731 785 540
29133907742 785 540
29133907750 785 540
29133907763 785 540
29133907770 785 540
29133907782 785 540
29133907790 785 540
29133907802 785 540
29133907814 785 540
29133907822 785 540
29133907834 785 540
29133907842 785 540
29133907854 785 540
29133907862 785 540
29133907874 785 540
29133907882 785 540
29133907894 785 540
29133907902 785 540
29133907914 785 540
29133907922 785 540
29133907934 785 540
29133907942 785 540
29133907955 785 540
29133907962 785 540
29133907974 785 540
29133907982 785 540
29133907994 785 540
29133908002 785 540
29133908014 785 540
29133908022 785 540
29133908034 785 540
29133908042 785 540
29133908054 785 540
29133908066 785 540
29133908074 785 540
29133908086 785 540
29133908094 785 540
29133908106 785 540
29133908114 785 540
29133908126 785 540
29133908135 785 540
29133908146 785 540
29133908154 785 540
29133908166 785 540
29133908174 785 540
29133908186 785 540
29133908194 785 540
29133908206 785 540
29133908215 785 540
29133908227 785 540
29133908234 785 540
29133908246 785 540
29133908254 785 540
29133908267 785 540
29133908275 785 540
29133908286 785 540
29133908294 785 540
29133908306 785 540
29133908318 785 540
29133908327 785 540
29133908338 785 540
29133908346 785 540
29133908358 785 540
29133908366 785 540
29133908379 785 540
29133908387 785 540
29133908398 785 540
29133908406 785 540
29133908418 785 540
29133908426 785 540
29133908438 785 540
29133908446 785 540
29133908458 785 540
29133908467 785 540
29133908478 785 540
29133908486 785 540
29133908498 785 540
29133908506 785 540
29133908518 785 540
29133908526 785 540
29133908538 785 540
29133908546 785 540
29133908558 785 540
29133908570 785 540
29133908578 785 540
29133908590 785 540
29133908598 785 540
29133908610 785 540
29133908618 785 540
29133908630 785 540
29133908638 785 540
29133908650 785 540
29133908658 785 540
29133908670 785 540
29133908678 785 540
29133908690 785 540
29133908698 785 540
29133908710 785 540
29133908718 785 540
29133908730 785 540
29133908738 785 540
29133908750 785 540
29133908758 785 540
29133908771 785 540
29133908778 785 540
29133908790 785 540
29133908798 785 540
29133908810 785 540
29133908822 785 540
29133908830 785 540
29133908842 785 540
29133908850 785 540
29133908862 785 540
29133908870 785 540
29133908882 785 540
29133908891 785 540
29133908902 785 540
29133908910 785 540
29133908922 785 540
29133908930 785 540
29133908942 785 540
29133908950 785 540
29133908962 785 540
29133908970 785 540
29133908982 785 540
29133908990 785 540
29133909002 785 540
29133909010 785 540
