29123853995 20 20
29123854000 20 20
29123854008 20 20
29123854020 20 20
29123854028 20 20
29123854040 20 20
29123854048 20 20
29123854061 20 20
29123854069 20 20
29123854082 20 20
29123854090 20 20
29123854102 20 20
29123854110 20 20
29123854122 20 20
29123854130 20 20
29123854142 20 20
29123854150 20 20
29123854162 20 20
29123854170 20 20
29123854182 20 20
29123854190 20 20
29123854202 20 20
29123854214 20 20
29123854222 20 20
29123854234 20 20
29123854242 20 20
29123854254 20 20
29123854262 20 20
29123854274 20 20
29123854282 20 20
29123854294 20 20
29123854302 20 20
29123854314 20 20
29123854322 20 20
29123854334 20 20
29123854342 20 20
29123854354 20 20
29123854362 20 20
29123854374 20 20
29123854382 20 20
29123854394 20 20
29123854402 20 20
29123854414 20 20
29123854422 20 20
29123854434 20 20
29123854442 20 20
29123854454 20 20
29123854466 20 20
29123854474 20 20
29123854486 20 20
29123854494 20 20
29123854506 20 20
29123854514 20 20
29123854526 20 20
29123854534 20 20
29123854546 20 20
29123854554 20 20
29123854566 20 20
29123854574 20 20
29123854586 20 20
29123854594 20 20
29123854606 20 20
29123854614 20 20
29123854626 20 20
29123854634 20 20
29123854646 20 20
29123854654 20 20
29123854666 20 20
29123854674 20 20
29123854686 20 20
29123854694 20 20
29123854706 20 20
29123854718 20 20
29123854726 20 20
29123854738 20 20
29123854746 20 20
29123854758 20 20
29123854766 20 20
29123854778 20 20
29123854786 20 20
29123854798 20 20
29123854806 20 20
29123854818 20 20
29123854826 20 20
29123854838 20 20
29123854846 20 20
29123854858 20 20
29123854866 20 20
29123854878 20 20
29123854886 20 20
29123854898 20 20
29123854906 20 20
29123854918 20 20
29123854926 20 20
29123854938 20 20
29123854946 20 20
29123854958 20 20
29123854970 20 20
29123854978 20 20
29123854990 20 20
29123854998 20 20
29123855010 20 20
29123855018 20 20
29123855030 20 20
29123855038 20 20
29123855050 20 20
29123855058 20 20
29123855070 20 20
29123855078 20 20
29123855090 20 20
29123855098 20 20
29123855110 20 20
29123855118 20 20
29123855130 20 20
29123855138 20 20
29123855150 20 20
29123855158 20 20
29123855170 20 20
29123855178 20 20
29123855190 20 20
29123855198 20 20
29123855210 20 20
29123855222 20 20
29123855230 20 20
29123855242 20 20
29123855250 20 20
29123855262 20 20
29123855270 20 20
29123855282 20 20
29123855290 20 20
29123855302 20 20
29123855310 20 20
29123855322 20 20
29123855330 20 20
29123855342 20 20
29123855350 20 20
29123855362 20 20
29123855370 20 20
29123855382 20 20
29123855390 20 20
29123855402 20 20
29123855410 20 20
29123855422 20 20
29123855430 20 20
29123855442 20 20
29123855450 20 20
29123855462 20 20
29123855474 20 20
29123855482 20 20
29123855494 20 20
29123857086 960 20
29123857094 960 20
29123857106 960 20
29123857114 960 20
29123857126 960 20
29123857134 960 20
29123857146 960 20
29123857154 960 20
29123857166 960 20
29123857174 960 20
29123857186 960 20
29123857194 960 20
29123857206 960 20
29123857214 960 20
29123857226 960 20
29123857238 960 20
29123857246 960 20
29123857258 960 20
29123857266 960 20
29123857278 960 20
29123857286 960 20
29123857298 960 20
29123857306 960 20
29123857318 960 20
29123857326 960 20
29123857338 960 20
29123857346 960 20
29123857358 960 20
29123857366 960 20
29123857378 960 20
29123857386 960 20
29123857398 960 20
29123857406 960 20
29123857418 960 20
29123857426 960 20
29123857438 960 20
29123857446 960 20
29123857458 960 20
29123857466 960 20
29123857478 960 20
29123857490 960 20
29123857498 960 20
29123857510 960 20
29123857518 960 20
29123857530 960 20
29123857538 960 20
29123857550 960 20
29123857558 960 20
29123857570 960 20
29123857578 960 20
29123857590 960 20
29123857598 960 20
29123857610 960 20
29123857618 960 20
29123857630 960 20
29123857638 960 20
29123857650 960 20
29123857658 960 20
29123857670 960 20
29123857678 960 20
29123857690 960 20
29123857698 960 20
29123857710 960 20
29123857718 960 20
29123857730 960 20
29123857742 960 20
29123857750 960 20
29123857762 960 20
29123857770 960 20
29123857782 960 20
29123857790 960 20
29123857802 960 20
29123857810 960 20
29123857822 960 20
29123857830 960 20
29123857842 960 20
29123857850 960 20
29123857862 960 20
29123857870 960 20
29123857882 960 20
29123857890 960 20
29123857902 960 20
29123857910 960 20
29123857922 960 20
29123857930 960 20
29123857942 960 20
29123857950 960 20
29123857962 960 20
29123857970 960 20
29123857982 960 20
29123857994 960 20
29123858002 960 20
29123858014 960 20
29123858022 960 20
29123858034 960 20
29123858042 960 20
29123858054 960 20
29123858062 960 20
29123858074 960 20
29123858082 960 20
29123858094 960 20
29123858102 960 20
29123858114 960 20
29123858122 960 20
29123858134 960 20
29123858142 960 20
29123858154 960 20
29123858162 960 20
29123858174 960 20
29123858182 960 20
29123858194 960 20
29123858202 960 20
29123858214 960 20
29123858222 960 20
29123858234 960 20
29123858246 960 20
29123858254 960 20
29123858266 960 20
29123858274 960 20
29123858286 960 20
29123858294 960 20
29123858306 960 20
29123858314 960 20
29123858326 960 20
29123858334 960 20
29123858346 960 20
29123858354 960 20
29123858366 960 20
29123858374 960 20
29123858386 960 20
29123858394 960 20
29123858406 960 20
29123858414 960 20
29123858426 960 20
29123858434 960 20
29123858446 960 20
29123858454 960 20
29123858466 960 20
29123858474 960 20
29123858486 960 20
29123858498 960 20
29123858506 960 20
29123858518 960 20
29123858526 960 20
29123858538 960 20
29123858546 960 20
29123858558 960 20
29123858566 960 20
29123858578 960 20
29123900262 1900 20
29123900270 1900 20
29123900282 1900 20
29123900290 1900 20
29123900302 1900 20
29123900310 1900 20
29123900322 1900 20
29123900330 1900 20
29123900342 1900 20
29123900350 1900 20
29123900362 1900 20
29123900370 1900 20
29123900382 1900 20
29123900390 1900 20
29123900402 1900 20
29123900410 1900 20
29123900422 1900 20
29123900430 1900 20
29123900442 1900 20
29123900450 1900 20
29123900462 1900 20
29123900470 1900 20
29123900482 1900 20
29123900490 1900 20
29123900502 1900 20
29123900514 1900 20
29123900522 1900 20
29123900534 1900 20
29123900542 1900 20
29123900554 1900 20
29123900562 1900 20
29123900574 1900 20
29123900582 1900 20
29123900594 1900 20
29123900602 1900 20
29123900614 1900 20
29123900622 1900 20
29123900634 1900 20
29123900642 1900 20
29123900654 1900 20
29123900662 1900 20
29123900674 1900 20
29123900682 1900 20
29123900694 1900 20
29123900702 1900 20
29123900714 1900 20
29123900722 1900 20
29123900734 1900 20
29123900742 1900 20
29123900754 1900 20
29123900766 1900 20
29123900774 1900 20
29123900786 1900 20
29123900794 1900 20
29123900806 1900 20
29123900814 1900 20
29123900826 1900 20
29123900834 1900 20
29123900846 1900 20
29123900854 1900 20
29123900866 1900 20
29123900874 1900 20
29123900886 1900 20
29123900894 1900 20
29123900906 1900 20
29123900914 1900 20
29123900926 1900 20
29123900934 1900 20
29123900946 1900 20
29123900954 1900 20
29123900966 1900 20
29123900974 1900 20
29123900986 1900 20
29123900994 1900 20
29123901006 1900 20
29123901018 1900 20
29123901026 1900 20
29123901038 1900 20
29123901046 1900 20
29123901058 1900 20
29123901066 1900 20
29123901078 1900 20
29123901086 1900 20
29123901098 1900 20
29123901106 1900 20
29123901118 1900 20
29123901126 1900 20
29123901138 1900 20
29123901146 1900 20
29123901158 1900 20
29123901166 1900 20
29123901178 1900 20
29123901186 1900 20
29123901198 1900 20
29123901206 1900 20
29123901218 1900 20
29123901226 1900 20
29123901238 1900 20
29123901246 1900 20
29123901258 1900 20
29123901270 1900 20
29123901278 1900 20
29123901290 1900 20
29123901298 1900 20
29123901310 1900 20
29123901318 1900 20
29123901330 1900 20
29123901338 1900 20
29123901350 1900 20
29123901358 1900 20
29123901370 1900 20
29123901378 1900 20
29123901390 1900 20
29123901398 1900 20
29123901410 1900 20
29123901418 1900 20
29123901430 1900 20
29123901438 1900 20
29123901450 1900 20
29123901458 1900 20
29123901470 1900 20
29123901478 1900 20
29123901490 1900 20
29123901498 1900 20
29123901510 1900 20
29123901522 1900 20
29123901530 1900 20
29123901542 1900 20
29123901550 1900 20
29123901562 1900 20
29123901570 1900 20
29123901582 1900 20
29123901590 1900 20
29123901602 1900 20
29123901610 1900 20
29123901622 1900 20
29123901630 1900 20
29123901642 1900 20
29123901650 1900 20
29123901662 1900 20
29123901670 1900 20
29123901682 1900 20
29123901690 1900 20
29123901702 1900 20
29123901710 1900 20
29123901722 1900 20
29123901730 1900 20
29123901742 1900 20
29123901750 1900 20
29123903766 1900 540
29123903778 1900 540
29123903790 1900 540
29123903798 1900 540
29123903810 1900 540
29123903818 1900 540
29123903830 1900 540
29123903838 1900 540
29123903850 1900 540
29123903858 1900 540
29123903870 1900 540
29123903878 1900 540
29123903890 1900 540
29123903898 1900 540
29123903910 1900 540
29123903918 1900 540
29123903930 1900 540
29123903938 1900 540
29123903950 1900 540
29123903958 1900 540
29123903970 1900 540
29123903978 1900 540
29123903990 1900 540
29123903998 1900 540
29123904010 1900 540
29123904018 1900 540
29123904030 1900 540
29123904042 1900 540
29123904050 1900 540
29123904062 1900 540
29123904070 1900 540
29123904082 1900 540
29123904090 1900 540
29123904102 1900 540
29123904110 1900 540
29123904122 1900 540
29123904130 1900 540
29123904142 1900 540
29123904150 1900 540
29123904162 1900 540
29123904170 1900 540
29123904182 1900 540
29123904190 1900 540
29123904202 1900 540
29123904210 1900 540
29123904222 1900 540
29123904230 1900 540
29123904242 1900 540
29123904250 1900 540
29123904262 1900 540
29123904270 1900 540
29123904282 1900 540
29123904294 1900 540
29123904302 1900 540
29123904314 1900 540
29123904322 1900 540
29123904334 1900 540
29123904342 1900 540
29123904354 1900 540
29123904362 1900 540
29123904374 1900 540
29123904382 1900 540
29123904394 1900 540
29123904402 1900 540
29123904414 1900 540
29123904422 1900 540
29123904434 1900 540
29123904442 1900 540
29123904454 1900 540
29123904462 1900 540
29123904474 1900 540
29123904482 1900 540
29123904494 1900 540
29123904502 1900 540
29123904514 1900 540
29123904522 1900 540
29123904534 1900 540
29123904546 1900 540
29123904554 1900 540
29123904566 1900 540
29123904574 1900 540
29123904586 1900 540
29123904594 1900 540
29123904606 1900 540
29123904614 1900 540
29123904626 1900 540
29123904634 1900 540
29123904646 1900 540
29123904654 1900 540
29123904666 1900 540
29123904674 1900 540
29123904686 1900 540
29123904693 1900 540
29123904706 1900 540
29123904714 1900 540
29123904726 1900 540
29123904733 1900 540
29123904745 1900 540
29123904754 1900 540
29123904765 1900 540
29123904774 1900 540
29123904786 1900 540
29123904798 1900 540
29123904806 1900 540
29123904818 1900 540
29123904826 1900 540
29123904838 1900 540
29123904846 1900 540
29123904858 1900 540
29123904866 1900 540
29123904878 1900 540
29123904886 1900 540
29123904898 1900 540
29123904906 1900 540
29123904917 1900 540
29123904925 1900 540
29123904938 1900 540
29123904946 1900 540
29123904958 1900 540
29123904966 1900 540
29123904978 1900 540
29123904985 1900 540
29123904998 1900 540
29123905006 1900 540
29123905018 1900 540
29123905026 1900 540
29123905037 1900 540
29123905050 1900 540
29123905058 1900 540
29123905070 1900 540
29123905077 1900 540
29123905090 1900 540
29123905097 1900 540
29123905109 1900 540
29123905117 1900 540
29123905129 1900 540
29123905137 1900 540
29123905149 1900 540
29123905157 1900 540
29123905169 1900 540
29123905177 1900 540
29123905189 1900 540
29123905197 1900 540
29123905209 1900 540
29123905217 1900 540
29123905229 1900 540
29123905237 1900 540
29123905249 1900 540
29123905258 1900 540
29123907085 950 540
29123907094 950 540
29123907105 950 540
29123907113 950 540
29123907125 950 540
29123907133 950 540
29123907145 950 540
29123907153 950 540
29123907165 950 540
29123907173 950 540
29123907185 950 540
29123907193 950 540
29123907205 950 540
29123907213 950 540
29123907225 950 540
29123907233 950 540
29123907245 950 540
29123907253 950 540
29123907265 950 540
29123907273 950 540
29123907285 950 540
29123907293 950 540
29123907305 950 540
29123907317 950 540
29123907325 950 540
29123907337 950 540
29123907345 950 540
29123907357 950 540
29123907365 950 540
29123907377 950 540
29123907385 950 540
29123907398 950 540
29123907405 950 540
29123907417 950 540
29123907425 950 540
29123907437 950 540
29123907445 950 540
29123907457 950 540
29123907465 950 540
29123907477 950 540
29123907485 950 540
29123907497 950 540
29123907505 950 540
29123907517 950 540
29123907525 950 540
29123907537 950 540
29123907545 950 540
29123907557 950 540
29123907569 950 540
29123907577 950 540
29123907589 950 540
29123907597 950 540
29123907609 950 540
29123907617 950 540
29123907629 950 540
29123907637 950 540
29123907649 950 540
29123907657 950 540
29123907669 950 540
29123907677 950 540
29123907689 950 540
29123907697 950 540
29123907709 950 540
29123907717 950 540
29123907729 950 540
29123907737 950 540
29123907749 950 540
29123907757 950 540
29123907769 950 540
29123907777 950 540
29123907789 950 540
29123907797 950 540
29123907809 950 540
29123907821 950 540
29123907829 950 540
29123907841 950 540
29123907849 950 540
29123907861 950 540
29123907869 950 540
29123907881 950 540
29123907889 950 540
29123907901 950 540
29123907909 950 540
29123907921 950 540
29123907929 950 540
29123907941 950 540
29123907949 950 540
29123907961 950 540
29123907969 950 540
29123907981 950 540
29123907989 950 540
29123908001 950 540
29123908009 950 540
29123908021 950 540
29123908029 950 540
29123908041 950 540
29123908049 950 540
29123908061 950 540
29123908073 950 540
29123908081 950 540
29123908093 950 540
29123908101 950 540
29123908113 950 540
29123908121 950 540
29123908133 950 540
29123908141 950 540
29123908153 950 540
29123908161 950 540
29123908173 950 540
29123908181 950 540
29123908193 950 540
29123908201 950 540
29123908213 950 540
29123908221 950 540
29123908233 950 540
29123908241 950 540
29123908253 950 540
29123908261 950 540
29123908273 950 540
29123908281 950 540
29123908293 950 540
29123908301 950 540
29123908313 950 540
29123908325 950 540
29123908333 950 540
29123908345 950 540
29123908353 950 540
29123908365 950 540
29123908373 950 540
29123908385 950 540
29123908393 950 540
29123908405 950 540
29123908413 950 540
29123908425 950 540
29123908433 950 540
29123908445 950 540
29123908454 950 540
29123908465 950 540
29123908473 950 540
29123908485 950 540
29123908493 950 540
29123908505 950 540
29123908513 950 540
29123908525 950 540
29123908533 950 540
29123908545 950 540
29123908553 950 540
29123908565 950 540
29123908577 950 540
29123910541 20 540
29123910550 20 540
29123910561 20 540
29123910569 20 540
29123910581 20 540
29123910593 20 540
29123910601 20 540
29123910613 20 540
29123910621 20 540
29123910633 20 540
29123910641 20 540
29123910653 20 540
29123910661 20 540
29123910673 20 540
29123910681 20 540
29123910693 20 540
29123910701 20 540
29123910713 20 540
29123910721 20 540
29123910733 20 540
29123910741 20 540
29123910753 20 540
29123910761 20 540
29123910773 20 540
29123910781 20 540
29123910793 20 540
29123910801 20 540
29123910813 20 540
29123910821 20 540
29123910833 20 540
29123910845 20 540
29123910853 20 540
29123910865 20 540
29123910873 20 540
29123910885 20 540
29123910893 20 540
29123910905 20 540
29123910913 20 540
29123910925 20 540
29123910933 20 540
29123910945 20 540
29123910953 20 540
29123910965 20 540
29123910973 20 540
29123910985 20 540
29123910993 20 540
29123911005 20 540
29123911013 20 540
29123911025 20 540
29123911033 20 540
29123911045 20 540
29123911053 20 540
29123911065 20 540
29123911073 20 540
29123911085 20 540
29123911097 20 540
29123911105 20 540
29123911117 20 540
29123911125 20 540
29123911137 20 540
29123911145 20 540
29123911157 20 540
29123911165 20 540
29123911177 20 540
29123911185 20 540
29123911197 20 540
29123911205 20 540
29123911217 20 540
29123911225 20 540
29123911237 20 540
29123911245 20 540
29123911257 20 540
29123911265 20 540
29123911277 20 540
29123911285 20 540
29123911297 20 540
29123911305 20 540
29123911317 20 540
29123911325 20 540
29123911337 20 540
29123911349 20 540
29123911357 20 540
29123911369 20 540
29123911377 20 540
29123911389 20 540
29123911397 20 540
29123911409 20 540
29123911417 20 540
29123911429 20 540
29123911437 20 540
29123911449 20 540
29123911457 20 540
29123911469 20 540
29123911477 20 540
29123911489 20 540
29123911497 20 540
29123911509 20 540
29123911517 20 540
29123911529 20 540
29123911537 20 540
29123911549 20 540
29123911557 20 540
29123911569 20 540
29123911577 20 540
29123911589 20 540
29123911601 20 540
29123911609 20 540
29123911621 20 540
29123911629 20 540
29123911641 20 540
29123911649 20 540
29123911661 20 540
29123911669 20 540
29123911681 20 540
29123911689 20 540
29123911701 20 540
29123911709 20 540
29123911721 20 540
29123911729 20 540
29123911741 20 540
29123911749 20 540
29123911761 20 540
29123911769 20 540
29123911781 20 540
29123911789 20 540
29123911801 20 540
29123911809 20 540
29123911821 20 540
29123911829 20 540
29123911841 20 540
29123911853 20 540
29123911861 20 540
29123911873 20 540
29123911881 20 540
29123911893 20 540
29123911901 20 540
29123911913 20 540
29123911921 20 540
29123911933 20 540
29123911941 20 540
29123911953 20 540
29123911961 20 540
29123911973 20 540
29123911981 20 540
29123911993 20 540
29123912001 20 540
29123912013 20 540
29123912021 20 540
29123912033 20 540
29123913970 20 1060
29123913977 20 1060
29123913989 20 1060
29123913997 20 1060
29123914009 20 1060
29123914017 20 1060
29123914029 20 1060
29123914037 20 1060
29123914049 20 1060
29123914057 20 1060
29123914069 20 1060
29123914077 20 1060
29123914089 20 1060
29123914097 20 1060
29123914109 20 1060
29123914121 20 1060
29123914129 20 1060
29123914141 20 1060
29123914149 20 1060
29123914161 20 1060
29123914169 20 1060
29123914181 20 1060
29123914189 20 1060
29123914201 20 1060
29123914209 20 1060
29123914221 20 1060
29123914229 20 1060
29123914241 20 1060
29123914249 20 1060
29123914261 20 1060
29123914269 20 1060
29123914281 20 1060
29123914289 20 1060
29123914301 20 1060
29123914309 20 1060
29123914321 20 1060
29123914329 20 1060
29123914341 20 1060
29123914349 20 1060
29123914361 20 1060
29123914373 20 1060
29123914381 20 1060
29123914393 20 1060
29123914401 20 1060
29123914413 20 1060
29123914421 20 1060
29123914433 20 1060
29123914441 20 1060
29123914453 20 1060
29123914461 20 1060
29123914473 20 1060
29123914481 20 1060
29123914493 20 1060
29123914501 20 1060
29123914513 20 1060
29123914521 20 1060
29123914533 20 1060
29123914541 20 1060
29123914553 20 1060
29123914561 20 1060
29123914573 20 1060
29123914581 20 1060
29123914593 20 1060
29123914601 20 1060
29123914613 20 1060
29123914625 20 1060
29123914633 20 1060
29123914645 20 1060
29123914653 20 1060
29123914665 20 1060
29123914673 20 1060
29123914685 20 1060
29123914693 20 1060
29123914705 20 1060
29123914713 20 1060
29123914725 20 1060
29123914733 20 1060
29123914745 20 1060
29123914753 20 1060
29123914765 20 1060
29123914773 20 1060
29123914785 20 1060
29123914793 20 1060
29123914805 20 1060
29123914813 20 1060
29123914825 20 1060
29123914833 20 1060
29123914845 20 1060
29123914853 20 1060
29123914865 20 1060
29123914877 20 1060
29123914885 20 1060
29123914897 20 1060
29123914905 20 1060
29123914917 20 1060
29123914925 20 1060
29123914937 20 1060
29123914945 20 1060
29123914957 20 1060
29123914965 20 1060
29123914977 20 1060
29123914985 20 1060
29123914997 20 1060
29123915005 20 1060
29123915017 20 1060
29123915025 20 1060
29123915037 20 1060
29123915045 20 1060
29123915057 20 1060
29123915065 20 1060
29123915077 20 1060
29123915085 20 1060
29123915097 20 1060
29123915105 20 1060
29123915117 20 1060
29123915129 20 1060
29123915137 20 1060
29123915149 20 1060
29123915157 20 1060
29123915169 20 1060
29123915177 20 1060
29123915189 20 1060
29123915197 20 1060
29123915209 20 1060
29123915217 20 1060
29123915229 20 1060
29123915237 20 1060
29123915249 20 1060
29123915257 20 1060
29123915269 20 1060
29123915277 20 1060
29123915289 20 1060
29123915297 20 1060
29123915309 20 1060
29123915317 20 1060
29123915329 20 1060
29123915337 20 1060
29123915349 20 1060
29123915357 20 1060
29123915369 20 1060
29123915381 20 1060
29123915389 20 1060
29123915401 20 1060
29123915409 20 1060
29123915421 20 1060
29123915429 20 1060
29123915441 20 1060
29123915449 20 1060
29123915461 20 1060
29123917478 950 1060
29123917485 950 1060
29123917497 950 1060
29123917505 950 1060
29123917517 950 1060
29123917525 950 1060
29123917537 950 1060
29123917545 950 1060
29123917557 950 1060
29123917565 950 1060
29123917577 950 1060
29123917585 950 1060
29123917597 950 1060
29123917605 950 1060
29123917617 950 1060
29123917625 950 1060
29123917637 950 1060
29123917649 950 1060
29123917657 950 1060
29123917669 950 1060
29123917677 950 1060
29123917689 950 1060
29123917697 950 1060
29123917709 950 1060
29123917717 950 1060
29123917729 950 1060
29123917737 950 1060
29123917749 950 1060
29123917757 950 1060
29123917769 950 1060
29123917777 950 1060
29123917789 950 1060
29123917797 950 1060
29123917809 950 1060
29123917817 950 1060
29123917829 950 1060
29123917837 950 1060
29123917849 950 1060
29123917857 950 1060
29123917869 950 1060
29123917877 950 1060
29123917889 950 1060
29123917901 950 1060
29123917909 950 1060
29123917921 950 1060
29123917929 950 1060
29123917941 950 1060
29123917949 950 1060
29123917961 950 1060
29123917969 950 1060
29123917981 950 1060
29123917989 950 1060
29123918001 950 1060
29123918009 950 1060
29123918021 950 1060
29123918029 950 1060
29123918041 950 1060
29123918049 950 1060
29123918061 950 1060
29123918069 950 1060
29123918081 950 1060
29123918089 950 1060
29123918101 950 1060
29123918109 950 1060
29123918121 950 1060
29123918129 950 1060
29123918141 950 1060
29123918153 950 1060
29123918161 950 1060
29123918173 950 1060
29123918181 950 1060
29123918193 950 1060
29123918201 950 1060
29123918213 950 1060
29123918221 950 1060
29123918233 950 1060
29123918241 950 1060
29123918253 950 1060
29123918261 950 1060
29123918273 950 1060
29123918281 950 1060
29123918293 950 1060
29123918301 950 1060
29123918313 950 1060
29123918321 950 1060
29123918333 950 1060
29123918341 950 1060
29123918353 950 1060
29123918361 950 1060
29123918373 950 1060
29123918381 950 1060
29123918393 950 1060
29123918405 950 1060
29123918413 950 1060
29123918425 950 1060
29123918433 950 1060
29123918445 950 1060
29123918453 950 1060
29123918465 950 1060
29123918473 950 1060
29123918485 950 1060
29123918493 950 1060
29123918505 950 1060
29123918513 950 1060
29123918525 950 1060
29123918533 950 1060
29123918545 950 1060
29123918553 950 1060
29123918565 950 1060
29123918573 950 1060
29123918585 950 1060
29123918593 950 1060
29123918605 950 1060
29123918613 950 1060
29123918625 950 1060
29123918633 950 1060
29123918645 950 1060
29123918657 950 1060
29123918665 950 1060
29123918677 950 1060
29123918685 950 1060
29123918697 950 1060
29123918705 950 1060
29123918717 950 1060
29123918725 950 1060
29123918737 950 1060
29123918745 950 1060
29123918757 950 1060
29123918765 950 1060
29123918777 950 1060
29123918785 950 1060
29123918797 950 1060
29123918805 950 1060
29123918817 950 1060
29123918825 950 1060
29123918837 950 1060
29123918845 950 1060
29123918857 950 1060
29123918865 950 1060
29123918877 950 1060
29123918885 950 1060
29123918897 950 1060
29123918909 950 1060
29123918917 950 1060
29123918929 950 1060
29123918937 950 1060
29123918949 950 1060
29123918957 950 1060
29123918969 950 1060
29123921657 1900 1060
29123921669 1900 1060
29123921681 1900 1060
29123921689 1900 1060
29123921701 1900 1060
29123921709 1900 1060
29123921721 1900 1060
29123921729 1900 1060
29123921741 1900 1060
29123921749 1900 1060
29123921761 1900 1060
29123921769 1900 1060
29123921781 1900 1060
29123921789 1900 1060
29123921801 1900 1060
29123921809 1900 1060
29123921821 1900 1060
29123921829 1900 1060
29123921841 1900 1060
29123921849 1900 1060
29123921861 1900 1060
29123921869 1900 1060
29123921881 1900 1060
29123921889 1900 1060
29123921901 1900 1060
29123921909 1900 1060
29123921921 1900 1060
29123921933 1900 1060
29123921941 1900 1060
29123921953 1900 1060
29123921961 1900 1060
29123921973 1900 1060
29123921981 1900 1060
29123921993 1900 1060
29123922001 1900 1060
29123922013 1900 1060
29123922021 1900 1060
29123922033 1900 1060
29123922041 1900 1060
29123922053 1900 1060
29123922061 1900 1060
29123922073 1900 1060
29123922081 1900 1060
29123922093 1900 1060
29123922101 1900 1060
29123922113 1900 1060
29123922121 1900 1060
29123922133 1900 1060
29123922141 1900 1060
29123922153 1900 1060
29123922161 1900 1060
29123922173 1900 1060
29123922185 1900 1060
29123922193 1900 1060
29123922205 1900 1060
29123922213 1900 1060
29123922225 1900 1060
29123922233 1900 1060
29123922245 1900 1060
29123922253 1900 1060
29123922265 1900 1060
29123922273 1900 1060
29123922285 1900 1060
29123922293 1900 1060
29123922305 1900 1060
29123922313 1900 1060
29123922325 1900 1060
29123922333 1900 1060
29123922345 1900 1060
29123922353 1900 1060
29123922365 1900 1060
29123922373 1900 1060
29123922385 1900 1060
29123922393 1900 1060
29123922405 1900 1060
29123922413 1900 1060
29123922425 1900 1060
29123922437 1900 1060
29123922445 1900 1060
29123922457 1900 1060
29123922465 1900 1060
29123922477 1900 1060
29123922485 1900 1060
29123922497 1900 1060
29123922505 1900 1060
29123922517 1900 1060
29123922525 1900 1060
29123922537 1900 1060
29123922545 1900 1060
29123922557 1900 1060
29123922565 1900 1060
29123922577 1900 1060
29123922585 1900 1060
29123922597 1900 1060
29123922605 1900 1060
29123922617 1900 1060
29123922625 1900 1060
29123922637 1900 1060
29123922645 1900 1060
29123922657 1900 1060
29123922665 1900 1060
29123922677 1900 1060
29123922689 1900 1060
29123922697 1900 1060
29123922709 1900 1060
29123922717 1900 1060
29123922729 1900 1060
29123922737 1900 1060
29123922749 1900 1060
29123922757 1900 1060
29123922769 1900 1060
29123922777 1900 1060
29123922789 1900 1060
29123922797 1900 1060
29123922809 1900 1060
29123922817 1900 1060
29123922829 1900 1060
29123922837 1900 1060
29123922849 1900 1060
29123922857 1900 1060
29123922869 1900 1060
29123922877 1900 1060
29123922889 1900 1060
29123922897 1900 1060
29123922909 1900 1060
29123922917 1900 1060
29123922929 1900 1060
29123922941 1900 1060
29123922949 1900 1060
29123922961 1900 1060
29123922969 1900 1060
29123922981 1900 1060
29123922989 1900 1060
29123923001 1900 1060
29123923009 1900 1060
29123923021 1900 1060
29123923029 1900 1060
29123923041 1900 1060
29123923049 1900 1060
29123923061 1900 1060
29123923069 1900 1060
29123923081 1900 1060
29123923089 1900 1060
29123923101 1900 1060
29123923109 1900 1060
29123923121 1900 1060
29123923129 1900 1060
29123923141 1900 1060
29123923149 1900 1060
