03131322415 960 540
03131322425 960 540
03131322434 960 540
03131322445 960 540
03131322453 960 540
03131322465 960 540
03131322473 960 540
03131322485 960 540
03131322493 960 540
03131322505 960 540
03131322513 960 540
03131322525 960 540
03131322537 960 540
03131322545 960 540
03131322557 960 540
03131322565 960 540
03131322577 960 540
03131322585 960 540
03131322597 960 540
03131322605 960 540
03131322617 960 540
03131322625 960 540
03131322637 960 540
03131322645 960 540
03131322657 960 540
03131322665 960 540
03131322677 960 540
03131322685 960 540
03131322697 960 540
03131322705 960 540
03131322717 960 540
03131322725 960 540
03131322737 960 540
03131322745 960 540
03131322757 960 540
03131322765 960 540
03131322777 960 540
03131322789 960 540
03131322797 960 540
03131322809 960 540
03131322817 960 540
03131322829 960 540
03131322837 960 540
03131322849 960 540
03131322857 960 540
03131322869 960 540
03131322877 960 540
03131322889 960 540
03131322897 960 540
03131322909 960 540
03131322917 960 540
03131322929 960 540
03131322937 960 540
03131322949 960 540
03131322957 960 540
03131322969 960 540
03131322977 960 540
03131322989 960 540
03131322997 960 540
03131323009 960 540
03131323017 960 540
03131323029 960 540
03131323041 960 540
03131323049 960 540
03131323061 960 540
03131323069 960 540
03131323081 960 540
03131323089 960 540
03131323101 960 540
03131323109 960 540
03131323121 960 540
03131323129 960 540
03131323141 960 540
03131323149 960 540
03131323161 960 540
03131323169 960 540
03131323181 960 540
03131323189 960 540
03131323201 960 540
03131323209 960 540
03131323221 960 540
03131323229 960 540
03131323241 960 540
03131323249 960 540
03131323261 960 540
03131323269 960 540
03131323281 960 540
03131323293 960 540
03131323301 960 540
03131323313 960 540
03131323321 960 540
03131323333 960 540
03131323341 960 540
03131323353 960 540
03131323361 960 540
03131323373 960 540
03131323381 960 540
03131323393 960 540
03131323401 960 540
03131323413 960 540
03131323421 960 540
03131323433 960 540
03131323441 960 540
03131323453 960 540
03131323461 960 540
03131323473 960 540
03131323481 960 540
03131323493 960 540
03131323501 960 540
03131323513 960 540
03131323521 960 540
03131323533 960 540
03131323545 960 540
03131323553 960 540
03131323565 960 540
03131323573 960 540
03131323585 960 540
03131323593 960 540
03131323605 960 540
03131323613 960 540
03131323625 960 540
03131323633 960 540
03131323645 960 540
03131323653 960 540
03131323665 960 540
03131323673 960 540
03131323685 960 540
03131323693 960 540
03131323705 960 540
03131323713 960 540
03131323725 960 540
03131323733 960 540
03131323745 960 540
03131323753 960 540
03131323765 960 540
03131323773 960 540
03131323785 960 540
03131323797 960 540
03131323805 960 540
03131323817 960 540
03131323825 960 540
03131323837 960 540
03131323845 960 540
03131323857 960 540
03131323865 960 540
03131323877 960 540
03131323885 960 540
03131323897 960 540
03131323905 960 540
03131323920 960 975
03131323926 960 975
03131323938 960 975
03131323946 960 975
03131323958 960 975
03131323966 960 975
03131323978 960 975
03131323986 960 975
03131323998 960 975
03131324006 960 975
03131324018 960 975
03131324026 960 975
03131324038 960 975
03131324050 960 975
03131324058 960 975
03131324070 960 975
03131324078 960 975
03131324090 960 975
03131324098 960 975
03131324110 960 975
03131324118 960 975
03131324129 960 975
03131324138 960 975
03131324150 960 975
03131324158 960 975
03131324170 960 975
03131324178 960 975
03131324190 960 975
03131324198 960 975
03131324210 960 975
03131324218 960 975
03131324230 960 975
03131324238 960 975
03131324250 960 975
03131324258 960 975
03131324270 960 975
03131324278 960 975
03131324290 960 975
03131324302 960 975
03131324310 960 975
03131324322 960 975
03131324330 960 975
03131324342 960 975
03131324350 960 975
03131324362 960 975
03131324370 960 975
03131324382 960 975
03131324390 960 975
03131324402 960 975
03131324410 960 975
03131324422 960 975
03131324430 960 975
03131324442 960 975
03131324450 960 975
03131324462 960 975
03131324470 960 975
03131324482 960 975
03131324490 960 975
03131324502 960 975
03131324510 960 975
03131324522 960 975
03131324530 960 975
03131324542 960 975
03131324554 960 975
03131324562 960 975
03131324574 960 975
03131324582 960 975
03131324594 960 975
03131324602 960 975
03131324614 960 975
03131324622 960 975
03131324634 960 975
03131324642 960 975
03131324654 960 975
03131324662 960 975
03131324674 960 975
03131324682 960 975
03131324694 960 975
03131324702 960 975
03131324714 960 975
03131324722 960 975
03131324734 960 975
03131324742 960 975
03131324754 960 975
03131324762 960 975
03131324774 960 975
03131324782 960 975
03131324794 960 975
03131324806 960 975
03131324814 960 975
03131324826 960 975
03131324834 960 975
03131324846 960 975
03131324854 960 975
03131324866 960 975
03131324874 960 975
03131324886 960 975
03131324894 960 975
03131324906 960 975
03131324914 960 975
03131324926 960 975
03131324934 960 975
03131324946 960 975
03131324954 960 975
03131324966 960 975
03131324974 960 975
03131324986 960 975
03131324994 960 975
03131325006 960 975
03131325014 960 975
03131325026 960 975
03131325034 960 975
03131325046 960 975
03131325058 960 975
03131325066 960 975
03131325078 960 975
03131325086 960 975
03131325098 960 975
03131325106 960 975
03131325118 960 975
03131325126 960 975
03131325138 960 975
03131325146 960 975
03131325158 960 975
03131325166 960 975
03131325178 960 975
03131325186 960 975
03131325198 960 975
03131325206 960 975
03131325218 960 975
03131325226 960 975
03131325238 960 975
03131325246 960 975
03131325258 960 975
03131325266 960 975
03131325278 960 975
03131325285 960 975
03131325297 960 975
03131325309 960 975
03131325317 960 975
03131325330 960 975
03131325338 960 975
03131325350 960 975
03131325358 960 975
03131325370 960 975
03131325378 960 975
03131325390 960 975
03131325398 960 975
03131325410 960 975
03131325418 960 540
03131325430 960 540
03131325438 960 540
03131325450 960 540
03131325458 960 540
03131325469 960 540
03131325478 960 540
03131325490 960 540
03131325498 960 540
03131325510 960 540
03131325518 960 540
03131325530 960 540
03131325538 960 540
03131325550 960 540
03131325562 960 540
03131325570 960 540
03131325582 960 540
03131325590 960 540
03131325602 960 540
03131325610 960 540
03131325622 960 540
03131325630 960 540
03131325642 960 540
03131325650 960 540
03131325662 960 540
03131325670 960 540
03131325682 960 540
03131325690 960 540
03131325702 960 540
03131325710 960 540
03131325722 960 540
03131325730 960 540
03131325742 960 540
03131325750 960 540
03131325762 960 540
03131325770 960 540
03131325782 960 540
03131325790 960 540
03131325802 960 540
03131325814 960 540
03131325822 960 540
03131325834 960 540
03131325842 960 540
03131325854 960 540
03131325862 960 540
03131325874 960 540
03131325882 960 540
03131325894 960 540
03131325902 960 540
03131325914 960 540
03131325922 960 540
03131325934 960 540
03131325942 960 540
03131325954 960 540
03131325962 960 540
03131325974 960 540
03131325982 960 540
03131325994 960 540
03131326002 960 540
03131326014 960 540
03131326022 960 540
03131326034 960 540
03131326042 960 540
03131326054 960 540
03131326066 960 540
03131326074 960 540
03131326086 960 540
03131326094 960 540
03131326106 960 540
03131326114 960 540
03131326126 960 540
03131326134 960 540
03131326146 960 540
03131326154 960 540
03131326166 960 540
03131326174 960 540
03131326186 960 540
03131326194 960 540
03131326206 960 540
03131326214 960 540
03131326226 960 540
03131326234 960 540
03131326246 960 540
03131326254 960 540
03131326266 960 540
03131326274 960 540
03131326286 960 540
03131326294 960 540
03131326306 960 540
03131326318 960 540
03131326326 960 540
03131326338 960 540
03131326346 960 540
03131326358 960 540
03131326366 960 540
03131326378 960 540
03131326386 960 540
03131326398 960 540
03131326406 960 540
03131326418 960 540
03131326426 960 540
03131326438 960 540
03131326446 960 540
03131326458 960 540
03131326466 960 540
03131326478 960 540
03131326486 960 540
03131326498 960 540
03131326506 960 540
03131326518 960 540
03131326526 960 540
03131326538 960 540
03131326546 960 540
03131326558 960 540
03131326570 960 540
03131326578 960 540
03131326590 960 540
03131326598 960 540
03131326610 960 540
03131326618 960 540
03131326630 960 540
03131326638 960 540
03131326650 960 540
03131326658 960 540
03131326670 960 540
03131326678 960 540
03131326690 960 540
03131326698 960 540
03131326710 960 540
03131326718 960 540
03131326730 960 540
03131326738 960 540
03131326750 960 540
03131326758 960 540
03131326770 960 540
03131326778 960 540
03131326790 960 540
03131326798 960 540
03131326810 960 540
03131326822 960 540
03131326830 960 540
03131326842 960 540
03131326850 960 540
03131326862 960 540
03131326870 960 540
03131326882 960 540
03131326890 960 540
03131326902 960 540
03131326910 960 540
03131326925 960 757
03131326931 960 757
03131326942 960 757
03131326950 960 757
03131326962 960 757
03131326970 960 757
03131326982 960 757
03131326990 960 757
03131327002 960 757
03131327010 960 757
03131327022 960 757
03131327030 960 757
03131327042 960 757
03131327050 960 757
03131327062 960 757
03131327074 960 757
03131327082 960 757
03131327094 960 757
03131327102 960 757
03131327114 960 757
03131327122 960 757
03131327134 960 757
03131327142 960 757
03131327154 960 757
03131327162 960 757
03131327174 960 757
03131327182 960 757
03131327194 960 757
03131327202 960 757
03131327214 960 757
03131327222 960 757
03131327234 960 757
03131327242 960 757
03131327254 960 757
03131327262 960 757
03131327274 960 757
03131327282 960 757
03131327294 960 757
03131327302 960 757
03131327314 960 757
03131327326 960 757
03131327334 960 757
03131327346 960 757
03131327354 960 757
03131327366 960 757
03131327374 960 757
03131327386 960 757
03131327394 960 757
03131327406 960 757
03131327414 960 757
03131327426 960 757
03131327434 960 757
03131327446 960 757
03131327454 960 757
03131327466 960 757
03131327474 960 757
03131327486 960 757
03131327494 960 757
03131327506 960 757
03131327514 960 757
03131327526 960 757
03131327534 960 757
03131327546 960 757
03131327554 960 757
03131327566 960 757
03131327578 960 757
03131327586 960 757
03131327597 960 757
03131327605 960 757
03131327617 960 757
03131327625 960 757
03131327637 960 757
03131327645 960 757
03131327657 960 757
03131327665 960 757
03131327677 960 757
03131327685 960 757
03131327697 960 757
03131327705 960 757
03131327717 960 757
03131327725 960 757
03131327737 960 757
03131327745 960 757
03131327757 960 757
03131327765 960 757
03131327777 960 757
03131327785 960 757
03131327797 960 757
03131327805 960 757
03131327817 960 757
03131327829 960 757
03131327837 960 757
03131327849 960 757
03131327858 960 757
03131327869 960 757
03131327877 960 757
03131327889 960 757
03131327898 960 757
03131327909 960 757
03131327917 960 757
03131327929 960 757
03131327937 960 757
03131327949 960 757
03131327957 960 757
03131327969 960 757
03131327977 960 757
03131327989 960 757
03131327997 960 757
03131328009 960 757
03131328017 960 757
03131328029 960 757
03131328037 960 757
03131328049 960 757
03131328057 960 757
03131328069 960 757
03131328081 960 757
03131328089 960 757
03131328101 960 757
03131328109 960 757
03131328121 960 757
03131328129 960 757
03131328141 960 757
03131328149 960 757
03131328161 960 757
03131328169 960 757
03131328181 960 757
03131328189 960 757
03131328201 960 757
03131328209 960 757
03131328221 960 757
03131328229 960 757
03131328241 960 757
03131328249 960 757
03131328261 960 757
03131328269 960 757
03131328281 960 757
03131328289 960 757
03131328301 960 757
03131328309 960 757
03131328321 960 757
03131328333 960 757
03131328341 960 757
03131328353 960 757
03131328361 960 757
03131328373 960 757
03131328381 960 757
03131328393 960 757
03131328401 960 757
03131328413 960 757
03131328422 960 540
03131328433 960 540
03131328442 960 540
03131328454 960 540
03131328462 960 540
03131328474 960 540
03131328482 960 540
03131328494 960 540
03131328502 960 540
03131328514 960 540
03131328522 960 540
03131328534 960 540
03131328542 960 540
03131328554 960 540
03131328562 960 540
03131328574 960 540
03131328585 960 540
03131328594 960 540
03131328606 960 540
03131328614 960 540
03131328626 960 540
03131328634 960 540
03131328646 960 540
03131328654 960 540
03131328666 960 540
03131328674 960 540
03131328686 960 540
03131328694 960 540
03131328706 960 540
03131328714 960 540
03131328726 960 540
03131328734 960 540
03131328746 960 540
03131328754 960 540
03131328766 960 540
03131328774 960 540
03131328786 960 540
03131328794 960 540
03131328806 960 540
03131328814 960 540
03131328826 960 540
03131328838 960 540
03131328846 960 540
03131328858 960 540
03131328866 960 540
03131328878 960 540
03131328886 960 540
03131328898 960 540
03131328906 960 540
03131328918 960 540
03131328926 960 540
03131328938 960 540
03131328946 960 540
03131328958 960 540
03131328966 960 540
03131328978 960 540
03131328986 960 540
03131328998 960 540
03131329006 960 540
03131329018 960 540
03131329026 960 540
03131329038 960 540
03131329046 960 540
03131329058 960 540
03131329066 960 540
03131329078 960 540
03131329090 960 540
03131329098 960 540
03131329110 960 540
03131329118 960 540
03131329130 960 540
03131329138 960 540
03131329150 960 540
03131329158 960 540
03131329170 960 540
03131329178 960 540
03131329190 960 540
03131329198 960 540
03131329210 960 540
03131329218 960 540
03131329230 960 540
03131329238 960 540
03131329250 960 540
03131329258 960 540
03131329270 960 540
03131329278 960 540
03131329290 960 540
03131329298 960 540
03131329310 960 540
03131329318 960 540
03131329330 960 540
03131329342 960 540
03131329350 960 540
03131329362 960 540
03131329370 960 540
03131329382 960 540
03131329390 960 540
03131329402 960 540
03131329410 960 540
03131329422 960 540
03131329430 960 540
03131329442 960 540
03131329450 960 540
03131329462 960 540
03131329470 960 540
03131329482 960 540
03131329490 960 540
03131329502 960 540
03131329510 960 540
03131329522 960 540
03131329530 960 540
03131329542 960 540
03131329550 960 540
03131329562 960 540
03131329570 960 540
03131329582 960 540
03131329594 960 540
03131329602 960 540
03131329614 960 540
03131329622 960 540
03131329634 960 540
03131329642 960 540
03131329654 960 540
03131329662 960 540
03131329674 960 540
03131329682 960 540
03131329694 960 540
03131329702 960 540
03131329714 960 540
03131329722 960 540
03131329734 960 540
03131329742 960 540
03131329754 960 540
03131329762 960 540
03131329774 960 540
03131329782 960 540
03131329794 960 540
03131329802 960 540
03131329814 960 540
03131329822 960 540
03131329834 960 540
03131329846 960 540
03131329854 960 540
03131329866 960 540
03131329874 960 540
03131329886 960 540
03131329894 960 540
03131329906 960 540
03131329914 960 540
03131329927 960 975
03131329935 960 975
03131329946 960 975
03131329954 960 975
03131329966 960 975
03131329974 960 975
03131329986 960 975
03131329994 960 975
03131330006 960 975
03131330014 960 975
03131330026 960 975
03131330034 960 975
03131330046 960 975
03131330054 960 975
03131330066 960 975
03131330074 960 975
03131330086 960 975
03131330098 960 975
03131330106 960 975
03131330118 960 975
03131330126 960 975
03131330138 960 975
03131330146 960 975
03131330158 960 975
03131330166 960 975
03131330178 960 975
03131330186 960 975
03131330198 960 975
03131330206 960 975
03131330218 960 975
03131330226 960 975
03131330238 960 975
03131330246 960 975
03131330258 960 975
03131330266 960 975
03131330278 960 975
03131330286 960 975
03131330298 960 975
03131330306 960 975
03131330318 960 975
03131330326 960 975
03131330338 960 975
03131330350 960 975
03131330358 960 975
03131330370 960 975
03131330378 960 975
03131330390 960 975
03131330398 960 975
03131330410 960 975
03131330418 960 975
03131330430 960 975
03131330438 960 975
03131330450 960 975
03131330458 960 975
03131330470 960 975
03131330478 960 975
03131330490 960 975
03131330498 960 975
03131330510 960 975
03131330518 960 975
03131330530 960 975
03131330538 960 975
03131330550 960 975
03131330558 960 975
03131330570 960 975
03131330578 960 975
03131330590 960 975
03131330602 960 975
03131330610 960 975
03131330622 960 975
03131330630 960 975
03131330642 960 975
03131330650 960 975
03131330662 960 975
03131330670 960 975
03131330682 960 975
03131330690 960 975
03131330702 960 975
03131330710 960 975
03131330722 960 975
03131330730 960 975
03131330742 960 975
03131330750 960 975
03131330762 960 975
03131330770 960 975
03131330782 960 975
03131330790 960 975
03131330802 960 975
03131330810 960 975
03131330822 960 975
03131330830 960 975
03131330842 960 975
03131330854 960 975
03131330862 960 975
03131330874 960 975
03131330882 960 975
03131330894 960 975
03131330902 960 975
03131330914 960 975
03131330922 960 975
03131330934 960 975
03131330942 960 975
03131330954 960 975
03131330962 960 975
03131330974 960 975
03131330982 960 975
03131330994 960 975
03131331002 960 975
03131331014 960 975
03131331022 960 975
03131331034 960 975
03131331042 960 975
03131331054 960 975
03131331062 960 975
03131331074 960 975
03131331082 960 975
03131331094 960 975
03131331106 960 975
03131331114 960 975
03131331126 960 975
03131331134 960 975
03131331146 960 975
03131331154 960 975
03131331166 960 975
03131331174 960 975
03131331186 960 975
03131331194 960 975
03131331206 960 975
03131331214 960 975
03131331226 960 975
03131331234 960 975
03131331246 960 975
03131331254 960 975
03131331266 960 975
03131331274 960 975
03131331286 960 975
03131331294 960 975
03131331306 960 975
03131331314 960 975
03131331326 960 975
03131331334 960 975
03131331346 960 975
03131331358 960 975
03131331366 960 975
03131331378 960 975
03131331386 960 975
03131331398 960 975
03131331406 960 975
03131331418 960 975
03131331426 960 540
03131331438 960 540
03131331446 960 540
03131331458 960 540
03131331466 960 540
03131331479 960 540
03131331486 960 540
03131331498 960 540
03131331506 960 540
03131331518 960 540
03131331526 960 540
03131331538 960 540
03131331546 960 540
03131331558 960 540
03131331566 960 540
03131331578 960 540
03131331586 960 540
03131331598 960 540
03131331609 960 540
03131331618 960 540
03131331630 960 540
03131331638 960 540
03131331650 960 540
03131331658 960 540
03131331670 960 540
03131331678 960 540
03131331690 960 540
03131331698 960 540
03131331709 960 540
03131331718 960 540
03131331729 960 540
03131331738 960 540
03131331750 960 540
03131331758 960 540
03131331770 960 540
03131331778 960 540
03131331789 960 540
03131331798 960 540
03131331810 960 540
03131331818 960 540
03131331830 960 540
03131331838 960 540
03131331851 960 540
03131331864 960 540
03131331872 960 540
03131331882 960 540
03131331890 960 540
03131331902 960 540
03131331910 960 540
03131331923 960 540
03131331933 960 540
03131331942 960 540
03131331950 960 540
03131331962 960 540
03131331970 960 540
03131331982 960 540
03131331990 960 540
03131332002 960 540
03131332010 960 540
03131332022 960 540
03131332030 960 540
03131332042 960 540
03131332050 960 540
03131332062 960 540
03131332070 960 540
03131332082 960 540
03131332090 960 540
03131332102 960 540
03131332114 960 540
03131332122 960 540
03131332134 960 540
03131332142 960 540
03131332154 960 540
03131332162 960 540
03131332174 960 540
03131332182 960 540
03131332194 960 540
03131332202 960 540
03131332214 960 540
03131332222 960 540
03131332234 960 540
03131332242 960 540
03131332254 960 540
03131332262 960 540
03131332274 960 540
03131332282 960 540
03131332293 960 540
03131332301 960 540
03131332314 960 540
03131332321 960 540
03131332334 960 540
03131332342 960 540
03131332353 960 540
03131332365 960 540
03131332374 960 540
03131332386 960 540
03131332393 960 540
03131332406 960 540
03131332413 960 540
03131332425 960 540
03131332433 960 540
03131332445 960 540
03131332453 960 540
03131332465 960 540
03131332473 960 540
03131332485 960 540
03131332493 960 540
03131332505 960 540
03131332513 960 540
03131332525 960 540
03131332534 960 540
03131332545 960 540
03131332553 960 540
03131332565 960 540
03131332573 960 540
03131332585 960 540
03131332593 960 540
03131332605 960 540
03131332617 960 540
03131332625 960 540
03131332637 960 540
03131332645 960 540
03131332658 960 540
03131332665 960 540
03131332677 960 540
03131332686 960 540
03131332697 960 540
03131332705 960 540
03131332718 960 540
03131332725 960 540
03131332737 960 540
03131332745 960 540
03131332758 960 540
03131332765 960 540
03131332777 960 540
03131332796 960 540
03131332802 960 540
03131332807 960 540
03131332817 960 540
03131332825 960 540
03131332837 960 540
03131332845 960 540
03131332857 960 540
03131332869 960 540
03131332877 960 540
03131332889 960 540
03131332898 960 540
03131332909 960 540
03131332917 960 540
03131332932 960 104
03131332939 960 104
03131332950 960 104
03131332958 960 104
03131332970 960 104
03131332978 960 104
03131332990 960 104
03131332998 960 104
03131333010 960 104
03131333018 960 104
03131333030 960 104
03131333038 960 104
03131333050 960 104
03131333058 960 104
03131333070 960 104
03131333078 960 104
03131333090 960 104
03131333098 960 104
03131333110 960 104
03131333122 960 104
03131333130 960 104
03131333142 960 104
03131333150 960 104
03131333162 960 104
03131333170 960 104
03131333182 960 104
03131333190 960 104
03131333202 960 104
03131333210 960 104
03131333222 960 104
03131333230 960 104
03131333242 960 104
03131333250 960 104
03131333262 960 104
03131333270 960 104
03131333282 960 104
03131333290 960 104
03131333302 960 104
03131333310 960 104
03131333322 960 104
03131333330 960 104
03131333342 960 104
03131333350 960 104
03131333362 960 104
03131333374 960 104
03131333382 960 104
03131333394 960 104
03131333402 960 104
03131333414 960 104
03131333422 960 104
03131333434 960 104
03131333442 960 104
03131333454 960 104
03131333462 960 104
03131333474 960 104
03131333482 960 104
03131333494 960 104
03131333502 960 104
03131333514 960 104
03131333522 960 104
03131333534 960 104
03131333542 960 104
03131333554 960 104
03131333562 960 104
03131333574 960 104
03131333582 960 104
03131333594 960 104
03131333602 960 104
03131333614 960 104
03131333626 960 104
03131333634 960 104
03131333646 960 104
03131333654 960 104
03131333666 960 104
03131333674 960 104
03131333686 960 104
03131333694 960 104
03131333706 960 104
03131333714 960 104
03131333726 960 104
03131333734 960 104
03131333746 960 104
03131333754 960 104
03131333766 960 104
03131333774 960 104
03131333786 960 104
03131333794 960 104
03131333806 960 104
03131333814 960 104
03131333826 960 104
03131333834 960 104
03131333846 960 104
03131333854 960 104
03131333866 960 104
03131333878 960 104
03131333886 960 104
03131333898 960 104
03131333906 960 104
03131333918 960 104
03131333926 960 104
03131333938 960 104
03131333946 960 104
03131333958 960 104
03131333966 960 104
03131333978 960 104
03131333986 960 104
03131333998 960 104
03131334006 960 104
03131334018 960 104
03131334026 960 104
03131334038 960 104
03131334046 960 104
03131334058 960 104
03131334066 960 104
03131334078 960 104
03131334086 960 104
03131334098 960 104
03131334106 960 104
03131334118 960 104
03131334130 960 104
03131334138 960 104
03131334150 960 104
03131334158 960 104
03131334170 960 104
03131334178 960 104
03131334190 960 104
03131334198 960 104
03131334210 960 104
03131334218 960 104
03131334230 960 104
03131334238 960 104
03131334250 960 104
03131334258 960 104
03131334270 960 104
03131334278 960 104
03131334290 960 104
03131334298 960 104
03131334310 960 104
03131334318 960 104
03131334330 960 104
03131334338 960 104
03131334350 960 104
03131334358 960 104
03131334370 960 104
03131334382 960 104
03131334390 960 104
03131334402 960 104
03131334410 960 104
03131334422 960 104
03131334430 960 540
03131334442 960 540
03131334450 960 540
03131334462 960 540
03131334470 960 540
03131334482 960 540
03131334490 960 540
03131334502 960 540
03131334510 960 540
03131334522 960 540
03131334530 960 540
03131334542 960 540
03131334550 960 540
03131334562 960 540
03131334570 960 540
03131334582 960 540
03131334590 960 540
03131334602 960 540
03131334610 960 540
03131334622 960 540
03131334634 960 540
03131334642 960 540
03131334654 960 540
03131334662 960 540
03131334674 960 540
03131334682 960 540
03131334694 960 540
03131334702 960 540
03131334714 960 540
03131334722 960 540
03131334734 960 540
03131334742 960 540
03131334754 960 540
03131334762 960 540
03131334774 960 540
03131334782 960 540
03131334794 960 540
03131334802 960 540
03131334814 960 540
03131334822 960 540
03131334834 960 540
03131334842 960 540
03131334854 960 540
03131334862 960 540
03131334874 960 540
03131334886 960 540
03131334894 960 540
03131334906 960 540
03131334914 960 540
03131334926 960 540
03131334934 960 540
03131334946 960 540
03131334954 960 540
03131334966 960 540
03131334974 960 540
03131334986 960 540
03131334994 960 540
03131335006 960 540
03131335014 960 540
03131335026 960 540
03131335034 960 540
03131335046 960 540
03131335054 960 540
03131335066 960 540
03131335074 960 540
03131335086 960 540
03131335094 960 540
03131335106 960 540
03131335114 960 540
03131335126 960 540
03131335138 960 540
03131335146 960 540
03131335158 960 540
03131335166 960 540
03131335178 960 540
03131335186 960 540
03131335198 960 540
03131335206 960 540
03131335218 960 540
03131335226 960 540
03131335238 960 540
03131335246 960 540
03131335258 960 540
03131335266 960 540
03131335278 960 540
03131335286 960 540
03131335298 960 540
03131335306 960 540
03131335318 960 540
03131335326 960 540
03131335338 960 540
03131335346 960 540
03131335358 960 540
03131335366 960 540
03131335378 960 540
03131335390 960 540
03131335398 960 540
03131335410 960 540
03131335418 960 540
03131335430 960 540
03131335438 960 540
03131335450 960 540
03131335458 960 540
03131335470 960 540
03131335478 960 540
03131335490 960 540
03131335498 960 540
03131335510 960 540
03131335518 960 540
03131335530 960 540
03131335538 960 540
03131335550 960 540
03131335558 960 540
03131335570 960 540
03131335578 960 540
03131335590 960 540
03131335598 960 540
03131335610 960 540
03131335618 960 540
03131335630 960 540
03131335642 960 540
03131335650 960 540
03131335662 960 540
03131335670 960 540
03131335682 960 540
03131335690 960 540
03131335702 960 540
03131335710 960 540
03131335722 960 540
03131335730 960 540
03131335742 960 540
03131335750 960 540
03131335762 960 540
03131335770 960 540
03131335782 960 540
03131335790 960 540
03131335802 960 540
03131335810 960 540
03131335822 960 540
03131335830 960 540
03131335842 960 540
03131335850 960 540
03131335862 960 540
03131335870 960 540
03131335882 960 540
03131335894 960 540
03131335902 960 540
03131335914 960 540
03131335922 960 540
03131335936 960 322
03131335943 960 322
03131335954 960 322
03131335962 960 322
03131335974 960 322
03131335982 960 322
03131335994 960 322
03131336002 960 322
03131336014 960 322
03131336022 960 322
03131336034 960 322
03131336042 960 322
03131336054 960 322
03131336062 960 322
03131336074 960 322
03131336082 960 322
03131336094 960 322
03131336102 960 322
03131336114 960 322
03131336122 960 322
03131336134 960 322
03131336146 960 322
03131336154 960 322
03131336166 960 322
03131336174 960 322
03131336186 960 322
03131336194 960 322
03131336206 960 322
03131336214 960 322
03131336226 960 322
03131336234 960 322
03131336246 960 322
03131336254 960 322
03131336266 960 322
03131336274 960 322
03131336286 960 322
03131336294 960 322
03131336306 960 322
03131336314 960 322
03131336326 960 322
03131336334 960 322
03131336346 960 322
03131336354 960 322
03131336366 960 322
03131336374 960 322
03131336386 960 322
03131336398 960 322
03131336406 960 322
03131336418 960 322
03131336426 960 322
03131336438 960 322
03131336446 960 322
03131336458 960 322
03131336466 960 322
03131336478 960 322
03131336486 960 322
03131336498 960 322
03131336506 960 322
03131336518 960 322
03131336526 960 322
03131336538 960 322
03131336546 960 322
03131336558 960 322
03131336566 960 322
03131336578 960 322
03131336586 960 322
03131336598 960 322
03131336606 960 322
03131336618 960 322
03131336626 960 322
03131336638 960 322
03131336650 960 322
03131336658 960 322
03131336670 960 322
03131336678 960 322
03131336690 960 322
03131336698 960 322
03131336710 960 322
03131336718 960 322
03131336730 960 322
03131336738 960 322
03131336750 960 322
03131336758 960 322
03131336770 960 322
03131336778 960 322
03131336790 960 322
03131336798 960 322
03131336810 960 322
03131336818 960 322
03131336830 960 322
03131336838 960 322
03131336850 960 322
03131336858 960 322
03131336870 960 322
03131336878 960 322
03131336890 960 322
03131336902 960 322
03131336910 960 322
03131336922 960 322
03131336930 960 322
03131336942 960 322
03131336950 960 322
03131336962 960 322
03131336970 960 322
03131336982 960 322
03131336990 960 322
03131337002 960 322
03131337010 960 322
03131337022 960 322
03131337030 960 322
03131337042 960 322
03131337050 960 322
03131337062 960 322
03131337070 960 322
03131337082 960 322
03131337090 960 322
03131337102 960 322
03131337110 960 322
03131337122 960 322
03131337130 960 322
03131337142 960 322
03131337154 960 322
03131337162 960 322
03131337174 960 322
03131337182 960 322
03131337194 960 322
03131337202 960 322
03131337214 960 322
03131337222 960 322
03131337234 960 322
03131337242 960 322
03131337254 960 322
03131337262 960 322
03131337274 960 322
03131337282 960 322
03131337294 960 322
03131337302 960 322
03131337314 960 322
03131337322 960 322
03131337334 960 322
03131337342 960 322
03131337354 960 322
03131337362 960 322
03131337374 960 322
03131337382 960 322
03131337394 960 322
03131337406 960 322
03131337414 960 322
03131337426 960 322
03131337434 960 540
03131337446 960 540
03131337454 960 540
03131337466 960 540
03131337474 960 540
03131337486 960 540
03131337494 960 540
03131337506 960 540
03131337514 960 540
03131337526 960 540
03131337534 960 540
03131337546 960 540
03131337554 960 540
03131337566 960 540
03131337574 960 540
03131337586 960 540
03131337594 960 540
03131337606 960 540
03131337614 960 540
03131337626 960 540
03131337634 960 540
03131337646 960 540
03131337658 960 540
03131337666 960 540
03131337678 960 540
03131337686 960 540
03131337698 960 540
03131337706 960 540
03131337718 960 540
03131337726 960 540
03131337738 960 540
03131337746 960 540
03131337758 960 540
03131337766 960 540
03131337778 960 540
03131337786 960 540
03131337798 960 540
03131337806 960 540
03131337818 960 540
03131337826 960 540
03131337838 960 540
03131337846 960 540
03131337858 960 540
03131337866 960 540
03131337878 960 540
03131337886 960 540
03131337898 960 540
03131337910 960 540
03131337918 960 540
03131337930 960 540
03131337938 960 540
03131337950 960 540
03131337958 960 540
03131337970 960 540
03131337978 960 540
03131337990 960 540
03131337998 960 540
03131338010 960 540
03131338018 960 540
03131338030 960 540
03131338038 960 540
03131338050 960 540
03131338058 960 540
03131338070 960 540
03131338078 960 540
03131338090 960 540
03131338098 960 540
03131338110 960 540
03131338118 960 540
03131338130 960 540
03131338138 960 540
03131338150 960 540
03131338162 960 540
03131338170 960 540
03131338182 960 540
03131338190 960 540
03131338202 960 540
03131338210 960 540
03131338222 960 540
03131338230 960 540
03131338242 960 540
03131338250 960 540
03131338262 960 540
03131338270 960 540
03131338282 960 540
03131338290 960 540
03131338302 960 540
03131338310 960 540
03131338322 960 540
03131338330 960 540
03131338342 960 540
03131338350 960 540
03131338362 960 540
03131338370 960 540
03131338382 960 540
03131338390 960 540
03131338402 960 540
03131338414 960 540
03131338422 960 540
03131338434 960 540
03131338442 960 540
03131338454 960 540
03131338462 960 540
03131338474 960 540
03131338482 960 540
03131338494 960 540
03131338502 960 540
03131338514 960 540
03131338522 960 540
03131338534 960 540
03131338542 960 540
03131338554 960 540
03131338562 960 540
03131338574 960 540
03131338582 960 540
03131338594 960 540
03131338602 960 540
03131338614 960 540
03131338622 960 540
03131338634 960 540
03131338642 960 540
03131338654 960 540
03131338666 960 540
03131338674 960 540
03131338686 960 540
03131338694 960 540
03131338706 960 540
03131338714 960 540
03131338726 960 540
03131338734 960 540
03131338746 960 540
03131338754 960 540
03131338766 960 540
03131338774 960 540
03131338786 960 540
03131338794 960 540
03131338806 960 540
03131338814 960 540
03131338826 960 540
03131338834 960 540
03131338846 960 540
03131338854 960 540
03131338866 960 540
03131338874 960 540
03131338886 960 540
03131338894 960 540
03131338906 960 540
03131338918 960 540
03131338926 960 540
03131338939 960 322
03131338948 960 322
03131338958 960 322
03131338966 960 322
03131338978 960 322
03131338986 960 322
03131338998 960 322
03131339006 960 322
03131339018 960 322
03131339026 960 322
03131339038 960 322
03131339046 960 322
03131339058 960 322
03131339066 960 322
03131339078 960 322
03131339086 960 322
03131339098 960 322
03131339106 960 322
03131339118 960 322
03131339126 960 322
03131339138 960 322
03131339146 960 322
03131339158 960 322
03131339170 960 322
03131339178 960 322
03131339190 960 322
03131339198 960 322
03131339210 960 322
03131339218 960 322
03131339230 960 322
03131339238 960 322
03131339250 960 322
03131339258 960 322
03131339270 960 322
03131339278 960 322
03131339290 960 322
03131339298 960 322
03131339310 960 322
03131339318 960 322
03131339330 960 322
03131339338 960 322
03131339350 960 322
03131339358 960 322
03131339370 960 322
03131339378 960 322
03131339390 960 322
03131339398 960 322
03131339410 960 322
03131339422 960 322
03131339430 960 322
03131339442 960 322
03131339450 960 322
03131339462 960 322
03131339470 960 322
03131339482 960 322
03131339490 960 322
03131339502 960 322
03131339510 960 322
03131339522 960 322
03131339530 960 322
03131339542 960 322
03131339550 960 322
03131339562 960 322
03131339570 960 322
03131339582 960 322
03131339590 960 322
03131339601 960 322
03131339609 960 322
03131339622 960 322
03131339630 960 322
03131339641 960 322
03131339649 960 322
03131339661 960 322
03131339673 960 322
03131339682 960 322
03131339693 960 322
03131339701 960 322
03131339713 960 322
03131339721 960 322
03131339733 960 322
03131339742 960 322
03131339753 960 322
03131339762 960 322
03131339773 960 322
03131339781 960 322
03131339793 960 322
03131339802 960 322
03131339813 960 322
03131339821 960 322
03131339833 960 322
03131339842 960 322
03131339853 960 322
03131339861 960 322
03131339873 960 322
03131339882 960 322
03131339893 960 322
03131339901 960 322
03131339914 960 322
03131339926 960 322
03131339934 960 322
03131339945 960 322
03131339954 960 322
03131339965 960 322
03131339974 960 322
03131339985 960 322
03131339993 960 322
03131340006 960 322
03131340013 960 322
03131340025 960 322
03131340034 960 322
03131340045 960 322
03131340054 960 322
03131340065 960 322
03131340073 960 322
03131340085 960 322
03131340094 960 322
03131340105 960 322
03131340114 960 322
03131340125 960 322
03131340133 960 322
03131340145 960 322
03131340153 960 322
03131340166 960 322
03131340178 960 322
03131340185 960 322
03131340197 960 322
03131340205 960 322
03131340217 960 322
03131340225 960 322
03131340238 960 322
03131340245 960 322
03131340257 960 322
03131340266 960 322
03131340277 960 322
03131340285 960 322
03131340297 960 322
03131340305 960 322
03131340317 960 322
03131340325 960 322
03131340337 960 322
03131340345 960 322
03131340357 960 322
03131340365 960 322
03131340377 960 322
03131340385 960 322
03131340397 960 322
03131340406 960 322
03131340417 960 322
03131340429 960 322
03131340437 960 540
03131340450 960 540
03131340458 960 540
03131340470 960 540
03131340478 960 540
03131340490 960 540
03131340498 960 540
03131340510 960 540
03131340518 960 540
03131340530 960 540
03131340538 960 540
03131340550 960 540
03131340558 960 540
03131340570 960 540
03131340578 960 540
03131340590 960 540
03131340598 960 540
03131340610 960 540
03131340618 960 540
03131340630 960 540
03131340638 960 540
03131340650 960 540
03131340658 960 540
03131340670 960 540
03131340682 960 540
03131340690 960 540
03131340702 960 540
03131340710 960 540
03131340722 960 540
03131340730 960 540
03131340742 960 540
03131340750 960 540
03131340762 960 540
03131340770 960 540
03131340782 960 540
03131340790 960 540
03131340802 960 540
03131340810 960 540
03131340822 960 540
03131340830 960 540
03131340842 960 540
03131340850 960 540
03131340862 960 540
03131340870 960 540
03131340882 960 540
03131340890 960 540
03131340902 960 540
03131340910 960 540
03131340922 960 540
03131340934 960 540
03131340942 960 540
03131340954 960 540
03131340962 960 540
03131340974 960 540
03131340982 960 540
03131340994 960 540
03131341002 960 540
03131341014 960 540
03131341022 960 540
03131341034 960 540
03131341042 960 540
03131341054 960 540
03131341062 960 540
03131341074 960 540
03131341082 960 540
03131341094 960 540
03131341102 960 540
03131341114 960 540
03131341122 960 540
03131341134 960 540
03131341142 960 540
03131341154 960 540
03131341162 960 540
03131341174 960 540
03131341186 960 540
03131341194 960 540
03131341206 960 540
03131341214 960 540
03131341226 960 540
03131341234 960 540
03131341246 960 540
03131341254 960 540
03131341267 960 540
03131341274 960 540
03131341286 960 540
03131341294 960 540
03131341306 960 540
03131341314 960 540
03131341326 960 540
03131341334 960 540
03131341346 960 540
03131341354 960 540
03131341366 960 540
03131341374 960 540
03131341386 960 540
03131341394 960 540
03131341406 960 540
03131341414 960 540
03131341426 960 540
03131341438 960 540
03131341446 960 540
03131341458 960 540
03131341466 960 540
03131341478 960 540
03131341486 960 540
03131341498 960 540
03131341506 960 540
03131341518 960 540
03131341526 960 540
03131341538 960 540
03131341546 960 540
03131341558 960 540
03131341566 960 540
03131341578 960 540
03131341586 960 540
03131341598 960 540
03131341606 960 540
03131341618 960 540
03131341626 960 540
03131341638 960 540
03131341646 960 540
03131341658 960 540
03131341666 960 540
03131341678 960 540
03131341690 960 540
03131341698 960 540
03131341710 960 540
03131341718 960 540
03131341730 960 540
03131341738 960 540
03131341750 960 540
03131341758 960 540
03131341770 960 540
03131341778 960 540
03131341790 960 540
03131341798 960 540
03131341810 960 540
03131341818 960 540
03131341830 960 540
03131341838 960 540
03131341850 960 540
03131341858 960 540
03131341870 960 540
03131341878 960 540
03131341890 960 540
03131341898 960 540
03131341910 960 540
03131341918 960 540
03131341930 960 540
03131341944 960 757
03131341952 960 757
03131341963 960 757
03131341970 960 757
03131341982 960 757
03131341990 960 757
03131342002 960 757
03131342010 960 757
03131342022 960 757
03131342030 960 757
03131342042 960 757
03131342050 960 757
03131342062 960 757
03131342070 960 757
03131342082 960 757
03131342090 960 757
03131342102 960 757
03131342110 960 757
03131342122 960 757
03131342130 960 757
03131342142 960 757
03131342150 960 757
03131342162 960 757
03131342170 960 757
03131342182 960 757
03131342194 960 757
03131342202 960 757
03131342214 960 757
03131342222 960 757
03131342234 960 757
03131342242 960 757
03131342254 960 757
03131342262 960 757
03131342274 960 757
03131342282 960 757
03131342294 960 757
03131342302 960 757
03131342314 960 757
03131342322 960 757
03131342334 960 757
03131342342 960 757
03131342354 960 757
03131342362 960 757
03131342374 960 757
03131342382 960 757
03131342394 960 757
03131342402 960 757
03131342414 960 757
03131342422 960 757
03131342434 960 757
03131342446 960 757
03131342454 960 757
03131342466 960 757
03131342474 960 757
03131342486 960 757
03131342494 960 757
03131342506 960 757
03131342514 960 757
03131342526 960 757
03131342534 960 757
03131342546 960 757
03131342554 960 757
03131342566 960 757
03131342574 960 757
03131342586 960 757
03131342594 960 757
03131342606 960 757
03131342614 960 757
03131342626 960 757
03131342634 960 757
03131342646 960 757
03131342654 960 757
03131342666 960 757
03131342674 960 757
03131342686 960 757
03131342698 960 757
03131342706 960 757
03131342718 960 757
03131342726 960 757
03131342738 960 757
03131342746 960 757
03131342758 960 757
03131342766 960 757
03131342778 960 757
03131342786 960 757
03131342798 960 757
03131342806 960 757
03131342818 960 757
03131342826 960 757
03131342838 960 757
03131342846 960 757
03131342858 960 757
03131342866 960 757
03131342878 960 757
03131342886 960 757
03131342898 960 757
03131342906 960 757
03131342918 960 757
03131342926 960 757
03131342938 960 757
03131342950 960 757
03131342958 960 757
03131342970 960 757
03131342978 960 757
03131342990 960 757
03131342998 960 757
03131343010 960 757
03131343018 960 757
03131343030 960 757
03131343038 960 757
03131343050 960 757
03131343058 960 757
03131343070 960 757
03131343078 960 757
03131343090 960 757
03131343098 960 757
03131343110 960 757
03131343118 960 757
03131343130 960 757
03131343138 960 757
03131343150 960 757
03131343158 960 757
03131343170 960 757
03131343178 960 757
03131343190 960 757
03131343202 960 757
03131343210 960 757
03131343222 960 757
03131343230 960 757
03131343242 960 757
03131343250 960 757
03131343262 960 757
03131343270 960 757
03131343282 960 757
03131343290 960 757
03131343302 960 757
03131343310 960 757
03131343322 960 757
03131343330 960 757
03131343342 960 757
03131343350 960 757
03131343362 960 757
03131343370 960 757
03131343382 960 757
03131343390 960 757
03131343402 960 757
03131343410 960 757
03131343422 960 757
03131343430 960 757
03131343442 960 540
03131343454 960 540
03131343463 960 540
03131343474 960 540
03131343482 960 540
03131343494 960 540
03131343502 960 540
03131343514 960 540
03131343522 960 540
03131343534 960 540
03131343542 960 540
03131343554 960 540
03131343562 960 540
03131343574 960 540
03131343582 960 540
03131343594 960 540
03131343602 960 540
03131343614 960 540
03131343622 960 540
03131343634 960 540
03131343642 960 540
03131343654 960 540
03131343662 960 540
03131343674 960 540
03131343682 960 540
03131343694 960 540
03131343706 960 540
03131343714 960 540
03131343726 960 540
03131343734 960 540
03131343746 960 540
03131343754 960 540
03131343766 960 540
03131343774 960 540
03131343786 960 540
03131343794 960 540
03131343806 960 540
03131343814 960 540
03131343826 960 540
03131343834 960 540
03131343846 960 540
03131343854 960 540
03131343866 960 540
03131343874 960 540
03131343886 960 540
03131343894 960 540
03131343906 960 540
03131343914 960 540
03131343926 960 540
03131343934 960 540
03131343946 960 540
03131343958 960 540
03131343966 960 540
03131343978 960 540
03131343986 960 540
03131343998 960 540
03131344006 960 540
03131344018 960 540
03131344026 960 540
03131344038 960 540
03131344046 960 540
03131344058 960 540
03131344066 960 540
03131344078 960 540
03131344086 960 540
03131344098 960 540
03131344106 960 540
03131344118 960 540
03131344126 960 540
03131344138 960 540
03131344146 960 540
03131344158 960 540
03131344166 960 540
03131344178 960 540
03131344186 960 540
03131344198 960 540
03131344210 960 540
03131344218 960 540
03131344230 960 540
03131344238 960 540
03131344250 960 540
03131344258 960 540
03131344270 960 540
03131344278 960 540
03131344290 960 540
03131344298 960 540
03131344310 960 540
03131344318 960 540
03131344330 960 540
03131344338 960 540
03131344350 960 540
03131344358 960 540
03131344370 960 540
03131344378 960 540
03131344390 960 540
03131344398 960 540
03131344410 960 540
03131344418 960 540
03131344430 960 540
03131344438 960 540
03131344450 960 540
03131344462 960 540
03131344470 960 540
03131344482 960 540
03131344490 960 540
03131344502 960 540
03131344510 960 540
03131344522 960 540
03131344530 960 540
03131344542 960 540
03131344550 960 540
03131344562 960 540
03131344570 960 540
03131344582 960 540
03131344590 960 540
03131344602 960 540
03131344610 960 540
03131344622 960 540
03131344630 960 540
03131344642 960 540
03131344650 960 540
03131344662 960 540
03131344670 960 540
03131344682 960 540
03131344690 960 540
03131344702 960 540
03131344714 960 540
03131344722 960 540
03131344734 960 540
03131344742 960 540
03131344754 960 540
03131344762 960 540
03131344774 960 540
03131344782 960 540
03131344794 960 540
03131344802 960 540
03131344814 960 540
03131344822 960 540
03131344834 960 540
03131344842 960 540
03131344854 960 540
03131344862 960 540
03131344874 960 540
03131344882 960 540
03131344894 960 540
03131344902 960 540
03131344914 960 540
03131344922 960 540
03131344934 960 540
03131344942 960 104
03131344955 960 104
03131344966 960 104
03131344974 960 104
03131344986 960 104
03131344994 960 104
03131345006 960 104
03131345014 960 104
03131345026 960 104
03131345034 960 104
03131345046 960 104
03131345054 960 104
03131345066 960 104
03131345074 960 104
03131345086 960 104
03131345094 960 104
03131345106 960 104
03131345114 960 104
03131345126 960 104
03131345134 960 104
03131345146 960 104
03131345154 960 104
03131345166 960 104
03131345174 960 104
03131345186 960 104
03131345194 960 104
03131345206 960 104
03131345218 960 104
03131345226 960 104
03131345238 960 104
03131345246 960 104
03131345258 960 104
03131345266 960 104
03131345278 960 104
03131345286 960 104
03131345298 960 104
03131345306 960 104
03131345318 960 104
03131345326 960 104
03131345338 960 104
03131345346 960 104
03131345358 960 104
03131345366 960 104
03131345378 960 104
03131345386 960 104
03131345398 960 104
03131345406 960 104
03131345418 960 104
03131345426 960 104
03131345438 960 104
03131345446 960 104
03131345458 960 104
03131345470 960 104
03131345478 960 104
03131345490 960 104
03131345498 960 104
03131345510 960 104
03131345518 960 104
03131345530 960 104
03131345538 960 104
03131345550 960 104
03131345558 960 104
03131345570 960 104
03131345578 960 104
03131345590 960 104
03131345598 960 104
03131345610 960 104
03131345618 960 104
03131345630 960 104
03131345638 960 104
03131345650 960 104
03131345658 960 104
03131345670 960 104
03131345678 960 104
03131345690 960 104
03131345698 960 104
03131345710 960 104
03131345722 960 104
03131345730 960 104
03131345742 960 104
03131345750 960 104
03131345762 960 104
03131345770 960 104
03131345782 960 104
03131345790 960 104
03131345802 960 104
03131345810 960 104
03131345822 960 104
03131345830 960 104
03131345842 960 104
03131345850 960 104
03131345862 960 104
03131345870 960 104
03131345882 960 104
03131345890 960 104
03131345902 960 104
03131345910 960 104
03131345922 960 104
03131345930 960 104
03131345942 960 104
03131345950 960 104
03131345962 960 104
03131345974 960 104
03131345982 960 104
03131345994 960 104
03131346002 960 104
03131346014 960 104
03131346022 960 104
03131346034 960 104
03131346042 960 104
03131346054 960 104
03131346062 960 104
03131346074 960 104
03131346082 960 104
03131346094 960 104
03131346102 960 104
03131346114 960 104
03131346122 960 104
03131346134 960 104
03131346142 960 104
03131346154 960 104
03131346162 960 104
03131346174 960 104
03131346182 960 104
03131346194 960 104
03131346202 960 104
03131346214 960 104
03131346226 960 104
03131346234 960 104
03131346246 960 104
03131346254 960 104
03131346266 960 104
03131346274 960 104
03131346286 960 104
03131346294 960 104
03131346306 960 104
03131346314 960 104
03131346326 960 104
03131346334 960 104
03131346346 960 104
03131346354 960 104
03131346366 960 104
03131346374 960 104
03131346386 960 104
03131346394 960 104
03131346406 960 104
03131346414 960 104
03131346426 960 104
03131346434 960 104
