20180713T132558.403308 20 20
20180713T132558.414224 20 20
20180713T132558.422180 181.92 154.434 167.537 138.388 143.901 201.008 207.397 234.447 209.37 20180713T132558.422180 20 20
20180713T132558.434428 20 20
20180713T132558.442127 20 20
20180713T132558.455320 181.982 154.634 167.73 138.352 144.603 201.114 207.267 234.602 209.348 20180713T132558.455320 20 20
20180713T132558.463641 20 20
20180713T132558.474133 20 20
20180713T132558.486074 181.678 154.316 168.394 138.137 145.146 200.958 206.868 234.322 209.207 20180713T132558.486074 20 20
20180713T132558.494957 20 20
20180713T132558.506091 20 20
20180713T132558.514090 181.498 154.097 168.422 138.364 144.997 200.488 206.749 233.868 208.919 20180713T132558.514090 20 20
20180713T132558.526093 20 20
20180713T132558.534100 20 20
20180713T132558.546081 180.907 153.687 168.79 138.729 145.346 199.802 206.525 233.287 208.281 20180713T132558.546081 20 20
20180713T132558.554481 20 20
20180713T132558.566084 20 20
20180713T132558.575599 180.564 153.484 168.635 138.574 145.099 199.519 206.358 233.152 208 20180713T132558.575599 20 20
20180713T132558.587502 20 20
20180713T132558.594088 20 20
20180713T132558.606086 180.381 153.303 168.34 139.179 144.959 199.26 206.055 232.931 207.841 20180713T132558.606086 20 20
20180713T132558.614237 20 20
20180713T132558.626098 20 20
20180713T132558.634088 180.326 152.968 168.703 139.086 144.592 199.281 205.978 232.994 207.773 20180713T132558.634088 20 20
20180713T132558.646141 20 20
20180713T132558.654090 20 20
20180713T132558.667569 180.304 152.917 168.632 139.79 144.383 199.26 205.781 232.882 207.773 20180713T132558.667569 20 20
20180713T132558.674439 20 20
20180713T132558.687578 20 20
20180713T132558.695578 180.262 153.042 169.131 139.221 144.524 199.115 205.739 232.826 207.791 20180713T132558.695578 20 20
20180713T132558.706663 20 20
20180713T132558.714628 20 20
20180713T132558.726622 180.336 153.121 168.973 139.612 145.131 199.21 206.2 232.761 207.9 20180713T132558.726622 20 20
20180713T132558.739469 20 20
20180713T132558.746130 20 20
20180713T132558.758118 180.345 153.056 169.037 140.048 145.583 199.075 205.892 232.81 207.859 20180713T132558.758118 20 20
20180713T132558.766132 20 20
20180713T132558.778117 20 20
20180713T132558.786083 180.224 153.099 169.29 140.268 145.15 198.813 206.159 232.517 207.944 20180713T132558.786083 20 20
20180713T132558.798092 20 20
20180713T132558.806139 20 20
20180713T132558.818084 179.811 152.833 169.342 140.342 146.138 198.615 205.63 232.234 207.766 20180713T132558.818084 20 20
20180713T132558.826122 20 20
20180713T132558.838106 20 20
20180713T132558.846096 181.168 152.498 169.555 140.052 145.088 199.574 205.382 233.038 207.472 20180713T132558.846096 20 20
20180713T132558.858151 20 20
20180713T132558.866108 20 20
20180713T132558.878069 181.557 152.592 169.541 139.913 145.352 199.858 205.559 233.287 207.517 20180713T132558.878069 20 20
20180713T132558.886084 20 20
20180713T132558.898092 20 20
20180713T132558.906133 182.263 152.783 169.146 141.146 145.398 200.447 205.792 234 207.708 20180713T132558.906133 20 20
20180713T132558.918306 20 20
20180713T132558.926077 20 20
20180713T132558.938913 182.374 152.619 169.73 140.375 145.186 200.632 205.831 234.248 207.964 20180713T132558.938913 20 20
20180713T132558.948620 20 20
20180713T132558.958097 20 20
20180713T132558.966626 182.205 152.709 169.594 140.097 145.089 200.506 205.823 234.263 207.897 20180713T132558.966626 20 20
20180713T132558.978091 20 20
20180713T132558.990084 20 20
20180713T132558.998081 182.159 152.451 169.817 140.586 144.999 200.238 205.702 234 207.755 20180713T132558.998081 20 20
20180713T132559.010181 20 20
20180713T132559.018113 20 20
20180713T132559.031548 181.657 152.019 170.048 140.518 144.946 199.844 205.194 233.608 207.45 20180713T132559.031548 20 20
20180713T132559.041503 20 20
20180713T132559.050903 20 20
20180713T132559.058909 181.58 151.937 169.836 140.03 145.167 199.817 205 233.464 207.127 20180713T132559.058909 20 20
20180713T132559.070091 20 20
20180713T132559.078751 20 20
20180713T132559.090739 181.406 151.994 170.002 140.408 145.339 199.748 205.217 233.46 207.397 20180713T132559.090739 20 20
20180713T132559.103095 20 20
20180713T132559.110080 20 20
20180713T132559.118109 181.413 152.209 170.035 140.578 144.561 199.762 205.329 233.31 207.461 20180713T132559.118109 20 20
20180713T132559.130128 20 20
20180713T132559.138070 20 20
20180713T132559.150096 181.872 152.33 170.107 140.452 144.71 200.061 205.637 233.793 207.519 20180713T132559.150096 20 20
20180713T132559.158122 20 20
20180713T132559.170089 20 20
20180713T132559.178072 180.876 152.819 170.23 140.566 144.337 199.563 205.729 233.203 207.846 20180713T132559.178072 20 20
20180713T132559.190917 20 20
20180713T132559.198078 20 20
20180713T132559.210072 180.963 152.61 170.236 140.572 144.488 199.418 205.39 233.103 207.717 20180713T132559.210072 20 20
20180713T132559.218088 20 20
20180713T132559.230081 20 20
20180713T132559.243889 180.701 152.598 170.075 140.492 144.503 199.234 205.54 233.203 207.846 20180713T132559.243889 20 20
20180713T132559.250388 20 20
20180713T132559.263519 20 20
20180713T132559.270378 180.851 152.901 170.387 140.618 143.845 199.39 205.923 233.187 207.913 20180713T132559.270378 20 20
20180713T132559.282502 20 20
20180713T132559.290492 20 20
20180713T132559.303272 181.352 152.987 170.499 140.745 143.889 199.618 205.947 233.203 207.846 20180713T132559.303272 20 20
20180713T132559.311001 20 20
20180713T132559.322069 20 20
20180713T132559.330072 181.72 153.135 170.782 140.276 144.39 200.138 206.107 233.904 208 20180713T132559.330072 20 20
20180713T132559.342973 20 20
20180713T132559.350135 20 20
20180713T132559.362058 181.853 153.272 170.363 140.771 144.53 200.274 206.134 233.942 208.027 20180713T132559.362058 20 20
20180713T132559.370523 20 20
20180713T132559.382095 20 20
20180713T132559.391858 181.599 153.064 170.394 140.902 144.254 199.934 206.104 233.636 207.98 20180713T132559.391858 20 20
20180713T132559.403746 20 20
20180713T132559.410886 20 20
20180713T132559.422882 181.405 153.178 170.726 140.788 144.296 199.792 206.097 233.304 207.981 20180713T132559.422882 20 20
20180713T132559.430960 20 20
20180713T132559.442143 20 20
20180713T132559.450069 180.656 153.229 170.927 140.893 144.078 199.311 206.031 232.923 207.946 20180713T132559.450069 20 20
20180713T132559.462082 20 20
20180713T132559.470075 20 20
20180713T132559.483548 180.806 153.167 170.693 140.8 143.823 199.202 205.956 232.835 207.947 20180713T132559.483548 20 20
20180713T132559.494398 20 20
20180713T132559.502376 20 20
20180713T132559.515044 180.918 153.581 170.942 140.736 143.883 199.336 206.166 232.99 208.187 20180713T132559.515044 20 20
20180713T132559.523897 20 20
20180713T132559.534094 20 20
20180713T132559.542068 181.159 153.498 171.246 140.899 144.448 199.419 206.373 232.947 208.195 20180713T132559.542068 20 20
20180713T132559.554111 20 20
20180713T132559.562068 20 20
20180713T132559.574059 181.35 153.528 171.103 140.751 144.303 199.58 206.367 233.209 208.168 20180713T132559.574059 20 20
20180713T132559.582118 20 20
20180713T132559.594059 20 20
20180713T132559.602067 181.059 153.362 171.021 140.926 144.69 199.479 206.3 233.026 208.162 20180713T132559.602067 20 20
20180713T132559.614488 20 20
20180713T132559.623276 20 20
20180713T132559.634875 180.914 153.606 171.265 141.037 144.871 199.42 206.487 232.944 208.444 20180713T132559.634875 20 20
20180713T132559.643529 20 20
20180713T132559.654108 20 20
20180713T132559.662144 181.016 153.855 170.971 140.442 143.875 199.458 206.711 232.975 208.549 20180713T132559.662144 20 20
20180713T132559.674393 20 20
20180713T132559.682376 20 20
20180713T132559.694365 180.953 153.735 171.365 140.514 143.792 199.289 206.875 232.975 208.549 20180713T132559.694365 20 20
20180713T132559.702383 20 20
20180713T132559.714383 20 20
20180713T132559.722439 180.533 153.967 170.586 141.181 145.218 199.207 206.712 232.591 208.664 20180713T132559.722439 20 20
20180713T132559.734956 20 20
20180713T132559.746874 20 20
20180713T132559.755276 178.897 153.057 171.295 140.353 144.1 197.946 205.953 231.727 207.839 20180713T132559.755276 20 20
20180713T132559.766489 20 20
20180713T132559.774524 20 20
20180713T132559.787054 179.357 152.926 171.122 140.966 143.616 198.401 205.856 232.077 207.971 20180713T132559.787054 20 20
20180713T132559.796535 20 20
20180713T132559.806086 20 20
20180713T132559.814064 180.171 153.194 171.924 140.458 143.662 199.064 206.08 232.762 207.967 20180713T132559.814064 20 20
20180713T132559.826116 20 20
20180713T132559.834056 20 20
20180713T132559.846057 180.23 153.355 171.335 141.144 143.546 199.113 206.113 232.946 208.149 20180713T132559.846057 20 20
20180713T132559.854289 20 20
20180713T132559.866057 20 20
20180713T132559.874075 180.036 153.394 171.816 140.892 143.562 198.939 206.27 232.645 208.473 20180713T132559.874075 20 20
20180713T132559.886592 20 20
20180713T132559.894636 20 20
20180713T132600.532093 287.939 151.755 158.096 143.575 3.47203 262.484 204.967 293.419 205.187 20180713T132600.532093 960 20
20180713T132600.544000 960 20
20180713T132600.550072 960 20
20180713T132600.562346 287.768 152.065 155.738 141.822 3.7981 262.688 205.115 293.41 205.41 20180713T132600.562346 960 20
20180713T132600.570926 960 20
20180713T132600.582046 960 20
20180713T132600.590067 288.093 152.104 155.22 141.359 4.95509 262.875 205.189 293.723 205.536 20180713T132600.590067 960 20
20180713T132600.602100 960 20
20180713T132600.610047 960 20
20180713T132600.623248 288.617 152.39 154.363 139.946 4.02728 263.613 205.513 294.429 205.732 20180713T132600.623248 960 20
20180713T132600.630172 960 20
20180713T132600.642082 960 20
20180713T132600.650033 288.804 152.432 153.869 139.547 5.1557 263.816 205.661 294.619 205.944 20180713T132600.650033 960 20
20180713T132600.662046 960 20
20180713T132600.670062 960 20
20180713T132600.683822 288.556 152.538 152.822 138.962 5.10391 263.393 205.943 294.329 206.5 20180713T132600.683822 960 20
20180713T132600.690291 960 20
20180713T132600.702041 960 20
20180713T132600.710037 288.093 152.538 152.789 138.601 5.12202 263.063 205.905 293.971 206.311 20180713T132600.710037 960 20
20180713T132600.722048 960 20
20180713T132600.730063 960 20
20180713T132600.744211 288.204 151.851 152.393 138.212 5.61075 263.356 205.261 294.074 205.532 20180713T132600.744211 960 20
20180713T132600.754351 960 20
20180713T132600.762100 960 20
20180713T132600.774038 288.736 151.862 152.043 138.154 5.43454 263.855 205.364 294.67 205.678 20180713T132600.774038 960 20
20180713T132600.784492 960 20
20180713T132600.794032 960 20
20180713T132600.802077 289.071 152.475 152.287 138.192 5.66344 263.995 206.104 294.911 206.392 20180713T132600.802077 960 20
20180713T132600.814048 960 20
20180713T132600.822039 960 20
20180713T132600.834061 288.941 152.692 152.549 137.765 5.26768 263.967 206.322 294.627 206.554 20180713T132600.834061 960 20
20180713T132600.843978 960 20
20180713T132600.855167 960 20
20180713T132600.863112 288.963 152.993 152.559 138.023 4.2887 263.822 206.837 294.601 207.021 20180713T132600.863112 960 20
20180713T132600.874074 960 20
20180713T132600.882056 960 20
20180713T132600.894022 288.775 153.105 152.733 138.604 4.55826 263.822 206.837 294.601 207.021 20180713T132600.894022 960 20
20180713T132600.902492 960 20
20180713T132600.914873 960 20
20180713T132600.923289 286.448 152.883 153.227 138.776 5.49637 262.425 206.921 292.957 206.714 20180713T132600.923289 960 20
20180713T132600.934590 960 20
20180713T132600.942560 960 20
20180713T132600.955034 286.523 153.092 153.536 138.435 3.79698 262.417 207.011 292.989 207.065 20180713T132600.955034 960 20
20180713T132600.963036 960 20
20180713T132600.974046 960 20
20180713T132600.982067 286.645 153.814 154.13 139.327 4.39124 262.647 207.55 293.306 207.76 20180713T132600.982067 960 20
20180713T132600.994046 960 20
20180713T132601.006566 960 20
20180713T132601.014582 286.639 154.206 154.596 139.939 3.85555 262.653 207.792 293.295 207.931 20180713T132601.014582 960 20
20180713T132601.026064 960 20
20180713T132601.034030 960 20
20180713T132601.046437 286.836 154.639 155.362 140.592 3.85847 262.877 208.286 293.394 208.5 20180713T132601.046437 960 20
20180713T132601.054546 960 20
20180713T132601.066434 960 20
20180713T132601.074704 286.996 154.794 155.504 141.03 3.78796 263.169 208.145 293.885 208.534 20180713T132601.074704 960 20
20180713T132601.086091 960 20
20180713T132601.094035 960 20
20180713T132601.106564 286.438 155.131 156.954 141.28 3.63348 262.835 208.613 293.15 208.59 20180713T132601.106564 960 20
20180713T132601.115581 960 20
20180713T132601.126572 960 20
20180713T132601.135787 286.361 155.38 156.807 141.843 3.8259 262.375 208.734 292.839 208.787 20180713T132601.135787 960 20
20180713T132601.146111 960 20
20180713T132601.154088 960 20
20180713T132601.166057 286.547 156.182 157.786 142.568 3.50403 262.755 209.292 293.271 209.513 20180713T132601.166057 960 20
20180713T132601.175076 960 20
20180713T132601.186569 960 20
20180713T132601.194555 286.907 156.459 158.29 142.801 3.02438 263.137 209.587 293.807 209.848 20180713T132601.194555 960 20
20180713T132601.206470 960 20
20180713T132601.214065 960 20
20180713T132601.226030 287.171 156.617 158.957 143.865 4.51047 263.387 209.629 293.907 209.939 20180713T132601.226030 960 20
20180713T132601.234075 960 20
20180713T132601.246031 960 20
20180713T132601.260221 287.521 156.757 159.569 144.063 3.74698 263.654 209.743 294.254 210.007 20180713T132601.260221 960 20
20180713T132601.266814 960 20
20180713T132601.278058 960 20
20180713T132601.286071 288.502 156.776 160.437 144.326 4.01218 264.751 209.722 295.266 210.007 20180713T132601.286071 960 20
20180713T132601.298037 960 20
20180713T132601.306053 960 20
20180713T132601.318016 288.938 156.633 160.683 144.763 4.33374 265.01 209.331 295.618 209.659 20180713T132601.318016 960 20
20180713T132601.326033 960 20
20180713T132601.338039 960 20
20180713T132601.347801 288.554 155.525 161.72 145.689 4.56216 264.651 208.491 295.033 208.533 20180713T132601.347801 960 20
20180713T132601.359014 960 20
20180713T132601.366674 960 20
20180713T132601.378718 288.636 154.972 162.168 145.922 4.60483 264.525 207.694 295.178 207.926 20180713T132601.378718 960 20
20180713T132601.386058 960 20
20180713T132601.398034 960 20
20180713T132601.406148 289.097 154.215 162.756 146.586 5.17981 265.047 206.948 295.736 207.219 20180713T132601.406148 960 20
20180713T132601.418035 960 20
20180713T132601.426012 960 20
20180713T132601.438015 289.15 153.846 163.467 146.691 4.99115 265.148 206.629 295.81 206.778 20180713T132601.438015 960 20
20180713T132601.446643 960 20
20180713T132601.458078 960 20
20180713T132601.466839 290.774 153.18 163.656 147.225 5.63564 265.879 205.685 296.158 206.018 20180713T132601.466839 960 20
20180713T132601.479725 960 20
20180713T132601.486075 960 20
20180713T132601.498013 290.805 152.748 164.298 148.013 5.34384 265.879 205.23 296.168 205.613 20180713T132601.498013 960 20
20180713T132601.510033 960 20
20180713T132601.518020 960 20
20180713T132601.530004 290.965 151.411 164.787 148.5 4.82758 266.04 204.155 296.508 204.414 20180713T132601.530004 960 20
20180713T132601.538053 960 20
20180713T132601.550028 960 20
20180713T132601.558016 291.198 150.897 165.109 148.826 6.8096 266.333 203.683 296.538 203.878 20180713T132601.558016 960 20
20180713T132601.570017 960 20
20180713T132601.578023 960 20
20180713T132601.589995 291.381 150.502 166.07 149.454 5.34178 266.109 203.07 296.491 203.305 20180713T132601.589995 960 20
20180713T132601.598812 960 20
20180713T132601.610077 960 20
20180713T132601.618815 290.966 150.177 166.307 149.824 5.31305 265.885 202.962 296.168 203.088 20180713T132601.618815 960 20
20180713T132601.630044 960 20
20180713T132601.639158 960 20
20180713T132601.650002 291.17 151.273 166.859 150.16 5.47571 265.985 203.894 296.354 203.856 20180713T132601.650002 960 20
20180713T132601.660233 960 20
20180713T132601.670057 960 20
20180713T132601.678009 290.976 151.604 167.033 150.674 4.36932 265.866 204.098 296.073 204.531 20180713T132601.678009 960 20
20180713T132601.690042 960 20
20180713T132601.698649 960 20
20180713T132601.710667 291.597 153.442 167.608 150.839 4.17271 266.452 205.871 296.806 206.459 20180713T132601.710667 960 20
20180713T132601.718998 960 20
20180713T132601.730047 960 20
20180713T132601.738003 292.016 153.923 167.806 151.143 5.93738 266.736 206.599 297.08 206.92 20180713T132601.738003 960 20
20180713T132601.750049 960 20
20180713T132601.762028 960 20
20180713T132601.770010 292.113 155.258 168.488 151.95 5.28264 267.011 207.725 297.304 208.172 20180713T132601.770010 960 20
20180713T132601.782014 960 20
20180713T132601.790042 960 20
20180713T132601.802009 292.33 155.765 168.568 151.861 4.87086 267.266 208.168 297.729 208.615 20180713T132601.802009 960 20
20180713T132601.810056 960 20
20180713T132601.822000 960 20
20180713T132601.831506 292.994 155.415 168.951 152.289 5.48108 267.57 207.599 298.244 208.126 20180713T132601.831506 960 20
20180713T132601.843081 960 20
20180713T132601.850047 960 20
20180713T132601.862039 292.989 155.422 169.286 152.196 4.91559 267.483 207.883 298.107 208.559 20180713T132601.862039 960 20
20180713T132601.870411 960 20
20180713T132601.882068 960 20
20180713T132601.890044 292.53 155.136 169.9 152.741 3.48793 267.357 207.608 298.06 208.049 20180713T132601.890044 960 20
20180713T132601.902054 960 20
20180713T132601.910053 960 20
20180713T132601.922420 293.167 154.755 169.72 152.591 4.13644 267.569 207.003 298.278 207.467 20180713T132601.922420 960 20
20180713T132601.931148 960 20
20180713T132601.942683 960 20
20180713T132601.950669 293.696 153.088 169.94 152.916 4.20291 268.401 205.428 298.766 205.865 20180713T132601.950669 960 20
20180713T132601.962388 960 20
20180713T132601.970003 960 20
20180713T132601.982812 293.978 151.685 169.925 152.969 4.00253 268.483 204.068 299.158 204.502 20180713T132601.982812 960 20
20180713T132601.990835 960 20
20180713T132602.002320 960 20
20180713T132602.014307 296.48 148.154 170.295 152.843 3.88989 271.212 200.664 301.663 201.029 20180713T132602.014307 960 20
20180713T132602.022924 960 20
20180713T132602.647397 1900 20
20180713T132602.659351 392.004 171.167 169.981 142.588 49.2419 293.947 266.582 356.748 218.121 20180713T132602.659351 1900 20
20180713T132602.668133 1900 20
20180713T132602.677918 1900 20
20180713T132602.685901 -1 -1 169.981 142.588 49.2419 293.947 266.582 356.748 218.121 20180713T132602.685901 1900 20
20180713T132602.697923 1900 20
20180713T132602.706116 1900 20
20180713T132602.719603 -1 -1 169.981 142.588 49.2419 293.947 266.582 356.748 218.121 20180713T132602.719603 1900 20
20180713T132602.727598 1900 20
20180713T132602.737960 1900 20
20180713T132602.745984 -1 -1 169.981 142.588 49.2419 293.947 266.582 356.748 218.121 20180713T132602.745984 1900 20
20180713T132602.758991 1900 20
20180713T132602.769926 1900 20
20180713T132602.777941 -1 -1 169.981 142.588 49.2419 293.947 266.582 356.748 218.121 20180713T132602.777941 1900 20
20180713T132602.789954 1900 20
20180713T132602.797922 1900 20
20180713T132602.809963 389.804 151.246 183.149 144.565 49.3209 289.54 224.046 357.64 203.921 20180713T132602.809963 1900 20
20180713T132602.817974 1900 20
20180713T132602.829946 1900 20
20180713T132602.839369 390.537 163.217 167.229 135.131 42.5628 289.917 229.014 357.179 206.117 20180713T132602.839369 1900 20
20180713T132602.850887 1900 20
20180713T132602.857995 1900 20
20180713T132602.869972 390.77 169.829 164.377 132.802 34.9699 287.623 232.809 356.404 210.03 20180713T132602.869972 1900 20
20180713T132602.878523 1900 20
20180713T132602.889976 1900 20
20180713T132602.899439 390.773 164.637 170.374 142.767 46.4259 287.215 234.237 356.47 210.864 20180713T132602.899439 1900 20
20180713T132602.910963 1900 20
20180713T132602.918001 1900 20
20180713T132602.930838 391.183 165.472 170.8 143.48 47.3532 237.336 264.009 292.937 263.048 20180713T132602.930838 1900 20
20180713T132602.940355 1900 20
20180713T132602.950840 1900 20
20180713T132602.958838 391.358 166.009 171.336 143.893 47.456 284.5 234.133 356.778 212.558 20180713T132602.958838 1900 20
20180713T132602.971949 1900 20
20180713T132602.978934 1900 20
20180713T132602.990011 391.138 166.727 171.504 143.915 47.7922 293.527 263.882 299.036 274 20180713T132602.990011 1900 20
20180713T132603.000069 1900 20
20180713T132603.010701 1900 20
20180713T132603.022705 391.4 167.294 171.496 144.254 47.856 285.606 236.061 356.654 213.907 20180713T132603.022705 1900 20
20180713T132603.030079 1900 20
20180713T132603.042016 1900 20
20180713T132603.050016 393.108 168.461 171.728 144.304 48.144 287.146 237.229 358.254 214.945 20180713T132603.050016 1900 20
20180713T132603.062020 1900 20
20180713T132603.071479 1900 20
20180713T132603.082014 396.487 169.46 172.02 143.694 49.5679 292.5 237.354 360.197 216.069 20180713T132603.082014 1900 20
20180713T132603.090078 1900 20
20180713T132603.103237 1900 20
20180713T132603.111285 397.466 170.081 171.411 144.604 49.2498 293.259 237.481 361.511 216.481 20180713T132603.111285 1900 20
20180713T132603.122621 1900 20
20180713T132603.130066 1900 20
20180713T132603.142004 397.656 170.238 171.98 144.065 49.4155 294.259 237.519 361.711 216.651 20180713T132603.142004 1900 20
20180713T132603.150529 1900 20
20180713T132603.162000 1900 20
20180713T132603.169993 397.07 170.395 172.027 144.664 49.5442 293.333 238.333 360.966 216.703 20180713T132603.169993 1900 20
20180713T132603.182009 1900 20
20180713T132603.190825 1900 20
20180713T132603.202825 396.808 170.338 172.238 144.116 49.0911 236.714 279.19 307.513 277.731 20180713T132603.202825 1900 20
20180713T132603.210022 1900 20
20180713T132603.222028 1900 20
20180713T132603.229997 395.568 170.442 172.458 145.344 48.8194 291.879 238.303 359.701 216.933 20180713T132603.229997 1900 20
20180713T132603.242015 1900 20
20180713T132603.249997 1900 20
20180713T132603.261999 395.366 170.373 173.131 144.581 48.8713 298.406 265.638 304.804 278.843 20180713T132603.261999 1900 20
20180713T132603.274004 1900 20
20180713T132603.281995 1900 20
20180713T132603.293998 394.515 169.921 172.313 145.372 48.4073 291 237.5 358.41 216.318 20180713T132603.293998 1900 20
20180713T132603.302242 1900 20
20180713T132603.314405 1900 20
20180713T132603.322410 394.394 169.818 172.901 145.346 48.7811 290.154 237.333 358.337 216.362 20180713T132603.322410 1900 20
20180713T132603.334416 1900 20
20180713T132603.342002 1900 20
20180713T132603.354025 394.626 169.999 172.821 145.149 48.5023 290.867 237.5 358.627 216.5 20180713T132603.354025 1900 20
20180713T132603.363835 1900 20
20180713T132603.373994 1900 20
20180713T132603.381986 394.953 170.252 172.806 145.11 48.5033 290.5 238.417 358.938 216.635 20180713T132603.381986 1900 20
20180713T132603.393997 1900 20
20180713T132603.401994 1900 20
20180713T132603.413989 395.476 170.575 172.94 145.222 48.4529 298.634 265.581 305 279.1 20180713T132603.413989 1900 20
20180713T132603.422043 1900 20
20180713T132603.433990 1900 20
20180713T132603.442012 395.687 171.122 172.745 144.78 48.7228 291.216 238.373 359.843 217.552 20180713T132603.442012 1900 20
20180713T132603.454125 1900 20
20180713T132603.461981 1900 20
20180713T132603.473974 397.464 171.307 172.839 145.098 48.4167 292.867 238.6 361.461 217.641 20180713T132603.473974 1900 20
20180713T132603.482182 1900 20
20180713T132603.494400 1900 20
20180713T132603.502405 399.009 171.593 172.62 144.83 49.0823 294.333 238.807 362.914 218.08 20180713T132603.502405 1900 20
20180713T132603.514024 1900 20
20180713T132603.525974 1900 20
20180713T132603.533982 402.915 173.691 172.216 144.921 49.3315 298.098 240.314 366.62 219.916 20180713T132603.533982 1900 20
20180713T132603.546016 1900 20
20180713T132603.553984 1900 20
20180713T132603.565984 404.453 174.109 172.954 144.768 48.9669 300.333 241.286 368.115 220.603 20180713T132603.565984 1900 20
20180713T132603.576234 1900 20
20180713T132603.586022 1900 20
20180713T132603.594028 405.929 174.913 171.907 144.563 48.7992 302.133 242.267 369.761 221.109 20180713T132603.594028 1900 20
20180713T132603.606117 1900 20
20180713T132603.613990 1900 20
20180713T132603.625992 405.935 174.881 171.869 144.444 48.8191 302.133 242.267 369.79 221.256 20180713T132603.625992 1900 20
20180713T132603.634070 1900 20
20180713T132603.645986 1900 20
20180713T132603.653983 405.014 174.195 171.627 144.567 49.4541 299.905 242.19 368.717 220.592 20180713T132603.653983 1900 20
20180713T132603.666132 1900 20
20180713T132603.673999 1900 20
20180713T132603.687224 404.276 174.012 171.455 144.384 48.8471 299.422 240.644 368.112 220.365 20180713T132603.687224 1900 20
20180713T132603.695384 1900 20
20180713T132603.705994 1900 20
20180713T132603.714000 403.968 173.542 171.225 143.757 48.5726 299.296 240.315 368.033 220.264 20180713T132603.714000 1900 20
20180713T132603.727518 1900 20
20180713T132603.733993 1900 20
20180713T132603.746659 404.012 173.495 171.122 144.114 49.14 299.296 240.315 367.974 220.235 20180713T132603.746659 1900 20
20180713T132603.754668 1900 20
20180713T132603.766656 1900 20
20180713T132603.778985 403.737 173.548 171.068 143.897 48.3643 299.714 241.19 367.804 220.264 20180713T132603.778985 1900 20
20180713T132603.786035 1900 20
20180713T132603.798023 1900 20
20180713T132603.805992 403.431 173.388 170.378 144.082 48.9141 299.148 240.593 367.544 219.956 20180713T132603.805992 1900 20
20180713T132603.818830 1900 20
20180713T132603.826019 1900 20
20180713T132603.838046 403.246 172.928 170.385 144.224 48.2956 298.422 239.578 367.143 219.521 20180713T132603.838046 1900 20
20180713T132603.846595 1900 20
20180713T132603.858008 1900 20
20180713T132603.866013 402.649 172.69 170.711 144.205 49.0034 297.632 239.912 366.724 219.479 20180713T132603.866013 1900 20
20180713T132603.877988 1900 20
20180713T132603.885983 1900 20
20180713T132603.899218 401.862 172.773 171.144 144.387 48.6153 297.952 240.19 365.852 219.444 20180713T132603.899218 1900 20
20180713T132603.906726 1900 20
20180713T132603.918014 1900 20
20180713T132603.925982 402.016 172.763 171.303 144.29 48.8231 298.467 240.267 365.848 219.405 20180713T132603.925982 1900 20
20180713T132603.938027 1900 20
20180713T132603.946014 1900 20
20180713T132603.957973 402.441 172.823 171.304 144.215 48.3149 298.667 240.667 366.355 219.488 20180713T132603.957973 1900 20
20180713T132603.966529 1900 20
20180713T132603.977975 1900 20
20180713T132603.985981 402.487 172.579 171.494 144.096 49.1556 305.468 267.587 311.788 281.03 20180713T132603.985981 1900 20
20180713T132603.998278 1900 20
20180713T132604.006134 1900 20
20180713T132604.017975 399.998 174.26 171.583 146.114 48.6047 322.964 226.795 365.163 220.082 20180713T132604.017975 1900 20
20180713T132604.029990 1900 20
20180713T132604.038640 1900 20
20180713T132604.050649 400.125 174.36 171.9 145.416 48.7995 323.589 226.604 365.176 220.319 20180713T132604.050649 1900 20
20180713T132604.059908 1900 20
20180713T132604.069976 1900 20
20180713T132604.077970 399.955 174.016 172.011 145.663 48.9648 323.501 226.186 364.985 220.1 20180713T132604.077970 1900 20
20180713T132604.090759 1900 20
20180713T132604.097976 1900 20
20180713T132604.109983 399.784 173.89 171.822 146.08 49.3439 323.283 226.119 364.844 219.892 20180713T132604.109983 1900 20
20180713T132604.118090 1900 20
20180713T132604.130297 1900 20
20180713T132604.139188 399.079 173.603 171.822 146.321 49.5622 322.508 225.999 364.164 219.641 20180713T132604.139188 1900 20
20180713T132604.874514 1900 540
20180713T132604.888041 1900 540
20180713T132604.894987 399.913 220.155 156.37 141.517 69.1027 332.72 246.439 365.632 246.699 20180713T132604.894987 1900 540
20180713T132604.906074 1900 540
20180713T132604.913966 1900 540
20180713T132604.925977 399.872 220.476 156.074 140.94 70.2125 332.969 246.642 365.81 246.81 20180713T132604.925977 1900 540
20180713T132604.933998 1900 540
20180713T132604.945974 1900 540
20180713T132604.953977 399.745 220.134 155.493 140.832 69.5734 332.72 246.439 365.509 246.626 20180713T132604.953977 1900 540
20180713T132604.966008 1900 540
20180713T132604.973967 1900 540
20180713T132604.985985 398.946 219.617 156.079 140.584 69.5007 332.145 246.184 364.715 246.066 20180713T132604.985985 1900 540
20180713T132604.994015 1900 540
20180713T132605.005967 1900 540
20180713T132605.014511 398.703 219.583 156.272 140.719 68.7682 331.718 246.051 364.325 246.055 20180713T132605.014511 1900 540
20180713T132605.026431 1900 540
20180713T132605.038122 1900 540
20180713T132605.045959 398.14 219.775 156.346 141.289 69.8399 331.519 246.169 364.19 246.072 20180713T132605.045959 1900 540
20180713T132605.058866 1900 540
20180713T132605.066360 1900 540
20180713T132605.077955 398.255 219.76 156.454 141.842 69.989 331.5 246.15 364.16 246.132 20180713T132605.077955 1900 540
20180713T132605.086069 1900 540
20180713T132605.097963 1900 540
20180713T132605.107457 398.232 220.053 156.973 141.71 69.8674 331.479 246.431 364.143 246.728 20180713T132605.107457 1900 540
20180713T132605.119189 1900 540
20180713T132605.125965 1900 540
20180713T132605.137959 398.151 220.133 157.085 142.299 71.4961 331.512 246.681 364.109 246.86 20180713T132605.137959 1900 540
20180713T132605.146391 1900 540
20180713T132605.157974 1900 540
20180713T132605.165972 397.981 220.371 157.544 142.791 69.4354 331.481 246.733 364.141 246.92 20180713T132605.165972 1900 540
20180713T132605.178032 1900 540
20180713T132605.185957 1900 540
20180713T132605.197966 398.041 220.101 157.892 142.847 69.3452 331.369 246.569 363.891 246.819 20180713T132605.197966 1900 540
20180713T132605.206172 1900 540
20180713T132605.217965 1900 540
20180713T132605.225951 398.309 220.188 158.415 143.21 69.6236 331.282 246.643 363.953 246.857 20180713T132605.225951 1900 540
20180713T132605.238005 1900 540
20180713T132605.246008 1900 540
20180713T132605.257980 398.076 220.387 158.691 143.601 69.4818 331.077 246.972 363.816 246.946 20180713T132605.257980 1900 540
20180713T132605.266091 1900 540
20180713T132605.277964 1900 540
20180713T132605.290379 397.586 220.601 158.949 143.801 69.5798 330.835 247.048 363.46 247.056 20180713T132605.290379 1900 540
20180713T132605.298851 1900 540
20180713T132605.309975 1900 540
20180713T132605.317961 397.61 220.912 159.292 144.312 70.4549 330.816 247.282 363.47 247.326 20180713T132605.317961 1900 540
20180713T132605.330024 1900 540
20180713T132605.337959 1900 540
20180713T132605.349956 397.122 219.935 159.99 144.106 69.8926 330.469 246.45 363.069 246.659 20180713T132605.349956 1900 540
20180713T132605.358017 1900 540
20180713T132605.371139 1900 540
20180713T132605.378016 397.422 219.985 159.586 143.825 70.2519 330.739 246.353 363.406 246.266 20180713T132605.378016 1900 540
20180713T132605.391732 1900 540
20180713T132605.399033 1900 540
20180713T132605.409990 398.082 220.729 159.45 144.71 70.0733 331.366 246.891 364.138 247.015 20180713T132605.409990 1900 540
20180713T132605.418538 1900 540
20180713T132605.430499 1900 540
20180713T132605.439173 398.264 220.895 160.094 144.416 70.2835 331.436 247.041 364.234 247.145 20180713T132605.439173 1900 540
20180713T132605.452773 1900 540
20180713T132605.458791 1900 540
20180713T132605.469969 398.217 221.012 160.134 144.207 69.0535 331.378 247.327 364.297 247.253 20180713T132605.469969 1900 540
20180713T132605.478179 1900 540
20180713T132605.489959 1900 540
20180713T132605.497954 398.212 221.112 159.694 144.888 70.216 331.356 247.222 364.226 247.229 20180713T132605.497954 1900 540
20180713T132605.509991 1900 540
20180713T132605.517951 1900 540
20180713T132605.529914 397.525 220.513 160.105 144.889 69.784 330.648 246.569 363.406 246.725 20180713T132605.529914 1900 540
20180713T132605.541913 1900 540
20180713T132605.549838 1900 540
20180713T132605.561821 396 219.437 159.699 144.563 71.8235 329.619 245.619 362.018 245.69 20180713T132605.561821 1900 540
20180713T132605.569891 1900 540
20180713T132605.581831 1900 540
20180713T132605.590117 -1 -1 159.699 144.563 71.8235 329.619 245.619 362.018 245.69 20180713T132605.590117 1900 540
20180713T132605.601830 1900 540
20180713T132605.609855 1900 540
20180713T132605.621875 -1 -1 159.699 144.563 71.8235 329.619 245.619 362.018 245.69 20180713T132605.621875 1900 540
20180713T132605.629852 1900 540
20180713T132605.641810 1900 540
20180713T132605.651474 -1 -1 159.699 144.563 71.8235 329.619 245.619 362.018 245.69 20180713T132605.651474 1900 540
20180713T132605.661946 1900 540
20180713T132605.669838 1900 540
20180713T132605.682986 -1 -1 159.699 144.563 71.8235 329.619 245.619 362.018 245.69 20180713T132605.682986 1900 540
20180713T132605.692239 1900 540
20180713T132605.702268 1900 540
20180713T132605.710840 398.808 217.219 155.637 142.183 62.5272 332.204 239.876 364.499 239.736 20180713T132605.710840 1900 540
20180713T132605.721943 1900 540
20180713T132605.729888 1900 540
20180713T132605.741900 397.891 218.437 155.525 142.863 59.1876 331.208 241.311 363.871 241.117 20180713T132605.741900 1900 540
20180713T132605.750180 1900 540
20180713T132605.761906 1900 540
20180713T132605.769919 397.654 218.663 158.902 145.156 65.0339 330.811 243.529 363.274 243.285 20180713T132605.769919 1900 540
20180713T132605.781931 1900 540
20180713T132605.793933 1900 540
20180713T132605.803708 397.979 218.809 160.739 145.084 68.7951 331.037 244.211 363.624 244.251 20180713T132605.803708 1900 540
20180713T132605.814349 1900 540
20180713T132605.821940 1900 540
20180713T132605.833963 398.542 219.834 160.702 145.422 68.4144 331.649 245.51 363.965 245.393 20180713T132605.833963 1900 540
20180713T132605.842122 1900 540
20180713T132605.853987 1900 540
20180713T132605.862951 398.539 220.209 160.842 145.778 69.4299 331.792 245.876 364.265 245.804 20180713T132605.862951 1900 540
20180713T132605.874212 1900 540
20180713T132605.881977 1900 540
20180713T132605.894781 398.363 220.526 161.42 146.137 69.266 331.67 246.082 364.09 245.948 20180713T132605.894781 1900 540
20180713T132605.902795 1900 540
20180713T132605.913956 1900 540
20180713T132605.921929 396.05 220.02 161.007 147.075 67.2904 330.416 245.796 362.786 245.646 20180713T132605.921929 1900 540
20180713T132605.934028 1900 540
20180713T132605.941972 1900 540
20180713T132605.953948 395.84 220.035 161.975 146.729 68.9475 329.455 245.394 362.144 245.815 20180713T132605.953948 1900 540
20180713T132605.963048 1900 540
20180713T132605.973953 1900 540
20180713T132605.981943 395.45 219.919 162.369 146.668 68.8793 329.361 245.541 361.824 245.84 20180713T132605.981943 1900 540
20180713T132605.993972 1900 540
20180713T132606.001946 1900 540
20180713T132606.013958 395.487 219.849 162.345 147.28 68.5537 329.531 245.204 361.874 245.705 20180713T132606.013958 1900 540
20180713T132606.022522 1900 540
20180713T132606.033945 1900 540
20180713T132606.045976 395.625 219.783 162.518 147.67 69.7158 329.531 245.259 361.861 245.644 20180713T132606.045976 1900 540
20180713T132606.054218 1900 540
20180713T132606.066007 1900 540
20180713T132606.073951 395.529 219.878 162.4 147.466 67.8537 329.454 245.327 361.878 245.44 20180713T132606.073951 1900 540
20180713T132606.085993 1900 540
20180713T132606.093937 1900 540
20180713T132606.105941 395.237 219.765 162.021 147.507 68.7839 329.35 245.141 361.677 245.351 20180713T132606.105941 1900 540
20180713T132606.114104 1900 540
20180713T132606.125949 1900 540
20180713T132606.134941 395.064 219.538 162.301 147.063 69.2352 329.237 244.918 361.597 245.172 20180713T132606.134941 1900 540
20180713T132606.147488 1900 540
20180713T132606.154248 1900 540
20180713T132606.166257 394.898 219.388 162.007 147.198 68.1312 329.236 244.888 361.613 245.069 20180713T132606.166257 1900 540
20180713T132606.174092 1900 540
20180713T132606.185945 1900 540
20180713T132606.193967 394.942 219.323 161.441 146.973 68.5973 329.331 244.622 361.755 244.93 20180713T132606.193967 1900 540
20180713T132606.207130 1900 540
20180713T132606.213928 1900 540
20180713T132606.225876 394.391 220.371 162.029 147.455 71.5073 328.746 245.476 361.108 245.438 20180713T132606.225876 1900 540
20180713T132606.234289 1900 540
20180713T132606.245876 1900 540
20180713T132606.253947 376.962 247.285 161.505 153.055 91.294 319.141 260.188 350.315 260.217 20180713T132606.253947 1900 540
20180713T132606.265935 1900 540
20180713T132606.274940 1900 540
20180713T132606.286936 377.541 246.834 161.258 152.389 87.8163 319.82 260.049 350.981 260.27 20180713T132606.286936 1900 540
20180713T132606.298976 1900 540
20180713T132606.305927 1900 540
20180713T132606.317930 377.924 246.061 160.773 152.627 85.7607 319.764 258.921 351.546 259.321 20180713T132606.317930 1900 540
20180713T132606.326386 1900 540
20180713T132606.337997 1900 540
20180713T132606.345930 378.598 245.517 160.753 152.824 87.1136 320.367 258.819 351.79 259.021 20180713T132606.345930 1900 540
20180713T132606.357964 1900 540
20180713T132606.365953 1900 540
20180713T132606.941962 294.001 206.628 148.575 141.888 172.038 270.911 237.593 301.724 238.031 20180713T132606.941962 960 540
20180713T132606.952302 960 540
20180713T132606.961969 960 540
20180713T132606.969951 294.093 206.506 147.575 140.815 170.058 270.994 237.583 301.644 237.876 20180713T132606.969951 960 540
20180713T132606.981940 960 540
20180713T132606.989931 960 540
20180713T132607.001927 294.209 206.38 145.289 139.089 173.062 271.301 237.571 302.083 238 20180713T132607.001927 960 540
20180713T132607.010085 960 540
20180713T132607.021947 960 540
20180713T132607.030763 294.417 206.501 144.327 138.113 172.963 271.301 237.571 302.279 238 20180713T132607.030763 960 540
20180713T132607.042051 960 540
20180713T132607.053967 960 540
20180713T132607.061920 294.554 206.655 143.158 136.468 169.02 271.401 237.572 302.231 238.069 20180713T132607.061920 960 540
20180713T132607.074254 960 540
20180713T132607.082239 960 540
20180713T132607.094241 294.455 206.567 142.221 136.064 172.06 271.327 237.601 302.279 238 20180713T132607.094241 960 540
20180713T132607.102340 960 540
20180713T132607.114251 960 540
20180713T132607.122231 293.936 206.26 141.286 134.995 169.11 270.859 237.213 301.583 237.787 20180713T132607.122231 960 540
20180713T132607.134039 960 540
20180713T132607.142579 960 540
20180713T132607.153963 293.76 206.143 140.697 134.474 173.08 270.621 237.083 301.543 237.543 20180713T132607.153963 960 540
20180713T132607.162770 960 540
20180713T132607.173924 960 540
20180713T132607.182468 294.013 206.246 140.254 133.363 170.244 270.859 237.213 301.542 237.745 20180713T132607.182468 960 540
20180713T132607.194235 960 540
20180713T132607.201945 960 540
20180713T132607.213926 294.094 206.372 139.998 133.304 171.786 271.049 237.244 301.946 237.878 20180713T132607.213926 960 540
20180713T132607.223153 960 540
20180713T132607.233955 960 540
20180713T132607.241907 294.425 206.232 139.359 132.846 173.293 271.297 237.115 302.329 237.742 20180713T132607.241907 960 540
20180713T132607.255168 960 540
20180713T132607.263111 960 540
20180713T132607.273925 294.303 206.422 139.18 132.776 172.123 271.251 237.209 302.338 237.831 20180713T132607.273925 960 540
20180713T132607.284055 960 540
20180713T132607.295005 960 540
20180713T132607.305921 293.758 205.571 139.084 132.354 171.734 270.682 236.358 301.502 236.772 20180713T132607.305921 960 540
20180713T132607.313970 960 540
20180713T132607.325927 960 540
20180713T132607.333914 293.862 205.017 138.994 132.362 171.59 270.905 235.832 301.543 236.205 20180713T132607.333914 960 540
20180713T132607.345930 960 540
20180713T132607.353914 960 540
20180713T132607.365921 295.711 205.22 139.138 132.401 172.843 272.129 236.085 303.111 236.31 20180713T132607.365921 960 540
20180713T132607.374155 960 540
20180713T132607.385923 960 540
20180713T132607.393911 296.091 205.219 139.163 132.368 173.322 272.382 236.148 303.318 236.403 20180713T132607.393911 960 540
20180713T132607.406805 960 540
20180713T132607.413915 960 540
20180713T132607.425925 296.212 205.507 139.117 132.572 172.179 272.556 236.346 303.455 236.338 20180713T132607.425925 960 540
20180713T132607.433940 960 540
20180713T132607.445921 960 540
20180713T132607.453916 296.133 205.411 139.014 132.514 170.94 272.368 236.237 303.443 236.333 20180713T132607.453916 960 540
20180713T132607.465969 960 540
20180713T132607.473937 960 540
20180713T132607.485930 295.804 205.022 139.051 132.072 169.786 272.052 235.845 303.138 236.133 20180713T132607.485930 960 540
20180713T132607.493916 960 540
20180713T132607.505910 960 540
20180713T132607.513914 295.542 204.685 139.043 132.238 169.757 271.854 235.702 303.055 235.809 20180713T132607.513914 960 540
20180713T132607.526473 960 540
20180713T132607.533992 960 540
20180713T132607.545951 293.916 204.582 138.927 132.239 169.564 270.809 235.315 302.042 235.815 20180713T132607.545951 960 540
20180713T132607.557949 960 540
20180713T132607.565916 960 540
20180713T132607.577900 294.244 204.75 139.291 132.064 169.311 271.076 235.579 302.267 235.974 20180713T132607.577900 960 540
20180713T132607.587818 960 540
20180713T132607.597950 960 540
20180713T132607.605913 294.484 205.01 139.458 132.151 170.002 271.131 235.83 302.423 236.035 20180713T132607.605913 960 540
20180713T132607.618932 960 540
20180713T132607.626918 960 540
20180713T132607.638917 294.542 205.021 139.558 132.613 172.071 271.384 236 302.503 236.1 20180713T132607.638917 960 540
20180713T132607.647504 960 540
20180713T132607.657924 960 540
20180713T132607.666735 295.098 204.805 140.314 132.819 169.608 271.517 235.625 302.74 236.047 20180713T132607.666735 960 540
20180713T132607.677958 960 540
20180713T132607.685941 960 540
20180713T132607.697923 294.816 204.759 140.404 133.296 169.37 271.498 235.502 302.587 235.756 20180713T132607.697923 960 540
20180713T132607.708972 960 540
20180713T132607.719006 960 540
20180713T132607.725927 294.575 204.663 140.84 133.609 171.842 271.196 235.343 302.297 235.815 20180713T132607.725927 960 540
20180713T132607.738458 960 540
20180713T132607.746441 960 540
20180713T132607.758470 294.544 204.842 141.103 133.898 171.229 271.346 235.394 302.328 235.821 20180713T132607.758470 960 540
20180713T132607.767119 960 540
20180713T132607.777943 960 540
20180713T132607.785919 295.184 204.991 141.626 134.444 169.957 271.925 235.5 303.011 235.839 20180713T132607.785919 960 540
20180713T132607.797918 960 540
20180713T132607.809947 960 540
20180713T132607.817909 295.503 205.069 141.593 134.846 169.824 272.31 235.32 303.289 235.9 20180713T132607.817909 960 540
20180713T132607.829958 960 540
20180713T132607.837947 960 540
20180713T132607.849908 295.587 204.953 141.602 134.794 172.228 272.39 235.4 303.338 235.831 20180713T132607.849908 960 540
20180713T132607.858311 960 540
20180713T132607.869947 960 540
20180713T132607.877958 295.39 204.894 141.566 134.94 171.972 272.064 235.206 303.318 235.577 20180713T132607.877958 960 540
20180713T132607.889984 960 540
20180713T132607.897938 960 540
20180713T132607.909909 294.604 204.641 141.918 135.135 172.378 271.509 234.717 302.515 235.612 20180713T132607.909909 960 540
20180713T132607.918645 960 540
20180713T132607.930447 960 540
20180713T132607.939133 294.303 204.408 141.68 135.225 170.98 271 234.548 302.22 235.409 20180713T132607.939133 960 540
20180713T132607.950887 960 540
20180713T132607.957972 960 540
20180713T132607.969953 294.345 204.527 141.703 135.077 169.893 271 234.548 302.22 235.409 20180713T132607.969953 960 540
20180713T132607.978058 960 540
20180713T132607.989939 960 540
20180713T132607.997901 294.72 204.52 141.759 134.988 173.287 271.307 234.481 302.667 235.422 20180713T132607.997901 960 540
20180713T132608.010586 960 540
20180713T132608.018587 960 540
20180713T132608.031409 295.363 204.03 141.234 134.9 170.924 271.774 234.456 302.956 235.432 20180713T132608.031409 960 540
20180713T132608.040971 960 540
20180713T132608.049918 960 540
20180713T132608.061904 295.349 204.021 141.709 134.825 169.901 271.751 234.594 303.113 235.484 20180713T132608.061904 960 540
20180713T132608.070005 960 540
20180713T132608.081906 960 540
20180713T132608.089923 295.042 204.129 141.631 134.801 169.293 271.285 234.341 302.5 235.328 20180713T132608.089923 960 540
20180713T132608.101950 960 540
20180713T132608.109905 960 540
20180713T132608.121909 294.817 204.082 141.555 134.997 168.622 270.814 234.314 302.267 234.974 20180713T132608.121909 960 540
20180713T132608.130198 960 540
20180713T132608.141951 960 540
20180713T132608.149934 294.75 204.029 142.153 135.018 169.04 270.937 234.44 302.339 235.053 20180713T132608.149934 960 540
20180713T132608.162335 960 540
20180713T132608.169900 960 540
20180713T132608.181907 294.975 204.142 141.713 135.289 167.464 270.893 234.345 302.418 235.196 20180713T132608.181907 960 540
20180713T132608.189992 960 540
20180713T132608.202787 960 540
20180713T132608.209938 295.263 204.326 141.998 135.459 168.158 271.513 234.597 302.842 235.446 20180713T132608.209938 960 540
20180713T132608.223827 960 540
20180713T132608.230811 960 540
20180713T132608.241946 295.28 204.287 142.385 135.485 166.873 271.589 234.488 302.766 235.374 20180713T132608.241946 960 540
20180713T132608.249999 960 540
20180713T132608.261903 960 540
20180713T132608.269900 295.155 204.269 142.3 135.712 167.586 271.071 234.655 302.646 235.217 20180713T132608.269900 960 540
20180713T132608.281937 960 540
20180713T132608.290907 960 540
20180713T132608.301905 294.731 203.871 142.616 135.803 167.034 270.722 234.322 302.359 234.667 20180713T132608.301905 960 540
20180713T132608.313941 960 540
20180713T132608.321898 960 540
20180713T132608.333900 295.156 203.371 142.789 136.231 166.924 270.866 234.081 302.594 234.453 20180713T132608.333900 960 540
20180713T132608.342098 960 540
20180713T132608.353936 960 540
20180713T132608.361902 294.563 203.521 143.312 136.285 166.676 270.88 233.91 302.37 234.582 20180713T132608.361902 960 540
20180713T132608.373950 960 540
20180713T132608.381926 960 540
20180713T132608.393895 294.318 203.825 143.721 136.458 167.262 270.811 234.739 302.237 234.839 20180713T132608.393895 960 540
20180713T132608.401963 960 540
20180713T132608.413936 960 540
20180713T132608.421927 294.285 204.053 143.602 136.865 167.371 270.789 234.523 302.228 235.217 20180713T132608.421927 960 540
20180713T132608.434585 960 540
20180713T132609.098724 20 540
20180713T132609.110903 185.295 211.807 139.048 124.697 131.757 205.73 242.274 238.444 242.192 20180713T132609.110903 20 540
20180713T132609.119397 20 540
20180713T132609.129892 20 540
20180713T132609.138194 185.338 211.911 138.706 124.485 132.632 205.664 242.467 238.488 242.325 20180713T132609.138194 20 540
20180713T132609.149945 20 540
20180713T132609.157886 20 540
20180713T132609.169894 185.171 212.37 139.047 124.038 132.52 205.612 242.705 238.395 242.923 20180713T132609.169894 20 540
20180713T132609.177930 20 540
20180713T132609.189885 20 540
20180713T132609.197880 185.202 212.652 138.394 124.289 133.092 205.582 242.981 238.352 243.08 20180713T132609.197880 20 540
20180713T132609.209970 20 540
20180713T132609.217878 20 540
20180713T132609.229896 185.08 213.146 139.031 124.161 133.805 205.408 243.335 238.098 243.848 20180713T132609.229896 20 540
20180713T132609.237902 20 540
20180713T132609.249879 20 540
20180713T132609.257893 185.088 213.301 139.131 124.464 133.67 205.389 243.705 238.172 243.948 20180713T132609.257893 20 540
20180713T132609.269966 20 540
20180713T132609.277925 20 540
20180713T132609.290558 184.613 212.847 139.485 124.759 134.615 204.993 242.952 237.839 243.397 20180713T132609.290558 20 540
20180713T132609.299871 20 540
20180713T132609.310429 20 540
20180713T132609.322419 185.016 212.627 139.88 125.158 132.958 205.347 243 238.112 243.21 20180713T132609.322419 20 540
20180713T132609.330096 20 540
20180713T132609.341886 20 540
20180713T132609.349913 185.418 213.303 140.513 125.598 134.018 205.737 243.627 238.498 244.004 20180713T132609.349913 20 540
20180713T132609.361888 20 540
20180713T132609.369877 20 540
20180713T132609.381909 185.371 213.707 140.488 126.472 134.291 205.726 243.899 238.326 244.178 20180713T132609.381909 20 540
20180713T132609.390636 20 540
20180713T132609.401883 20 540
20180713T132609.409907 184.44 214.006 141.835 126.623 134.061 204.909 244.373 237.929 244.357 20180713T132609.409907 20 540
20180713T132609.421893 20 540
20180713T132609.431378 20 540
20180713T132609.443393 184.358 214.176 142.063 127.278 133.4 204.942 244.434 237.929 244.357 20180713T132609.443393 20 540
20180713T132609.449941 20 540
20180713T132609.461892 20 540
20180713T132609.469873 184.26 214.216 142.44 127.723 133.817 204.662 244.455 237.511 244.409 20180713T132609.469873 20 540
20180713T132609.481892 20 540
20180713T132609.491381 20 540
20180713T132609.503379 183.779 214.302 143.101 128.155 134.272 204.335 244.291 237.136 244.295 20180713T132609.503379 20 540
20180713T132609.509939 20 540
20180713T132609.521886 20 540
20180713T132609.529879 183.792 214.391 143.121 128.744 133.96 204.165 244.41 236.937 244.56 20180713T132609.529879 20 540
20180713T132609.541888 20 540
20180713T132609.550916 20 540
20180713T132609.562910 183.782 214.671 143.405 128.624 133.207 204.15 244.69 237.133 244.966 20180713T132609.562910 20 540
20180713T132609.573886 20 540
20180713T132609.581907 20 540
20180713T132609.593875 183.275 214.997 144.08 129.34 134.69 203.888 244.993 236.457 245.285 20180713T132609.593875 20 540
20180713T132609.602735 20 540
20180713T132609.613883 20 540
20180713T132609.622409 183.573 215.129 144.325 129.597 133.436 203.929 244.947 236.857 245.223 20180713T132609.622409 20 540
20180713T132609.633882 20 540
20180713T132609.641875 20 540
20180713T132609.653995 183.587 215.089 144.692 130.3 134.492 203.981 244.762 236.659 245.127 20180713T132609.653995 20 540
20180713T132609.662090 20 540
20180713T132609.675112 20 540
20180713T132609.683404 183.116 214.993 145.022 130.45 133.434 203.512 244.743 236.24 245.079 20180713T132609.683404 20 540
20180713T132609.694100 20 540
20180713T132609.701868 20 540
20180713T132609.713920 183.035 215.185 145.967 131.105 132.71 203.254 244.869 235.869 245.228 20180713T132609.713920 20 540
20180713T132609.722139 20 540
20180713T132609.733918 20 540
20180713T132609.741860 183.461 215.31 146.174 131.621 133.182 203.6 244.877 236.262 245.34 20180713T132609.741860 20 540
20180713T132609.754880 20 540
20180713T132609.762669 20 540
20180713T132609.773882 184.029 215.454 147.258 132.637 133.002 204.132 244.977 236.757 245.228 20180713T132609.773882 20 540
20180713T132609.784707 20 540
20180713T132609.793878 20 540
20180713T132609.801868 184.243 215.527 147.458 132.621 133.189 204.384 244.962 237.161 245.386 20180713T132609.801868 20 540
20180713T132609.813972 20 540
20180713T132609.825883 20 540
20180713T132609.834884 184.053 215.212 148.086 133.522 134.198 204.185 244.738 236.929 244.94 20180713T132609.834884 20 540
20180713T132609.845957 20 540
20180713T132609.853900 20 540
20180713T132609.865896 184.142 215.156 148.083 134.335 133.534 203.769 244.558 236.593 244.86 20180713T132609.865896 20 540
20180713T132609.874633 20 540
20180713T132609.885872 20 540
20180713T132609.893872 183.702 214.673 148.742 134.673 133.87 203.443 244.313 236.032 244.302 20180713T132609.893872 20 540
20180713T132609.905905 20 540
20180713T132609.913893 20 540
20180713T132609.925928 183.818 214.535 149.152 135.297 134.865 203.505 244.284 236.173 244.165 20180713T132609.925928 20 540
20180713T132609.934710 20 540
20180713T132609.945909 20 540
20180713T132609.953903 184.189 214.577 149.688 135.299 134.401 203.843 244.119 236.461 244.169 20180713T132609.953903 20 540
20180713T132609.965875 20 540
20180713T132609.973866 20 540
20180713T132609.985911 184.535 214.61 149.956 135.558 134.16 203.854 244.178 236.595 244.119 20180713T132609.985911 20 540
20180713T132609.993954 20 540
20180713T132610.005868 20 540
20180713T132610.013895 184.578 214.522 150.363 136.165 134.513 203.882 243.895 236.595 244.119 20180713T132610.013895 20 540
20180713T132610.025914 20 540
20180713T132610.033913 20 540
20180713T132610.046419 184.306 214.262 150.801 136.47 135.015 203.705 243.682 236.477 243.977 20180713T132610.046419 20 540
20180713T132610.054448 20 540
20180713T132610.066415 20 540
20180713T132610.078699 182.813 213.844 150.902 136.836 134.066 202.58 243.107 235.301 243.659 20180713T132610.078699 20 540
20180713T132610.085901 20 540
20180713T132610.097903 20 540
20180713T132610.105920 182.954 213.712 151.4 137.139 134.766 202.718 243.119 235.254 243.579 20180713T132610.105920 20 540
20180713T132610.117879 20 540
20180713T132610.125855 20 540
20180713T132610.138874 183.305 213.731 151.379 137.529 133.485 203.023 243.135 235.675 243.654 20180713T132610.138874 20 540
20180713T132610.146731 20 540
20180713T132610.157868 20 540
20180713T132610.165885 183.403 213.864 151.831 138.025 135.629 203.239 243.187 235.854 243.695 20180713T132610.165885 20 540
20180713T132610.177869 20 540
20180713T132610.185854 20 540
20180713T132610.199108 183.943 213.854 152.332 138.008 134.724 203.519 243.194 236.252 243.6 20180713T132610.199108 20 540
20180713T132610.205933 20 540
20180713T132610.217890 20 540
20180713T132610.225883 184.087 213.801 152.262 138.006 135.393 203.873 243.054 236.222 243.254 20180713T132610.225883 20 540
20180713T132610.238965 20 540
20180713T132610.245855 20 540
20180713T132610.257872 184.082 212.629 152.684 138.268 136.086 203.622 242.081 236.275 242.161 20180713T132610.257872 20 540
20180713T132610.265915 20 540
20180713T132610.277864 20 540
20180713T132610.285862 184.729 212.429 152.896 138.338 136.031 203.978 241.836 236.831 242.144 20180713T132610.285862 20 540
20180713T132610.297877 20 540
20180713T132610.305866 20 540
20180713T132610.317868 185.106 212.489 153.203 138.601 135.288 204.337 242.05 237.182 242.116 20180713T132610.317868 20 540
20180713T132610.330753 20 540
20180713T132610.338708 20 540
20180713T132610.349869 184.924 212.494 153.681 138.896 135.059 204.258 241.776 237.099 242.135 20180713T132610.349869 20 540
20180713T132610.358362 20 540
20180713T132610.370418 20 540
20180713T132610.378408 184.679 212.215 153.8 139.082 135.698 203.873 241.516 236.916 241.903 20180713T132610.378408 20 540
20180713T132610.390897 20 540
20180713T132610.398698 20 540
20180713T132610.409865 184.526 211.788 153.581 138.918 136.167 203.861 240.993 236.745 241.593 20180713T132610.409865 20 540
20180713T132610.420721 20 540
20180713T132610.430704 20 540
20180713T132610.437894 183.851 211.165 153.836 139.047 134.561 203.298 240.743 236.119 240.744 20180713T132610.437894 20 540
20180713T132610.449877 20 540
20180713T132610.457861 20 540
20180713T132610.469908 183.794 210.843 153.585 138.832 135.11 202.955 240.281 236.095 240.459 20180713T132610.469908 20 540
20180713T132610.478728 20 540
20180713T132610.489865 20 540
20180713T132610.497865 183.814 210.758 153.046 139.02 134.014 203.153 240.113 235.949 240.064 20180713T132610.497865 20 540
20180713T132610.510190 20 540
20180713T132610.518172 20 540
20180713T132610.531739 183.478 210.765 152.884 138.936 134.301 202.995 240.005 235.921 240.132 20180713T132610.531739 20 540
20180713T132610.540565 20 540
20180713T132610.550755 20 540
20180713T132610.557859 183.505 210.669 153.015 138.826 134.235 202.827 240.068 235.887 240.165 20180713T132610.557859 20 540
20180713T132610.570698 20 540
20180713T132610.581861 20 540
20180713T132610.589884 183.868 210.669 152.728 139.073 133.403 203.305 239.979 236.182 240.089 20180713T132610.589884 20 540
20180713T132611.145828 20 1060
20180713T132611.153837 20 1060
20180713T132611.165834 185.367 258.58 144.4 138.638 118.282 204.638 265.307 237.175 265.268 20180713T132611.165834 20 1060
20180713T132611.175632 20 1060
20180713T132611.186668 20 1060
20180713T132611.193830 185.226 258.531 143.753 137.825 116.894 204.521 265.5 237.109 265.399 20180713T132611.193830 20 1060
20180713T132611.207932 20 1060
20180713T132611.213832 20 1060
20180713T132611.225903 184.717 257.678 142.129 136.663 118.973 204.162 264.841 236.635 264.625 20180713T132611.225903 20 1060
20180713T132611.237281 20 1060
20180713T132611.246140 20 1060
20180713T132611.254136 185.001 257.398 141.846 136.641 117.85 204.369 264.738 237.229 264.302 20180713T132611.254136 20 1060
20180713T132611.268209 20 1060
20180713T132611.274653 20 1060
20180713T132611.285837 185.817 257.491 141.227 135.793 116.978 205.457 264.847 237.817 264.417 20180713T132611.285837 20 1060
20180713T132611.295884 20 1060
20180713T132611.305860 20 1060
20180713T132611.314368 185.897 257.58 140.719 135.542 117.347 205.457 264.847 237.817 264.417 20180713T132611.314368 20 1060
20180713T132611.325841 20 1060
20180713T132611.337900 20 1060
20180713T132611.345828 185.929 257.326 140.702 135.066 117.585 205.457 264.847 238.048 264.411 20180713T132611.345828 20 1060
20180713T132611.358735 20 1060
20180713T132611.366721 20 1060
20180713T132611.377833 185.995 257.304 140.565 135.175 117.474 205.325 264.655 237.931 264.397 20180713T132611.377833 20 1060
20180713T132611.387126 20 1060
20180713T132611.398672 20 1060
20180713T132611.405850 184.788 256.819 140.248 134.847 118.927 204.473 263.944 237.119 263.605 20180713T132611.405850 20 1060
20180713T132611.418257 20 1060
20180713T132611.426240 20 1060
20180713T132611.438245 184.077 256.902 139.83 134.615 115.716 203.93 263.856 236.484 263.824 20180713T132611.438245 20 1060
20180713T132611.446571 20 1060
20180713T132611.458251 20 1060
20180713T132611.467301 184.107 256.851 139.801 134.664 115.038 203.92 263.804 236.469 263.588 20180713T132611.467301 20 1060
20180713T132611.477912 20 1060
20180713T132611.485861 20 1060
20180713T132611.497836 184.228 256.918 139.47 134.713 114.487 204.264 263.908 237.079 263.885 20180713T132611.497836 20 1060
20180713T132611.505931 20 1060
20180713T132611.517855 20 1060
20180713T132611.525818 184.326 257.227 140.098 134.717 112.137 204.358 264.146 236.942 263.894 20180713T132611.525818 20 1060
20180713T132611.538844 20 1060
20180713T132611.546501 20 1060
20180713T132611.558498 184.471 257.221 139.931 134.655 115.204 204.484 264.033 237.226 263.977 20180713T132611.558498 20 1060
20180713T132611.567302 20 1060
20180713T132611.577831 20 1060
20180713T132611.589827 184.658 257.063 140.444 134.905 115.701 204.781 263.867 237.469 263.588 20180713T132611.589827 20 1060
20180713T132611.598362 20 1060
20180713T132611.609867 20 1060
20180713T132611.618496 184.611 256.913 140.511 134.677 113.925 204.474 263.681 237.362 263.548 20180713T132611.618496 20 1060
20180713T132611.630565 20 1060
20180713T132611.637862 20 1060
20180713T132611.649826 184.199 256.824 140.826 134.901 112.363 204.401 263.572 237.005 263.454 20180713T132611.649826 20 1060
20180713T132611.657911 20 1060
20180713T132611.669828 20 1060
20180713T132611.678644 184.372 256.845 140.78 135.37 113.198 204.401 263.572 237.167 263.431 20180713T132611.678644 20 1060
20180713T132611.690692 20 1060
20180713T132611.698498 20 1060
20180713T132611.710501 184.808 256.899 141.176 135.798 112.386 204.79 263.741 237.394 263.739 20180713T132611.710501 20 1060
20180713T132611.717975 20 1060
20180713T132611.729863 20 1060
20180713T132611.737823 185.133 257.142 141.403 135.778 111.958 205.2 263.901 237.469 263.588 20180713T132611.737823 20 1060
20180713T132611.749866 20 1060
20180713T132611.757816 20 1060
20180713T132611.769832 185.371 257.297 141.381 136.308 116.161 205.251 263.791 237.813 263.573 20180713T132611.769832 20 1060
20180713T132611.777819 20 1060
20180713T132611.790236 20 1060
20180713T132611.798876 185.11 257.18 142.007 136.429 112.038 205.22 263.812 237.394 263.739 20180713T132611.798876 20 1060
20180713T132611.810910 20 1060
20180713T132611.818361 20 1060
20180713T132611.830363 184.461 256.922 142.228 136.45 113.884 204.471 263.529 237.226 263.412 20180713T132611.830363 20 1060
20180713T132611.841810 20 1060
20180713T132611.849755 20 1060
20180713T132611.861732 184.307 256.546 142.214 136.487 111.792 204.074 263.15 237.082 262.931 20180713T132611.861732 20 1060
20180713T132611.869771 20 1060
20180713T132611.881811 20 1060
20180713T132611.889740 187.255 250.294 140.459 136.81 126.575 205.183 257.321 237.439 257.354 20180713T132611.889740 20 1060
20180713T132611.902342 20 1060
20180713T132611.909746 20 1060
20180713T132611.921732 188.361 243.724 141.03 138.791 127.916 204.601 253.961 236.5 254.926 20180713T132611.921732 20 1060
20180713T132611.931860 20 1060
20180713T132611.941779 20 1060
20180713T132611.950367 -1 -1 141.03 138.791 127.916 204.601 253.961 236.5 254.926 20180713T132611.950367 20 1060
20180713T132611.961709 20 1060
20180713T132611.969710 20 1060
20180713T132611.981715 -1 -1 141.03 138.791 127.916 204.601 253.961 236.5 254.926 20180713T132611.981715 20 1060
20180713T132611.989980 20 1060
20180713T132612.002148 20 1060
20180713T132612.010537 188.056 249.581 142.737 137.808 110.775 207.197 256.008 239.239 256.126 20180713T132612.010537 20 1060
20180713T132612.021795 20 1060
20180713T132612.030609 20 1060
20180713T132612.042590 188.217 249.162 146.171 137.207 104.476 206.781 257.344 239.436 256.905 20180713T132612.042590 20 1060
20180713T132612.051772 20 1060
20180713T132612.061785 20 1060
20180713T132612.069788 188.314 251.86 144.02 137.118 112.2 207.45 258.974 239.5 258.5 20180713T132612.069788 20 1060
20180713T132612.081798 20 1060
20180713T132612.093852 20 1060
20180713T132612.101777 188.725 252.709 143.765 137.6 111.935 207.579 259.395 239.475 259.091 20180713T132612.101777 20 1060
20180713T132612.113811 20 1060
20180713T132612.121787 20 1060
20180713T132612.135008 188.814 253.321 144.284 137.607 109.787 207.741 260.439 239.956 260.044 20180713T132612.135008 20 1060
20180713T132612.145754 20 1060
20180713T132612.153830 20 1060
20180713T132612.161797 188.898 253.711 144.021 137.218 107.911 207.853 260.728 240.076 260.399 20180713T132612.161797 20 1060
20180713T132612.173872 20 1060
20180713T132612.181796 20 1060
20180713T132612.193798 188.075 253.748 143.924 137.752 114.044 207.22 260.752 239.409 260.354 20180713T132612.193798 20 1060
20180713T132612.202353 20 1060
20180713T132612.213800 20 1060
20180713T132612.223011 186.901 253.382 143.912 137.219 112.608 206.336 260.614 238.495 260.213 20180713T132612.223011 20 1060
20180713T132612.233858 20 1060
20180713T132612.241792 20 1060
20180713T132612.253796 187.218 253.833 144.041 137.65 113.139 206.992 261.078 239.323 260.615 20180713T132612.253796 20 1060
20180713T132612.261840 20 1060
20180713T132612.273800 20 1060
20180713T132612.281793 187.669 254.018 144.311 137.676 110.252 207.307 261.133 239.359 261.026 20180713T132612.281793 20 1060
20180713T132612.293894 20 1060
20180713T132612.301832 20 1060
20180713T132612.314341 187.627 254.26 144.931 138.14 110.523 207.407 261.418 239.531 261.302 20180713T132612.314341 20 1060
20180713T132612.323028 20 1060
20180713T132612.333800 20 1060
20180713T132612.345800 187.645 254.552 145.237 138.054 114.965 207.37 261.436 239.516 261.387 20180713T132612.345800 20 1060
20180713T132612.354043 20 1060
20180713T132612.365814 20 1060
20180713T132612.375017 187.016 254.503 144.961 138.41 112.859 206.694 261.331 239.269 261.317 20180713T132612.375017 20 1060
20180713T132612.387593 20 1060
20180713T132612.393830 20 1060
20180713T132612.405810 186.618 254.457 145.215 138.249 113.75 206.097 261.261 238.697 260.97 20180713T132612.405810 20 1060
20180713T132612.413859 20 1060
20180713T132612.425819 20 1060
20180713T132612.433792 186.761 254.444 145.008 138.353 110.23 206.097 261.261 238.608 261.263 20180713T132612.433792 20 1060
20180713T132612.445810 20 1060
20180713T132612.453796 20 1060
20180713T132612.465800 187.027 254.747 144.848 137.872 110.162 206.377 261.504 238.887 261.362 20180713T132612.465800 20 1060
20180713T132612.473843 20 1060
20180713T132612.485798 20 1060
20180713T132612.494109 187.009 255.513 144.819 137.948 112.221 206.397 262.399 238.85 261.977 20180713T132612.494109 20 1060
20180713T132612.506153 20 1060
20180713T132612.515009 20 1060
20180713T132612.527788 187.066 255.846 144.506 137.921 111.795 206.567 262.684 239.014 262.171 20180713T132612.527788 20 1060
20180713T132612.535145 20 1060
20180713T132612.546114 20 1060
20180713T132612.554112 187.173 255.811 144.147 137.595 116.257 206.743 262.679 239.328 262.333 20180713T132612.554112 20 1060
20180713T132612.566116 20 1060
20180713T132612.573841 20 1060
20180713T132612.585804 187.042 256.039 144.32 137.526 111.29 206.524 262.689 238.895 262.333 20180713T132612.585804 20 1060
20180713T132612.598695 20 1060
20180713T132612.605823 20 1060
20180713T132612.617827 186.12 256.122 144.156 137.595 113.738 205.662 262.883 238.109 262.484 20180713T132612.617827 20 1060
20180713T132612.625796 20 1060
20180713T132612.637858 20 1060
20180713T132613.229693 -1 -1 144.156 137.595 113.738 205.662 262.883 238.109 262.484 20180713T132613.229693 960 1060
20180713T132613.241717 960 1060
20180713T132613.249658 960 1060
20180713T132613.262262 -1 -1 144.156 137.595 113.738 205.662 262.883 238.109 262.484 20180713T132613.262262 960 1060
20180713T132613.270882 960 1060
20180713T132613.282622 960 1060
20180713T132613.290615 -1 -1 144.156 137.595 113.738 205.662 262.883 238.109 262.484 20180713T132613.290615 960 1060
20180713T132613.302655 960 1060
20180713T132613.309725 960 1060
20180713T132613.321701 289.08 266.891 129.108 112.524 23.9519 272.938 263.802 302.827 264.012 20180713T132613.321701 960 1060
20180713T132613.329727 960 1060
20180713T132613.341730 960 1060
20180713T132613.353752 293.249 260.332 132.531 131.077 10.2591 270.725 265.799 300.836 265.78 20180713T132613.353752 960 1060
20180713T132613.361956 960 1060
20180713T132613.373717 960 1060
20180713T132613.381723 292.97 262.186 132.535 130.681 132.672 270.259 267.5 300.552 267.337 20180713T132613.381723 960 1060
20180713T132613.393758 960 1060
20180713T132613.401736 960 1060
20180713T132613.413745 292.795 263.337 133.128 129.595 155.758 269.595 268.156 300.262 268.122 20180713T132613.413745 960 1060
20180713T132613.422110 960 1060
20180713T132613.433748 960 1060
20180713T132613.441756 292.572 264.266 133.874 129.505 147.798 269.124 269.317 300.011 269.333 20180713T132613.441756 960 1060
20180713T132613.453781 960 1060
20180713T132613.461790 960 1060
20180713T132613.473760 292.28 264.836 134.068 130.462 141.887 268.813 269.8 299.545 269.858 20180713T132613.473760 960 1060
20180713T132613.483159 960 1060
20180713T132613.493791 960 1060
20180713T132613.502419 291.842 264.884 134.947 130.961 138.734 268.73 270.31 299.318 270.202 20180713T132613.502419 960 1060
20180713T132613.514629 960 1060
20180713T132613.522278 960 1060
20180713T132613.534283 292.322 265.033 135.214 131.458 141.355 268.702 270.561 299.513 270.257 20180713T132613.534283 960 1060
20180713T132613.541872 960 1060
20180713T132613.553794 960 1060
20180713T132613.561763 291.818 265.142 136.113 132.665 139.883 268.232 270.48 298.903 270.33 20180713T132613.561763 960 1060
20180713T132613.573803 960 1060
20180713T132613.581766 960 1060
20180713T132613.593762 291.439 265.167 137.165 132.74 144.003 268 270.5 298.582 270.481 20180713T132613.593762 960 1060
20180713T132613.605845 960 1060
20180713T132613.613747 960 1060
20180713T132613.625765 291.761 265.68 137.973 134.04 147.567 268.592 271.07 298.751 271.018 20180713T132613.625765 960 1060
20180713T132613.633835 960 1060
20180713T132613.645782 960 1060
20180713T132613.653759 292.399 266.175 138.697 135.115 149.628 268.951 271.493 299.446 271.467 20180713T132613.653759 960 1060
20180713T132613.665788 960 1060
20180713T132613.673765 960 1060
20180713T132613.685766 293.237 266.481 139.474 135.358 148.345 269.79 272.041 300.333 272.12 20180713T132613.685766 960 1060
20180713T132613.693916 960 1060
20180713T132613.705765 960 1060
20180713T132613.713810 293.255 266.752 139.409 135.394 143.531 269.944 272.131 300.489 271.929 20180713T132613.713810 960 1060
20180713T132613.725804 960 1060
20180713T132613.733748 960 1060
20180713T132613.745748 292.692 266.38 139.814 135.362 143.147 269.549 271.809 300 271.5 20180713T132613.745748 960 1060
20180713T132613.753858 960 1060
20180713T132613.765759 960 1060
20180713T132613.774441 291.193 265.641 139.401 135.497 143.374 268.641 271.178 298.885 271.292 20180713T132613.774441 960 1060
20180713T132613.785756 960 1060
20180713T132613.793748 960 1060
20180713T132613.805758 290.48 265.522 139.264 135.676 144.278 267.839 270.827 298.5 271 20180713T132613.805758 960 1060
20180713T132613.813832 960 1060
20180713T132613.825764 960 1060
20180713T132613.834759 290.549 265.293 139.054 135.15 138.393 267.779 270.685 298.382 270.563 20180713T132613.834759 960 1060
20180713T132613.845796 960 1060
20180713T132613.857760 960 1060
20180713T132613.865774 290.68 265.206 138.948 134.91 146.435 267.923 270.737 298.905 270.742 20180713T132613.865774 960 1060
20180713T132613.878229 960 1060
20180713T132613.885755 960 1060
20180713T132613.899236 290.774 265.206 138.399 134.935 143.021 268.033 270.691 298.819 270.72 20180713T132613.899236 960 1060
20180713T132613.908737 960 1060
20180713T132613.917762 960 1060
20180713T132613.925748 290.817 264.835 137.998 134.439 144.977 267.989 270.476 298.85 270.15 20180713T132613.925748 960 1060
20180713T132613.938006 960 1060
20180713T132613.945787 960 1060
20180713T132613.957759 290.828 264.595 137.868 133.914 144.82 268.17 270.336 298.83 270.138 20180713T132613.957759 960 1060
20180713T132613.968600 960 1060
20180713T132613.977760 960 1060
20180713T132613.985784 290.528 264.394 137.728 133.788 144.547 268.24 269.613 298.701 270.087 20180713T132613.985784 960 1060
20180713T132613.998742 960 1060
20180713T132614.005754 960 1060
20180713T132614.017753 290.4 263.991 137.623 133.615 149.676 267.985 269.382 298.427 269.705 20180713T132614.017753 960 1060
20180713T132614.025795 960 1060
20180713T132614.038571 960 1060
20180713T132614.047231 290.47 263.872 137.191 133.179 147.863 268.167 269.557 298.69 269.592 20180713T132614.047231 960 1060
20180713T132614.058121 960 1060
20180713T132614.066645 960 1060
20180713T132614.077779 290.435 263.878 137.081 133.577 148.676 268.221 269.514 298.823 269.378 20180713T132614.077779 960 1060
20180713T132614.086830 960 1060
20180713T132614.097761 960 1060
20180713T132614.109767 290.63 263.845 137.112 133.573 151.569 268.353 269.095 299.092 269.383 20180713T132614.109767 960 1060
20180713T132614.117774 960 1060
20180713T132614.129758 960 1060
20180713T132614.138165 290.573 263.477 137.152 132.99 151.409 268.344 269.048 299.06 269.135 20180713T132614.138165 960 1060
20180713T132614.150192 960 1060
20180713T132614.158171 960 1060
20180713T132614.170154 290.349 262.175 137.054 133.284 151.477 268.235 268.056 298.82 267.813 20180713T132614.170154 960 1060
20180713T132614.178655 960 1060
20180713T132614.189742 960 1060
20180713T132614.197746 290.887 262.13 137.071 133.4 149.36 268.758 267.746 299.64 267.766 20180713T132614.197746 960 1060
20180713T132614.209770 960 1060
20180713T132614.217745 960 1060
20180713T132614.230744 291.231 262.169 137.131 133.073 149.946 269.294 268.134 299.884 267.92 20180713T132614.230744 960 1060
20180713T132614.237781 960 1060
20180713T132614.249743 960 1060
20180713T132614.257809 291.26 262.144 137.222 133.523 145.894 269.211 267.96 299.883 267.799 20180713T132614.257809 960 1060
20180713T132614.269758 960 1060
20180713T132614.277751 960 1060
20180713T132614.289745 291.367 261.891 137.744 132.989 151.447 269.183 267.718 300.102 267.67 20180713T132614.289745 960 1060
20180713T132614.298208 960 1060
20180713T132614.309748 960 1060
20180713T132614.317783 291.342 261.634 137.798 133.276 152.444 269.197 267.438 300.004 267.437 20180713T132614.317783 960 1060
20180713T132614.329766 960 1060
20180713T132614.337764 960 1060
20180713T132614.351211 290.679 261.107 138.053 133.541 152.877 268.891 266.823 299.443 266.629 20180713T132614.351211 960 1060
20180713T132614.361765 960 1060
20180713T132614.369742 960 1060
20180713T132614.381748 290.731 260.804 138.08 133.793 154.836 268.644 266.343 299.241 266.605 20180713T132614.381748 960 1060
20180713T132614.390242 960 1060
20180713T132614.402151 960 1060
20180713T132614.410154 290.413 260.658 139.284 134.401 151.466 268.343 266.072 298.96 266.502 20180713T132614.410154 960 1060
20180713T132614.422190 960 1060
20180713T132614.430158 960 1060
20180713T132614.442164 290.342 260.508 138.953 134.448 152.96 268.196 265.863 298.846 266.521 20180713T132614.442164 960 1060
20180713T132614.451367 960 1060
20180713T132614.462169 960 1060
20180713T132614.470740 290.74 260.781 139.646 135.317 154.567 268.366 265.832 299.075 266.427 20180713T132614.470740 960 1060
20180713T132614.481770 960 1060
20180713T132614.489769 960 1060
20180713T132614.501778 290.746 260.631 139.912 135.499 156.811 268.84 265.897 299.24 266.512 20180713T132614.501778 960 1060
20180713T132614.510916 960 1060
20180713T132614.522380 960 1060
20180713T132614.529795 291.055 260.326 140.301 135.993 151.108 268.965 265.845 299.31 266.114 20180713T132614.529795 960 1060
20180713T132614.542837 960 1060
20180713T132614.549799 960 1060
20180713T132614.562412 290.638 260.317 140.98 136.064 153.317 268.462 265.707 299.226 265.893 20180713T132614.562412 960 1060
20180713T132614.571237 960 1060
20180713T132614.582047 960 1060
20180713T132614.589791 290.601 259.863 141.395 136.869 156.095 268.178 265.336 299.102 265.799 20180713T132614.589791 960 1060
20180713T132614.602766 960 1060
20180713T132614.614753 960 1060
20180713T132614.622758 290.595 259.774 141.353 136.922 154.212 268.272 265.275 299.317 265.811 20180713T132614.622758 960 1060
20180713T132614.634586 960 1060
20180713T132614.641968 960 1060
20180713T132614.653771 291.055 260.013 141.949 137.674 152.309 268.67 265.569 299.554 265.762 20180713T132614.653771 960 1060
20180713T132614.661928 960 1060
20180713T132614.673783 960 1060
20180713T132614.681735 291.258 259.94 141.995 137.696 153.146 269.137 265.661 299.827 265.717 20180713T132614.681735 960 1060
20180713T132614.694820 960 1060
20180713T132614.701779 960 1060
20180713T132614.713750 291.287 259.827 142.088 138.089 151.66 268.966 265.514 299.827 265.717 20180713T132614.713750 960 1060
20180713T132614.721981 960 1060
20180713T132615.378959 1900 1060
20180713T132615.391905 390.804 259.96 137.879 126.002 98.4805 325.542 263.634 357.435 264.139 20180713T132615.391905 1900 1060
20180713T132615.398414 1900 1060
20180713T132615.409836 1900 1060
20180713T132615.418058 390.981 260.22 137.043 124.724 98.5856 325.644 263.941 357.583 264.469 20180713T132615.418058 1900 1060
20180713T132615.430080 1900 1060
20180713T132615.438049 1900 1060
20180713T132615.450062 391.225 260.345 136.929 124.507 99.2767 325.746 263.948 357.861 264.312 20180713T132615.450062 1900 1060
20180713T132615.458971 1900 1060
20180713T132615.470174 1900 1060
20180713T132615.478741 391.683 260.189 136.472 124.268 98.8811 326.107 263.735 358.284 264.23 20180713T132615.478741 1900 1060
20180713T132615.489784 1900 1060
20180713T132615.497790 1900 1060
20180713T132615.509743 391.616 259.921 136.161 124.448 98.9672 326.037 263.816 358.122 264.142 20180713T132615.509743 1900 1060
20180713T132615.518046 1900 1060
20180713T132615.529746 1900 1060
20180713T132615.537730 390.959 259.893 136.473 125.169 100.148 325.699 263.699 357.875 264.219 20180713T132615.537730 1900 1060
20180713T132615.550581 1900 1060
20180713T132615.557738 1900 1060
20180713T132615.570965 391.306 260.19 136.816 124.945 99.6298 325.807 263.822 357.898 264.288 20180713T132615.570965 1900 1060
20180713T132615.579250 1900 1060
20180713T132615.589756 1900 1060
20180713T132615.597742 391.977 260.258 137.096 124.898 97.727 326.645 263.833 358.63 264.263 20180713T132615.597742 1900 1060
20180713T132615.609747 1900 1060
20180713T132615.621832 1900 1060
20180713T132615.629740 392.244 260.352 137.048 125.73 98.1054 326.986 264.086 358.898 264.414 20180713T132615.629740 1900 1060
20180713T132615.641793 1900 1060
20180713T132615.649736 1900 1060
20180713T132615.661747 392.224 260.457 137.912 125.761 98.866 327.094 263.928 359.061 264.458 20180713T132615.661747 1900 1060
20180713T132615.669756 1900 1060
20180713T132615.681750 1900 1060
20180713T132615.689765 392.307 260.372 138.3 126.484 98.0518 327.096 263.863 359.03 264.347 20180713T132615.689765 1900 1060
20180713T132615.702856 1900 1060
20180713T132615.710811 1900 1060
20180713T132615.721743 391.518 260.066 138.861 126.895 98.1546 326.278 263.559 358.284 264.23 20180713T132615.721743 1900 1060
20180713T132615.731751 1900 1060
20180713T132615.742958 1900 1060
20180713T132615.750951 391.382 259.945 139.036 127.303 98.1378 326.043 263.501 358.033 263.862 20180713T132615.750951 1900 1060
20180713T132615.762165 1900 1060
20180713T132615.770297 1900 1060
20180713T132615.782727 391.872 260.087 139.771 127.725 98.5045 326.392 263.667 358.576 263.906 20180713T132615.782727 1900 1060
20180713T132615.792192 1900 1060
20180713T132615.801738 1900 1060
20180713T132615.809724 391.842 260.348 139.495 127.831 97.7203 326.369 263.508 358.576 263.906 20180713T132615.809724 1900 1060
20180713T132615.821792 1900 1060
20180713T132615.829736 1900 1060
20180713T132615.842797 391.951 260.142 139.496 127.971 97.3596 326.074 263.252 358.443 263.908 20180713T132615.842797 1900 1060
20180713T132615.851017 1900 1060
20180713T132615.862052 1900 1060
20180713T132615.874058 391.869 260.304 139.498 128.297 97.0639 326.142 263.201 358.54 263.818 20180713T132615.874058 1900 1060
20180713T132615.881930 1900 1060
20180713T132615.893753 1900 1060
20180713T132615.901734 391.702 260.054 139.185 127.777 98.6542 326.145 263.271 358.292 263.718 20180713T132615.901734 1900 1060
20180713T132615.913808 1900 1060
20180713T132615.921734 1900 1060
20180713T132615.933741 391.349 259.815 138.916 127.264 99.1347 326.038 263.233 358.203 263.691 20180713T132615.933741 1900 1060
20180713T132615.941862 1900 1060
20180713T132615.953768 1900 1060
20180713T132615.961733 391.554 260.021 139.005 127.021 98.2342 326.074 263.252 358.278 263.853 20180713T132615.961733 1900 1060
20180713T132615.974589 1900 1060
20180713T132615.981767 1900 1060
20180713T132615.993736 391.977 260.081 138.795 126.882 97.1858 326.536 263.56 358.872 264 20180713T132615.993736 1900 1060
20180713T132616.001791 1900 1060
20180713T132616.013740 1900 1060
20180713T132616.021835 392.067 260.078 138.324 126.343 98.0582 326.733 263.642 358.918 264.219 20180713T132616.021835 1900 1060
20180713T132616.034160 1900 1060
20180713T132616.042040 1900 1060
20180713T132616.054057 392.051 260.233 137.804 126.428 98.2079 326.484 263.808 358.685 264.369 20180713T132616.054057 1900 1060
20180713T132616.061992 1900 1060
20180713T132616.073739 1900 1060
20180713T132616.081765 391.441 259.785 138.041 125.925 98.8349 325.97 263.26 358.062 263.831 20180713T132616.081765 1900 1060
20180713T132616.094574 1900 1060
20180713T132616.102307 1900 1060
20180713T132616.113734 391.973 259.785 137.501 124.982 96.201 326.244 263.151 358.421 263.579 20180713T132616.113734 1900 1060
20180713T132616.125755 1900 1060
20180713T132616.133724 1900 1060
20180713T132616.145735 392.595 260.467 136.725 125.186 98.2019 327.065 263.982 359.257 264.46 20180713T132616.145735 1900 1060
20180713T132616.153975 1900 1060
20180713T132616.165758 1900 1060
20180713T132616.173728 392.808 260.749 137.171 124.802 98.9248 327.132 264.353 359.418 264.842 20180713T132616.173728 1900 1060
20180713T132616.185736 1900 1060
20180713T132616.193722 1900 1060
20180713T132616.205755 392.634 261.334 137.012 124.866 98.6956 327.112 264.985 359.192 265.327 20180713T132616.205755 1900 1060
20180713T132616.215524 1900 1060
20180713T132616.225743 1900 1060
20180713T132616.234726 392.351 261.473 137.219 124.364 98.1579 326.805 264.861 358.99 265.429 20180713T132616.234726 1900 1060
20180713T132616.246666 1900 1060
20180713T132616.253722 1900 1060
20180713T132616.265726 391.364 261.488 137.161 124.643 99.1527 326.121 264.881 358.34 265.49 20180713T132616.265726 1900 1060
20180713T132616.273777 1900 1060
20180713T132616.285728 1900 1060
20180713T132616.293815 390.235 261.954 137.506 124.811 99.1315 325.664 265.348 357.554 265.828 20180713T132616.293815 1900 1060
20180713T132616.306644 1900 1060
20180713T132616.313958 1900 1060
20180713T132616.325749 390.747 262.938 137.071 125.336 99.9182 325.906 266.368 358.01 266.824 20180713T132616.325749 1900 1060
20180713T132616.334824 1900 1060
20180713T132616.346559 1900 1060
20180713T132616.354954 390.892 263.245 137.773 125.648 98.441 326.104 266.728 358.237 267.314 20180713T132616.354954 1900 1060
20180713T132616.365730 1900 1060
20180713T132616.377731 1900 1060
20180713T132616.385727 390.604 264.089 138.488 126.209 99.3971 325.943 267.299 357.924 267.7 20180713T132616.385727 1900 1060
20180713T132616.397750 1900 1060
20180713T132616.405719 1900 1060
20180713T132616.417726 390.524 264.075 138.411 126.606 99.7271 326.034 267.632 357.936 268.053 20180713T132616.417726 1900 1060
20180713T132616.427541 1900 1060
20180713T132616.437789 1900 1060
20180713T132616.445719 390.521 264.229 138.709 127.093 100.717 325.959 267.721 357.9 268.213 20180713T132616.445719 1900 1060
20180713T132616.457931 1900 1060
20180713T132616.465712 1900 1060
20180713T132616.477739 390.4 264.434 138.953 127.015 98.5952 325.958 268.012 357.784 268.451 20180713T132616.477739 1900 1060
20180713T132616.485734 1900 1060
20180713T132616.497715 1900 1060
20180713T132616.505818 390.645 265.047 139.536 127.244 98.9284 326.11 268.499 357.883 268.935 20180713T132616.505818 1900 1060
20180713T132616.517777 1900 1060
20180713T132616.525717 1900 1060
20180713T132616.537706 390.701 265.42 139.439 127.835 99.4012 326.453 268.833 358.174 269.231 20180713T132616.537706 1900 1060
20180713T132616.546649 1900 1060
20180713T132616.558249 1900 1060
20180713T132616.565707 391.463 266.546 139.866 128.011 98.8088 326.995 269.667 358.694 270.157 20180713T132616.565707 1900 1060
20180713T132616.578539 1900 1060
20180713T132616.586719 1900 1060
20180713T132616.598722 391.56 266.707 139.969 127.932 99.381 327.362 270.231 358.923 270.51 20180713T132616.598722 1900 1060
20180713T132616.609532 1900 1060
20180713T132616.617702 1900 1060
20180713T132616.629720 391.679 267.228 140.452 128.165 99.7149 327.402 270.57 359.225 271.083 20180713T132616.629720 1900 1060
20180713T132616.637716 1900 1060
20180713T132616.649723 1900 1060
20180713T132616.658392 391.497 267.342 140.603 128.508 100.378 327.261 270.647 358.917 271.097 20180713T132616.658392 1900 1060
20180713T132616.670403 1900 1060
20180713T132616.678122 1900 1060
20180713T132616.690127 391 267.782 140.618 129.01 101.053 326.688 270.931 358.401 271.428 20180713T132616.690127 1900 1060
20180713T132616.698556 1900 1060
20180713T132616.709728 1900 1060
20180713T132616.717703 390.879 267.964 140.91 128.881 99.9131 326.474 271.117 358.181 271.646 20180713T132616.717703 1900 1060
20180713T132616.729728 1900 1060
20180713T132616.738231 1900 1060
20180713T132616.750235 390.505 268.361 140.977 129.357 99.9903 326.308 271.743 358.225 272.083 20180713T132616.750235 1900 1060
20180713T132616.757777 1900 1060
20180713T132616.769749 1900 1060
20180713T132616.777750 391.94 267.865 141.308 129.136 99.1687 326.964 271.452 358.631 271.85 20180713T132616.777750 1900 1060
20180713T132616.791278 1900 1060
20180713T132616.798790 1900 1060
20180713T132616.809700 391.356 267.824 141.716 129.67 99.8333 326.667 271.654 358.473 271.975 20180713T132616.809700 1900 1060
20180713T132616.818095 1900 1060
20180713T132616.829695 1900 1060
20180713T132616.837723 391.02 267.78 141.896 129.895 99.2814 326.417 271.798 358.325 272.261 20180713T132616.837723 1900 1060
20180713T132616.849712 1900 1060
20180713T132616.857743 1900 1060
20180713T132616.869763 389.762 267.758 142.343 130.306 100.249 325.222 271.65 356.699 272.04 20180713T132616.869763 1900 1060
