04115530723 960 540
04115530730 960 540
04115530737 960 540
04115530749 960 540
04115530757 960 540
04115530770 960 540
04115530779 960 540
04115530791 960 540
04115530799 960 540
04115530811 960 540
04115530819 960 540
04115530831 960 540
04115530839 960 540
04115530851 960 540
04115530859 960 540
04115530871 960 540
04115530883 960 540
04115530891 960 540
04115530903 960 540
04115530911 960 540
04115530923 960 540
04115530931 960 540
04115530943 960 540
04115530951 960 540
04115530963 960 540
04115530971 960 540
04115530983 960 540
04115530991 960 540
04115531003 960 540
04115531011 960 540
04115531023 960 540
04115531031 960 540
04115531043 960 540
04115531051 960 540
04115531063 960 540
04115531071 960 540
04115531083 960 540
04115531091 960 540
04115531103 960 540
04115531111 960 540
04115531123 960 540
04115531135 960 540
04115531143 960 540
04115531155 960 540
04115531163 960 540
04115531175 960 540
04115531183 960 540
04115531195 960 540
04115531203 960 540
04115531215 960 540
04115531223 960 540
04115531235 960 540
04115531243 960 540
04115531255 960 540
04115531263 960 540
04115531275 960 540
04115531283 960 540
04115531295 960 540
04115531303 960 540
04115531315 960 540
04115531323 960 540
04115531335 960 540
04115531343 960 540
04115531355 960 540
04115531363 960 540
04115531375 960 540
04115531387 960 540
04115531395 960 540
04115531407 960 540
04115531415 960 540
04115531427 960 540
04115531435 960 540
04115531447 960 540
04115531455 960 540
04115531467 960 540
04115531475 960 540
04115531487 960 540
04115531495 960 540
04115531507 960 540
04115531515 960 540
04115531527 960 540
04115531535 960 540
04115531547 960 540
04115531555 960 540
04115531567 960 540
04115531575 960 540
04115531587 960 540
04115531595 960 540
04115531607 960 540
04115531615 960 540
04115531627 960 540
04115531639 960 540
04115531647 960 540
04115531659 960 540
04115531667 960 540
04115531679 960 540
04115531687 960 540
04115531699 960 540
04115531707 960 540
04115531719 960 540
04115531727 960 540
04115531739 960 540
04115531747 960 540
04115531759 960 540
04115531767 960 540
04115531779 960 540
04115531787 960 540
04115531799 960 540
04115531807 960 540
04115531819 960 540
04115531827 960 540
04115531839 960 540
04115531847 960 540
04115531859 960 540
04115531867 960 540
04115531879 960 540
04115531891 960 540
04115531899 960 540
04115531911 960 540
04115531919 960 540
04115531931 960 540
04115531939 960 540
04115531951 960 540
04115531959 960 540
04115531971 960 540
04115531979 960 540
04115531991 960 540
04115531999 960 540
04115532011 960 540
04115532019 960 540
04115532031 960 540
04115532039 960 540
04115532051 960 540
04115532059 960 540
04115532071 960 540
04115532079 960 540
04115532091 960 540
04115532099 960 540
04115532111 960 540
04115532119 960 540
04115532131 960 540
04115532143 960 540
04115532151 960 540
04115532163 960 540
04115532171 960 540
04115532183 960 540
04115532191 960 540
04115532203 960 540
04115532211 960 540
04115532223 960 757
04115532231 960 757
04115532243 960 757
04115532251 960 757
04115532263 960 757
04115532271 960 757
04115532283 960 757
04115532291 960 757
04115532303 960 757
04115532311 960 757
04115532323 960 757
04115532331 960 757
04115532343 960 757
04115532351 960 757
04115532363 960 757
04115532371 960 757
04115532383 960 757
04115532395 960 757
04115532403 960 757
04115532415 960 757
04115532423 960 757
04115532435 960 757
04115532443 960 757
04115532455 960 757
04115532463 960 757
04115532475 960 757
04115532483 960 757
04115532495 960 757
04115532503 960 757
04115532515 960 757
04115532523 960 757
04115532535 960 757
04115532543 960 757
04115532555 960 757
04115532563 960 757
04115532575 960 757
04115532583 960 757
04115532595 960 757
04115532603 960 757
04115532615 960 757
04115532623 960 757
04115532635 960 757
04115532647 960 757
04115532655 960 757
04115532667 960 757
04115532675 960 757
04115532687 960 757
04115532695 960 757
04115532707 960 757
04115532715 960 757
04115532727 960 757
04115532735 960 757
04115532747 960 757
04115532755 960 757
04115532767 960 757
04115532775 960 757
04115532787 960 757
04115532795 960 757
04115532807 960 757
04115532815 960 757
04115532827 960 757
04115532835 960 757
04115532847 960 757
04115532855 960 757
04115532867 960 757
04115532875 960 757
04115532887 960 757
04115532899 960 757
04115532907 960 757
04115532919 960 757
04115532927 960 757
04115532939 960 757
04115532947 960 757
04115532959 960 757
04115532967 960 757
04115532979 960 757
04115532987 960 757
04115532999 960 757
04115533007 960 757
04115533019 960 757
04115533027 960 757
04115533039 960 757
04115533047 960 757
04115533059 960 757
04115533067 960 757
04115533079 960 757
04115533087 960 757
04115533099 960 757
04115533107 960 757
04115533119 960 757
04115533127 960 757
04115533139 960 757
04115533151 960 757
04115533159 960 757
04115533171 960 757
04115533179 960 757
04115533191 960 757
04115533199 960 757
04115533211 960 757
04115533219 960 757
04115533231 960 757
04115533239 960 757
04115533251 960 757
04115533259 960 757
04115533271 960 757
04115533279 960 757
04115533290 960 757
04115533297 960 757
04115533309 960 757
04115533317 960 757
04115533329 960 757
04115533337 960 757
04115533348 960 757
04115533356 960 757
04115533368 960 757
04115533376 960 757
04115533388 960 757
04115533400 960 757
04115533409 960 757
04115533421 960 757
04115533430 960 757
04115533443 960 757
04115533452 960 757
04115533464 960 757
04115533472 960 757
04115533484 960 757
04115533492 960 757
04115533504 960 757
04115533512 960 757
04115533524 960 757
04115533532 960 757
04115533541 960 757
04115533548 960 757
04115533560 960 757
04115533568 960 757
04115533580 960 757
04115533589 960 757
04115533601 960 757
04115533610 960 757
04115533622 960 757
04115533631 960 757
04115533643 960 757
04115533655 960 757
04115533663 960 757
04115533675 960 757
04115533683 960 757
04115533695 960 757
04115533703 960 757
04115533715 960 540
04115533723 960 540
04115533735 960 540
04115533743 960 540
04115533755 960 540
04115533763 960 540
04115533775 960 540
04115533783 960 540
04115533795 960 540
04115533803 960 540
04115533815 960 540
04115533823 960 540
04115533835 960 540
04115533843 960 540
04115533855 960 540
04115533863 960 540
04115533875 960 540
04115533883 960 540
04115533895 960 540
04115533907 960 540
04115533915 960 540
04115533927 960 540
04115533936 960 540
04115533947 960 540
04115533955 960 540
04115533967 960 540
04115533975 960 540
04115533985 960 540
04115533992 960 540
04115534004 960 540
04115534012 960 540
04115534025 960 540
04115534033 960 540
04115534046 960 540
04115534054 960 540
04115534067 960 540
04115534075 960 540
04115534087 960 540
04115534095 960 540
04115534107 960 540
04115534115 960 540
04115534127 960 540
04115534135 960 540
04115534147 960 540
04115534159 960 540
04115534167 960 540
04115534179 960 540
04115534187 960 540
04115534199 960 540
04115534207 960 540
04115534219 960 540
04115534227 960 540
04115534239 960 540
04115534247 960 540
04115534259 960 540
04115534267 960 540
04115534279 960 540
04115534287 960 540
04115534299 960 540
04115534307 960 540
04115534319 960 540
04115534327 960 540
04115534339 960 540
04115534347 960 540
04115534359 960 540
04115534367 960 540
04115534379 960 540
04115534387 960 540
04115534399 960 540
04115534411 960 540
04115534422 960 540
04115534430 960 540
04115534438 960 540
04115534450 960 540
04115534458 960 540
04115534470 960 540
04115534478 960 540
04115534490 960 540
04115534498 960 540
04115534510 960 540
04115534518 960 540
04115534530 960 540
04115534538 960 540
04115534550 960 540
04115534558 960 540
04115534570 960 540
04115534578 960 540
04115534590 960 540
04115534597 960 540
04115534608 960 540
04115534616 960 540
04115534628 960 540
04115534637 960 540
04115534649 960 540
04115534662 960 540
04115534672 960 540
04115534683 960 540
04115534692 960 540
04115534704 960 540
04115534712 960 540
04115534723 960 540
04115534731 960 540
04115534744 960 540
04115534752 960 540
04115534764 960 540
04115534772 960 540
04115534783 960 540
04115534792 960 540
04115534803 960 540
04115534812 960 540
04115534823 960 540
04115534832 960 540
04115534844 960 540
04115534852 960 540
04115534864 960 540
04115534872 960 540
04115534884 960 540
04115534891 960 540
04115534904 960 540
04115534915 960 540
04115534923 960 540
04115534935 960 540
04115534944 960 540
04115534956 960 540
04115534964 960 540
04115534976 960 540
04115534983 960 540
04115534994 960 540
04115535002 960 540
04115535014 960 540
04115535022 960 540
04115535034 960 540
04115535042 960 540
04115535054 960 540
04115535062 960 540
04115535074 960 540
04115535082 960 540
04115535094 960 540
04115535102 960 540
04115535114 960 540
04115535122 960 540
04115535134 960 540
04115535142 960 540
04115535154 960 540
04115535166 960 540
04115535174 960 540
04115535186 960 540
04115535194 960 540
04115535206 960 540
04115535214 960 540
04115535227 960 757
04115535235 960 757
04115535247 960 757
04115535254 960 757
04115535266 960 757
04115535274 960 757
04115535286 960 757
04115535294 960 757
04115535306 960 757
04115535314 960 757
04115535326 960 757
04115535334 960 757
04115535346 960 757
04115535354 960 757
04115535366 960 757
04115535374 960 757
04115535386 960 757
04115535394 960 757
04115535406 960 757
04115535418 960 757
04115535426 960 757
04115535438 960 757
04115535446 960 757
04115535458 960 757
04115535466 960 757
04115535478 960 757
04115535486 960 757
04115535498 960 757
04115535506 960 757
04115535518 960 757
04115535526 960 757
04115535538 960 757
04115535546 960 757
04115535558 960 757
04115535566 960 757
04115535578 960 757
04115535586 960 757
04115535598 960 757
04115535606 960 757
04115535618 960 757
04115535626 960 757
04115535638 960 757
04115535646 960 757
04115535658 960 757
04115535670 960 757
04115535678 960 757
04115535690 960 757
04115535698 960 757
04115535710 960 757
04115535718 960 757
04115535734 960 757
04115535739 960 757
04115535750 960 757
04115535758 960 757
04115535770 960 757
04115535778 960 757
04115535790 960 757
04115535798 960 757
04115535810 960 757
04115535818 960 757
04115535830 960 757
04115535838 960 757
04115535850 960 757
04115535858 960 757
04115535870 960 757
04115535878 960 757
04115535890 960 757
04115535898 960 757
04115535910 960 757
04115535922 960 757
04115535930 960 757
04115535942 960 757
04115535950 960 757
04115535962 960 757
04115535970 960 757
04115535982 960 757
04115535990 960 757
04115536002 960 757
04115536010 960 757
04115536022 960 757
04115536030 960 757
04115536042 960 757
04115536050 960 757
04115536062 960 757
04115536070 960 757
04115536082 960 757
04115536090 960 757
04115536102 960 757
04115536110 960 757
04115536122 960 757
04115536130 960 757
04115536142 960 757
04115536150 960 757
04115536162 960 757
04115536174 960 757
04115536182 960 757
04115536194 960 757
04115536202 960 757
04115536214 960 757
04115536222 960 757
04115536234 960 757
04115536242 960 757
04115536254 960 757
04115536262 960 757
04115536274 960 757
04115536282 960 757
04115536294 960 757
04115536302 960 757
04115536314 960 757
04115536322 960 757
04115536334 960 757
04115536342 960 757
04115536354 960 757
04115536362 960 757
04115536374 960 757
04115536382 960 757
04115536394 960 757
04115536402 960 757
04115536414 960 757
04115536426 960 757
04115536434 960 757
04115536446 960 757
04115536454 960 757
04115536466 960 757
04115536474 960 757
04115536486 960 757
04115536494 960 757
04115536506 960 757
04115536514 960 757
04115536526 960 757
04115536534 960 757
04115536546 960 757
04115536554 960 757
04115536566 960 757
04115536574 960 757
04115536586 960 757
04115536594 960 757
04115536606 960 757
04115536614 960 757
04115536626 960 757
04115536634 960 757
04115536646 960 757
04115536654 960 757
04115536666 960 757
04115536678 960 757
04115536686 960 757
04115536698 960 757
04115536706 960 757
04115536718 960 540
04115536727 960 540
04115536738 960 540
04115536746 960 540
04115536758 960 540
04115536766 960 540
04115536778 960 540
04115536786 960 540
04115536798 960 540
04115536806 960 540
04115536818 960 540
04115536826 960 540
04115536838 960 540
04115536846 960 540
04115536858 960 540
04115536866 960 540
04115536878 960 540
04115536886 960 540
04115536898 960 540
04115536906 960 540
04115536918 960 540
04115536930 960 540
04115536938 960 540
04115536950 960 540
04115536958 960 540
04115536970 960 540
04115536978 960 540
04115536990 960 540
04115536998 960 540
04115537010 960 540
04115537018 960 540
04115537030 960 540
04115537038 960 540
04115537050 960 540
04115537058 960 540
04115537070 960 540
04115537078 960 540
04115537090 960 540
04115537098 960 540
04115537110 960 540
04115537118 960 540
04115537130 960 540
04115537138 960 540
04115537150 960 540
04115537158 960 540
04115537170 960 540
04115537182 960 540
04115537190 960 540
04115537202 960 540
04115537210 960 540
04115537222 960 540
04115537230 960 540
04115537242 960 540
04115537250 960 540
04115537262 960 540
04115537270 960 540
04115537282 960 540
04115537290 960 540
04115537302 960 540
04115537310 960 540
04115537322 960 540
04115537330 960 540
04115537342 960 540
04115537350 960 540
04115537362 960 540
04115537370 960 540
04115537382 960 540
04115537390 960 540
04115537402 960 540
04115537410 960 540
04115537422 960 540
04115537434 960 540
04115537442 960 540
04115537454 960 540
04115537462 960 540
04115537474 960 540
04115537482 960 540
04115537494 960 540
04115537502 960 540
04115537514 960 540
04115537522 960 540
04115537534 960 540
04115537542 960 540
04115537554 960 540
04115537562 960 540
04115537574 960 540
04115537582 960 540
04115537594 960 540
04115537602 960 540
04115537614 960 540
04115537622 960 540
04115537634 960 540
04115537642 960 540
04115537654 960 540
04115537662 960 540
04115537674 960 540
04115537686 960 540
04115537694 960 540
04115537706 960 540
04115537714 960 540
04115537726 960 540
04115537734 960 540
04115537746 960 540
04115537754 960 540
04115537766 960 540
04115537774 960 540
04115537786 960 540
04115537794 960 540
04115537806 960 540
04115537814 960 540
04115537826 960 540
04115537834 960 540
04115537846 960 540
04115537854 960 540
04115537866 960 540
04115537874 960 540
04115537886 960 540
04115537894 960 540
04115537906 960 540
04115537914 960 540
04115537926 960 540
04115537938 960 540
04115537946 960 540
04115537958 960 540
04115537966 960 540
04115537978 960 540
04115537986 960 540
04115537998 960 540
04115538006 960 540
04115538018 960 540
04115538026 960 540
04115538038 960 540
04115538046 960 540
04115538058 960 540
04115538066 960 540
04115538078 960 540
04115538086 960 540
04115538098 960 540
04115538106 960 540
04115538118 960 540
04115538126 960 540
04115538138 960 540
04115538146 960 540
04115538158 960 540
04115538166 960 540
04115538178 960 540
04115538190 960 540
04115538198 960 540
04115538210 960 540
04115538218 960 540
04115538231 960 105
04115538238 960 105
04115538250 960 105
04115538258 960 105
04115538270 960 105
04115538278 960 105
04115538290 960 105
04115538298 960 105
04115538310 960 105
04115538318 960 105
04115538330 960 105
04115538338 960 105
04115538350 960 105
04115538358 960 105
04115538370 960 105
04115538378 960 105
04115538390 960 105
04115538398 960 105
04115538410 960 105
04115538418 960 105
04115538430 960 105
04115538442 960 105
04115538450 960 105
04115538462 960 105
04115538470 960 105
04115538482 960 105
04115538490 960 105
04115538502 960 105
04115538510 960 105
04115538522 960 105
04115538530 960 105
04115538542 960 105
04115538550 960 105
04115538562 960 105
04115538570 960 105
04115538582 960 105
04115538590 960 105
04115538602 960 105
04115538610 960 105
04115538622 960 105
04115538630 960 105
04115538642 960 105
04115538650 960 105
04115538662 960 105
04115538670 960 105
04115538682 960 105
04115538694 960 105
04115538702 960 105
04115538714 960 105
04115538722 960 105
04115538734 960 105
04115538742 960 105
04115538754 960 105
04115538762 960 105
04115538774 960 105
04115538782 960 105
04115538794 960 105
04115538802 960 105
04115538814 960 105
04115538822 960 105
04115538834 960 105
04115538842 960 105
04115538854 960 105
04115538862 960 105
04115538874 960 105
04115538882 960 105
04115538894 960 105
04115538902 960 105
04115538914 960 105
04115538922 960 105
04115538934 960 105
04115538946 960 105
04115538954 960 105
04115538966 960 105
04115538974 960 105
04115538986 960 105
04115538994 960 105
04115539006 960 105
04115539014 960 105
04115539026 960 105
04115539034 960 105
04115539046 960 105
04115539054 960 105
04115539066 960 105
04115539074 960 105
04115539086 960 105
04115539094 960 105
04115539106 960 105
04115539114 960 105
04115539126 960 105
04115539134 960 105
04115539146 960 105
04115539154 960 105
04115539166 960 105
04115539174 960 105
04115539186 960 105
04115539198 960 105
04115539206 960 105
04115539218 960 105
04115539226 960 105
04115539238 960 105
04115539246 960 105
04115539258 960 105
04115539266 960 105
04115539278 960 105
04115539286 960 105
04115539298 960 105
04115539306 960 105
04115539318 960 105
04115539326 960 105
04115539338 960 105
04115539346 960 105
04115539358 960 105
04115539366 960 105
04115539378 960 105
04115539386 960 105
04115539398 960 105
04115539406 960 105
04115539418 960 105
04115539426 960 105
04115539438 960 105
04115539450 960 105
04115539458 960 105
04115539470 960 105
04115539478 960 105
04115539490 960 105
04115539498 960 105
04115539510 960 105
04115539518 960 105
04115539530 960 105
04115539538 960 105
04115539550 960 105
04115539558 960 105
04115539570 960 105
04115539578 960 105
04115539590 960 105
04115539598 960 105
04115539610 960 105
04115539618 960 105
04115539630 960 105
04115539638 960 105
04115539650 960 105
04115539658 960 105
04115539670 960 105
04115539678 960 105
04115539690 960 105
04115539702 960 105
04115539710 960 105
04115539722 960 540
04115539731 960 540
04115539742 960 540
04115539750 960 540
04115539762 960 540
04115539770 960 540
04115539782 960 540
04115539790 960 540
04115539802 960 540
04115539810 960 540
04115539822 960 540
04115539830 960 540
04115539842 960 540
04115539850 960 540
04115539862 960 540
04115539870 960 540
04115539882 960 540
04115539890 960 540
04115539902 960 540
04115539910 960 540
04115539922 960 540
04115539930 960 540
04115539942 960 540
04115539954 960 540
04115539962 960 540
04115539974 960 540
04115539982 960 540
04115539994 960 540
04115540002 960 540
04115540014 960 540
04115540022 960 540
04115540034 960 540
04115540042 960 540
04115540054 960 540
04115540062 960 540
04115540074 960 540
04115540082 960 540
04115540094 960 540
04115540102 960 540
04115540114 960 540
04115540122 960 540
04115540134 960 540
04115540142 960 540
04115540154 960 540
04115540162 960 540
04115540174 960 540
04115540182 960 540
04115540194 960 540
04115540206 960 540
04115540214 960 540
04115540226 960 540
04115540234 960 540
04115540246 960 540
04115540254 960 540
04115540266 960 540
04115540274 960 540
04115540286 960 540
04115540294 960 540
04115540306 960 540
04115540314 960 540
04115540326 960 540
04115540334 960 540
04115540346 960 540
04115540354 960 540
04115540366 960 540
04115540374 960 540
04115540386 960 540
04115540394 960 540
04115540406 960 540
04115540414 960 540
04115540426 960 540
04115540434 960 540
04115540446 960 540
04115540458 960 540
04115540466 960 540
04115540478 960 540
04115540486 960 540
04115540498 960 540
04115540506 960 540
04115540518 960 540
04115540526 960 540
04115540538 960 540
04115540546 960 540
04115540558 960 540
04115540566 960 540
04115540578 960 540
04115540586 960 540
04115540598 960 540
04115540606 960 540
04115540618 960 540
04115540626 960 540
04115540638 960 540
04115540646 960 540
04115540658 960 540
04115540666 960 540
04115540678 960 540
04115540686 960 540
04115540698 960 540
04115540710 960 540
04115540718 960 540
04115540730 960 540
04115540738 960 540
04115540750 960 540
04115540758 960 540
04115540770 960 540
04115540778 960 540
04115540790 960 540
04115540798 960 540
04115540810 960 540
04115540818 960 540
04115540830 960 540
04115540838 960 540
04115540850 960 540
04115540858 960 540
04115540870 960 540
04115540878 960 540
04115540890 960 540
04115540898 960 540
04115540910 960 540
04115540918 960 540
04115540930 960 540
04115540938 960 540
04115540950 960 540
04115540962 960 540
04115540970 960 540
04115540982 960 540
04115540990 960 540
04115541002 960 540
04115541010 960 540
04115541022 960 540
04115541030 960 540
04115541042 960 540
04115541050 960 540
04115541062 960 540
04115541070 960 540
04115541082 960 540
04115541090 960 540
04115541102 960 540
04115541110 960 540
04115541122 960 540
04115541130 960 540
04115541142 960 540
04115541150 960 540
04115541162 960 540
04115541170 960 540
04115541182 960 540
04115541190 960 540
04115541202 960 540
04115541214 960 540
04115541222 960 540
04115541235 960 105
04115541242 960 105
04115541254 960 105
04115541262 960 105
04115541274 960 105
04115541282 960 105
04115541294 960 105
04115541302 960 105
04115541314 960 105
04115541322 960 105
04115541334 960 105
04115541342 960 105
04115541354 960 105
04115541362 960 105
04115541374 960 105
04115541382 960 105
04115541394 960 105
04115541402 960 105
04115541414 960 105
04115541422 960 105
04115541434 960 105
04115541442 960 105
04115541454 960 105
04115541466 960 105
04115541474 960 105
04115541486 960 105
04115541494 960 105
04115541506 960 105
04115541514 960 105
04115541526 960 105
04115541534 960 105
04115541546 960 105
04115541554 960 105
04115541566 960 105
04115541574 960 105
04115541586 960 105
04115541594 960 105
04115541606 960 105
04115541614 960 105
04115541626 960 105
04115541634 960 105
04115541646 960 105
04115541654 960 105
04115541666 960 105
04115541674 960 105
04115541686 960 105
04115541694 960 105
04115541706 960 105
04115541718 960 105
04115541726 960 105
04115541738 960 105
04115541746 960 105
04115541758 960 105
04115541766 960 105
04115541778 960 105
04115541786 960 105
04115541798 960 105
04115541806 960 105
04115541818 960 105
04115541826 960 105
04115541838 960 105
04115541846 960 105
04115541858 960 105
04115541866 960 105
04115541878 960 105
04115541886 960 105
04115541898 960 105
04115541906 960 105
04115541918 960 105
04115541926 960 105
04115541938 960 105
04115541946 960 105
04115541958 960 105
04115541970 960 105
04115541978 960 105
04115541990 960 105
04115541998 960 105
04115542010 960 105
04115542018 960 105
04115542030 960 105
04115542038 960 105
04115542050 960 105
04115542058 960 105
04115542070 960 105
04115542078 960 105
04115542090 960 105
04115542098 960 105
04115542110 960 105
04115542118 960 105
04115542130 960 105
04115542138 960 105
04115542150 960 105
04115542158 960 105
04115542170 960 105
04115542178 960 105
04115542190 960 105
04115542198 960 105
04115542210 960 105
04115542222 960 105
04115542230 960 105
04115542242 960 105
04115542250 960 105
04115542262 960 105
04115542270 960 105
04115542282 960 105
04115542290 960 105
04115542302 960 105
04115542310 960 105
04115542322 960 105
04115542330 960 105
04115542342 960 105
04115542350 960 105
04115542362 960 105
04115542370 960 105
04115542382 960 105
04115542390 960 105
04115542402 960 105
04115542410 960 105
04115542422 960 105
04115542430 960 105
04115542442 960 105
04115542450 960 105
04115542462 960 105
04115542474 960 105
04115542482 960 105
04115542494 960 105
04115542502 960 105
04115542514 960 105
04115542522 960 105
04115542534 960 105
04115542542 960 105
04115542554 960 105
04115542562 960 105
04115542574 960 105
04115542582 960 105
04115542594 960 105
04115542602 960 105
04115542614 960 105
04115542622 960 105
04115542634 960 105
04115542642 960 105
04115542654 960 105
04115542662 960 105
04115542674 960 105
04115542682 960 105
04115542694 960 105
04115542702 960 105
04115542714 960 105
04115542726 960 540
04115542735 960 540
04115542746 960 540
04115542754 960 540
04115542766 960 540
04115542774 960 540
04115542786 960 540
04115542794 960 540
04115542806 960 540
04115542814 960 540
04115542826 960 540
04115542834 960 540
04115542846 960 540
04115542854 960 540
04115542866 960 540
04115542874 960 540
04115542886 960 540
04115542894 960 540
04115542906 960 540
04115542914 960 540
04115542926 960 540
04115542934 960 540
04115542946 960 540
04115542954 960 540
04115542966 960 540
04115542978 960 540
04115542986 960 540
04115542998 960 540
04115543006 960 540
04115543018 960 540
04115543026 960 540
04115543038 960 540
04115543046 960 540
04115543058 960 540
04115543066 960 540
04115543078 960 540
04115543086 960 540
04115543098 960 540
04115543106 960 540
04115543118 960 540
04115543126 960 540
04115543138 960 540
04115543146 960 540
04115543158 960 540
04115543166 960 540
04115543178 960 540
04115543186 960 540
04115543198 960 540
04115543206 960 540
04115543218 960 540
04115543230 960 540
04115543238 960 540
04115543250 960 540
04115543258 960 540
04115543270 960 540
04115543278 960 540
04115543290 960 540
04115543298 960 540
04115543310 960 540
04115543318 960 540
04115543330 960 540
04115543338 960 540
04115543350 960 540
04115543358 960 540
04115543370 960 540
04115543378 960 540
04115543390 960 540
04115543398 960 540
04115543410 960 540
04115543418 960 540
04115543430 960 540
04115543438 960 540
04115543450 960 540
04115543458 960 540
04115543470 960 540
04115543482 960 540
04115543490 960 540
04115543502 960 540
04115543510 960 540
04115543522 960 540
04115543530 960 540
04115543542 960 540
04115543550 960 540
04115543562 960 540
04115543570 960 540
04115543582 960 540
04115543590 960 540
04115543602 960 540
04115543610 960 540
04115543622 960 540
04115543630 960 540
04115543642 960 540
04115543650 960 540
04115543662 960 540
04115543670 960 540
04115543682 960 540
04115543690 960 540
04115543702 960 540
04115543710 960 540
04115543722 960 540
04115543734 960 540
04115543742 960 540
04115543754 960 540
04115543762 960 540
04115543774 960 540
04115543782 960 540
04115543794 960 540
04115543802 960 540
04115543814 960 540
04115543822 960 540
04115543834 960 540
04115543842 960 540
04115543854 960 540
04115543862 960 540
04115543874 960 540
04115543882 960 540
04115543894 960 540
04115543902 960 540
04115543914 960 540
04115543922 960 540
04115543934 960 540
04115543942 960 540
04115543954 960 540
04115543962 960 540
04115543974 960 540
04115543986 960 540
04115543994 960 540
04115544006 960 540
04115544014 960 540
04115544026 960 540
04115544034 960 540
04115544046 960 540
04115544054 960 540
04115544066 960 540
04115544074 960 540
04115544086 960 540
04115544094 960 540
04115544106 960 540
04115544114 960 540
04115544126 960 540
04115544134 960 540
04115544146 960 540
04115544154 960 540
04115544166 960 540
04115544174 960 540
04115544186 960 540
04115544194 960 540
04115544206 960 540
04115544214 960 540
04115544226 960 540
04115544239 960 322
04115544246 960 322
04115544258 960 322
04115544266 960 322
04115544278 960 322
04115544286 960 322
04115544298 960 322
04115544306 960 322
04115544318 960 322
04115544326 960 322
04115544338 960 322
04115544346 960 322
04115544358 960 322
04115544366 960 322
04115544378 960 322
04115544386 960 322
04115544398 960 322
04115544406 960 322
04115544418 960 322
04115544426 960 322
04115544438 960 322
04115544446 960 322
04115544458 960 322
04115544466 960 322
04115544478 960 322
04115544490 960 322
04115544498 960 322
04115544510 960 322
04115544518 960 322
04115544530 960 322
04115544538 960 322
04115544550 960 322
04115544558 960 322
04115544570 960 322
04115544578 960 322
04115544590 960 322
04115544598 960 322
04115544610 960 322
04115544618 960 322
04115544630 960 322
04115544638 960 322
04115544650 960 322
04115544658 960 322
04115544670 960 322
04115544678 960 322
04115544690 960 322
04115544698 960 322
04115544710 960 322
04115544718 960 322
04115544730 960 322
04115544742 960 322
04115544750 960 322
04115544762 960 322
04115544770 960 322
04115544782 960 322
04115544790 960 322
04115544802 960 322
04115544810 960 322
04115544822 960 322
04115544830 960 322
04115544842 960 322
04115544850 960 322
04115544862 960 322
04115544870 960 322
04115544882 960 322
04115544890 960 322
04115544902 960 322
04115544910 960 322
04115544922 960 322
04115544930 960 322
04115544942 960 322
04115544950 960 322
04115544962 960 322
04115544970 960 322
04115544982 960 322
04115544994 960 322
04115545002 960 322
04115545014 960 322
04115545022 960 322
04115545034 960 322
04115545042 960 322
04115545054 960 322
04115545062 960 322
04115545074 960 322
04115545082 960 322
04115545094 960 322
04115545102 960 322
04115545114 960 322
04115545122 960 322
04115545134 960 322
04115545142 960 322
04115545154 960 322
04115545162 960 322
04115545174 960 322
04115545182 960 322
04115545194 960 322
04115545202 960 322
04115545214 960 322
04115545222 960 322
04115545234 960 322
04115545246 960 322
04115545254 960 322
04115545266 960 322
04115545274 960 322
04115545286 960 322
04115545294 960 322
04115545306 960 322
04115545314 960 322
04115545326 960 322
04115545334 960 322
04115545346 960 322
04115545354 960 322
04115545366 960 322
04115545374 960 322
04115545386 960 322
04115545394 960 322
04115545406 960 322
04115545414 960 322
04115545426 960 322
04115545434 960 322
04115545446 960 322
04115545454 960 322
04115545466 960 322
04115545474 960 322
04115545486 960 322
04115545498 960 322
04115545506 960 322
04115545518 960 322
04115545526 960 322
04115545538 960 322
04115545546 960 322
04115545558 960 322
04115545566 960 322
04115545578 960 322
04115545586 960 322
04115545598 960 322
04115545606 960 322
04115545618 960 322
04115545626 960 322
04115545638 960 322
04115545646 960 322
04115545658 960 322
04115545666 960 322
04115545678 960 322
04115545686 960 322
04115545698 960 322
04115545706 960 322
04115545718 960 322
04115545726 960 322
04115545740 960 540
04115545750 960 540
04115545758 960 540
04115545770 960 540
04115545778 960 540
04115545790 960 540
04115545798 960 540
04115545810 960 540
04115545818 960 540
04115545830 960 540
04115545838 960 540
04115545850 960 540
04115545858 960 540
04115545870 960 540
04115545878 960 540
04115545890 960 540
04115545898 960 540
04115545910 960 540
04115545918 960 540
04115545930 960 540
04115545938 960 540
04115545950 960 540
04115545958 960 540
04115545970 960 540
04115545978 960 540
04115545990 960 540
04115546002 960 540
04115546010 960 540
04115546022 960 540
04115546030 960 540
04115546042 960 540
04115546050 960 540
04115546062 960 540
04115546070 960 540
04115546082 960 540
04115546090 960 540
04115546102 960 540
04115546110 960 540
04115546122 960 540
04115546130 960 540
04115546142 960 540
04115546150 960 540
04115546162 960 540
04115546170 960 540
04115546182 960 540
04115546190 960 540
04115546202 960 540
04115546210 960 540
04115546222 960 540
04115546230 960 540
04115546242 960 540
04115546254 960 540
04115546262 960 540
04115546274 960 540
04115546282 960 540
04115546294 960 540
04115546302 960 540
04115546314 960 540
04115546322 960 540
04115546334 960 540
04115546342 960 540
04115546354 960 540
04115546362 960 540
04115546374 960 540
04115546382 960 540
04115546394 960 540
04115546402 960 540
04115546414 960 540
04115546422 960 540
04115546434 960 540
04115546442 960 540
04115546454 960 540
04115546462 960 540
04115546474 960 540
04115546482 960 540
04115546494 960 540
04115546506 960 540
04115546514 960 540
04115546526 960 540
04115546534 960 540
04115546546 960 540
04115546554 960 540
04115546566 960 540
04115546574 960 540
04115546586 960 540
04115546594 960 540
04115546606 960 540
04115546614 960 540
04115546626 960 540
04115546634 960 540
04115546646 960 540
04115546654 960 540
04115546666 960 540
04115546674 960 540
04115546686 960 540
04115546694 960 540
04115546706 960 540
04115546714 960 540
04115546726 960 540
04115546734 960 540
04115546746 960 540
04115546758 960 540
04115546766 960 540
04115546778 960 540
04115546786 960 540
04115546798 960 540
04115546806 960 540
04115546818 960 540
04115546826 960 540
04115546838 960 540
04115546846 960 540
04115546858 960 540
04115546866 960 540
04115546878 960 540
04115546886 960 540
04115546898 960 540
04115546906 960 540
04115546918 960 540
04115546926 960 540
04115546938 960 540
04115546946 960 540
04115546958 960 540
04115546966 960 540
04115546978 960 540
04115546986 960 540
04115546998 960 540
04115547010 960 540
04115547018 960 540
04115547030 960 540
04115547038 960 540
04115547050 960 540
04115547058 960 540
04115547070 960 540
04115547078 960 540
04115547090 960 540
04115547098 960 540
04115547110 960 540
04115547118 960 540
04115547130 960 540
04115547138 960 540
04115547150 960 540
04115547158 960 540
04115547170 960 540
04115547178 960 540
04115547190 960 540
04115547198 960 540
04115547210 960 540
04115547218 960 540
04115547230 960 540
04115547238 960 974
04115547250 960 974
04115547262 960 974
04115547270 960 974
04115547282 960 974
04115547290 960 974
04115547302 960 974
04115547310 960 974
04115547322 960 974
04115547330 960 974
04115547342 960 974
04115547350 960 974
04115547362 960 974
04115547370 960 974
04115547382 960 974
04115547390 960 974
04115547402 960 974
04115547410 960 974
04115547422 960 974
04115547430 960 974
04115547442 960 974
04115547450 960 974
04115547462 960 974
04115547470 960 974
04115547482 960 974
04115547490 960 974
04115547502 960 974
04115547514 960 974
04115547522 960 974
04115547534 960 974
04115547542 960 974
04115547554 960 974
04115547562 960 974
04115547574 960 974
04115547582 960 974
04115547594 960 974
04115547602 960 974
04115547614 960 974
04115547622 960 974
04115547634 960 974
04115547642 960 974
04115547654 960 974
04115547662 960 974
04115547674 960 974
04115547682 960 974
04115547694 960 974
04115547702 960 974
04115547714 960 974
04115547722 960 974
04115547734 960 974
04115547742 960 974
04115547754 960 974
04115547766 960 974
04115547774 960 974
04115547786 960 974
04115547794 960 974
04115547806 960 974
04115547814 960 974
04115547826 960 974
04115547834 960 974
04115547846 960 974
04115547854 960 974
04115547866 960 974
04115547874 960 974
04115547886 960 974
04115547894 960 974
04115547906 960 974
04115547914 960 974
04115547926 960 974
04115547934 960 974
04115547946 960 974
04115547954 960 974
04115547966 960 974
04115547974 960 974
04115547986 960 974
04115547994 960 974
04115548006 960 974
04115548018 960 974
04115548026 960 974
04115548038 960 974
04115548046 960 974
04115548058 960 974
04115548066 960 974
04115548078 960 974
04115548086 960 974
04115548098 960 974
04115548106 960 974
04115548118 960 974
04115548126 960 974
04115548138 960 974
04115548146 960 974
04115548158 960 974
04115548166 960 974
04115548178 960 974
04115548186 960 974
04115548198 960 974
04115548206 960 974
04115548218 960 974
04115548226 960 974
04115548238 960 974
04115548246 960 974
04115548258 960 974
04115548270 960 974
04115548278 960 974
04115548290 960 974
04115548298 960 974
04115548310 960 974
04115548318 960 974
04115548330 960 974
04115548338 960 974
04115548350 960 974
04115548358 960 974
04115548370 960 974
04115548378 960 974
04115548390 960 974
04115548398 960 974
04115548410 960 974
04115548418 960 974
04115548430 960 974
04115548438 960 974
04115548450 960 974
04115548458 960 974
04115548470 960 974
04115548478 960 974
04115548490 960 974
04115548498 960 974
04115548510 960 974
04115548522 960 974
04115548530 960 974
04115548542 960 974
04115548550 960 974
04115548562 960 974
04115548570 960 974
04115548582 960 974
04115548590 960 974
04115548602 960 974
04115548610 960 974
04115548622 960 974
04115548630 960 974
04115548642 960 974
04115548650 960 974
04115548662 960 974
04115548670 960 974
04115548682 960 974
04115548690 960 974
04115548702 960 974
04115548710 960 974
04115548722 960 974
04115548730 960 974
04115548743 960 540
04115548750 960 540
04115548762 960 540
04115548774 960 540
04115548782 960 540
04115548794 960 540
04115548802 960 540
04115548814 960 540
04115548822 960 540
04115548834 960 540
04115548842 960 540
04115548854 960 540
04115548862 960 540
04115548874 960 540
04115548882 960 540
04115548894 960 540
04115548902 960 540
04115548914 960 540
04115548922 960 540
04115548934 960 540
04115548942 960 540
04115548954 960 540
04115548962 960 540
04115548974 960 540
04115548982 960 540
04115548994 960 540
04115549002 960 540
04115549014 960 540
04115549026 960 540
04115549034 960 540
04115549046 960 540
04115549054 960 540
04115549066 960 540
04115549074 960 540
04115549086 960 540
04115549094 960 540
04115549106 960 540
04115549114 960 540
04115549126 960 540
04115549134 960 540
04115549146 960 540
04115549154 960 540
04115549166 960 540
04115549174 960 540
04115549186 960 540
04115549194 960 540
04115549206 960 540
04115549214 960 540
04115549226 960 540
04115549234 960 540
04115549246 960 540
04115549254 960 540
04115549266 960 540
04115549278 960 540
04115549286 960 540
04115549298 960 540
04115549306 960 540
04115549318 960 540
04115549326 960 540
04115549338 960 540
04115549346 960 540
04115549358 960 540
04115549366 960 540
04115549378 960 540
04115549386 960 540
04115549398 960 540
04115549406 960 540
04115549418 960 540
04115549426 960 540
04115549438 960 540
04115549446 960 540
04115549458 960 540
04115549466 960 540
04115549478 960 540
04115549486 960 540
04115549498 960 540
04115549506 960 540
04115549518 960 540
04115549530 960 540
04115549538 960 540
04115549550 960 540
04115549558 960 540
04115549570 960 540
04115549578 960 540
04115549590 960 540
04115549598 960 540
04115549610 960 540
04115549618 960 540
04115549630 960 540
04115549638 960 540
04115549650 960 540
04115549658 960 540
04115549670 960 540
04115549678 960 540
04115549690 960 540
04115549698 960 540
04115549710 960 540
04115549718 960 540
04115549730 960 540
04115549738 960 540
04115549750 960 540
04115549758 960 540
04115549770 960 540
04115549782 960 540
04115549790 960 540
04115549802 960 540
04115549810 960 540
04115549822 960 540
04115549830 960 540
04115549842 960 540
04115549850 960 540
04115549862 960 540
04115549870 960 540
04115549882 960 540
04115549890 960 540
04115549902 960 540
04115549910 960 540
04115549922 960 540
04115549930 960 540
04115549942 960 540
04115549950 960 540
04115549962 960 540
04115549970 960 540
04115549982 960 540
04115549990 960 540
04115550002 960 540
04115550010 960 540
04115550022 960 540
04115550034 960 540
04115550042 960 540
04115550054 960 540
04115550062 960 540
04115550074 960 540
04115550082 960 540
04115550094 960 540
04115550102 960 540
04115550114 960 540
04115550122 960 540
04115550134 960 540
04115550142 960 540
04115550154 960 540
04115550162 960 540
04115550174 960 540
04115550182 960 540
04115550194 960 540
04115550202 960 540
04115550214 960 540
04115550222 960 540
04115550234 960 540
04115550242 960 322
04115550254 960 322
04115550262 960 322
04115550274 960 322
04115550286 960 322
04115550294 960 322
04115550306 960 322
04115550314 960 322
04115550326 960 322
04115550334 960 322
04115550346 960 322
04115550354 960 322
04115550366 960 322
04115550374 960 322
04115550386 960 322
04115550394 960 322
04115550406 960 322
04115550414 960 322
04115550426 960 322
04115550434 960 322
04115550446 960 322
04115550454 960 322
04115550466 960 322
04115550474 960 322
04115550486 960 322
04115550494 960 322
04115550506 960 322
04115550514 960 322
04115550526 960 322
04115550538 960 322
04115550546 960 322
04115550558 960 322
04115550566 960 322
04115550578 960 322
04115550586 960 322
04115550598 960 322
04115550606 960 322
04115550618 960 322
04115550626 960 322
04115550638 960 322
04115550646 960 322
04115550658 960 322
04115550666 960 322
04115550678 960 322
04115550686 960 322
04115550698 960 322
04115550706 960 322
04115550718 960 322
04115550734 960 322
04115550739 960 322
04115550746 960 322
04115550758 960 322
04115550766 960 322
04115550778 960 322
04115550790 960 322
04115550798 960 322
04115550810 960 322
04115550818 960 322
04115550830 960 322
04115550838 960 322
04115550850 960 322
04115550858 960 322
04115550870 960 322
04115550878 960 322
04115550890 960 322
04115550898 960 322
04115550910 960 322
04115550918 960 322
04115550930 960 322
04115550938 960 322
04115550950 960 322
04115550958 960 322
04115550970 960 322
04115550978 960 322
04115550990 960 322
04115550998 960 322
04115551010 960 322
04115551018 960 322
04115551030 960 322
04115551042 960 322
04115551050 960 322
04115551062 960 322
04115551070 960 322
04115551082 960 322
04115551090 960 322
04115551102 960 322
04115551110 960 322
04115551122 960 322
04115551130 960 322
04115551142 960 322
04115551150 960 322
04115551162 960 322
04115551170 960 322
04115551182 960 322
04115551190 960 322
04115551202 960 322
04115551210 960 322
04115551222 960 322
04115551230 960 322
04115551242 960 322
04115551250 960 322
04115551262 960 322
04115551270 960 322
04115551282 960 322
04115551294 960 322
04115551302 960 322
04115551314 960 322
04115551322 960 322
04115551334 960 322
04115551342 960 322
04115551354 960 322
04115551362 960 322
04115551374 960 322
04115551382 960 322
04115551394 960 322
04115551402 960 322
04115551414 960 322
04115551422 960 322
04115551434 960 322
04115551442 960 322
04115551454 960 322
04115551462 960 322
04115551474 960 322
04115551482 960 322
04115551494 960 322
04115551502 960 322
04115551514 960 322
04115551522 960 322
04115551534 960 322
04115551546 960 322
04115551554 960 322
04115551566 960 322
04115551574 960 322
04115551586 960 322
04115551594 960 322
04115551606 960 322
04115551614 960 322
04115551626 960 322
04115551634 960 322
04115551646 960 322
04115551654 960 322
04115551666 960 322
04115551674 960 322
04115551686 960 322
04115551694 960 322
04115551706 960 322
04115551714 960 322
04115551726 960 322
04115551734 960 322
04115551747 960 540
04115551754 960 540
04115551766 960 540
04115551774 960 540
04115551786 960 540
04115551798 960 540
04115551806 960 540
04115551818 960 540
04115551826 960 540
04115551838 960 540
04115551846 960 540
04115551858 960 540
04115551866 960 540
04115551878 960 540
04115551886 960 540
04115551898 960 540
04115551906 960 540
04115551918 960 540
04115551926 960 540
04115551938 960 540
04115551946 960 540
04115551958 960 540
04115551966 960 540
04115551978 960 540
04115551986 960 540
04115551998 960 540
04115552006 960 540
04115552018 960 540
04115552026 960 540
04115552038 960 540
04115552050 960 540
04115552058 960 540
04115552070 960 540
04115552078 960 540
04115552090 960 540
04115552098 960 540
04115552110 960 540
04115552118 960 540
04115552130 960 540
04115552138 960 540
04115552150 960 540
04115552158 960 540
04115552170 960 540
04115552179 960 540
04115552191 960 540
04115552198 960 540
04115552210 960 540
04115552217 960 540
04115552228 960 540
04115552236 960 540
04115552248 960 540
04115552256 960 540
04115552268 960 540
04115552276 960 540
04115552288 960 540
04115552300 960 540
04115552308 960 540
04115552320 960 540
04115552328 960 540
04115552341 960 540
04115552349 960 540
04115552362 960 540
04115552372 960 540
04115552384 960 540
04115552392 960 540
04115552404 960 540
04115552412 960 540
04115552424 960 540
04115552432 960 540
04115552442 960 540
04115552450 960 540
04115552462 960 540
04115552469 960 540
04115552481 960 540
04115552489 960 540
04115552501 960 540
04115552509 960 540
04115552521 960 540
04115552529 960 540
04115552541 960 540
04115552553 960 540
04115552561 960 540
04115552574 960 540
04115552581 960 540
04115552593 960 540
04115552601 960 540
04115552613 960 540
04115552621 960 540
04115552633 960 540
04115552641 960 540
04115552653 960 540
04115552662 960 540
04115552673 960 540
04115552682 960 540
04115552693 960 540
04115552701 960 540
04115552713 960 540
04115552721 960 540
04115552733 960 540
04115552741 960 540
04115552753 960 540
04115552762 960 540
04115552773 960 540
04115552781 960 540
04115552793 960 540
04115552805 960 540
04115552813 960 540
04115552825 960 540
04115552833 960 540
04115552845 960 540
04115552853 960 540
04115552865 960 540
04115552873 960 540
04115552885 960 540
04115552893 960 540
04115552905 960 540
04115552913 960 540
04115552925 960 540
04115552933 960 540
04115552945 960 540
04115552954 960 540
04115552965 960 540
04115552974 960 540
04115552985 960 540
04115552993 960 540
04115553005 960 540
04115553013 960 540
04115553025 960 540
04115553033 960 540
04115553045 960 540
04115553057 960 540
04115553065 960 540
04115553077 960 540
04115553085 960 540
04115553097 960 540
04115553105 960 540
04115553117 960 540
04115553125 960 540
04115553137 960 540
04115553145 960 540
04115553157 960 540
04115553165 960 540
04115553177 960 540
04115553185 960 540
04115553197 960 540
04115553205 960 540
04115553217 960 540
04115553225 960 540
04115553237 960 540
04115553246 960 974
04115553258 960 974
04115553265 960 974
04115553277 960 974
04115553285 960 974
04115553297 960 974
04115553309 960 974
04115553318 960 974
04115553329 960 974
04115553337 960 974
04115553349 960 974
04115553357 960 974
04115553369 960 974
04115553377 960 974
04115553389 960 974
04115553397 960 974
04115553409 960 974
04115553417 960 974
04115553429 960 974
04115553437 960 974
04115553449 960 974
04115553457 960 974
04115553469 960 974
04115553478 960 974
04115553489 960 974
04115553497 960 974
04115553509 960 974
04115553517 960 974
04115553529 960 974
04115553537 960 974
04115553549 960 974
04115553561 960 974
04115553569 960 974
04115553581 960 974
04115553589 960 974
04115553601 960 974
04115553609 960 974
04115553621 960 974
04115553629 960 974
04115553641 960 974
04115553649 960 974
04115553661 960 974
04115553670 960 974
04115553681 960 974
04115553690 960 974
04115553701 960 974
04115553709 960 974
04115553721 960 974
04115553729 960 974
04115553741 960 974
04115553749 960 974
04115553761 960 974
04115553769 960 974
04115553781 960 974
04115553789 960 974
04115553801 960 974
04115553813 960 974
04115553821 960 974
04115553833 960 974
04115553841 960 974
04115553853 960 974
04115553861 960 974
04115553874 960 974
04115553881 960 974
04115553893 960 974
04115553901 960 974
04115553913 960 974
04115553921 960 974
04115553933 960 974
04115553941 960 974
04115553953 960 974
04115553961 960 974
04115553973 960 974
04115553981 960 974
04115553993 960 974
04115554001 960 974
04115554013 960 974
04115554021 960 974
04115554033 960 974
04115554041 960 974
04115554053 960 974
04115554065 960 974
04115554073 960 974
04115554085 960 974
04115554093 960 974
04115554105 960 974
04115554113 960 974
04115554125 960 974
04115554133 960 974
04115554145 960 974
04115554153 960 974
04115554165 960 974
04115554173 960 974
04115554185 960 974
04115554193 960 974
04115554205 960 974
04115554213 960 974
04115554225 960 974
04115554233 960 974
04115554245 960 974
04115554253 960 974
04115554265 960 974
04115554273 960 974
04115554285 960 974
04115554293 960 974
04115554305 960 974
04115554317 960 974
04115554325 960 974
04115554337 960 974
04115554345 960 974
04115554357 960 974
04115554365 960 974
04115554377 960 974
04115554385 960 974
04115554397 960 974
04115554405 960 974
04115554417 960 974
04115554425 960 974
04115554437 960 974
04115554445 960 974
04115554457 960 974
04115554465 960 974
04115554477 960 974
04115554485 960 974
04115554497 960 974
04115554505 960 974
04115554517 960 974
04115554525 960 974
04115554537 960 974
04115554545 960 974
04115554557 960 974
04115554569 960 974
04115554577 960 974
04115554589 960 974
04115554597 960 974
04115554609 960 974
04115554617 960 974
04115554629 960 974
04115554637 960 974
04115554649 960 974
04115554657 960 974
04115554669 960 974
04115554677 960 974
04115554689 960 974
04115554697 960 974
04115554709 960 974
04115554717 960 974
04115554729 960 974
04115554737 960 974
