20132613514 960 540
20132613526 960 540
20132613534 960 540
20132613546 960 540
20132613554 960 540
20132613566 960 540
20132613574 960 540
20132613586 960 540
20132613594 960 540
20132613606 960 540
20132613614 960 540
20132613626 960 540
20132613638 960 540
20132613646 960 540
20132613658 960 540
20132613666 960 540
20132613678 960 540
20132613686 960 540
20132613698 960 540
20132613706 960 540
20132613718 960 540
20132613726 960 540
20132613738 960 540
20132613746 960 540
20132613758 960 540
20132613766 960 540
20132613778 960 540
20132613786 960 540
20132613798 960 540
20132613806 960 540
20132613818 960 540
20132613826 960 540
20132613838 960 540
20132613846 960 540
20132613858 960 540
20132613866 960 540
20132613878 960 540
20132613890 960 540
20132613898 960 540
20132613910 960 540
20132613918 960 540
20132613930 960 540
20132613938 960 540
20132613950 960 540
20132613958 960 540
20132613970 960 540
20132613978 960 540
20132613990 960 540
20132613998 960 540
20132614010 960 540
20132614018 960 540
20132614030 960 540
20132614038 960 540
20132614050 960 540
20132614058 960 540
20132614070 960 540
20132614078 960 540
20132614090 960 540
20132614098 960 540
20132614110 960 540
20132614118 960 540
20132614130 960 540
20132614142 960 540
20132614150 960 540
20132614162 960 540
20132614170 960 540
20132614182 960 540
20132614190 960 540
20132614202 960 540
20132614210 960 540
20132614222 960 540
20132614230 960 540
20132614242 960 540
20132614250 960 540
20132614262 960 540
20132614270 960 540
20132614282 960 540
20132614290 960 540
20132614302 960 540
20132614310 960 540
20132614322 960 540
20132614330 960 540
20132614342 960 540
20132614350 960 540
20132614362 960 540
20132614370 960 540
20132614382 960 540
20132614394 960 540
20132614402 960 540
20132614414 960 540
20132614422 960 540
20132614434 960 540
20132614442 960 540
20132614454 960 540
20132614462 960 540
20132614474 960 540
20132614482 960 540
20132614494 960 540
20132614502 960 540
20132614514 960 540
20132614522 960 540
20132614534 960 540
20132614542 960 540
20132614554 960 540
20132614562 960 540
20132614574 960 540
20132614582 960 540
20132614594 960 540
20132614602 960 540
20132614614 960 540
20132614622 960 540
20132614634 960 540
20132614646 960 540
20132614654 960 540
20132614666 960 540
20132614674 960 540
20132614686 960 540
20132614694 960 540
20132614706 960 540
20132614714 960 540
20132614726 960 540
20132614734 960 540
20132614746 960 540
20132614754 960 540
20132614766 960 540
20132614774 960 540
20132614786 960 540
20132614794 960 540
20132614806 960 540
20132614814 960 540
20132614826 960 540
20132614834 960 540
20132614846 960 540
20132614854 960 540
20132614866 960 540
20132614874 960 540
20132614886 960 540
20132614898 960 540
20132614906 960 540
20132614918 960 540
20132614926 960 540
20132614938 960 540
20132614946 960 540
20132614958 960 540
20132614966 960 540
20132614978 960 540
20132614986 960 540
20132614998 960 540
20132615006 960 540
20132615018 785 540
20132615026 785 540
20132615038 785 540
20132615046 785 540
20132615058 785 540
20132615066 785 540
20132615078 785 540
20132615086 785 540
20132615098 785 540
20132615106 785 540
20132615118 785 540
20132615126 785 540
20132615138 785 540
20132615150 785 540
20132615158 785 540
20132615170 785 540
20132615178 785 540
20132615190 785 540
20132615198 785 540
20132615210 785 540
20132615218 785 540
20132615230 785 540
20132615238 785 540
20132615250 785 540
20132615258 785 540
20132615270 785 540
20132615278 785 540
20132615290 785 540
20132615298 785 540
20132615310 785 540
20132615318 785 540
20132615330 785 540
20132615338 785 540
20132615350 785 540
20132615358 785 540
20132615370 785 540
20132615378 785 540
20132615390 785 540
20132615402 785 540
20132615410 785 540
20132615422 785 540
20132615430 785 540
20132615442 785 540
20132615450 785 540
20132615462 785 540
20132615470 785 540
20132615482 785 540
20132615490 785 540
20132615502 785 540
20132615510 785 540
20132615522 785 540
20132615530 785 540
20132615542 785 540
20132615550 785 540
20132615562 785 540
20132615570 785 540
20132615582 785 540
20132615590 785 540
20132615602 785 540
20132615610 785 540
20132615622 785 540
20132615630 785 540
20132615642 785 540
20132615654 785 540
20132615662 785 540
20132615674 785 540
20132615682 785 540
20132615694 785 540
20132615702 785 540
20132615714 785 540
20132615722 785 540
20132615734 785 540
20132615742 785 540
20132615754 785 540
20132615762 785 540
20132615774 785 540
20132615782 785 540
20132615794 785 540
20132615802 785 540
20132615814 785 540
20132615822 785 540
20132615834 785 540
20132615842 785 540
20132615854 785 540
20132615862 785 540
20132615874 785 540
20132615882 785 540
20132615894 785 540
20132615906 785 540
20132615914 785 540
20132615926 785 540
20132615934 785 540
20132615946 785 540
20132615954 785 540
20132615966 785 540
20132615974 785 540
20132615986 785 540
20132615994 785 540
20132616006 785 540
20132616014 785 540
20132616026 785 540
20132616034 785 540
20132616046 785 540
20132616054 785 540
20132616066 785 540
20132616074 785 540
20132616086 785 540
20132616094 785 540
20132616106 785 540
20132616114 785 540
20132616126 785 540
20132616134 785 540
20132616146 785 540
20132616158 785 540
20132616166 785 540
20132616178 785 540
20132616186 785 540
20132616198 785 540
20132616206 785 540
20132616218 785 540
20132616226 785 540
20132616238 785 540
20132616246 785 540
20132616258 785 540
20132616266 785 540
20132616278 785 540
20132616286 785 540
20132616298 785 540
20132616306 785 540
20132616318 785 540
20132616326 785 540
20132616338 785 540
20132616346 785 540
20132616358 785 540
20132616366 785 540
20132616378 785 540
20132616386 785 540
20132616398 785 540
20132616410 785 540
20132616418 785 540
20132616430 785 540
20132616438 785 540
20132616450 785 540
20132616458 785 540
20132616470 785 540
20132616478 785 540
20132616490 785 540
20132616498 785 540
20132616510 785 540
20132616518 960 540
20132616530 960 540
20132616538 960 540
20132616550 960 540
20132616558 960 540
20132616570 960 540
20132616578 960 540
20132616590 960 540
20132616598 960 540
20132616610 960 540
20132616618 960 540
20132616630 960 540
20132616638 960 540
20132616650 960 540
20132616662 960 540
20132616670 960 540
20132616682 960 540
20132616690 960 540
20132616702 960 540
20132616710 960 540
20132616722 960 540
20132616730 960 540
20132616742 960 540
20132616750 960 540
20132616762 960 540
20132616770 960 540
20132616782 960 540
20132616790 960 540
20132616802 960 540
20132616810 960 540
20132616822 960 540
20132616830 960 540
20132616842 960 540
20132616850 960 540
20132616862 960 540
20132616870 960 540
20132616882 960 540
20132616890 960 540
20132616902 960 540
20132616914 960 540
20132616922 960 540
20132616934 960 540
20132616942 960 540
20132616954 960 540
20132616962 960 540
20132616974 960 540
20132616982 960 540
20132616994 960 540
20132617002 960 540
20132617014 960 540
20132617022 960 540
20132617034 960 540
20132617042 960 540
20132617054 960 540
20132617062 960 540
20132617074 960 540
20132617082 960 540
20132617094 960 540
20132617102 960 540
20132617114 960 540
20132617122 960 540
20132617134 960 540
20132617142 960 540
20132617154 960 540
20132617166 960 540
20132617174 960 540
20132617186 960 540
20132617194 960 540
20132617206 960 540
20132617214 960 540
20132617226 960 540
20132617234 960 540
20132617246 960 540
20132617254 960 540
20132617266 960 540
20132617274 960 540
20132617286 960 540
20132617294 960 540
20132617306 960 540
20132617314 960 540
20132617326 960 540
20132617334 960 540
20132617346 960 540
20132617354 960 540
20132617366 960 540
20132617374 960 540
20132617386 960 540
20132617394 960 540
20132617406 960 540
20132617418 960 540
20132617426 960 540
20132617438 960 540
20132617446 960 540
20132617458 960 540
20132617466 960 540
20132617478 960 540
20132617486 960 540
20132617498 960 540
20132617506 960 540
20132617518 960 540
20132617526 960 540
20132617538 960 540
20132617546 960 540
20132617558 960 540
20132617566 960 540
20132617578 960 540
20132617586 960 540
20132617598 960 540
20132617606 960 540
20132617618 960 540
20132617626 960 540
20132617638 960 540
20132617646 960 540
20132617658 960 540
20132617670 960 540
20132617678 960 540
20132617690 960 540
20132617698 960 540
20132617710 960 540
20132617718 960 540
20132617730 960 540
20132617738 960 540
20132617750 960 540
20132617758 960 540
20132617770 960 540
20132617778 960 540
20132617790 960 540
20132617798 960 540
20132617810 960 540
20132617818 960 540
20132617830 960 540
20132617838 960 540
20132617850 960 540
20132617858 960 540
20132617870 960 540
20132617878 960 540
20132617890 960 540
20132617898 960 540
20132617910 960 540
20132617922 960 540
20132617930 960 540
20132617942 960 540
20132617950 960 540
20132617962 960 540
20132617970 960 540
20132617982 960 540
20132617990 960 540
20132618002 960 540
20132618010 960 540
20132618023 1135 540
20132618030 1135 540
20132618042 1135 540
20132618050 1135 540
20132618062 1135 540
20132618070 1135 540
20132618082 1135 540
20132618090 1135 540
20132618102 1135 540
20132618110 1135 540
20132618122 1135 540
20132618130 1135 540
20132618142 1135 540
20132618150 1135 540
20132618162 1135 540
20132618174 1135 540
20132618182 1135 540
20132618194 1135 540
20132618202 1135 540
20132618214 1135 540
20132618222 1135 540
20132618234 1135 540
20132618242 1135 540
20132618254 1135 540
20132618262 1135 540
20132618274 1135 540
20132618282 1135 540
20132618294 1135 540
20132618302 1135 540
20132618314 1135 540
20132618322 1135 540
20132618334 1135 540
20132618342 1135 540
20132618354 1135 540
20132618362 1135 540
20132618374 1135 540
20132618382 1135 540
20132618394 1135 540
20132618402 1135 540
20132618414 1135 540
20132618426 1135 540
20132618434 1135 540
20132618446 1135 540
20132618454 1135 540
20132618466 1135 540
20132618474 1135 540
20132618486 1135 540
20132618494 1135 540
20132618506 1135 540
20132618514 1135 540
20132618526 1135 540
20132618534 1135 540
20132618546 1135 540
20132618554 1135 540
20132618566 1135 540
20132618574 1135 540
20132618586 1135 540
20132618594 1135 540
20132618606 1135 540
20132618614 1135 540
20132618626 1135 540
20132618634 1135 540
20132618646 1135 540
20132618654 1135 540
20132618666 1135 540
20132618678 1135 540
20132618686 1135 540
20132618698 1135 540
20132618706 1135 540
20132618718 1135 540
20132618726 1135 540
20132618738 1135 540
20132618746 1135 540
20132618758 1135 540
20132618766 1135 540
20132618778 1135 540
20132618786 1135 540
20132618798 1135 540
20132618806 1135 540
20132618818 1135 540
20132618826 1135 540
20132618838 1135 540
20132618846 1135 540
20132618858 1135 540
20132618866 1135 540
20132618878 1135 540
20132618886 1135 540
20132618898 1135 540
20132618906 1135 540
20132618918 1135 540
20132618930 1135 540
20132618938 1135 540
20132618950 1135 540
20132618958 1135 540
20132618970 1135 540
20132618978 1135 540
20132618990 1135 540
20132618998 1135 540
20132619010 1135 540
20132619018 1135 540
20132619030 1135 540
20132619038 1135 540
20132619050 1135 540
20132619058 1135 540
20132619070 1135 540
20132619078 1135 540
20132619090 1135 540
20132619099 1135 540
20132619110 1135 540
20132619118 1135 540
20132619130 1135 540
20132619138 1135 540
20132619150 1135 540
20132619158 1135 540
20132619170 1135 540
20132619182 1135 540
20132619190 1135 540
20132619202 1135 540
20132619210 1135 540
20132619222 1135 540
20132619230 1135 540
20132619242 1135 540
20132619250 1135 540
20132619262 1135 540
20132619270 1135 540
20132619282 1135 540
20132619290 1135 540
20132619302 1135 540
20132619310 1135 540
20132619322 1135 540
20132619330 1135 540
20132619342 1135 540
20132619350 1135 540
20132619362 1135 540
20132619370 1135 540
20132619382 1135 540
20132619390 1135 540
20132619402 1135 540
20132619410 1135 540
20132619422 1135 540
20132619434 1135 540
20132619442 1135 540
20132619454 1135 540
20132619462 1135 540
20132619474 1135 540
20132619482 1135 540
20132619494 1135 540
20132619502 1135 540
20132619514 1135 540
20132619522 960 540
20132619534 960 540
20132619542 960 540
20132619554 960 540
20132619562 960 540
20132619574 960 540
20132619582 960 540
20132619594 960 540
20132619602 960 540
20132619614 960 540
20132619622 960 540
20132619634 960 540
20132619642 960 540
20132619654 960 540
20132619662 960 540
20132619674 960 540
20132619686 960 540
20132619694 960 540
20132619706 960 540
20132619714 960 540
20132619726 960 540
20132619734 960 540
20132619746 960 540
20132619754 960 540
20132619766 960 540
20132619774 960 540
20132619786 960 540
20132619794 960 540
20132619806 960 540
20132619814 960 540
20132619826 960 540
20132619834 960 540
20132619846 960 540
20132619854 960 540
20132619866 960 540
20132619874 960 540
20132619886 960 540
20132619894 960 540
20132619906 960 540
20132619914 960 540
20132619926 960 540
20132619938 960 540
20132619946 960 540
20132619958 960 540
20132619966 960 540
20132619978 960 540
20132619986 960 540
20132619998 960 540
20132620006 960 540
20132620018 960 540
20132620026 960 540
20132620038 960 540
20132620046 960 540
20132620058 960 540
20132620066 960 540
20132620078 960 540
20132620086 960 540
20132620098 960 540
20132620106 960 540
20132620118 960 540
20132620126 960 540
20132620138 960 540
20132620146 960 540
20132620158 960 540
20132620166 960 540
20132620178 960 540
20132620190 960 540
20132620198 960 540
20132620210 960 540
20132620218 960 540
20132620230 960 540
20132620238 960 540
20132620250 960 540
20132620258 960 540
20132620270 960 540
20132620278 960 540
20132620290 960 540
20132620298 960 540
20132620310 960 540
20132620318 960 540
20132620330 960 540
20132620338 960 540
20132620350 960 540
20132620358 960 540
20132620370 960 540
20132620378 960 540
20132620390 960 540
20132620398 960 540
20132620410 960 540
20132620418 960 540
20132620430 960 540
20132620442 960 540
20132620450 960 540
20132620462 960 540
20132620470 960 540
20132620482 960 540
20132620490 960 540
20132620502 960 540
20132620510 960 540
20132620522 960 540
20132620530 960 540
20132620542 960 540
20132620550 960 540
20132620562 960 540
20132620570 960 540
20132620582 960 540
20132620590 960 540
20132620602 960 540
20132620610 960 540
20132620622 960 540
20132620630 960 540
20132620642 960 540
20132620650 960 540
20132620662 960 540
20132620670 960 540
20132620682 960 540
20132620694 960 540
20132620702 960 540
20132620714 960 540
20132620722 960 540
20132620734 960 540
20132620742 960 540
20132620754 960 540
20132620762 960 540
20132620774 960 540
20132620782 960 540
20132620794 960 540
20132620802 960 540
20132620814 960 540
20132620822 960 540
20132620834 960 540
20132620842 960 540
20132620854 960 540
20132620862 960 540
20132620874 960 540
20132620882 960 540
20132620894 960 540
20132620902 960 540
20132620914 960 540
20132620922 960 540
20132620934 960 540
20132620946 960 540
20132620954 960 540
20132620966 960 540
20132620974 960 540
20132620986 960 540
20132620994 960 540
20132621006 960 540
20132621014 960 540
20132621026 260 540
20132621034 260 540
20132621046 260 540
20132621054 260 540
20132621066 260 540
20132621074 260 540
20132621086 260 540
20132621094 260 540
20132621106 260 540
20132621114 260 540
20132621126 260 540
20132621134 260 540
20132621146 260 540
20132621154 260 540
20132621166 260 540
20132621174 260 540
20132621186 260 540
20132621198 260 540
20132621206 260 540
20132621218 260 540
20132621226 260 540
20132621238 260 540
20132621246 260 540
20132621258 260 540
20132621266 260 540
20132621278 260 540
20132621286 260 540
20132621298 260 540
20132621306 260 540
20132621318 260 540
20132621326 260 540
20132621338 260 540
20132621346 260 540
20132621358 260 540
20132621366 260 540
20132621378 260 540
20132621386 260 540
20132621398 260 540
20132621406 260 540
20132621418 260 540
20132621426 260 540
20132621438 260 540
20132621450 260 540
20132621458 260 540
20132621470 260 540
20132621478 260 540
20132621490 260 540
20132621498 260 540
20132621510 260 540
20132621518 260 540
20132621530 260 540
20132621538 260 540
20132621550 260 540
20132621558 260 540
20132621570 260 540
20132621578 260 540
20132621590 260 540
20132621598 260 540
20132621610 260 540
20132621618 260 540
20132621630 260 540
20132621638 260 540
20132621650 260 540
20132621658 260 540
20132621670 260 540
20132621678 260 540
20132621690 260 540
20132621702 260 540
20132621710 260 540
20132621722 260 540
20132621730 260 540
20132621742 260 540
20132621750 260 540
20132621762 260 540
20132621770 260 540
20132621782 260 540
20132621790 260 540
20132621802 260 540
20132621810 260 540
20132621822 260 540
20132621830 260 540
20132621842 260 540
20132621850 260 540
20132621862 260 540
20132621870 260 540
20132621882 260 540
20132621890 260 540
20132621902 260 540
20132621910 260 540
20132621922 260 540
20132621930 260 540
20132621942 260 540
20132621954 260 540
20132621962 260 540
20132621974 260 540
20132621982 260 540
20132621994 260 540
20132622002 260 540
20132622014 260 540
20132622022 260 540
20132622034 260 540
20132622042 260 540
20132622054 260 540
20132622062 260 540
20132622074 260 540
20132622082 260 540
20132622094 260 540
20132622102 260 540
20132622114 260 540
20132622122 260 540
20132622134 260 540
20132622142 260 540
20132622154 260 540
20132622162 260 540
20132622174 260 540
20132622182 260 540
20132622194 260 540
20132622206 260 540
20132622214 260 540
20132622226 260 540
20132622234 260 540
20132622246 260 540
20132622254 260 540
20132622266 260 540
20132622274 260 540
20132622286 260 540
20132622294 260 540
20132622306 260 540
20132622314 260 540
20132622326 260 540
20132622334 260 540
20132622346 260 540
20132622354 260 540
20132622366 260 540
20132622374 260 540
20132622386 260 540
20132622394 260 540
20132622406 260 540
20132622414 260 540
20132622426 260 540
20132622434 260 540
20132622446 260 540
20132622458 260 540
20132622466 260 540
20132622478 260 540
20132622486 260 540
20132622498 260 540
20132622506 260 540
20132622518 260 540
20132622526 960 540
20132622538 960 540
20132622546 960 540
20132622558 960 540
20132622566 960 540
20132622578 960 540
20132622586 960 540
20132622598 960 540
20132622606 960 540
20132622618 960 540
20132622626 960 540
20132622638 960 540
20132622646 960 540
20132622658 960 540
20132622666 960 540
20132622678 960 540
20132622686 960 540
20132622698 960 540
20132622710 960 540
20132622718 960 540
20132622730 960 540
20132622738 960 540
20132622750 960 540
20132622758 960 540
20132622770 960 540
20132622778 960 540
20132622790 960 540
20132622798 960 540
20132622810 960 540
20132622818 960 540
20132622830 960 540
20132622838 960 540
20132622850 960 540
20132622858 960 540
20132622870 960 540
20132622878 960 540
20132622890 960 540
20132622898 960 540
20132622910 960 540
20132622918 960 540
20132622930 960 540
20132622938 960 540
20132622950 960 540
20132622962 960 540
20132622970 960 540
20132622982 960 540
20132622990 960 540
20132623002 960 540
20132623010 960 540
20132623022 960 540
20132623030 960 540
20132623042 960 540
20132623050 960 540
20132623062 960 540
20132623070 960 540
20132623082 960 540
20132623090 960 540
20132623102 960 540
20132623110 960 540
20132623122 960 540
20132623130 960 540
20132623142 960 540
20132623150 960 540
20132623162 960 540
20132623170 960 540
20132623182 960 540
20132623190 960 540
20132623202 960 540
20132623214 960 540
20132623222 960 540
20132623234 960 540
20132623242 960 540
20132623254 960 540
20132623262 960 540
20132623274 960 540
20132623282 960 540
20132623294 960 540
20132623302 960 540
20132623314 960 540
20132623322 960 540
20132623334 960 540
20132623342 960 540
20132623354 960 540
20132623362 960 540
20132623374 960 540
20132623382 960 540
20132623394 960 540
20132623402 960 540
20132623414 960 540
20132623422 960 540
20132623434 960 540
20132623442 960 540
20132623454 960 540
20132623466 960 540
20132623474 960 540
20132623486 960 540
20132623494 960 540
20132623506 960 540
20132623514 960 540
20132623526 960 540
20132623534 960 540
20132623546 960 540
20132623554 960 540
20132623566 960 540
20132623574 960 540
20132623586 960 540
20132623594 960 540
20132623606 960 540
20132623614 960 540
20132623626 960 540
20132623634 960 540
20132623646 960 540
20132623654 960 540
20132623666 960 540
20132623674 960 540
20132623686 960 540
20132623694 960 540
20132623706 960 540
20132623718 960 540
20132623726 960 540
20132623738 960 540
20132623746 960 540
20132623758 960 540
20132623766 960 540
20132623778 960 540
20132623786 960 540
20132623798 960 540
20132623806 960 540
20132623818 960 540
20132623826 960 540
20132623838 960 540
20132623846 960 540
20132623858 960 540
20132623866 960 540
20132623878 960 540
20132623886 960 540
20132623898 960 540
20132623906 960 540
20132623918 960 540
20132623926 960 540
20132623938 960 540
20132623946 960 540
20132623958 960 540
20132623970 960 540
20132623978 960 540
20132623990 960 540
20132623998 960 540
20132624010 960 540
20132624018 960 540
20132624030 1660 540
20132624038 1660 540
20132624050 1660 540
20132624058 1660 540
20132624070 1660 540
20132624078 1660 540
20132624090 1660 540
20132624098 1660 540
20132624110 1660 540
20132624118 1660 540
20132624130 1660 540
20132624138 1660 540
20132624150 1660 540
20132624158 1660 540
20132624170 1660 540
20132624178 1660 540
20132624190 1660 540
20132624198 1660 540
20132624210 1660 540
20132624222 1660 540
20132624230 1660 540
20132624242 1660 540
20132624250 1660 540
20132624262 1660 540
20132624270 1660 540
20132624282 1660 540
20132624290 1660 540
20132624302 1660 540
20132624310 1660 540
20132624322 1660 540
20132624330 1660 540
20132624342 1660 540
20132624350 1660 540
20132624362 1660 540
20132624370 1660 540
20132624382 1660 540
20132624390 1660 540
20132624402 1660 540
20132624410 1660 540
20132624422 1660 540
20132624430 1660 540
20132624442 1660 540
20132624450 1660 540
20132624462 1660 540
20132624474 1660 540
20132624482 1660 540
20132624494 1660 540
20132624502 1660 540
20132624514 1660 540
20132624522 1660 540
20132624534 1660 540
20132624542 1660 540
20132624554 1660 540
20132624562 1660 540
20132624574 1660 540
20132624582 1660 540
20132624594 1660 540
20132624602 1660 540
20132624614 1660 540
20132624622 1660 540
20132624634 1660 540
20132624642 1660 540
20132624654 1660 540
20132624662 1660 540
20132624674 1660 540
20132624682 1660 540
20132624694 1660 540
20132624702 1660 540
20132624714 1660 540
20132624726 1660 540
20132624734 1660 540
20132624746 1660 540
20132624754 1660 540
20132624766 1660 540
20132624774 1660 540
20132624786 1660 540
20132624794 1660 540
20132624806 1660 540
20132624814 1660 540
20132624826 1660 540
20132624834 1660 540
20132624846 1660 540
20132624854 1660 540
20132624866 1660 540
20132624874 1660 540
20132624886 1660 540
20132624894 1660 540
20132624906 1660 540
20132624914 1660 540
20132624926 1660 540
20132624934 1660 540
20132624946 1660 540
20132624954 1660 540
20132624966 1660 540
20132624978 1660 540
20132624986 1660 540
20132624998 1660 540
20132625006 1660 540
20132625018 1660 540
20132625026 1660 540
20132625038 1660 540
20132625046 1660 540
20132625058 1660 540
20132625066 1660 540
20132625078 1660 540
20132625086 1660 540
20132625098 1660 540
20132625106 1660 540
20132625118 1660 540
20132625126 1660 540
20132625138 1660 540
20132625146 1660 540
20132625158 1660 540
20132625166 1660 540
20132625178 1660 540
20132625186 1660 540
20132625198 1660 540
20132625206 1660 540
20132625218 1660 540
20132625230 1660 540
20132625238 1660 540
20132625250 1660 540
20132625258 1660 540
20132625270 1660 540
20132625278 1660 540
20132625290 1660 540
20132625298 1660 540
20132625310 1660 540
20132625318 1660 540
20132625330 1660 540
20132625338 1660 540
20132625350 1660 540
20132625358 1660 540
20132625370 1660 540
20132625378 1660 540
20132625390 1660 540
20132625398 1660 540
20132625410 1660 540
20132625418 1660 540
20132625430 1660 540
20132625438 1660 540
20132625450 1660 540
20132625458 1660 540
20132625470 1660 540
20132625482 1660 540
20132625490 1660 540
20132625502 1660 540
20132625510 1660 540
20132625522 1660 540
20132625530 960 540
20132625542 960 540
20132625550 960 540
20132625562 960 540
20132625570 960 540
20132625582 960 540
20132625590 960 540
20132625602 960 540
20132625610 960 540
20132625622 960 540
20132625630 960 540
20132625642 960 540
20132625650 960 540
20132625661 960 540
20132625668 960 540
20132625681 960 540
20132625689 960 540
20132625701 960 540
20132625709 960 540
20132625722 960 540
20132625734 960 540
20132625742 960 540
20132625754 960 540
20132625762 960 540
20132625774 960 540
20132625782 960 540
20132625794 960 540
20132625802 960 540
20132625814 960 540
20132625822 960 540
20132625834 960 540
20132625842 960 540
20132625854 960 540
20132625862 960 540
20132625874 960 540
20132625882 960 540
20132625894 960 540
20132625902 960 540
20132625914 960 540
20132625922 960 540
20132625934 960 540
20132625942 960 540
20132625954 960 540
20132625962 960 540
20132625974 960 540
20132625986 960 540
20132625994 960 540
20132626006 960 540
20132626014 960 540
20132626026 960 540
20132626034 960 540
20132626046 960 540
20132626054 960 540
20132626066 960 540
20132626074 960 540
20132626086 960 540
20132626094 960 540
20132626106 960 540
20132626114 960 540
20132626126 960 540
20132626134 960 540
20132626146 960 540
20132626154 960 540
20132626166 960 540
20132626174 960 540
20132626186 960 540
20132626194 960 540
20132626206 960 540
20132626214 960 540
20132626226 960 540
20132626238 960 540
20132626246 960 540
20132626258 960 540
20132626266 960 540
20132626278 960 540
20132626286 960 540
20132626298 960 540
20132626306 960 540
20132626318 960 540
20132626326 960 540
20132626338 960 540
20132626346 960 540
20132626358 960 540
20132626366 960 540
20132626378 960 540
20132626386 960 540
20132626398 960 540
20132626406 960 540
20132626418 960 540
20132626426 960 540
20132626438 960 540
20132626446 960 540
20132626458 960 540
20132626466 960 540
20132626478 960 540
20132626490 960 540
20132626498 960 540
20132626510 960 540
20132626518 960 540
20132626530 960 540
20132626538 960 540
20132626550 960 540
20132626558 960 540
20132626570 960 540
20132626578 960 540
20132626590 960 540
20132626598 960 540
20132626610 960 540
20132626618 960 540
20132626630 960 540
20132626638 960 540
20132626650 960 540
20132626658 960 540
20132626670 960 540
20132626678 960 540
20132626690 960 540
20132626698 960 540
20132626710 960 540
20132626718 960 540
20132626730 960 540
20132626742 960 540
20132626750 960 540
20132626762 960 540
20132626770 960 540
20132626782 960 540
20132626790 960 540
20132626802 960 540
20132626810 960 540
20132626822 960 540
20132626830 960 540
20132626842 960 540
20132626850 960 540
20132626862 960 540
20132626870 960 540
20132626882 960 540
20132626890 960 540
20132626902 960 540
20132626910 960 540
20132626922 960 540
20132626930 960 540
20132626942 960 540
20132626950 960 540
20132626962 960 540
20132626970 960 540
20132626982 960 540
20132626994 960 540
20132627002 960 540
20132627014 960 540
20132627022 960 540
20132627034 785 540
20132627042 785 540
20132627054 785 540
20132627062 785 540
20132627074 785 540
20132627082 785 540
20132627094 785 540
20132627102 785 540
20132627114 785 540
20132627122 785 540
20132627134 785 540
20132627142 785 540
20132627154 785 540
20132627162 785 540
20132627174 785 540
20132627182 785 540
20132627194 785 540
20132627202 785 540
20132627214 785 540
20132627222 785 540
20132627234 785 540
20132627246 785 540
20132627254 785 540
20132627266 785 540
20132627274 785 540
20132627286 785 540
20132627294 785 540
20132627306 785 540
20132627314 785 540
20132627326 785 540
20132627334 785 540
20132627346 785 540
20132627354 785 540
20132627366 785 540
20132627374 785 540
20132627386 785 540
20132627394 785 540
20132627406 785 540
20132627414 785 540
20132627426 785 540
20132627434 785 540
20132627446 785 540
20132627454 785 540
20132627466 785 540
20132627474 785 540
20132627486 785 540
20132627498 785 540
20132627506 785 540
20132627518 785 540
20132627526 785 540
20132627538 785 540
20132627546 785 540
20132627558 785 540
20132627566 785 540
20132627578 785 540
20132627586 785 540
20132627598 785 540
20132627606 785 540
20132627618 785 540
20132627626 785 540
20132627638 785 540
20132627646 785 540
20132627658 785 540
20132627666 785 540
20132627678 785 540
20132627686 785 540
20132627698 785 540
20132627706 785 540
20132627718 785 540
20132627726 785 540
20132627738 785 540
20132627750 785 540
20132627758 785 540
20132627770 785 540
20132627778 785 540
20132627790 785 540
20132627798 785 540
20132627810 785 540
20132627818 785 540
20132627830 785 540
20132627838 785 540
20132627850 785 540
20132627858 785 540
20132627870 785 540
20132627878 785 540
20132627890 785 540
20132627898 785 540
20132627910 785 540
20132627918 785 540
20132627930 785 540
20132627938 785 540
20132627950 785 540
20132627958 785 540
20132627970 785 540
20132627978 785 540
20132627990 785 540
20132628002 785 540
20132628010 785 540
20132628022 785 540
20132628030 785 540
20132628042 785 540
20132628050 785 540
20132628062 785 540
20132628070 785 540
20132628082 785 540
20132628090 785 540
20132628102 785 540
20132628110 785 540
20132628122 785 540
20132628130 785 540
20132628142 785 540
20132628150 785 540
20132628162 785 540
20132628170 785 540
20132628182 785 540
20132628190 785 540
20132628202 785 540
20132628210 785 540
20132628222 785 540
20132628230 785 540
20132628242 785 540
20132628254 785 540
20132628262 785 540
20132628274 785 540
20132628282 785 540
20132628294 785 540
20132628302 785 540
20132628314 785 540
20132628322 785 540
20132628334 785 540
20132628342 785 540
20132628354 785 540
20132628362 785 540
20132628374 785 540
20132628382 785 540
20132628394 785 540
20132628402 785 540
20132628414 785 540
20132628422 785 540
20132628434 785 540
20132628442 785 540
20132628454 785 540
20132628462 785 540
20132628474 785 540
20132628482 785 540
20132628494 785 540
20132628506 785 540
20132628514 785 540
20132628526 785 540
20132628534 960 540
20132628546 960 540
20132628554 960 540
20132628566 960 540
20132628574 960 540
20132628586 960 540
20132628594 960 540
20132628606 960 540
20132628614 960 540
20132628626 960 540
20132628634 960 540
20132628646 960 540
20132628654 960 540
20132628666 960 540
20132628674 960 540
20132628686 960 540
20132628694 960 540
20132628706 960 540
20132628714 960 540
20132628726 960 540
20132628734 960 540
20132628746 960 540
20132628758 960 540
20132628766 960 540
20132628778 960 540
20132628786 960 540
20132628798 960 540
20132628806 960 540
20132628818 960 540
20132628826 960 540
20132628838 960 540
20132628846 960 540
20132628858 960 540
20132628866 960 540
20132628878 960 540
20132628886 960 540
20132628898 960 540
20132628906 960 540
20132628918 960 540
20132628926 960 540
20132628938 960 540
20132628946 960 540
20132628958 960 540
20132628966 960 540
20132628978 960 540
20132628986 960 540
20132628998 960 540
20132629010 960 540
20132629018 960 540
20132629030 960 540
20132629038 960 540
20132629050 960 540
20132629058 960 540
20132629070 960 540
20132629078 960 540
20132629090 960 540
20132629098 960 540
20132629110 960 540
20132629118 960 540
20132629130 960 540
20132629138 960 540
20132629150 960 540
20132629158 960 540
20132629170 960 540
20132629178 960 540
20132629190 960 540
20132629198 960 540
20132629210 960 540
20132629218 960 540
20132629230 960 540
20132629238 960 540
20132629250 960 540
20132629262 960 540
20132629270 960 540
20132629282 960 540
20132629290 960 540
20132629302 960 540
20132629310 960 540
20132629322 960 540
20132629330 960 540
20132629342 960 540
20132629350 960 540
20132629362 960 540
20132629370 960 540
20132629382 960 540
20132629390 960 540
20132629402 960 540
20132629410 960 540
20132629422 960 540
20132629430 960 540
20132629442 960 540
20132629450 960 540
20132629462 960 540
20132629470 960 540
20132629482 960 540
20132629490 960 540
20132629502 960 540
20132629514 960 540
20132629522 960 540
20132629534 960 540
20132629542 960 540
20132629552 960 540
20132629560 960 540
20132629573 960 540
20132629580 960 540
20132629592 960 540
20132629600 960 540
20132629612 960 540
20132629620 960 540
20132629632 960 540
20132629640 960 540
20132629653 960 540
20132629661 960 540
20132629673 960 540
20132629681 960 540
20132629693 960 540
20132629701 960 540
20132629713 960 540
20132629721 960 540
20132629733 960 540
20132629741 960 540
20132629753 960 540
20132629765 960 540
20132629773 960 540
20132629785 960 540
20132629793 960 540
20132629805 960 540
20132629813 960 540
20132629825 960 540
20132629833 960 540
20132629845 960 540
20132629853 960 540
20132629865 960 540
20132629873 960 540
20132629885 960 540
20132629893 960 540
20132629905 960 540
20132629913 960 540
20132629925 960 540
20132629933 960 540
20132629945 960 540
20132629953 960 540
20132629965 960 540
20132629973 960 540
20132629985 960 540
20132629993 960 540
20132630005 960 540
20132630017 960 540
20132630025 960 540
20132630038 610 540
20132630045 610 540
20132630057 610 540
20132630065 610 540
20132630077 610 540
20132630085 610 540
20132630097 610 540
20132630105 610 540
20132630117 610 540
20132630125 610 540
20132630137 610 540
20132630145 610 540
20132630157 610 540
20132630165 610 540
20132630177 610 540
20132630185 610 540
20132630197 610 540
20132630205 610 540
20132630217 610 540
20132630225 610 540
20132630237 610 540
20132630245 610 540
20132630257 610 540
20132630270 610 540
20132630278 610 540
20132630290 610 540
20132630298 610 540
20132630310 610 540
20132630318 610 540
20132630330 610 540
20132630338 610 540
20132630350 610 540
20132630358 610 540
20132630370 610 540
20132630378 610 540
20132630390 610 540
20132630398 610 540
20132630410 610 540
20132630418 610 540
20132630430 610 540
20132630438 610 540
20132630450 610 540
20132630458 610 540
20132630470 610 540
20132630478 610 540
20132630490 610 540
20132630498 610 540
20132630510 610 540
20132630522 610 540
20132630530 610 540
20132630542 610 540
20132630550 610 540
20132630562 610 540
20132630570 610 540
20132630582 610 540
20132630590 610 540
20132630602 610 540
20132630610 610 540
20132630622 610 540
20132630630 610 540
20132630642 610 540
20132630650 610 540
20132630662 610 540
20132630670 610 540
20132630682 610 540
20132630690 610 540
20132630702 610 540
20132630710 610 540
20132630722 610 540
20132630730 610 540
20132630742 610 540
20132630750 610 540
20132630762 610 540
20132630774 610 540
20132630782 610 540
20132630794 610 540
20132630802 610 540
20132630814 610 540
20132630822 610 540
20132630834 610 540
20132630842 610 540
20132630854 610 540
20132630862 610 540
20132630874 610 540
20132630882 610 540
20132630894 610 540
20132630902 610 540
20132630914 610 540
20132630922 610 540
20132630934 610 540
20132630942 610 540
20132630954 610 540
20132630962 610 540
20132630974 610 540
20132630982 610 540
20132630994 610 540
20132631002 610 540
20132631014 610 540
20132631026 610 540
20132631034 610 540
20132631046 610 540
20132631054 610 540
20132631066 610 540
20132631074 610 540
20132631086 610 540
20132631094 610 540
20132631106 610 540
20132631114 610 540
20132631126 610 540
20132631134 610 540
20132631146 610 540
20132631154 610 540
20132631166 610 540
20132631174 610 540
20132631186 610 540
20132631194 610 540
20132631206 610 540
20132631214 610 540
20132631226 610 540
20132631234 610 540
20132631246 610 540
20132631254 610 540
20132631266 610 540
20132631278 610 540
20132631286 610 540
20132631298 610 540
20132631306 610 540
20132631318 610 540
20132631326 610 540
20132631338 610 540
20132631346 610 540
20132631358 610 540
20132631366 610 540
20132631378 610 540
20132631386 610 540
20132631398 610 540
20132631406 610 540
20132631418 610 540
20132631426 610 540
20132631438 610 540
20132631446 610 540
20132631458 610 540
20132631466 610 540
20132631478 610 540
20132631486 610 540
20132631498 610 540
20132631506 610 540
20132631518 610 540
20132631530 610 540
20132631538 960 540
20132631550 960 540
20132631558 960 540
20132631570 960 540
20132631578 960 540
20132631590 960 540
20132631598 960 540
20132631610 960 540
20132631618 960 540
20132631630 960 540
20132631638 960 540
20132631650 960 540
20132631658 960 540
20132631670 960 540
20132631678 960 540
20132631690 960 540
20132631698 960 540
20132631710 960 540
20132631718 960 540
20132631730 960 540
20132631738 960 540
20132631750 960 540
20132631758 960 540
20132631770 960 540
20132631782 960 540
20132631790 960 540
20132631802 960 540
20132631810 960 540
20132631822 960 540
20132631830 960 540
20132631842 960 540
20132631850 960 540
20132631862 960 540
20132631870 960 540
20132631882 960 540
20132631890 960 540
20132631902 960 540
20132631910 960 540
20132631922 960 540
20132631930 960 540
20132631942 960 540
20132631950 960 540
20132631962 960 540
20132631970 960 540
20132631982 960 540
20132631990 960 540
20132632002 960 540
20132632010 960 540
20132632022 960 540
20132632034 960 540
20132632042 960 540
20132632054 960 540
20132632062 960 540
20132632074 960 540
20132632082 960 540
20132632094 960 540
20132632102 960 540
20132632114 960 540
20132632122 960 540
20132632134 960 540
20132632142 960 540
20132632154 960 540
20132632162 960 540
20132632174 960 540
20132632182 960 540
20132632194 960 540
20132632202 960 540
20132632214 960 540
20132632222 960 540
20132632234 960 540
20132632242 960 540
20132632254 960 540
20132632262 960 540
20132632274 960 540
20132632286 960 540
20132632294 960 540
20132632306 960 540
20132632314 960 540
20132632326 960 540
20132632334 960 540
20132632346 960 540
20132632354 960 540
20132632366 960 540
20132632374 960 540
20132632386 960 540
20132632394 960 540
20132632406 960 540
20132632414 960 540
20132632426 960 540
20132632434 960 540
20132632446 960 540
20132632454 960 540
20132632466 960 540
20132632474 960 540
20132632486 960 540
20132632494 960 540
20132632506 960 540
20132632514 960 540
20132632526 960 540
20132632538 960 540
20132632546 960 540
20132632558 960 540
20132632566 960 540
20132632578 960 540
20132632586 960 540
20132632598 960 540
20132632606 960 540
20132632618 960 540
20132632626 960 540
20132632638 960 540
20132632646 960 540
20132632658 960 540
20132632666 960 540
20132632678 960 540
20132632686 960 540
20132632698 960 540
20132632706 960 540
20132632718 960 540
20132632726 960 540
20132632738 960 540
20132632746 960 540
20132632758 960 540
20132632766 960 540
20132632778 960 540
20132632790 960 540
20132632798 960 540
20132632810 960 540
20132632818 960 540
20132632830 960 540
20132632838 960 540
20132632850 960 540
20132632858 960 540
20132632870 960 540
20132632878 960 540
20132632890 960 540
20132632898 960 540
20132632910 960 540
20132632918 960 540
20132632930 960 540
20132632938 960 540
20132632950 960 540
20132632958 960 540
20132632970 960 540
20132632978 960 540
20132632990 960 540
20132632998 960 540
20132633010 960 540
20132633018 960 540
20132633030 960 540
20132633042 1310 540
20132633050 1310 540
20132633062 1310 540
20132633070 1310 540
20132633082 1310 540
20132633090 1310 540
20132633102 1310 540
20132633110 1310 540
20132633122 1310 540
20132633130 1310 540
20132633142 1310 540
20132633150 1310 540
20132633162 1310 540
20132633170 1310 540
20132633182 1310 540
20132633190 1310 540
20132633202 1310 540
20132633210 1310 540
20132633222 1310 540
20132633230 1310 540
20132633242 1310 540
20132633250 1310 540
20132633262 1310 540
20132633270 1310 540
20132633282 1310 540
20132633294 1310 540
20132633302 1310 540
20132633314 1310 540
20132633322 1310 540
20132633334 1310 540
20132633342 1310 540
20132633354 1310 540
20132633362 1310 540
20132633374 1310 540
20132633382 1310 540
20132633394 1310 540
20132633402 1310 540
20132633414 1310 540
20132633422 1310 540
20132633434 1310 540
20132633442 1310 540
20132633454 1310 540
20132633462 1310 540
20132633474 1310 540
20132633482 1310 540
20132633494 1310 540
20132633502 1310 540
20132633514 1310 540
20132633522 1310 540
20132633534 1310 540
20132633546 1310 540
20132633554 1310 540
20132633566 1310 540
20132633574 1310 540
20132633586 1310 540
20132633594 1310 540
20132633606 1310 540
20132633614 1310 540
20132633626 1310 540
20132633634 1310 540
20132633646 1310 540
20132633654 1310 540
20132633666 1310 540
20132633674 1310 540
20132633686 1310 540
20132633694 1310 540
20132633706 1310 540
20132633714 1310 540
20132633726 1310 540
20132633734 1310 540
20132633746 1310 540
20132633754 1310 540
20132633766 1310 540
20132633774 1310 540
20132633786 1310 540
20132633798 1310 540
20132633806 1310 540
20132633818 1310 540
20132633826 1310 540
20132633838 1310 540
20132633846 1310 540
20132633858 1310 540
20132633866 1310 540
20132633878 1310 540
20132633886 1310 540
20132633898 1310 540
20132633906 1310 540
20132633918 1310 540
20132633926 1310 540
20132633938 1310 540
20132633946 1310 540
20132633958 1310 540
20132633966 1310 540
20132633978 1310 540
20132633986 1310 540
20132633998 1310 540
20132634006 1310 540
20132634018 1310 540
20132634026 1310 540
20132634038 1310 540
20132634050 1310 540
20132634058 1310 540
20132634070 1310 540
20132634078 1310 540
20132634090 1310 540
20132634098 1310 540
20132634110 1310 540
20132634118 1310 540
20132634130 1310 540
20132634138 1310 540
20132634150 1310 540
20132634158 1310 540
20132634170 1310 540
20132634178 1310 540
20132634190 1310 540
20132634198 1310 540
20132634210 1310 540
20132634218 1310 540
20132634230 1310 540
20132634238 1310 540
20132634250 1310 540
20132634258 1310 540
20132634270 1310 540
20132634278 1310 540
20132634290 1310 540
20132634302 1310 540
20132634310 1310 540
20132634322 1310 540
20132634330 1310 540
20132634342 1310 540
20132634350 1310 540
20132634362 1310 540
20132634370 1310 540
20132634382 1310 540
20132634390 1310 540
20132634402 1310 540
20132634410 1310 540
20132634422 1310 540
20132634430 1310 540
20132634442 1310 540
20132634450 1310 540
20132634462 1310 540
20132634470 1310 540
20132634482 1310 540
20132634490 1310 540
20132634502 1310 540
20132634510 1310 540
20132634522 1310 540
20132634530 1310 540
20132634542 960 540
20132634554 960 540
20132634562 960 540
20132634574 960 540
20132634582 960 540
20132634594 960 540
20132634602 960 540
20132634614 960 540
20132634622 960 540
20132634634 960 540
20132634642 960 540
20132634654 960 540
20132634662 960 540
20132634674 960 540
20132634682 960 540
20132634694 960 540
20132634702 960 540
20132634714 960 540
20132634722 960 540
20132634734 960 540
20132634742 960 540
20132634754 960 540
20132634762 960 540
20132634774 960 540
20132634782 960 540
20132634794 960 540
20132634806 960 540
20132634814 960 540
20132634826 960 540
20132634834 960 540
20132634846 960 540
20132634854 960 540
20132634866 960 540
20132634874 960 540
20132634886 960 540
20132634894 960 540
20132634906 960 540
20132634914 960 540
20132634926 960 540
20132634934 960 540
20132634946 960 540
20132634954 960 540
20132634966 960 540
20132634974 960 540
20132634986 960 540
20132634994 960 540
20132635006 960 540
20132635014 960 540
20132635026 960 540
20132635034 960 540
20132635046 960 540
20132635058 960 540
20132635066 960 540
20132635078 960 540
20132635086 960 540
20132635098 960 540
20132635106 960 540
20132635118 960 540
20132635126 960 540
20132635138 960 540
20132635146 960 540
20132635158 960 540
20132635166 960 540
20132635178 960 540
20132635186 960 540
20132635198 960 540
20132635206 960 540
20132635218 960 540
20132635226 960 540
20132635238 960 540
20132635246 960 540
20132635258 960 540
20132635266 960 540
20132635277 960 540
20132635285 960 540
20132635298 960 540
20132635310 960 540
20132635318 960 540
20132635330 960 540
20132635338 960 540
20132635350 960 540
20132635358 960 540
20132635370 960 540
20132635378 960 540
20132635390 960 540
20132635398 960 540
20132635410 960 540
20132635418 960 540
20132635430 960 540
20132635438 960 540
20132635450 960 540
20132635458 960 540
20132635470 960 540
20132635478 960 540
20132635490 960 540
20132635498 960 540
20132635510 960 540
20132635518 960 540
20132635530 960 540
20132635538 960 540
20132635550 960 540
20132635562 960 540
20132635570 960 540
20132635582 960 540
20132635590 960 540
20132635602 960 540
20132635610 960 540
20132635622 960 540
20132635630 960 540
20132635642 960 540
20132635650 960 540
20132635662 960 540
20132635670 960 540
20132635682 960 540
20132635690 960 540
20132635702 960 540
20132635710 960 540
20132635722 960 540
20132635730 960 540
20132635742 960 540
20132635750 960 540
20132635762 960 540
20132635770 960 540
20132635782 960 540
20132635790 960 540
20132635802 960 540
20132635814 960 540
20132635822 960 540
20132635834 960 540
20132635842 960 540
20132635854 960 540
20132635862 960 540
20132635874 960 540
20132635882 960 540
20132635894 960 540
20132635902 960 540
20132635914 960 540
20132635922 960 540
20132635934 960 540
20132635942 960 540
20132635954 960 540
20132635962 960 540
20132635974 960 540
20132635982 960 540
20132635994 960 540
20132636002 960 540
20132636014 960 540
20132636022 960 540
20132636034 960 540
20132636042 1660 540
20132636054 1660 540
20132636066 1660 540
20132636074 1660 540
20132636086 1660 540
20132636094 1660 540
20132636106 1660 540
20132636114 1660 540
20132636126 1660 540
20132636134 1660 540
20132636146 1660 540
20132636154 1660 540
20132636166 1660 540
20132636174 1660 540
20132636186 1660 540
20132636194 1660 540
20132636206 1660 540
20132636214 1660 540
20132636226 1660 540
20132636234 1660 540
20132636246 1660 540
20132636254 1660 540
20132636266 1660 540
20132636274 1660 540
20132636286 1660 540
20132636294 1660 540
20132636306 1660 540
20132636318 1660 540
20132636326 1660 540
20132636338 1660 540
20132636346 1660 540
20132636358 1660 540
20132636366 1660 540
20132636378 1660 540
20132636386 1660 540
20132636398 1660 540
20132636405 1660 540
20132636418 1660 540
20132636426 1660 540
20132636438 1660 540
20132636446 1660 540
20132636457 1660 540
20132636466 1660 540
20132636478 1660 540
20132636486 1660 540
20132636498 1660 540
20132636506 1660 540
20132636518 1660 540
20132636526 1660 540
20132636538 1660 540
20132636546 1660 540
20132636558 1660 540
20132636570 1660 540
20132636578 1660 540
20132636590 1660 540
20132636598 1660 540
20132636610 1660 540
20132636618 1660 540
20132636629 1660 540
20132636638 1660 540
20132636650 1660 540
20132636658 1660 540
20132636670 1660 540
20132636678 1660 540
20132636689 1660 540
20132636697 1660 540
20132636710 1660 540
20132636718 1660 540
20132636729 1660 540
20132636738 1660 540
20132636750 1660 540
20132636758 1660 540
20132636769 1660 540
20132636777 1660 540
20132636790 1660 540
20132636798 1660 540
20132636810 1660 540
20132636822 1660 540
20132636830 1660 540
20132636842 1660 540
20132636850 1660 540
20132636862 1660 540
20132636870 1660 540
20132636882 1660 540
20132636890 1660 540
20132636902 1660 540
20132636910 1660 540
20132636922 1660 540
20132636930 1660 540
20132636941 1660 540
20132636950 1660 540
20132636962 1660 540
20132636970 1660 540
20132636982 1660 540
20132636989 1660 540
20132637002 1660 540
20132637010 1660 540
20132637022 1660 540
20132637029 1660 540
20132637041 1660 540
20132637050 1660 540
20132637062 1660 540
20132637074 1660 540
20132637081 1660 540
20132637094 1660 540
20132637102 1660 540
20132637114 1660 540
20132637122 1660 540
20132637134 1660 540
20132637142 1660 540
20132637154 1660 540
20132637162 1660 540
20132637173 1660 540
20132637181 1660 540
20132637194 1660 540
20132637202 1660 540
20132637213 1660 540
20132637222 1660 540
20132637234 1660 540
20132637242 1660 540
20132637254 1660 540
20132637262 1660 540
20132637273 1660 540
20132637281 1660 540
20132637294 1660 540
20132637302 1660 540
20132637314 1660 540
20132637326 1660 540
20132637334 1660 540
20132637346 1660 540
20132637353 1660 540
20132637365 1660 540
20132637374 1660 540
20132637386 1660 540
20132637394 1660 540
20132637406 1660 540
20132637413 1660 540
20132637426 1660 540
20132637434 1660 540
20132637446 1660 540
20132637453 1660 540
20132637465 1660 540
20132637474 1660 540
20132637486 1660 540
20132637493 1660 540
20132637505 1660 540
20132637514 1660 540
20132637526 1660 540
20132637534 1660 540
20132637546 960 540
20132637554 960 540
20132637566 960 540
20132637578 960 540
20132637586 960 540
20132637597 960 540
20132637605 960 540
20132637618 960 540
20132637626 960 540
20132637638 960 540
20132637646 960 540
20132637658 960 540
20132637666 960 540
20132637678 960 540
20132637686 960 540
20132637698 960 540
20132637705 960 540
20132637718 960 540
20132637726 960 540
20132637738 960 540
20132637746 960 540
20132637758 960 540
20132637765 960 540
20132637778 960 540
20132637786 960 540
20132637797 960 540
20132637805 960 540
20132637818 960 540
20132637830 960 540
20132637838 960 540
20132637850 960 540
20132637857 960 540
20132637869 960 540
20132637878 960 540
20132637890 960 540
20132637898 960 540
20132637910 960 540
20132637918 960 540
20132637929 960 540
20132637937 960 540
20132637949 960 540
20132637958 960 540
20132637970 960 540
20132637977 960 540
20132637989 960 540
20132637998 960 540
20132638010 960 540
20132638018 960 540
20132638029 960 540
20132638038 960 540
20132638050 960 540
20132638058 960 540
20132638070 960 540
20132638081 960 540
20132638089 960 540
20132638101 960 540
20132638109 960 540
20132638122 960 540
20132638130 960 540
20132638142 960 540
20132638150 960 540
20132638162 960 540
20132638170 960 540
20132638182 960 540
20132638189 960 540
20132638202 960 540
20132638210 960 540
20132638222 960 540
20132638230 960 540
20132638242 960 540
20132638249 960 540
20132638262 960 540
20132638270 960 540
20132638281 960 540
20132638289 960 540
20132638302 960 540
20132638309 960 540
20132638322 960 540
20132638334 960 540
20132638341 960 540
20132638354 960 540
20132638362 960 540
20132638374 960 540
20132638382 960 540
20132638394 960 540
20132638401 960 540
20132638413 960 540
20132638422 960 540
20132638433 960 540
20132638442 960 540
20132638454 960 540
20132638461 960 540
20132638473 960 540
20132638482 960 540
20132638494 960 540
20132638501 960 540
20132638513 960 540
20132638522 960 540
20132638534 960 540
20132638542 960 540
20132638554 960 540
20132638561 960 540
20132638573 960 540
20132638586 960 540
20132638594 960 540
20132638605 960 540
20132638613 960 540
20132638625 960 540
20132638633 960 540
20132638646 960 540
20132638654 960 540
20132638666 960 540
20132638674 960 540
20132638686 960 540
20132638694 960 540
20132638706 960 540
20132638714 960 540
20132638725 960 540
20132638733 960 540
20132638746 960 540
20132638754 960 540
20132638765 960 540
20132638773 960 540
20132638786 960 540
20132638794 960 540
20132638806 960 540
20132638813 960 540
20132638825 960 540
20132638837 960 540
20132638846 960 540
20132638858 960 540
20132638866 960 540
20132638878 960 540
20132638885 960 540
20132638897 960 540
20132638906 960 540
20132638918 960 540
20132638926 960 540
20132638937 960 540
20132638946 960 540
20132638958 960 540
20132638965 960 540
20132638977 960 540
20132638986 960 540
20132638998 960 540
20132639006 960 540
20132639018 960 540
20132639025 960 540
20132639037 960 540
20132639045 610 540
20132639058 610 540
20132639066 610 540
20132639078 610 540
20132639089 610 540
20132639097 610 540
20132639110 610 540
20132639118 610 540
20132639130 610 540
20132639137 610 540
20132639150 610 540
20132639158 610 540
20132639170 610 540
20132639178 610 540
20132639189 610 540
20132639197 610 540
20132639210 610 540
20132639217 610 540
20132639229 610 540
20132639237 610 540
20132639250 610 540
20132639258 610 540
20132639269 610 540
20132639277 610 540
20132639290 610 540
20132639298 610 540
20132639310 610 540
20132639318 610 540
20132639329 610 540
20132639341 610 540
20132639350 610 540
20132639362 610 540
20132639369 610 540
20132639381 610 540
20132639390 610 540
20132639402 610 540
20132639409 610 540
20132639421 610 540
20132639430 610 540
20132639442 610 540
20132639450 610 540
20132639462 610 540
20132639469 610 540
20132639481 610 540
20132639490 610 540
20132639502 610 540
20132639509 610 540
20132639521 610 540
20132639530 610 540
20132639542 610 540
20132639549 610 540
20132639562 610 540
20132639570 610 540
20132639582 610 540
20132639594 610 540
20132639602 610 540
20132639613 610 540
20132639621 610 540
20132639634 610 540
20132639642 610 540
20132639654 610 540
20132639661 610 540
20132639674 610 540
20132639682 610 540
20132639693 610 540
20132639701 610 540
20132639714 610 540
20132639721 610 540
20132639734 610 540
20132639742 610 540
20132639753 610 540
20132639761 610 540
20132639774 610 540
20132639781 610 540
20132639793 610 540
20132639801 610 540
20132639814 610 540
20132639821 610 540
20132639833 610 540
20132639845 610 540
20132639854 610 540
20132639866 610 540
20132639874 610 540
20132639886 610 540
20132639893 610 540
20132639905 610 540
20132639914 610 540
20132639926 610 540
20132639933 610 540
20132639945 610 540
20132639954 610 540
20132639966 610 540
20132639973 610 540
20132639985 610 540
20132639993 610 540
20132640005 610 540
20132640014 610 540
20132640025 610 540
20132640033 610 540
20132640045 610 540
20132640054 610 540
20132640066 610 540
20132640073 610 540
20132640085 610 540
20132640097 610 540
20132640105 610 540
20132640117 610 540
20132640125 610 540
20132640137 610 540
20132640146 610 540
20132640158 610 540
20132640166 610 540
20132640177 610 540
20132640185 610 540
20132640197 610 540
20132640206 610 540
20132640217 610 540
20132640225 610 540
20132640238 610 540
20132640245 610 540
20132640257 610 540
20132640266 610 540
20132640278 610 540
20132640286 610 540
20132640298 610 540
20132640306 610 540
20132640317 610 540
20132640325 610 540
20132640338 610 540
20132640350 610 540
20132640357 610 540
20132640369 610 540
20132640378 610 540
20132640390 610 540
20132640397 610 540
20132640409 610 540
20132640418 610 540
20132640430 610 540
20132640437 610 540
20132640450 610 540
20132640457 610 540
20132640469 610 540
20132640477 610 540
20132640490 610 540
20132640497 610 540
20132640509 610 540
20132640518 610 540
20132640530 610 540
20132640537 610 540
20132640550 960 540
20132640558 960 540
20132640570 960 540
20132640577 960 540
20132640589 960 540
20132640601 960 540
20132640609 960 540
20132640622 960 540
20132640629 960 540
20132640642 960 540
20132640649 960 540
20132640662 960 540
20132640669 960 540
20132640681 960 540
20132640689 960 540
20132640701 960 540
20132640709 960 540
20132640721 960 540
20132640729 960 540
20132640741 960 540
20132640749 960 540
20132640762 960 540
20132640769 960 540
20132640781 960 540
20132640789 960 540
20132640802 960 540
20132640809 960 540
20132640821 960 540
20132640829 960 540
20132640841 960 540
20132640853 960 540
20132640861 960 540
20132640873 960 540
20132640881 960 540
20132640893 960 540
20132640901 960 540
20132640913 960 540
20132640921 960 540
20132640933 960 540
20132640942 960 540
20132640954 960 540
20132640961 960 540
20132640973 960 540
20132640981 960 540
20132640993 960 540
20132641001 960 540
20132641013 960 540
20132641021 960 540
20132641033 960 540
20132641041 960 540
20132641053 960 540
20132641062 960 540
20132641073 960 540
20132641081 960 540
20132641093 960 540
20132641105 960 540
20132641114 960 540
20132641125 960 540
20132641133 960 540
20132641146 960 540
20132641153 960 540
20132641165 960 540
20132641173 960 540
20132641185 960 540
20132641193 960 540
20132641205 960 540
20132641213 960 540
20132641225 960 540
20132641233 960 540
20132641245 960 540
20132641253 960 540
20132641265 960 540
20132641273 960 540
20132641285 960 540
20132641293 960 540
20132641305 960 540
20132641313 960 540
20132641325 960 540
20132641334 960 540
20132641346 960 540
20132641358 960 540
20132641365 960 540
20132641377 960 540
20132641385 960 540
20132641397 960 540
20132641405 960 540
20132641417 960 540
20132641426 960 540
20132641438 960 540
20132641446 960 540
20132641458 960 540
20132641466 960 540
20132641478 960 540
20132641486 960 540
20132641497 960 540
20132641505 960 540
20132641517 960 540
20132641525 960 540
20132641537 960 540
20132641545 960 540
20132641558 960 540
20132641565 960 540
20132641577 960 540
20132641585 960 540
20132641597 960 540
20132641609 960 540
20132641617 960 540
20132641629 960 540
20132641637 960 540
20132641649 960 540
20132641657 960 540
20132641669 960 540
20132641677 960 540
20132641689 960 540
20132641697 960 540
20132641709 960 540
20132641717 960 540
20132641729 960 540
20132641737 960 540
20132641749 960 540
20132641757 960 540
20132641769 960 540
20132641777 960 540
20132641789 960 540
20132641797 960 540
20132641809 960 540
20132641817 960 540
20132641829 960 540
20132641837 960 540
20132641849 960 540
20132641861 960 540
20132641869 960 540
20132641881 960 540
20132641890 960 540
20132641901 960 540
20132641909 960 540
20132641921 960 540
20132641929 960 540
20132641941 960 540
20132641950 960 540
20132641961 960 540
20132641969 960 540
20132641981 960 540
20132641990 960 540
20132642001 960 540
20132642009 960 540
20132642021 960 540
20132642029 960 540
20132642041 960 540
20132642049 260 540
20132642062 260 540
20132642069 260 540
20132642081 260 540
20132642090 260 540
20132642102 260 540
20132642113 260 540
20132642121 260 540
20132642133 260 540
20132642141 260 540
20132642153 260 540
20132642161 260 540
20132642173 260 540
20132642181 260 540
20132642193 260 540
20132642201 260 540
20132642213 260 540
20132642221 260 540
20132642233 260 540
20132642241 260 540
20132642253 260 540
20132642261 260 540
20132642273 260 540
20132642281 260 540
20132642293 260 540
20132642301 260 540
20132642313 260 540
20132642321 260 540
20132642333 260 540
20132642341 260 540
20132642353 260 540
20132642365 260 540
20132642374 260 540
20132642386 260 540
20132642393 260 540
20132642405 260 540
20132642413 260 540
20132642426 260 540
20132642433 260 540
20132642445 260 540
20132642453 260 540
20132642465 260 540
20132642473 260 540
20132642486 260 540
20132642493 260 540
20132642505 260 540
20132642513 260 540
20132642525 260 540
20132642533 260 540
20132642545 260 540
20132642553 260 540
20132642565 260 540
20132642573 260 540
20132642585 260 540
20132642593 260 540
20132642605 260 540
20132642617 260 540
20132642626 260 540
20132642637 260 540
20132642646 260 540
20132642658 260 540
20132642666 260 540
20132642677 260 540
20132642685 260 540
20132642697 260 540
20132642705 260 540
20132642717 260 540
20132642725 260 540
20132642737 260 540
20132642745 260 540
20132642757 260 540
20132642765 260 540
20132642777 260 540
20132642785 260 540
20132642798 260 540
20132642805 260 540
20132642817 260 540
20132642825 260 540
20132642837 260 540
20132642845 260 540
20132642857 260 540
20132642869 260 540
20132642877 260 540
20132642889 260 540
20132642897 260 540
20132642909 260 540
20132642917 260 540
20132642929 260 540
20132642937 260 540
20132642949 260 540
20132642957 260 540
20132642969 260 540
20132642977 260 540
20132642989 260 540
20132642997 260 540
20132643009 260 540
20132643017 260 540
20132643029 260 540
20132643037 260 540
20132643049 260 540
20132643057 260 540
20132643069 260 540
20132643077 260 540
20132643089 260 540
20132643097 260 540
20132643109 260 540
20132643121 260 540
20132643129 260 540
20132643141 260 540
20132643149 260 540
20132643161 260 540
20132643169 260 540
20132643181 260 540
20132643189 260 540
20132643201 260 540
20132643209 260 540
20132643221 260 540
20132643229 260 540
20132643241 260 540
20132643249 260 540
20132643261 260 540
20132643270 260 540
20132643281 260 540
20132643289 260 540
20132643301 260 540
20132643309 260 540
20132643321 260 540
20132643329 260 540
20132643341 260 540
20132643349 260 540
20132643361 260 540
20132643374 260 540
20132643381 260 540
20132643393 260 540
20132643401 260 540
20132643413 260 540
20132643421 260 540
20132643433 260 540
20132643441 260 540
20132643453 260 540
20132643461 260 540
20132643474 260 540
20132643481 260 540
20132643493 260 540
20132643501 260 540
20132643513 260 540
20132643521 260 540
20132643533 260 540
20132643541 260 540
20132643554 960 540
20132643561 960 540
20132643573 960 540
20132643581 960 540
20132643593 960 540
20132643601 960 540
20132643613 960 540
20132643626 960 540
20132643633 960 540
20132643646 960 540
20132643653 960 540
20132643665 960 540
20132643673 960 540
20132643685 960 540
20132643693 960 540
20132643705 960 540
20132643713 960 540
20132643725 960 540
20132643733 960 540
20132643745 960 540
20132643753 960 540
20132643765 960 540
20132643773 960 540
20132643785 960 540
20132643793 960 540
20132643805 960 540
20132643813 960 540
20132643825 960 540
20132643833 960 540
20132643845 960 540
20132643853 960 540
20132643865 960 540
20132643877 960 540
20132643885 960 540
20132643897 960 540
20132643905 960 540
20132643917 960 540
20132643925 960 540
20132643937 960 540
20132643945 960 540
20132643957 960 540
20132643965 960 540
20132643977 960 540
20132643985 960 540
20132643997 960 540
20132644005 960 540
20132644017 960 540
20132644025 960 540
20132644037 960 540
20132644045 960 540
20132644057 960 540
20132644065 960 540
20132644077 960 540
20132644085 960 540
20132644097 960 540
20132644105 960 540
20132644117 960 540
20132644129 960 540
20132644137 960 540
20132644149 960 540
20132644157 960 540
20132644169 960 540
20132644177 960 540
20132644189 960 540
20132644197 960 540
20132644209 960 540
20132644217 960 540
20132644229 960 540
20132644237 960 540
20132644249 960 540
20132644258 960 540
20132644270 960 540
20132644278 960 540
20132644289 960 540
20132644297 960 540
20132644309 960 540
20132644317 960 540
20132644329 960 540
20132644337 960 540
20132644349 960 540
20132644357 960 540
20132644369 960 540
20132644381 960 540
20132644389 960 540
20132644401 960 540
20132644409 960 540
20132644421 960 540
20132644429 960 540
20132644441 960 540
20132644449 960 540
20132644461 960 540
20132644469 960 540
20132644481 960 540
20132644489 960 540
20132644501 960 540
20132644509 960 540
20132644521 960 540
20132644529 960 540
20132644541 960 540
20132644549 960 540
20132644561 960 540
20132644569 960 540
20132644580 960 540
20132644588 960 540
20132644600 960 540
20132644608 960 540
20132644620 960 540
20132644633 960 540
20132644641 960 540
20132644653 960 540
20132644661 960 540
20132644673 960 540
20132644681 960 540
20132644693 960 540
20132644701 960 540
20132644713 960 540
20132644721 960 540
20132644733 960 540
20132644741 960 540
20132644753 960 540
20132644761 960 540
20132644773 960 540
20132644781 960 540
20132644793 960 540
20132644801 960 540
20132644813 960 540
20132644821 960 540
20132644833 960 540
20132644841 960 540
20132644853 960 540
20132644861 960 540
20132644873 960 540
20132644885 960 540
20132644893 960 540
20132644905 960 540
20132644913 960 540
20132644925 960 540
20132644933 960 540
20132644945 960 540
20132644953 960 540
20132644965 960 540
20132644973 960 540
20132644985 960 540
20132644993 960 540
20132645005 960 540
20132645013 960 540
20132645025 960 540
20132645033 960 540
20132645045 960 540
20132645053 1135 540
20132645066 1135 540
20132645073 1135 540
20132645085 1135 540
20132645093 1135 540
20132645105 1135 540
20132645113 1135 540
20132645125 1135 540
20132645137 1135 540
20132645146 1135 540
20132645158 1135 540
20132645165 1135 540
20132645177 1135 540
20132645185 1135 540
20132645197 1135 540
20132645205 1135 540
20132645217 1135 540
20132645225 1135 540
20132645237 1135 540
20132645245 1135 540
20132645257 1135 540
20132645265 1135 540
20132645277 1135 540
20132645285 1135 540
20132645297 1135 540
20132645305 1135 540
20132645317 1135 540
20132645325 1135 540
20132645337 1135 540
20132645345 1135 540
20132645357 1135 540
20132645365 1135 540
20132645377 1135 540
20132645389 1135 540
20132645397 1135 540
20132645409 1135 540
20132645417 1135 540
20132645429 1135 540
20132645437 1135 540
20132645448 1135 540
20132645456 1135 540
20132645468 1135 540
20132645476 1135 540
20132645488 1135 540
20132645497 1135 540
20132645509 1135 540
20132645517 1135 540
20132645529 1135 540
20132645537 1135 540
20132645549 1135 540
20132645557 1135 540
20132645569 1135 540
20132645577 1135 540
20132645589 1135 540
20132645597 1135 540
20132645609 1135 540
20132645617 1135 540
20132645629 1135 540
20132645641 1135 540
20132645649 1135 540
20132645661 1135 540
20132645669 1135 540
20132645681 1135 540
20132645689 1135 540
20132645701 1135 540
20132645709 1135 540
20132645721 1135 540
20132645729 1135 540
20132645741 1135 540
20132645749 1135 540
20132645761 1135 540
20132645769 1135 540
20132645781 1135 540
20132645789 1135 540
20132645801 1135 540
20132645809 1135 540
20132645821 1135 540
20132645829 1135 540
20132645841 1135 540
20132645849 1135 540
20132645861 1135 540
20132645869 1135 540
20132645881 1135 540
20132645893 1135 540
20132645901 1135 540
20132645913 1135 540
20132645921 1135 540
20132645933 1135 540
20132645941 1135 540
20132645953 1135 540
20132645961 1135 540
20132645973 1135 540
20132645981 1135 540
20132645993 1135 540
20132646001 1135 540
20132646013 1135 540
20132646021 1135 540
20132646033 1135 540
20132646041 1135 540
20132646053 1135 540
20132646061 1135 540
20132646073 1135 540
20132646081 1135 540
20132646093 1135 540
20132646101 1135 540
20132646113 1135 540
20132646121 1135 540
20132646133 1135 540
20132646145 1135 540
20132646153 1135 540
20132646165 1135 540
20132646173 1135 540
20132646185 1135 540
20132646193 1135 540
20132646205 1135 540
20132646213 1135 540
20132646225 1135 540
20132646233 1135 540
20132646245 1135 540
20132646253 1135 540
20132646265 1135 540
20132646273 1135 540
20132646285 1135 540
20132646293 1135 540
20132646305 1135 540
20132646313 1135 540
20132646325 1135 540
20132646333 1135 540
20132646345 1135 540
20132646353 1135 540
20132646365 1135 540
20132646373 1135 540
20132646385 1135 540
20132646397 1135 540
20132646405 1135 540
20132646417 1135 540
20132646425 1135 540
20132646437 1135 540
20132646445 1135 540
20132646457 1135 540
20132646465 1135 540
20132646477 1135 540
20132646485 1135 540
20132646497 1135 540
20132646505 1135 540
20132646517 1135 540
20132646525 1135 540
20132646537 1135 540
20132646545 1135 540
20132646558 960 540
20132646566 960 540
20132646577 960 540
20132646585 960 540
20132646597 960 540
20132646605 960 540
20132646617 960 540
20132646625 960 540
20132646637 960 540
20132646649 960 540
20132646657 960 540
20132646669 960 540
20132646677 960 540
20132646689 960 540
20132646697 960 540
20132646709 960 540
20132646717 960 540
20132646729 960 540
20132646737 960 540
20132646749 960 540
20132646757 960 540
20132646769 960 540
20132646777 960 540
20132646789 960 540
20132646797 960 540
20132646809 960 540
20132646817 960 540
20132646829 960 540
20132646837 960 540
20132646849 960 540
20132646857 960 540
20132646869 960 540
20132646877 960 540
20132646889 960 540
20132646901 960 540
20132646909 960 540
20132646921 960 540
20132646929 960 540
20132646941 960 540
20132646949 960 540
20132646961 960 540
20132646969 960 540
20132646981 960 540
20132646989 960 540
20132647001 960 540
20132647009 960 540
20132647021 960 540
20132647029 960 540
20132647041 960 540
20132647049 960 540
20132647061 960 540
20132647069 960 540
20132647081 960 540
20132647089 960 540
20132647101 960 540
20132647109 960 540
20132647121 960 540
20132647129 960 540
20132647141 960 540
20132647153 960 540
20132647161 960 540
20132647173 960 540
20132647181 960 540
20132647193 960 540
20132647201 960 540
20132647213 960 540
20132647221 960 540
20132647233 960 540
20132647241 960 540
20132647253 960 540
20132647261 960 540
20132647273 960 540
20132647281 960 540
20132647293 960 540
20132647301 960 540
20132647313 960 540
20132647321 960 540
20132647333 960 540
20132647341 960 540
20132647353 960 540
20132647361 960 540
20132647373 960 540
20132647381 960 540
20132647393 960 540
20132647405 960 540
20132647413 960 540
20132647425 960 540
20132647433 960 540
20132647445 960 540
20132647453 960 540
20132647465 960 540
20132647473 960 540
20132647485 960 540
20132647493 960 540
20132647505 960 540
20132647513 960 540
20132647525 960 540
20132647533 960 540
20132647545 960 540
20132647553 960 540
20132647565 960 540
20132647573 960 540
20132647585 960 540
20132647593 960 540
20132647605 960 540
20132647613 960 540
20132647625 960 540
20132647633 960 540
20132647645 960 540
20132647657 960 540
20132647665 960 540
20132647677 960 540
20132647685 960 540
20132647697 960 540
20132647705 960 540
20132647717 960 540
20132647725 960 540
20132647737 960 540
20132647745 960 540
20132647757 960 540
20132647765 960 540
20132647777 960 540
20132647785 960 540
20132647797 960 540
20132647805 960 540
20132647817 960 540
20132647825 960 540
20132647837 960 540
20132647845 960 540
20132647857 960 540
20132647865 960 540
20132647877 960 540
20132647885 960 540
20132647897 960 540
20132647909 960 540
20132647917 960 540
20132647929 960 540
20132647937 960 540
20132647949 960 540
20132647957 960 540
20132647969 960 540
20132647977 960 540
20132647989 960 540
20132647997 960 540
20132648009 960 540
20132648017 960 540
20132648029 960 540
20132648037 960 540
20132648049 960 540
20132648057 1310 540
20132648069 1310 540
20132648077 1310 540
20132648089 1310 540
20132648097 1310 540
20132648109 1310 540
20132648117 1310 540
20132648129 1310 540
20132648137 1310 540
20132648149 1310 540
20132648161 1310 540
20132648169 1310 540
20132648181 1310 540
20132648189 1310 540
20132648201 1310 540
20132648209 1310 540
20132648221 1310 540
20132648229 1310 540
20132648241 1310 540
20132648249 1310 540
20132648261 1310 540
20132648269 1310 540
20132648281 1310 540
20132648289 1310 540
20132648301 1310 540
20132648309 1310 540
20132648321 1310 540
20132648329 1310 540
20132648341 1310 540
20132648349 1310 540
20132648361 1310 540
20132648369 1310 540
20132648381 1310 540
20132648389 1310 540
20132648401 1310 540
20132648413 1310 540
20132648421 1310 540
20132648433 1310 540
20132648441 1310 540
20132648453 1310 540
20132648461 1310 540
20132648473 1310 540
20132648481 1310 540
20132648493 1310 540
20132648501 1310 540
20132648513 1310 540
20132648521 1310 540
20132648533 1310 540
20132648541 1310 540
20132648553 1310 540
20132648561 1310 540
20132648573 1310 540
20132648581 1310 540
20132648593 1310 540
20132648601 1310 540
20132648613 1310 540
20132648621 1310 540
20132648633 1310 540
20132648641 1310 540
20132648653 1310 540
20132648665 1310 540
20132648673 1310 540
20132648685 1310 540
20132648693 1310 540
20132648705 1310 540
20132648713 1310 540
20132648725 1310 540
20132648733 1310 540
20132648745 1310 540
20132648753 1310 540
20132648765 1310 540
20132648773 1310 540
20132648785 1310 540
20132648793 1310 540
20132648805 1310 540
20132648813 1310 540
20132648825 1310 540
20132648833 1310 540
20132648845 1310 540
20132648853 1310 540
20132648865 1310 540
20132648873 1310 540
20132648885 1310 540
20132648893 1310 540
20132648905 1310 540
20132648917 1310 540
20132648925 1310 540
20132648937 1310 540
20132648945 1310 540
20132648957 1310 540
20132648965 1310 540
20132648977 1310 540
20132648985 1310 540
20132648997 1310 540
20132649005 1310 540
20132649017 1310 540
20132649025 1310 540
20132649037 1310 540
20132649045 1310 540
20132649057 1310 540
20132649065 1310 540
20132649077 1310 540
20132649085 1310 540
20132649097 1310 540
20132649105 1310 540
20132649117 1310 540
20132649125 1310 540
20132649137 1310 540
20132649145 1310 540
20132649157 1310 540
20132649169 1310 540
20132649177 1310 540
20132649189 1310 540
20132649197 1310 540
20132649209 1310 540
20132649217 1310 540
20132649229 1310 540
20132649237 1310 540
20132649249 1310 540
20132649257 1310 540
20132649269 1310 540
20132649277 1310 540
20132649289 1310 540
20132649297 1310 540
20132649309 1310 540
20132649317 1310 540
20132649329 1310 540
20132649337 1310 540
20132649349 1310 540
20132649357 1310 540
20132649369 1310 540
20132649377 1310 540
20132649389 1310 540
20132649397 1310 540
20132649409 1310 540
20132649421 1310 540
20132649429 1310 540
20132649441 1310 540
20132649449 1310 540
20132649461 1310 540
20132649469 1310 540
20132649481 1310 540
20132649489 1310 540
20132649501 1310 540
20132649509 1310 540
20132649521 1310 540
20132649529 1310 540
20132649541 1310 540
20132649549 1310 540
