04120152673 20 20
04120152681 20 20
04120152693 20 20
04120152701 20 20
04120152713 20 20
04120152721 20 20
04120152733 20 20
04120152741 20 20
04120152753 20 20
04120152761 20 20
04120152773 20 20
04120152781 20 20
04120152793 20 20
04120152801 20 20
04120152813 20 20
04120152821 20 20
04120152833 20 20
04120152841 20 20
04120152853 20 20
04120152865 20 20
04120152873 20 20
04120152885 20 20
04120152893 20 20
04120152905 20 20
04120152913 20 20
04120152925 20 20
04120152933 20 20
04120152945 20 20
04120152953 20 20
04120152965 20 20
04120152973 20 20
04120152985 20 20
04120152993 20 20
04120153005 20 20
04120153013 20 20
04120153025 20 20
04120153033 20 20
04120153045 20 20
04120153053 20 20
04120153065 20 20
04120153073 20 20
04120153085 20 20
04120153093 20 20
04120153105 20 20
04120153117 20 20
04120153125 20 20
04120153137 20 20
04120153145 20 20
04120153157 20 20
04120153165 20 20
04120153177 20 20
04120153185 20 20
04120153197 20 20
04120153205 20 20
04120153217 20 20
04120153225 20 20
04120153237 20 20
04120153245 20 20
04120153257 20 20
04120153265 20 20
04120153277 20 20
04120153285 20 20
04120153297 20 20
04120153305 20 20
04120153317 20 20
04120153325 20 20
04120153337 20 20
04120153345 20 20
04120153357 20 20
04120153369 20 20
04120153377 20 20
04120153389 20 20
04120153397 20 20
04120153409 20 20
04120153417 20 20
04120153429 20 20
04120153437 20 20
04120153449 20 20
04120153457 20 20
04120153469 20 20
04120153477 20 20
04120153489 20 20
04120153497 20 20
04120153509 20 20
04120153517 20 20
04120153529 20 20
04120153537 20 20
04120153549 20 20
04120153557 20 20
04120153569 20 20
04120153577 20 20
04120153589 20 20
04120153597 20 20
04120153609 20 20
04120153621 20 20
04120153629 20 20
04120153641 20 20
04120153649 20 20
04120153661 20 20
04120153669 20 20
04120153681 20 20
04120153689 20 20
04120153701 20 20
04120153709 20 20
04120153721 20 20
04120153729 20 20
04120153741 20 20
04120153749 20 20
04120153761 20 20
04120153769 20 20
04120153781 20 20
04120153789 20 20
04120153801 20 20
04120153809 20 20
04120153821 20 20
04120153829 20 20
04120153841 20 20
04120153849 20 20
04120153861 20 20
04120153873 20 20
04120153881 20 20
04120153893 20 20
04120153901 20 20
04120153913 20 20
04120153921 20 20
04120153933 20 20
04120153941 20 20
04120153953 20 20
04120153961 20 20
04120153973 20 20
04120153981 20 20
04120153993 20 20
04120154001 20 20
04120154013 20 20
04120154021 20 20
04120154033 20 20
04120154041 20 20
04120154053 20 20
04120154061 20 20
04120154073 20 20
04120154081 20 20
04120154093 20 20
04120154101 20 20
04120154113 20 20
04120154125 20 20
04120154133 20 20
04120154145 20 20
04120154153 20 20
04120154165 20 20
04120155677 960 20
04120155685 960 20
04120155697 960 20
04120155705 960 20
04120155717 960 20
04120155725 960 20
04120155737 960 20
04120155745 960 20
04120155757 960 20
04120155765 960 20
04120155777 960 20
04120155785 960 20
04120155797 960 20
04120155805 960 20
04120155817 960 20
04120155825 960 20
04120155837 960 20
04120155845 960 20
04120155857 960 20
04120155865 960 20
04120155877 960 20
04120155889 960 20
04120155897 960 20
04120155909 960 20
04120155917 960 20
04120155929 960 20
04120155937 960 20
04120155949 960 20
04120155957 960 20
04120155969 960 20
04120155977 960 20
04120155989 960 20
04120155997 960 20
04120156009 960 20
04120156017 960 20
04120156029 960 20
04120156037 960 20
04120156049 960 20
04120156057 960 20
04120156069 960 20
04120156077 960 20
04120156089 960 20
04120156097 960 20
04120156109 960 20
04120156117 960 20
04120156129 960 20
04120156141 960 20
04120156149 960 20
04120156161 960 20
04120156169 960 20
04120156181 960 20
04120156189 960 20
04120156201 960 20
04120156209 960 20
04120156221 960 20
04120156229 960 20
04120156241 960 20
04120156249 960 20
04120156261 960 20
04120156269 960 20
04120156281 960 20
04120156289 960 20
04120156301 960 20
04120156309 960 20
04120156321 960 20
04120156329 960 20
04120156341 960 20
04120156349 960 20
04120156361 960 20
04120156369 960 20
04120156381 960 20
04120156393 960 20
04120156401 960 20
04120156413 960 20
04120156421 960 20
04120156433 960 20
04120156441 960 20
04120156453 960 20
04120156461 960 20
04120156473 960 20
04120156481 960 20
04120156493 960 20
04120156501 960 20
04120156513 960 20
04120156521 960 20
04120156533 960 20
04120156541 960 20
04120156553 960 20
04120156561 960 20
04120156573 960 20
04120156581 960 20
04120156593 960 20
04120156601 960 20
04120156613 960 20
04120156621 960 20
04120156633 960 20
04120156645 960 20
04120156653 960 20
04120156665 960 20
04120156673 960 20
04120156685 960 20
04120156693 960 20
04120156705 960 20
04120156713 960 20
04120156725 960 20
04120156733 960 20
04120156745 960 20
04120156753 960 20
04120156765 960 20
04120156773 960 20
04120156785 960 20
04120156793 960 20
04120156805 960 20
04120156813 960 20
04120156825 960 20
04120156833 960 20
04120156845 960 20
04120156853 960 20
04120156865 960 20
04120156873 960 20
04120156885 960 20
04120156897 960 20
04120156905 960 20
04120156917 960 20
04120156925 960 20
04120156937 960 20
04120156945 960 20
04120156957 960 20
04120156965 960 20
04120156977 960 20
04120156985 960 20
04120156997 960 20
04120157005 960 20
04120157017 960 20
04120157025 960 20
04120157037 960 20
04120157045 960 20
04120157057 960 20
04120157065 960 20
04120157077 960 20
04120157085 960 20
04120157097 960 20
04120157105 960 20
04120157117 960 20
04120157125 960 20
04120157137 960 20
04120157149 960 20
04120157157 960 20
04120157169 960 20
04120158681 1900 20
04120158689 1900 20
04120158701 1900 20
04120158709 1900 20
04120158721 1900 20
04120158729 1900 20
04120158741 1900 20
04120158749 1900 20
04120158761 1900 20
04120158769 1900 20
04120158781 1900 20
04120158789 1900 20
04120158801 1900 20
04120158809 1900 20
04120158821 1900 20
04120158829 1900 20
04120158841 1900 20
04120158849 1900 20
04120158861 1900 20
04120158869 1900 20
04120158881 1900 20
04120158889 1900 20
04120158901 1900 20
04120158913 1900 20
04120158921 1900 20
04120158933 1900 20
04120158941 1900 20
04120158953 1900 20
04120158961 1900 20
04120158973 1900 20
04120158981 1900 20
04120158993 1900 20
04120159001 1900 20
04120159013 1900 20
04120159021 1900 20
04120159033 1900 20
04120159041 1900 20
04120159053 1900 20
04120159061 1900 20
04120159073 1900 20
04120159081 1900 20
04120159093 1900 20
04120159101 1900 20
04120159113 1900 20
04120159121 1900 20
04120159133 1900 20
04120159141 1900 20
04120159153 1900 20
04120159165 1900 20
04120159173 1900 20
04120159185 1900 20
04120159193 1900 20
04120159205 1900 20
04120159213 1900 20
04120159225 1900 20
04120159233 1900 20
04120159245 1900 20
04120159253 1900 20
04120159265 1900 20
04120159273 1900 20
04120159285 1900 20
04120159293 1900 20
04120159305 1900 20
04120159313 1900 20
04120159325 1900 20
04120159333 1900 20
04120159345 1900 20
04120159353 1900 20
04120159365 1900 20
04120159373 1900 20
04120159385 1900 20
04120159393 1900 20
04120159405 1900 20
04120159417 1900 20
04120159425 1900 20
04120159437 1900 20
04120159445 1900 20
04120159457 1900 20
04120159465 1900 20
04120159477 1900 20
04120159485 1900 20
04120159497 1900 20
04120159505 1900 20
04120159517 1900 20
04120159525 1900 20
04120159537 1900 20
04120159545 1900 20
04120159557 1900 20
04120159565 1900 20
04120159577 1900 20
04120159585 1900 20
04120159597 1900 20
04120159605 1900 20
04120159617 1900 20
04120159625 1900 20
04120159637 1900 20
04120159645 1900 20
04120159657 1900 20
04120159669 1900 20
04120159677 1900 20
04120159689 1900 20
04120159697 1900 20
04120159709 1900 20
04120159717 1900 20
04120159729 1900 20
04120159737 1900 20
04120159749 1900 20
04120159757 1900 20
04120159769 1900 20
04120159777 1900 20
04120159789 1900 20
04120159797 1900 20
04120159809 1900 20
04120159817 1900 20
04120159829 1900 20
04120159837 1900 20
04120159849 1900 20
04120159857 1900 20
04120159869 1900 20
04120159877 1900 20
04120159889 1900 20
04120159897 1900 20
04120159909 1900 20
04120159921 1900 20
04120159929 1900 20
04120159941 1900 20
04120159949 1900 20
04120159961 1900 20
04120159969 1900 20
04120159981 1900 20
04120159989 1900 20
04120200001 1900 20
04120200009 1900 20
04120200021 1900 20
04120200029 1900 20
04120200041 1900 20
04120200049 1900 20
04120200061 1900 20
04120200069 1900 20
04120200081 1900 20
04120200089 1900 20
04120200101 1900 20
04120200109 1900 20
04120200121 1900 20
04120200129 1900 20
04120200141 1900 20
04120200149 1900 20
04120200161 1900 20
04120200173 1900 20
04120201685 1900 540
04120201693 1900 540
04120201705 1900 540
04120201713 1900 540
04120201725 1900 540
04120201733 1900 540
04120201745 1900 540
04120201753 1900 540
04120201765 1900 540
04120201773 1900 540
04120201785 1900 540
04120201793 1900 540
04120201805 1900 540
04120201813 1900 540
04120201825 1900 540
04120201833 1900 540
04120201845 1900 540
04120201853 1900 540
04120201865 1900 540
04120201873 1900 540
04120201885 1900 540
04120201893 1900 540
04120201905 1900 540
04120201913 1900 540
04120201925 1900 540
04120201937 1900 540
04120201945 1900 540
04120201957 1900 540
04120201965 1900 540
04120201977 1900 540
04120201985 1900 540
04120201997 1900 540
04120202005 1900 540
04120202017 1900 540
04120202025 1900 540
04120202037 1900 540
04120202045 1900 540
04120202057 1900 540
04120202065 1900 540
04120202077 1900 540
04120202085 1900 540
04120202097 1900 540
04120202105 1900 540
04120202117 1900 540
04120202125 1900 540
04120202137 1900 540
04120202145 1900 540
04120202157 1900 540
04120202165 1900 540
04120202177 1900 540
04120202189 1900 540
04120202197 1900 540
04120202209 1900 540
04120202217 1900 540
04120202229 1900 540
04120202237 1900 540
04120202249 1900 540
04120202257 1900 540
04120202269 1900 540
04120202277 1900 540
04120202289 1900 540
04120202297 1900 540
04120202309 1900 540
04120202317 1900 540
04120202329 1900 540
04120202337 1900 540
04120202349 1900 540
04120202357 1900 540
04120202369 1900 540
04120202377 1900 540
04120202389 1900 540
04120202397 1900 540
04120202409 1900 540
04120202417 1900 540
04120202429 1900 540
04120202441 1900 540
04120202449 1900 540
04120202461 1900 540
04120202469 1900 540
04120202481 1900 540
04120202489 1900 540
04120202501 1900 540
04120202509 1900 540
04120202521 1900 540
04120202529 1900 540
04120202541 1900 540
04120202549 1900 540
04120202561 1900 540
04120202569 1900 540
04120202581 1900 540
04120202589 1900 540
04120202601 1900 540
04120202609 1900 540
04120202621 1900 540
04120202629 1900 540
04120202641 1900 540
04120202649 1900 540
04120202661 1900 540
04120202669 1900 540
04120202681 1900 540
04120202693 1900 540
04120202701 1900 540
04120202713 1900 540
04120202721 1900 540
04120202733 1900 540
04120202741 1900 540
04120202753 1900 540
04120202761 1900 540
04120202773 1900 540
04120202781 1900 540
04120202793 1900 540
04120202801 1900 540
04120202813 1900 540
04120202821 1900 540
04120202833 1900 540
04120202841 1900 540
04120202853 1900 540
04120202861 1900 540
04120202873 1900 540
04120202881 1900 540
04120202893 1900 540
04120202901 1900 540
04120202913 1900 540
04120202921 1900 540
04120202933 1900 540
04120202945 1900 540
04120202953 1900 540
04120202965 1900 540
04120202973 1900 540
04120202985 1900 540
04120202993 1900 540
04120203005 1900 540
04120203013 1900 540
04120203025 1900 540
04120203033 1900 540
04120203045 1900 540
04120203053 1900 540
04120203065 1900 540
04120203073 1900 540
04120203085 1900 540
04120203093 1900 540
04120203105 1900 540
04120203113 1900 540
04120203125 1900 540
04120203133 1900 540
04120203145 1900 540
04120203153 1900 540
04120203165 1900 540
04120203173 1900 540
04120204697 960 540
04120204709 960 540
04120204717 960 540
04120204729 960 540
04120204737 960 540
04120204749 960 540
04120204757 960 540
04120204769 960 540
04120204777 960 540
04120204789 960 540
04120204797 960 540
04120204809 960 540
04120204817 960 540
04120204829 960 540
04120204837 960 540
04120204849 960 540
04120204857 960 540
04120204869 960 540
04120204877 960 540
04120204889 960 540
04120204897 960 540
04120204909 960 540
04120204917 960 540
04120204929 960 540
04120204937 960 540
04120204949 960 540
04120204961 960 540
04120204969 960 540
04120204981 960 540
04120204989 960 540
04120205001 960 540
04120205009 960 540
04120205021 960 540
04120205029 960 540
04120205041 960 540
04120205049 960 540
04120205061 960 540
04120205069 960 540
04120205081 960 540
04120205089 960 540
04120205101 960 540
04120205109 960 540
04120205121 960 540
04120205129 960 540
04120205141 960 540
04120205149 960 540
04120205161 960 540
04120205169 960 540
04120205181 960 540
04120205189 960 540
04120205201 960 540
04120205213 960 540
04120205221 960 540
04120205233 960 540
04120205241 960 540
04120205253 960 540
04120205261 960 540
04120205273 960 540
04120205281 960 540
04120205293 960 540
04120205301 960 540
04120205313 960 540
04120205321 960 540
04120205333 960 540
04120205341 960 540
04120205353 960 540
04120205361 960 540
04120205373 960 540
04120205381 960 540
04120205393 960 540
04120205401 960 540
04120205413 960 540
04120205421 960 540
04120205433 960 540
04120205441 960 540
04120205453 960 540
04120205465 960 540
04120205473 960 540
04120205485 960 540
04120205493 960 540
04120205505 960 540
04120205513 960 540
04120205525 960 540
04120205533 960 540
04120205545 960 540
04120205553 960 540
04120205565 960 540
04120205573 960 540
04120205585 960 540
04120205593 960 540
04120205605 960 540
04120205613 960 540
04120205625 960 540
04120205633 960 540
04120205645 960 540
04120205653 960 540
04120205665 960 540
04120205673 960 540
04120205685 960 540
04120205693 960 540
04120205705 960 540
04120205717 960 540
04120205725 960 540
04120205737 960 540
04120205745 960 540
04120205757 960 540
04120205765 960 540
04120205777 960 540
04120205785 960 540
04120205797 960 540
04120205805 960 540
04120205817 960 540
04120205825 960 540
04120205837 960 540
04120205845 960 540
04120205857 960 540
04120205865 960 540
04120205877 960 540
04120205885 960 540
04120205897 960 540
04120205905 960 540
04120205917 960 540
04120205925 960 540
04120205937 960 540
04120205945 960 540
04120205957 960 540
04120205969 960 540
04120205977 960 540
04120205989 960 540
04120205997 960 540
04120206009 960 540
04120206017 960 540
04120206029 960 540
04120206037 960 540
04120206049 960 540
04120206057 960 540
04120206069 960 540
04120206077 960 540
04120206089 960 540
04120206097 960 540
04120206109 960 540
04120206117 960 540
04120206129 960 540
04120206137 960 540
04120206149 960 540
04120206157 960 540
04120206169 960 540
04120206177 960 540
04120207701 20 540
04120207709 20 540
04120207721 20 540
04120207733 20 540
04120207741 20 540
04120207753 20 540
04120207761 20 540
04120207773 20 540
04120207781 20 540
04120207793 20 540
04120207801 20 540
04120207813 20 540
04120207821 20 540
04120207833 20 540
04120207841 20 540
04120207853 20 540
04120207861 20 540
04120207873 20 540
04120207881 20 540
04120207893 20 540
04120207901 20 540
04120207913 20 540
04120207921 20 540
04120207933 20 540
04120207941 20 540
04120207953 20 540
04120207961 20 540
04120207973 20 540
04120207985 20 540
04120207993 20 540
04120208005 20 540
04120208013 20 540
04120208025 20 540
04120208033 20 540
04120208045 20 540
04120208053 20 540
04120208065 20 540
04120208073 20 540
04120208085 20 540
04120208093 20 540
04120208105 20 540
04120208113 20 540
04120208125 20 540
04120208133 20 540
04120208145 20 540
04120208153 20 540
04120208165 20 540
04120208173 20 540
04120208185 20 540
04120208193 20 540
04120208205 20 540
04120208213 20 540
04120208225 20 540
04120208237 20 540
04120208245 20 540
04120208257 20 540
04120208265 20 540
04120208277 20 540
04120208285 20 540
04120208297 20 540
04120208305 20 540
04120208317 20 540
04120208325 20 540
04120208337 20 540
04120208345 20 540
04120208357 20 540
04120208365 20 540
04120208377 20 540
04120208385 20 540
04120208397 20 540
04120208405 20 540
04120208417 20 540
04120208425 20 540
04120208437 20 540
04120208445 20 540
04120208457 20 540
04120208465 20 540
04120208477 20 540
04120208489 20 540
04120208497 20 540
04120208509 20 540
04120208517 20 540
04120208528 20 540
04120208537 20 540
04120208549 20 540
04120208556 20 540
04120208569 20 540
04120208577 20 540
04120208588 20 540
04120208597 20 540
04120208609 20 540
04120208617 20 540
04120208628 20 540
04120208637 20 540
04120208649 20 540
04120208657 20 540
04120208669 20 540
04120208677 20 540
04120208689 20 540
04120208697 20 540
04120208709 20 540
04120208717 20 540
04120208729 20 540
04120208741 20 540
04120208749 20 540
04120208761 20 540
04120208769 20 540
04120208781 20 540
04120208789 20 540
04120208801 20 540
04120208809 20 540
04120208821 20 540
04120208829 20 540
04120208841 20 540
04120208849 20 540
04120208861 20 540
04120208869 20 540
04120208881 20 540
04120208889 20 540
04120208901 20 540
04120208909 20 540
04120208921 20 540
04120208929 20 540
04120208941 20 540
04120208949 20 540
04120208961 20 540
04120208969 20 540
04120208981 20 540
04120208993 20 540
04120209001 20 540
04120209013 20 540
04120209021 20 540
04120209033 20 540
04120209041 20 540
04120209053 20 540
04120209061 20 540
04120209073 20 540
04120209081 20 540
04120209093 20 540
04120209101 20 540
04120209113 20 540
04120209121 20 540
04120209133 20 540
04120209141 20 540
04120209153 20 540
04120209161 20 540
04120209173 20 540
04120209181 20 540
04120210705 20 1060
04120210713 20 1060
04120210725 20 1060
04120210733 20 1060
04120210745 20 1060
04120210757 20 1060
04120210765 20 1060
04120210777 20 1060
04120210785 20 1060
04120210797 20 1060
04120210805 20 1060
04120210817 20 1060
04120210825 20 1060
04120210837 20 1060
04120210845 20 1060
04120210857 20 1060
04120210865 20 1060
04120210876 20 1060
04120210885 20 1060
04120210897 20 1060
04120210905 20 1060
04120210917 20 1060
04120210925 20 1060
04120210937 20 1060
04120210945 20 1060
04120210957 20 1060
04120210965 20 1060
04120210977 20 1060
04120210985 20 1060
04120210997 20 1060
04120211009 20 1060
04120211017 20 1060
04120211029 20 1060
04120211037 20 1060
04120211049 20 1060
04120211057 20 1060
04120211068 20 1060
04120211076 20 1060
04120211088 20 1060
04120211097 20 1060
04120211109 20 1060
04120211117 20 1060
04120211129 20 1060
04120211137 20 1060
04120211149 20 1060
04120211156 20 1060
04120211169 20 1060
04120211176 20 1060
04120211189 20 1060
04120211196 20 1060
04120211209 20 1060
04120211217 20 1060
04120211229 20 1060
04120211236 20 1060
04120211249 20 1060
04120211261 20 1060
04120211269 20 1060
04120211281 20 1060
04120211289 20 1060
04120211301 20 1060
04120211309 20 1060
04120211321 20 1060
04120211328 20 1060
04120211341 20 1060
04120211349 20 1060
04120211361 20 1060
04120211368 20 1060
04120211381 20 1060
04120211389 20 1060
04120211401 20 1060
04120211409 20 1060
04120211421 20 1060
04120211429 20 1060
04120211441 20 1060
04120211449 20 1060
04120211461 20 1060
04120211468 20 1060
04120211481 20 1060
04120211489 20 1060
04120211501 20 1060
04120211512 20 1060
04120211520 20 1060
04120211532 20 1060
04120211541 20 1060
04120211552 20 1060
04120211560 20 1060
04120211573 20 1060
04120211581 20 1060
04120211593 20 1060
04120211600 20 1060
04120211613 20 1060
04120211620 20 1060
04120211633 20 1060
04120211641 20 1060
04120211653 20 1060
04120211660 20 1060
04120211673 20 1060
04120211681 20 1060
04120211693 20 1060
04120211700 20 1060
04120211713 20 1060
04120211721 20 1060
04120211733 20 1060
04120211740 20 1060
04120211752 20 1060
04120211764 20 1060
04120211772 20 1060
04120211785 20 1060
04120211792 20 1060
04120211805 20 1060
04120211813 20 1060
04120211825 20 1060
04120211832 20 1060
04120211845 20 1060
04120211852 20 1060
04120211865 20 1060
04120211872 20 1060
04120211885 20 1060
04120211892 20 1060
04120211905 20 1060
04120211913 20 1060
04120211925 20 1060
04120211932 20 1060
04120211945 20 1060
04120211952 20 1060
04120211964 20 1060
04120211972 20 1060
04120211984 20 1060
04120211992 20 1060
04120212004 20 1060
04120212016 20 1060
04120212025 20 1060
04120212037 20 1060
04120212045 20 1060
04120212057 20 1060
04120212065 20 1060
04120212077 20 1060
04120212084 20 1060
04120212097 20 1060
04120212104 20 1060
04120212117 20 1060
04120212124 20 1060
04120212137 20 1060
04120212144 20 1060
04120212157 20 1060
04120212164 20 1060
04120212177 20 1060
04120212184 20 1060
04120213709 960 1060
04120213717 960 1060
04120213729 960 1060
04120213736 960 1060
04120213749 960 1060
04120213756 960 1060
04120213768 960 1060
04120213780 960 1060
04120213788 960 1060
04120213800 960 1060
04120213808 960 1060
04120213820 960 1060
04120213828 960 1060
04120213840 960 1060
04120213848 960 1060
04120213860 960 1060
04120213868 960 1060
04120213880 960 1060
04120213888 960 1060
04120213900 960 1060
04120213908 960 1060
04120213920 960 1060
04120213928 960 1060
04120213940 960 1060
04120213948 960 1060
04120213960 960 1060
04120213968 960 1060
04120213980 960 1060
04120213988 960 1060
04120214001 960 1060
04120214008 960 1060
04120214020 960 1060
04120214033 960 1060
04120214040 960 1060
04120214052 960 1060
04120214060 960 1060
04120214072 960 1060
04120214080 960 1060
04120214092 960 1060
04120214100 960 1060
04120214112 960 1060
04120214120 960 1060
04120214133 960 1060
04120214140 960 1060
04120214153 960 1060
04120214160 960 1060
04120214172 960 1060
04120214180 960 1060
04120214192 960 1060
04120214200 960 1060
04120214212 960 1060
04120214220 960 1060
04120214232 960 1060
04120214240 960 1060
04120214252 960 1060
04120214260 960 1060
04120214272 960 1060
04120214284 960 1060
04120214292 960 1060
04120214304 960 1060
04120214312 960 1060
04120214324 960 1060
04120214333 960 1060
04120214344 960 1060
04120214352 960 1060
04120214364 960 1060
04120214372 960 1060
04120214384 960 1060
04120214392 960 1060
04120214405 960 1060
04120214412 960 1060
04120214424 960 1060
04120214432 960 1060
04120214445 960 1060
04120214452 960 1060
04120214464 960 1060
04120214472 960 1060
04120214484 960 1060
04120214492 960 1060
04120214504 960 1060
04120214512 960 1060
04120214524 960 1060
04120214537 960 1060
04120214544 960 1060
04120214556 960 1060
04120214564 960 1060
04120214576 960 1060
04120214584 960 1060
04120214597 960 1060
04120214604 960 1060
04120214616 960 1060
04120214624 960 1060
04120214636 960 1060
04120214644 960 1060
04120214656 960 1060
04120214664 960 1060
04120214676 960 1060
04120214684 960 1060
04120214696 960 1060
04120214704 960 1060
04120214716 960 1060
04120214724 960 1060
04120214736 960 1060
04120214744 960 1060
04120214756 960 1060
04120214764 960 1060
04120214776 960 1060
04120214788 960 1060
04120214796 960 1060
04120214808 960 1060
04120214816 960 1060
04120214828 960 1060
04120214836 960 1060
04120214848 960 1060
04120214856 960 1060
04120214868 960 1060
04120214876 960 1060
04120214889 960 1060
04120214896 960 1060
04120214908 960 1060
04120214916 960 1060
04120214928 960 1060
04120214936 960 1060
04120214948 960 1060
04120214956 960 1060
04120214968 960 1060
04120214976 960 1060
04120214988 960 1060
04120214996 960 1060
04120215008 960 1060
04120215016 960 1060
04120215028 960 1060
04120215040 960 1060
04120215048 960 1060
04120215060 960 1060
04120215068 960 1060
04120215080 960 1060
04120215088 960 1060
04120215100 960 1060
04120215108 960 1060
04120215120 960 1060
04120215128 960 1060
04120215140 960 1060
04120215148 960 1060
04120215160 960 1060
04120215168 960 1060
04120215180 960 1060
04120215188 960 1060
04120216712 1900 1060
04120216721 1900 1060
04120216732 1900 1060
04120216740 1900 1060
04120216752 1900 1060
04120216760 1900 1060
04120216772 1900 1060
04120216780 1900 1060
04120216792 1900 1060
04120216804 1900 1060
04120216812 1900 1060
04120216824 1900 1060
04120216832 1900 1060
04120216844 1900 1060
04120216852 1900 1060
04120216864 1900 1060
04120216872 1900 1060
04120216884 1900 1060
04120216892 1900 1060
04120216904 1900 1060
04120216912 1900 1060
04120216924 1900 1060
04120216932 1900 1060
04120216944 1900 1060
04120216952 1900 1060
04120216964 1900 1060
04120216972 1900 1060
04120216984 1900 1060
04120216992 1900 1060
04120217004 1900 1060
04120217012 1900 1060
04120217024 1900 1060
04120217032 1900 1060
04120217044 1900 1060
04120217056 1900 1060
04120217064 1900 1060
04120217076 1900 1060
04120217084 1900 1060
04120217096 1900 1060
04120217104 1900 1060
04120217116 1900 1060
04120217124 1900 1060
04120217136 1900 1060
04120217144 1900 1060
04120217156 1900 1060
04120217164 1900 1060
04120217176 1900 1060
04120217184 1900 1060
04120217196 1900 1060
04120217204 1900 1060
04120217216 1900 1060
04120217224 1900 1060
04120217236 1900 1060
04120217244 1900 1060
04120217256 1900 1060
04120217264 1900 1060
04120217276 1900 1060
04120217284 1900 1060
04120217296 1900 1060
04120217308 1900 1060
04120217316 1900 1060
04120217328 1900 1060
04120217336 1900 1060
04120217348 1900 1060
04120217356 1900 1060
04120217368 1900 1060
04120217376 1900 1060
04120217388 1900 1060
04120217396 1900 1060
04120217408 1900 1060
04120217416 1900 1060
04120217428 1900 1060
04120217436 1900 1060
04120217448 1900 1060
04120217456 1900 1060
04120217468 1900 1060
04120217476 1900 1060
04120217488 1900 1060
04120217496 1900 1060
04120217508 1900 1060
04120217516 1900 1060
04120217528 1900 1060
04120217536 1900 1060
04120217548 1900 1060
04120217560 1900 1060
04120217568 1900 1060
04120217581 1900 1060
04120217588 1900 1060
04120217600 1900 1060
04120217608 1900 1060
04120217620 1900 1060
04120217628 1900 1060
04120217640 1900 1060
04120217648 1900 1060
04120217660 1900 1060
04120217668 1900 1060
04120217680 1900 1060
04120217688 1900 1060
04120217700 1900 1060
04120217708 1900 1060
04120217720 1900 1060
04120217728 1900 1060
04120217740 1900 1060
04120217748 1900 1060
04120217760 1900 1060
04120217768 1900 1060
04120217780 1900 1060
04120217788 1900 1060
04120217800 1900 1060
04120217812 1900 1060
04120217820 1900 1060
04120217832 1900 1060
04120217840 1900 1060
04120217852 1900 1060
04120217860 1900 1060
04120217872 1900 1060
04120217880 1900 1060
04120217892 1900 1060
04120217900 1900 1060
04120217912 1900 1060
04120217920 1900 1060
04120217932 1900 1060
04120217940 1900 1060
04120217952 1900 1060
04120217960 1900 1060
04120217972 1900 1060
04120217980 1900 1060
04120217992 1900 1060
04120218000 1900 1060
04120218012 1900 1060
04120218020 1900 1060
04120218032 1900 1060
04120218040 1900 1060
04120218052 1900 1060
04120218064 1900 1060
04120218072 1900 1060
04120218084 1900 1060
04120218092 1900 1060
04120218104 1900 1060
04120218112 1900 1060
04120218124 1900 1060
04120218132 1900 1060
04120218144 1900 1060
04120218152 1900 1060
04120218164 1900 1060
04120218172 1900 1060
04120218184 1900 1060
04120218192 1900 1060
