20180507T134249.236661 20 20
20180507T134249.250923 20 20
20180507T134249.256386 232.542 305.946 44.5943 38.6037 134.254 277.724 348.257 307.303 352.73 20180507T134249.256386 20 20
20180507T134249.268437 20 20
20180507T134249.275885 20 20
20180507T134249.287872 231.679 305.786 44.5299 38.5447 133.422 276.781 348.299 306.809 352.452 20180507T134249.287872 20 20
20180507T134249.295882 20 20
20180507T134249.307844 20 20
20180507T134249.315839 231.264 305.514 44.4978 38.5921 134.377 276.431 347.884 306.309 352.33 20180507T134249.315839 20 20
20180507T134249.329627 20 20
20180507T134249.336801 20 20
20180507T134249.348772 231.302 305.51 44.3188 38.458 132.923 276.374 347.817 306.402 352.428 20180507T134249.348772 20 20
20180507T134249.355892 20 20
20180507T134249.367849 20 20
20180507T134249.375818 231.631 305.725 44.1237 38.2342 133.205 276.861 347.887 306.782 352.479 20180507T134249.375818 20 20
20180507T134249.388638 20 20
20180507T134249.396306 20 20
20180507T134249.407819 232.058 305.813 43.8117 37.9964 135.175 277.569 348.132 307.414 352.605 20180507T134249.407819 20 20
20180507T134249.419866 20 20
20180507T134249.428210 20 20
20180507T134249.440205 231.862 305.799 43.79 37.8492 133.847 277.056 347.917 307.192 352.555 20180507T134249.440205 20 20
20180507T134249.448830 20 20
20180507T134249.459810 20 20
20180507T134249.467784 231.27 305.83 43.3923 37.7658 133.674 276.386 347.952 306.778 352.534 20180507T134249.467784 20 20
20180507T134249.479828 20 20
20180507T134249.487800 20 20
20180507T134249.499784 230.799 305.789 43.4138 37.7287 134.662 276.375 347.722 306.265 352.495 20180507T134249.499784 20 20
20180507T134249.509373 20 20
20180507T134249.520111 20 20
20180507T134249.528103 230.766 305.846 43.3561 37.4015 135.243 276.39 348.128 306.404 352.792 20180507T134249.528103 20 20
20180507T134249.540635 20 20
20180507T134249.549008 20 20
20180507T134249.560607 230.987 305.805 43.0126 37.5312 132.481 276.318 348.05 306.584 352.594 20180507T134249.560607 20 20
20180507T134249.570375 20 20
20180507T134249.580358 20 20
20180507T134249.588317 230.855 305.841 43.2662 37.3886 134.49 276.5 348.263 306.449 352.812 20180507T134249.588317 20 20
20180507T134249.599873 20 20
20180507T134249.607816 20 20
20180507T134249.619804 230.79 305.795 43.32 37.1927 134.006 276.5 348.263 306.536 352.902 20180507T134249.619804 20 20
20180507T134249.627830 20 20
20180507T134249.639884 20 20
20180507T134249.647788 230.89 305.846 43.1241 37.2563 132.854 276.55 348.286 306.594 352.994 20180507T134249.647788 20 20
20180507T134249.660954 20 20
20180507T134249.671871 20 20
20180507T134249.679831 230.886 306.007 42.9195 37.1055 135.254 276.5 348.317 306.561 353.143 20180507T134249.679831 20 20
20180507T134249.692484 20 20
20180507T134249.700797 20 20
20180507T134249.712771 230.913 306.099 42.8336 37.0955 133.873 276.453 348.468 306.742 353.203 20180507T134249.712771 20 20
20180507T134249.721326 20 20
20180507T134249.732110 20 20
20180507T134249.739821 230.876 306.098 42.8082 37.0999 134.693 276.359 348.421 306.464 353.183 20180507T134249.739821 20 20
20180507T134249.751835 20 20
20180507T134249.759816 20 20
20180507T134249.771790 230.618 306.179 42.854 37.2276 133.314 276.323 348.547 306.29 353.183 20180507T134249.771790 20 20
20180507T134249.779864 20 20
20180507T134249.791808 20 20
20180507T134249.799801 230.541 306.115 42.8137 37.2692 132.944 276.323 348.547 306.29 353.183 20180507T134249.799801 20 20
20180507T134249.811864 20 20
20180507T134249.819808 20 20
20180507T134249.831783 230.73 306.312 43.0201 37.343 134.723 276.359 348.513 306.29 353.183 20180507T134249.831783 20 20
20180507T134249.839899 20 20
20180507T134249.851804 20 20
20180507T134249.859784 230.779 306.416 43.2695 37.225 133.804 276.359 348.513 306.29 353.183 20180507T134249.859784 20 20
20180507T134249.871883 20 20
20180507T134249.879923 20 20
20180507T134249.892305 230.744 306.404 43.0715 37.4155 129.939 276.359 348.513 306.311 353.217 20180507T134249.892305 20 20
20180507T134249.901862 20 20
20180507T134249.911799 20 20
20180507T134249.923813 231.011 306.738 43.3967 37.4145 133.419 276.323 348.547 306.472 353.336 20180507T134249.923813 20 20
20180507T134249.932939 20 20
20180507T134249.944483 20 20
20180507T134249.951781 230.83 306.794 43.2422 37.6285 133.891 276.37 348.582 306.264 353.307 20180507T134249.951781 20 20
20180507T134249.964349 20 20
20180507T134249.971814 20 20
20180507T134249.983783 230.91 306.967 43.1489 37.6956 134.204 276.268 348.955 306.09 353.412 20180507T134249.983783 20 20
20180507T134249.991864 20 20
20180507T134250.003868 20 20
20180507T134250.011816 230.715 306.92 43.3458 37.2468 130.055 276.005 348.901 305.892 353.43 20180507T134250.011816 20 20
20180507T134250.023869 20 20
20180507T134250.031862 20 20
20180507T134250.043778 230.58 306.924 43.5492 37.1969 132.105 275.903 348.867 305.853 353.404 20180507T134250.043778 20 20
20180507T134250.052256 20 20
20180507T134250.063794 20 20
20180507T134250.071772 230.402 306.977 43.1528 37.34 130.734 275.718 348.928 305.715 353.449 20180507T134250.071772 20 20
20180507T134250.083852 20 20
20180507T134250.091781 20 20
20180507T134250.103767 230.177 306.975 43.5277 37.3516 131.045 275.718 348.928 305.575 353.454 20180507T134250.103767 20 20
20180507T134250.111827 20 20
20180507T134250.123793 20 20
20180507T134250.131764 230.129 306.902 43.1233 37.516 131.132 275.391 348.807 305.377 353.444 20180507T134250.131764 20 20
20180507T134250.143844 20 20
20180507T134250.151783 20 20
20180507T134250.163775 230.028 306.865 43.1144 37.3549 131.52 275.414 348.828 305.252 353.488 20180507T134250.163775 20 20
20180507T134250.175867 20 20
20180507T134250.183776 20 20
20180507T134250.195778 230.123 306.83 42.8978 37.4583 132.345 275.529 348.863 305.291 353.508 20180507T134250.195778 20 20
20180507T134250.207273 20 20
20180507T134250.216842 20 20
20180507T134250.223819 230.222 306.91 42.9267 37.2481 133.281 275.622 348.96 305.291 353.508 20180507T134250.223819 20 20
20180507T134250.235847 20 20
20180507T134250.243826 20 20
20180507T134250.255799 230.155 306.893 43.1381 37.235 131.258 275.729 348.961 305.291 353.508 20180507T134250.255799 20 20
20180507T134250.264918 20 20
20180507T134250.275871 20 20
20180507T134250.284303 230.666 306.939 43.2865 37.129 131.927 276.167 348.953 305.628 353.507 20180507T134250.284303 20 20
20180507T134250.296601 20 20
20180507T134250.304596 20 20
20180507T134250.316567 230.898 307.022 43.1053 37.3014 131.252 276.453 349.025 305.977 353.476 20180507T134250.316567 20 20
20180507T134250.325411 20 20
20180507T134250.335808 20 20
20180507T134250.343775 230.955 306.912 43.1292 37.2237 131.805 276.065 348.919 305.928 353.394 20180507T134250.343775 20 20
20180507T134250.355835 20 20
20180507T134250.363767 20 20
20180507T134250.375815 230.923 306.701 42.9483 37.2238 131.571 276.184 348.661 305.799 353.351 20180507T134250.375815 20 20
20180507T134250.383816 20 20
20180507T134250.396581 20 20
20180507T134250.404975 230.999 306.77 43.1176 37.2955 131.38 276.071 348.649 305.928 353.394 20180507T134250.404975 20 20
20180507T134250.416821 20 20
20180507T134250.427804 20 20
20180507T134250.435752 231.444 306.791 42.9222 37.4804 132.491 276.408 348.901 306.175 353.404 20180507T134250.435752 20 20
20180507T134250.447869 20 20
20180507T134250.456883 20 20
20180507T134250.467792 231.729 306.961 43.1577 37.3597 131.613 276.785 349.102 306.734 353.462 20180507T134250.467792 20 20
20180507T134250.477634 20 20
20180507T134250.488431 20 20
20180507T134250.496401 231.997 306.815 43.2241 37.3917 132.746 277.062 348.938 306.928 353.394 20180507T134250.496401 20 20
20180507T134250.508205 20 20
20180507T134250.516169 20 20
20180507T134250.528163 231.753 306.739 43.3023 37.2694 132.987 276.626 348.595 306.722 353.412 20180507T134250.528163 20 20
20180507T134250.536539 20 20
20180507T134250.548177 20 20
20180507T134250.556161 231.484 306.799 42.9718 37.4326 132.872 276.379 348.848 306.328 353.404 20180507T134250.556161 20 20
20180507T134250.567836 20 20
20180507T134250.575807 20 20
20180507T134250.587756 231.429 306.728 43.052 37.2331 133.786 276.317 348.65 306.617 353.447 20180507T134250.587756 20 20
20180507T134250.595869 20 20
20180507T134250.607776 20 20
20180507T134250.615737 231.766 306.921 43.0706 37.3107 133.209 276.845 349.132 306.802 353.432 20180507T134250.615737 20 20
20180507T134250.628996 20 20
20180507T134250.636746 20 20
20180507T134250.648571 231.81 306.736 43.3438 37.3846 134.267 276.725 348.55 306.616 353.274 20180507T134250.648571 20 20
20180507T134250.657911 20 20
20180507T134250.667792 20 20
20180507T134250.679778 231.399 306.637 43.1176 37.4403 133.571 276.269 348.613 306.209 353.417 20180507T134250.679778 20 20
20180507T134250.687829 20 20
20180507T134250.699792 20 20
20180507T134250.707752 231.2 306.715 43.3026 37.3871 133.171 276.345 348.672 305.985 353.327 20180507T134250.707752 20 20
20180507T134250.719824 20 20
20180507T134250.727841 20 20
20180507T134251.755775 321.056 294.376 43.5423 39.8325 165.938 321.65 342.894 342.138 343.646 20180507T134251.755775 960 20
20180507T134251.768221 960 20
20180507T134251.775809 960 20
20180507T134251.788294 321.152 294.533 43.7654 40.0971 165.362 321.586 343.391 342.149 343.657 20180507T134251.788294 960 20
20180507T134251.796788 960 20
20180507T134251.808319 960 20
20180507T134251.816287 320.942 294.492 43.7365 40.0507 171.741 321.596 343.359 342.089 343.682 20180507T134251.816287 960 20
20180507T134251.828832 960 20
20180507T134251.835766 960 20
20180507T134251.847737 321.363 294.66 44.0083 40.5377 169.673 321.758 343.388 342.259 343.746 20180507T134251.847737 960 20
20180507T134251.855804 960 20
20180507T134251.867768 960 20
20180507T134251.875816 321.487 294.876 44.2945 40.5463 170.915 322.167 343.431 342.386 343.81 20180507T134251.875816 960 20
20180507T134251.887807 960 20
20180507T134251.895755 960 20
20180507T134251.907730 321.644 294.982 44.4919 40.6917 171.514 322.305 343.431 342.431 343.884 20180507T134251.907730 960 20
20180507T134251.915761 960 20
20180507T134251.927733 960 20
20180507T134251.939745 321.926 294.975 44.2558 40.8612 171.427 322.305 343.569 342.5 344.263 20180507T134251.939745 960 20
20180507T134251.947812 960 20
20180507T134251.959756 960 20
20180507T134251.967717 321.944 295.048 44.1794 40.8841 169.62 322.263 343.808 342.431 343.884 20180507T134251.967717 960 20
20180507T134251.982841 960 20
20180507T134251.988522 960 20
20180507T134251.999738 321.677 295.008 44.6382 40.6119 172.038 322.133 343.987 342.431 343.884 20180507T134251.999738 960 20
20180507T134252.007760 960 20
20180507T134252.019745 960 20
20180507T134252.027715 321.672 295.026 44.3261 40.7188 171.979 322.115 343.483 342.431 343.884 20180507T134252.027715 960 20
20180507T134252.039787 960 20
20180507T134252.047734 960 20
20180507T134252.059772 321.872 295.152 44.1192 40.6678 171.252 322.263 343.987 342.6 344.239 20180507T134252.059772 960 20
20180507T134252.067764 960 20
20180507T134252.079718 960 20
20180507T134252.087778 321.85 295.154 44.08 40.6935 172.423 322.216 344.08 342.5 344.263 20180507T134252.087778 960 20
20180507T134252.099816 960 20
20180507T134252.108946 960 20
20180507T134252.120918 321.845 295.183 44.1407 40.5314 171.951 322.263 343.987 342.431 343.884 20180507T134252.120918 960 20
20180507T134252.128020 960 20
20180507T134252.139752 960 20
20180507T134252.147771 321.704 295.126 44.089 40.3002 170.488 322.263 343.987 342.431 343.884 20180507T134252.147771 960 20
20180507T134252.159784 960 20
20180507T134252.167734 960 20
20180507T134252.179709 321.809 295.045 44.396 40.388 164.395 321.967 343.694 342.456 344.025 20180507T134252.179709 960 20
20180507T134252.191783 960 20
20180507T134252.199725 960 20
20180507T134252.211737 321.564 295.203 43.9796 40.2713 169.423 321.897 343.943 342.439 344.101 20180507T134252.211737 960 20
20180507T134252.219783 960 20
20180507T134252.231751 960 20
20180507T134252.239710 321.607 295.371 43.9578 40.0265 173.699 322.08 343.994 342.368 344.025 20180507T134252.239710 960 20
20180507T134252.252777 960 20
20180507T134252.259726 960 20
20180507T134252.271736 321.606 295.347 43.7805 39.9993 171.074 322.17 344.2 342.415 344.048 20180507T134252.271736 960 20
20180507T134252.279754 960 20
20180507T134252.292932 960 20
20180507T134252.301162 321.609 295.341 43.9383 39.9621 170.271 322.011 343.968 342.401 344.063 20180507T134252.301162 960 20
20180507T134252.311788 960 20
20180507T134252.319721 960 20
20180507T134252.331752 321.741 295.498 43.5428 39.8525 171.954 322.117 344.234 342.677 344.385 20180507T134252.331752 960 20
20180507T134252.339782 960 20
20180507T134252.351726 960 20
20180507T134252.359736 322.105 295.541 43.5748 39.7431 167.271 322.5 344.263 342.78 344.43 20180507T134252.359736 960 20
20180507T134252.371818 960 20
20180507T134252.379746 960 20
20180507T134252.391718 322.06 295.646 43.5661 39.7668 173.09 322.5 344.263 342.82 344.464 20180507T134252.391718 960 20
20180507T134252.400943 960 20
20180507T134252.411743 960 20
20180507T134252.419700 322.197 295.637 43.3539 39.8165 169.585 322.55 344.286 343.041 344.467 20180507T134252.419700 960 20
20180507T134252.431782 960 20
20180507T134252.443743 960 20
20180507T134252.451705 322.301 295.792 43.3584 39.617 173.077 322.677 344.385 343.081 344.5 20180507T134252.451705 960 20
20180507T134252.463766 960 20
20180507T134252.471716 960 20
20180507T134252.483720 322.69 295.41 43.6159 40.1844 160.264 322.677 344.385 343.193 344.484 20180507T134252.483720 960 20
20180507T134252.491740 960 20
20180507T134252.503734 960 20
20180507T134252.511699 322.533 295.886 43.2806 39.8467 172.021 322.912 344.602 343.391 344.745 20180507T134252.511699 960 20
20180507T134252.525896 960 20
20180507T134252.532237 960 20
20180507T134252.544300 323.045 296.104 43.7837 39.7504 172.662 323.483 344.517 344 345 20180507T134252.544300 960 20
20180507T134252.555096 960 20
20180507T134252.563763 960 20
20180507T134252.571715 322.796 295.818 43.7101 40.1277 172.881 322.82 344.464 343.383 344.567 20180507T134252.571715 960 20
20180507T134252.583779 960 20
20180507T134252.591718 960 20
20180507T134252.603721 322.129 295.584 44.1638 40.1885 170.357 322.345 344.271 342.741 344.466 20180507T134252.603721 960 20
20180507T134252.611783 960 20
20180507T134252.623760 960 20
20180507T134252.631691 322.266 295.724 44.131 40.3724 169.104 322.4 344.239 342.741 344.466 20180507T134252.631691 960 20
20180507T134252.643736 960 20
20180507T134252.651712 960 20
20180507T134252.663685 322.878 295.415 45.1077 40.9106 163.271 322.729 344.412 343.383 344.567 20180507T134252.663685 960 20
20180507T134252.672765 960 20
20180507T134252.683711 960 20
20180507T134252.695694 323.192 295.714 44.4797 40.6444 169.714 323.047 344.462 343.961 344.55 20180507T134252.695694 960 20
20180507T134252.703810 960 20
20180507T134252.715719 960 20
20180507T134252.723691 323.271 295.79 44.8304 40.7038 173.779 323.548 344.429 344.206 344.783 20180507T134252.723691 960 20
20180507T134252.736853 960 20
20180507T134252.743700 960 20
20180507T134252.755716 323.352 295.839 44.6133 40.8956 174.026 323.333 344.461 344.032 344.704 20180507T134252.755716 960 20
20180507T134252.763755 960 20
20180507T134252.775736 960 20
20180507T134252.783681 322.872 295.717 45.091 40.7315 171.428 323.018 344.392 343.583 344.467 20180507T134252.783681 960 20
20180507T134252.795800 960 20
20180507T134252.803762 960 20
20180507T134252.815721 322.784 295.766 44.984 40.8043 172.03 322.82 344.464 343.306 344.5 20180507T134252.815721 960 20
20180507T134252.823759 960 20
20180507T134252.835736 960 20
20180507T134252.843688 323.245 295.98 44.986 40.8275 169.265 323.121 344.533 343.667 344.692 20180507T134252.843688 960 20
20180507T134252.855791 960 20
20180507T134252.863726 960 20
20180507T134252.875731 323.328 295.973 44.7866 40.9843 169.615 323.185 344.446 343.923 344.727 20180507T134252.875731 960 20
20180507T134252.884754 960 20
20180507T134252.896736 960 20
20180507T134252.903693 323.47 296.013 45.3458 40.6752 171.807 323.121 344.533 344.123 344.76 20180507T134252.903693 960 20
20180507T134252.916056 960 20
20180507T134252.924496 960 20
20180507T134252.935700 323.419 295.973 44.9441 40.8077 167.432 323.164 344.61 344.096 344.677 20180507T134252.935700 960 20
20180507T134252.947765 960 20
20180507T134252.955737 960 20
20180507T134252.967689 323.517 296.162 45.1699 41.1126 170.447 323.444 344.48 343.959 344.805 20180507T134252.967689 960 20
20180507T134252.976563 960 20
20180507T134252.987766 960 20
20180507T134252.995695 323.851 296.211 45.3224 41.3687 172.694 323.83 344.621 344.268 344.894 20180507T134252.995695 960 20
20180507T134253.007752 960 20
20180507T134253.015695 960 20
20180507T134253.027699 324.039 296.399 45.4741 41.0227 172.295 324.094 344.616 344.229 345.078 20180507T134253.027699 960 20
20180507T134253.038001 960 20
20180507T134253.048097 960 20
20180507T134253.056101 324.185 296.419 45.5945 41.2886 172.591 324.216 344.928 344.5 345 20180507T134253.056101 960 20
20180507T134253.068530 960 20
20180507T134253.075771 960 20
20180507T134253.087744 324.142 296.448 45.2829 41.196 176.422 324.392 344.737 344.5 345.328 20180507T134253.087744 960 20
20180507T134253.095776 960 20
20180507T134253.107740 960 20
20180507T134253.115736 324.151 296.457 45.4127 41.2009 175.688 324.164 344.755 344.5 345 20180507T134253.115736 960 20
20180507T134253.127750 960 20
20180507T134253.135679 960 20
20180507T134253.147699 324.145 296.5 45.4695 41.3768 173.322 324.38 345.04 344.552 345.35 20180507T134253.147699 960 20
20180507T134253.157207 960 20
20180507T134253.167716 960 20
20180507T134253.175677 324.317 296.496 45.1109 41.338 174.632 324.19 345.034 344.552 345.35 20180507T134253.175677 960 20
20180507T134253.187749 960 20
20180507T134253.199696 960 20
20180507T134253.207671 324.34 296.731 45.4306 41.144 171.06 324.38 345.04 344.602 345.317 20180507T134253.207671 960 20
20180507T134253.219749 960 20
20180507T134253.227688 960 20
20180507T134253.239670 324.536 296.301 45.437 41.8854 164.35 324.5 345 344.602 345.317 20180507T134253.239670 960 20
20180507T134253.247709 960 20
20180507T134254.349178 1900 20
20180507T134254.357211 421.891 293.79 42.1473 36.6852 38.0683 400.019 235.491 419.778 237.444 20180507T134254.357211 1900 20
20180507T134254.368391 1900 20
20180507T134254.375738 1900 20
20180507T134254.387705 421.89 293.755 42.1485 36.6181 37.5129 400.111 235.722 419.778 237.444 20180507T134254.387705 1900 20
20180507T134254.395741 1900 20
20180507T134254.407710 1900 20
20180507T134254.415680 421.891 293.801 42.1444 36.7059 38.2601 400.111 235.722 419.778 237.444 20180507T134254.415680 1900 20
20180507T134254.428374 1900 20
20180507T134254.435681 1900 20
20180507T134254.447656 421.632 293.581 42.4801 36.4779 38.8235 400.019 235.491 419.778 237.444 20180507T134254.447656 1900 20
20180507T134254.460635 1900 20
20180507T134254.467673 1900 20
20180507T134254.479679 421.5 293.453 42.4505 36.4229 38.1249 396.259 234.519 419.5 236.583 20180507T134254.479679 1900 20
20180507T134254.487694 1900 20
20180507T134254.499693 1900 20
20180507T134254.507651 421.563 293.311 42.0619 36.6836 38.3131 400.252 235.44 419.5 236.5 20180507T134254.507651 1900 20
20180507T134254.519721 1900 20
20180507T134254.527661 1900 20
20180507T134254.540869 421.638 293.119 42.2014 37.0091 37.6364 399.842 235.258 419 236.5 20180507T134254.540869 1900 20
20180507T134254.548920 1900 20
20180507T134254.559747 1900 20
20180507T134254.567649 421.626 293.114 42.2405 37.0334 39.7835 400.156 235.156 419.5 236.5 20180507T134254.567649 1900 20
20180507T134254.579895 1900 20
20180507T134254.587740 1900 20
20180507T134254.599683 421.299 292.992 42.2666 36.9702 37.6718 396 234.5 419 236.5 20180507T134254.599683 1900 20
20180507T134254.608699 1900 20
20180507T134254.620491 1900 20
20180507T134254.628476 421.092 292.745 42.5469 37.1309 39.6059 398.448 234.581 419 236.5 20180507T134254.628476 1900 20
20180507T134254.639734 1900 20
20180507T134254.647650 1900 20
20180507T134254.659647 421.009 292.792 42.6545 37.5812 39.1074 395.889 234.044 419 236.5 20180507T134254.659647 1900 20
20180507T134254.668814 1900 20
20180507T134254.679778 1900 20
20180507T134254.687636 421.332 292.794 42.9364 37.3042 41.4562 399.977 234.749 419 236.5 20180507T134254.687636 1900 20
20180507T134254.699719 1900 20
20180507T134254.711675 1900 20
20180507T134254.719635 422.106 292.966 43.0245 37.7729 41.566 397.156 234.111 419.762 236.524 20180507T134254.719635 1900 20
20180507T134254.731744 1900 20
20180507T134254.739683 1900 20
20180507T134254.751663 422.57 293.249 43.0459 37.8929 41.3169 397.741 234.519 420.238 236.524 20180507T134254.751663 1900 20
20180507T134254.759690 1900 20
20180507T134254.771672 1900 20
20180507T134254.779668 422.493 293.025 43.5091 37.6659 39.8868 397.03 234.333 420 236.5 20180507T134254.779668 1900 20
20180507T134254.791708 1900 20
20180507T134254.801479 1900 20
20180507T134254.813436 421.684 292.793 43.2042 37.7452 39.9761 396.667 234.152 419 236.5 20180507T134254.813436 1900 20
20180507T134254.823107 1900 20
20180507T134254.831954 1900 20
20180507T134254.839953 421.407 292.638 43.8298 37.4667 37.6902 399.391 234.841 418.8 236.333 20180507T134254.839953 1900 20
20180507T134254.852722 1900 20
20180507T134254.859652 1900 20
20180507T134254.872166 421.845 292.521 43.173 37.7413 38.4199 396.762 234.476 418.97 236.152 20180507T134254.872166 1900 20
20180507T134254.886207 1900 20
20180507T134254.891698 1900 20
20180507T134254.899645 422.268 292.659 43.3008 37.4727 37.4765 397.259 234.481 419.593 236.333 20180507T134254.899645 1900 20
20180507T134254.911745 1900 20
20180507T134254.919714 1900 20
20180507T134254.931638 422.48 292.768 43.1373 37.4124 37.0142 397.641 234.205 419.667 236.242 20180507T134254.931638 1900 20
20180507T134254.939997 1900 20
20180507T134254.951649 1900 20
20180507T134254.963645 422.444 292.802 42.6901 37.5818 37.8575 397.156 234.111 419.667 236.242 20180507T134254.963645 1900 20
20180507T134254.971663 1900 20
20180507T134254.983676 1900 20
20180507T134254.991631 422.306 292.665 42.8974 37.2477 37.8959 396.889 233.644 419.25 236 20180507T134254.991631 1900 20
20180507T134255.006498 1900 20
20180507T134255.012679 1900 20
20180507T134255.023670 422.435 292.795 42.7403 37.3358 41.2095 397.641 234.205 419.667 236.242 20180507T134255.023670 1900 20
20180507T134255.031712 1900 20
20180507T134255.043679 1900 20
20180507T134255.051624 422.645 292.879 42.7998 37.3423 38.9061 397.872 234.051 419.467 236.2 20180507T134255.051624 1900 20
20180507T134255.064474 1900 20
20180507T134255.071637 1900 20
20180507T134255.083647 422.669 292.843 42.3819 37.1812 40.543 397.5 234 419.5 236.5 20180507T134255.083647 1900 20
20180507T134255.091981 1900 20
20180507T134255.103958 1900 20
20180507T134255.111934 422.525 292.928 42.1997 37.1941 38.3424 397.5 234 419.259 236.185 20180507T134255.111934 1900 20
20180507T134255.123987 1900 20
20180507T134255.131674 1900 20
20180507T134255.143663 422.496 292.906 42.0931 37.0572 39.3659 397.467 233.8 419.394 236.061 20180507T134255.143663 1900 20
20180507T134255.151696 1900 20
20180507T134255.163651 1900 20
20180507T134255.171619 422.779 292.99 42.0651 37.1507 39.9312 397.2 233.7 419.667 236.03 20180507T134255.171619 1900 20
20180507T134255.183706 1900 20
20180507T134255.191662 1900 20
20180507T134255.203636 423.287 293.13 41.9162 36.8129 38.8417 397.5 234 420.083 236.125 20180507T134255.203636 1900 20
20180507T134255.215702 1900 20
20180507T134255.223638 1900 20
20180507T134255.235609 423.244 293.22 41.9869 36.882 39.6662 397.889 234.044 420.267 236.533 20180507T134255.235609 1900 20
20180507T134255.243694 1900 20
20180507T134255.255657 1900 20
20180507T134255.263623 423.126 293.238 41.8032 37.0299 41.2242 398.037 234.296 420.267 236.533 20180507T134255.263623 1900 20
20180507T134255.275749 1900 20
20180507T134255.284681 1900 20
20180507T134255.295651 422.895 293.219 42.2005 37.0026 38.7527 397.286 234.071 420 236.5 20180507T134255.295651 1900 20
20180507T134255.304939 1900 20
20180507T134255.315669 1900 20
20180507T134255.323625 422.934 293.458 42.4129 37.0116 38.6858 397.5 234.5 420.238 236.524 20180507T134255.323625 1900 20
20180507T134255.335686 1900 20
20180507T134255.343642 1900 20
20180507T134255.355643 423.247 293.546 42.1574 37.0699 40.4329 397.741 234.519 420.733 236.533 20180507T134255.355643 1900 20
20180507T134255.365154 1900 20
20180507T134255.375680 1900 20
20180507T134255.383674 423.49 293.652 42.2832 37.1484 38.6913 398.259 234.519 420.733 236.533 20180507T134255.383674 1900 20
20180507T134255.395704 1900 20
20180507T134255.403623 1900 20
20180507T134255.415635 423.583 293.79 42.3988 37.0164 37.9272 373.288 348.298 397.409 344.675 20180507T134255.415635 1900 20
20180507T134255.423687 1900 20
20180507T134255.435709 1900 20
20180507T134255.443617 423.73 293.935 42.162 37.0554 38.9255 373.35 348.103 397.365 344.811 20180507T134255.443617 1900 20
20180507T134255.455688 1900 20
20180507T134255.467642 1900 20
20180507T134255.475618 423.697 294.082 41.9852 37.1671 38.5276 373.309 348.33 397.365 344.811 20180507T134255.475618 1900 20
20180507T134255.487725 1900 20
20180507T134255.495633 1900 20
20180507T134255.507617 423.716 294.187 42.0131 37.012 41.0058 373.229 348.615 397.5 344.952 20180507T134255.507617 1900 20
20180507T134255.515648 1900 20
20180507T134255.527634 1900 20
20180507T134255.535619 423.832 294.417 42.482 36.8248 40.2668 373.422 348.841 397.618 345.24 20180507T134255.535619 1900 20
20180507T134255.549166 1900 20
20180507T134255.557120 1900 20
20180507T134255.568290 423.904 294.475 42.556 36.9055 40.0566 373.426 348.702 397.782 345.306 20180507T134255.568290 1900 20
20180507T134255.576940 1900 20
20180507T134255.587701 1900 20
20180507T134255.595673 423.887 294.414 42.1356 37.0186 39.3813 373.6 348.867 397.817 345.198 20180507T134255.595673 1900 20
20180507T134255.607690 1900 20
20180507T134255.615629 1900 20
20180507T134255.627633 423.835 294.549 42.5629 36.971 41.0211 373.709 348.891 397.675 345.437 20180507T134255.627633 1900 20
20180507T134255.635688 1900 20
20180507T134255.647659 1900 20
20180507T134255.655597 423.868 294.555 42.4896 37.1522 40.7086 373.743 348.912 397.771 345.471 20180507T134255.655597 1900 20
20180507T134255.667723 1900 20
20180507T134255.675646 1900 20
20180507T134255.687643 423.953 294.567 42.5668 37.1879 40.3965 373.839 348.886 397.728 345.537 20180507T134255.687643 1900 20
20180507T134255.696687 1900 20
20180507T134255.707722 1900 20
20180507T134255.719604 423.93 294.597 42.5242 37.49 40.9553 373.996 348.905 397.991 345.628 20180507T134255.719604 1900 20
20180507T134255.727660 1900 20
20180507T134255.739616 1900 20
20180507T134255.747608 423.976 294.672 42.5523 37.8235 37.2266 373.988 349.043 398.098 345.871 20180507T134255.747608 1900 20
20180507T134255.759644 1900 20
20180507T134255.767629 1900 20
20180507T134255.779622 424.095 294.854 43.2379 38.0591 41.2152 374.35 349.196 398.317 345.683 20180507T134255.779622 1900 20
20180507T134255.787681 1900 20
20180507T134255.799648 1900 20
20180507T134255.807609 424.684 295.102 43.6256 38.3925 39.8143 374.863 349.485 398.545 345.977 20180507T134255.807609 1900 20
20180507T134255.820576 1900 20
20180507T134255.827629 1900 20
20180507T134256.907903 429.824 340.607 43.6632 40.7225 60.7942 381.299 365.326 402.516 365.081 20180507T134256.907903 1900 540
20180507T134256.918480 1900 540
20180507T134256.928485 1900 540
20180507T134256.935620 429.893 340.609 43.6088 40.7528 59.7249 381.721 365.293 402.503 365.277 20180507T134256.935620 1900 540
20180507T134256.948473 1900 540
20180507T134256.956573 1900 540
20180507T134256.967638 429.512 340.469 43.8406 40.7695 55.0834 381.103 364.718 402.354 365.005 20180507T134256.967638 1900 540
20180507T134256.979619 1900 540
20180507T134256.987568 1900 540
20180507T134256.999588 429.116 340.381 43.4414 41.137 61.9773 380.712 365.019 402.137 364.585 20180507T134256.999588 1900 540
20180507T134257.008878 1900 540
20180507T134257.020771 1900 540
20180507T134257.028780 429.117 340.597 43.6244 41.2449 58.4014 380.712 365.019 402.294 364.639 20180507T134257.028780 1900 540
20180507T134257.039636 1900 540
20180507T134257.047684 1900 540
20180507T134257.060355 429.731 340.496 44.1053 40.9652 54.547 381.801 364.962 402.539 365.055 20180507T134257.060355 1900 540
20180507T134257.068646 1900 540
20180507T134257.079578 1900 540
20180507T134257.087573 429.905 340.515 44.0495 41.1012 59.0708 381.915 364.939 402.503 365.22 20180507T134257.087573 1900 540
20180507T134257.099575 1900 540
20180507T134257.107557 1900 540
20180507T134257.119532 429.949 340.602 44.1035 41.2741 55.3472 381.905 365.231 402.503 365.22 20180507T134257.119532 1900 540
20180507T134257.127593 1900 540
20180507T134257.139550 1900 540
20180507T134257.147541 429.592 340.654 44.2332 41.3755 55.0461 381.565 364.891 402.533 364.959 20180507T134257.147541 1900 540
20180507T134257.159578 1900 540
20180507T134257.167543 1900 540
20180507T134257.179524 429.117 340.747 44.2357 41.5698 56.8899 380.715 365.206 402.307 365.031 20180507T134257.179524 1900 540
20180507T134257.187615 1900 540
20180507T134257.199572 1900 540
20180507T134257.207541 429.305 340.738 44.2519 41.5584 59.4645 381.052 365.32 402.354 365.058 20180507T134257.207541 1900 540
20180507T134257.219608 1900 540
20180507T134257.231584 1900 540
20180507T134257.239530 429.374 340.86 44.3169 41.6783 59.9613 381.103 365.282 402.403 365.032 20180507T134257.239530 1900 540
20180507T134257.251638 1900 540
20180507T134257.259585 1900 540
20180507T134257.271566 429.091 340.83 44.2447 41.8697 56.6952 380.74 365.433 402.317 365.113 20180507T134257.271566 1900 540
20180507T134257.279573 1900 540
20180507T134257.291569 1900 540
20180507T134257.299519 428.897 340.833 44.4017 41.8195 56.8225 380.363 365.733 401.831 364.923 20180507T134257.299519 1900 540
20180507T134257.311606 1900 540
20180507T134257.319545 1900 540
20180507T134257.331561 428.926 340.747 44.5153 41.8004 59.4415 380.568 365.689 402.237 365.097 20180507T134257.331561 1900 540
20180507T134257.343136 1900 540
20180507T134257.353225 1900 540
20180507T134257.359567 429.522 340.988 44.542 41.7577 60.3039 381.019 365.519 402.5 365 20180507T134257.359567 1900 540
20180507T134257.371611 1900 540
20180507T134257.379550 1900 540
20180507T134257.391547 429.717 340.919 44.9237 41.5366 55.6742 381.624 365.539 402.37 365.389 20180507T134257.391547 1900 540
20180507T134257.399624 1900 540
20180507T134257.411551 1900 540
20180507T134257.419506 429.645 340.902 44.4432 41.6063 60.9942 381.511 365.607 402.37 365.389 20180507T134257.419506 1900 540
20180507T134257.432694 1900 540
20180507T134257.439544 1900 540
20180507T134257.451529 429.465 340.779 44.0465 41.3827 60.7383 381.019 365.365 402.448 365.253 20180507T134257.451529 1900 540
20180507T134257.460585 1900 540
20180507T134257.472564 1900 540
20180507T134257.483557 429.352 340.703 43.9132 40.9357 56.9277 380.786 365.277 402.307 365.031 20180507T134257.483557 1900 540
20180507T134257.492609 1900 540
20180507T134257.503568 1900 540
20180507T134257.511523 429.145 340.641 43.8738 41.1081 62.5193 380.712 365.359 402.307 365.031 20180507T134257.511523 1900 540
20180507T134257.523596 1900 540
20180507T134257.531558 1900 540
20180507T134257.543543 429.226 340.535 43.6277 41.0759 55.154 380.786 365.277 402.307 365.031 20180507T134257.543543 1900 540
20180507T134257.551597 1900 540
20180507T134257.563555 1900 540
20180507T134257.571525 429.45 340.655 43.4762 40.8057 60.0112 381.052 365.32 402.451 364.974 20180507T134257.571525 1900 540
20180507T134257.583652 1900 540
20180507T134257.591541 1900 540
20180507T134257.603541 429.574 340.879 43.2516 40.6796 54.08 381.057 365.475 402.497 365.099 20180507T134257.603541 1900 540
20180507T134257.611601 1900 540
20180507T134257.623556 1900 540
20180507T134257.631540 429.473 340.869 43.2191 41.0177 61.5106 381.057 365.475 402.451 365.026 20180507T134257.631540 1900 540
20180507T134257.644376 1900 540
20180507T134257.651563 1900 540
20180507T134257.663513 429.457 340.959 43.275 40.8801 55.9466 381.062 365.659 402.466 365.106 20180507T134257.663513 1900 540
20180507T134257.671591 1900 540
20180507T134257.683553 1900 540
20180507T134257.691524 429.221 340.947 43.2967 41.0522 56.4229 380.846 365.5 402.415 365.191 20180507T134257.691524 1900 540
20180507T134257.703553 1900 540
20180507T134257.711527 1900 540
20180507T134257.723511 429.123 340.879 43.7773 41.0387 57.1164 380.846 365.5 402.244 365.183 20180507T134257.723511 1900 540
20180507T134257.735623 1900 540
20180507T134257.743527 1900 540
20180507T134257.755535 429.055 340.917 43.9447 41.038 56.5602 380.845 365.837 402.193 365.322 20180507T134257.755535 1900 540
20180507T134257.763604 1900 540
20180507T134257.775561 1900 540
20180507T134257.783524 429.193 340.922 44.3421 41.032 56.202 380.846 365.5 402.534 365.397 20180507T134257.783524 1900 540
20180507T134257.795629 1900 540
20180507T134257.803923 1900 540
20180507T134257.815831 429.205 340.968 44.4814 41.1969 60.5065 380.92 365.58 402.461 365.376 20180507T134257.815831 1900 540
20180507T134257.823894 1900 540
20180507T134257.835570 1900 540
20180507T134257.843509 429.165 340.956 44.4481 41.42 60.4119 380.92 365.58 402.277 365.26 20180507T134257.843509 1900 540
20180507T134257.855578 1900 540
20180507T134257.863528 1900 540
20180507T134257.875538 429.069 340.968 44.3596 41.8371 58.7397 380.8 365.58 402.352 365.412 20180507T134257.875538 1900 540
20180507T134257.883574 1900 540
20180507T134257.895596 1900 540
20180507T134257.903519 429.075 340.908 44.3546 41.9711 55.769 380.768 365.819 402.253 365.305 20180507T134257.903519 1900 540
20180507T134257.915586 1900 540
20180507T134257.923516 1900 540
20180507T134257.935515 429.053 340.878 44.4823 41.9495 55.0985 380.5 365.778 402.228 365.243 20180507T134257.935515 1900 540
20180507T134257.943690 1900 540
20180507T134257.955532 1900 540
20180507T134257.963503 429.066 341.043 44.973 42.0489 57.6788 380.433 365.809 402.301 365.169 20180507T134257.963503 1900 540
20180507T134257.975574 1900 540
20180507T134257.987526 1900 540
20180507T134257.995514 429.452 341.035 44.6845 42.1048 54.1358 380.973 365.605 402.513 365.18 20180507T134257.995514 1900 540
20180507T134258.007573 1900 540
20180507T134258.015524 1900 540
20180507T134258.027521 430.136 341.293 45.042 42.068 62.2609 381.875 366.069 402.63 365.418 20180507T134258.027521 1900 540
20180507T134258.035612 1900 540
20180507T134258.047549 1900 540
20180507T134258.055610 429.976 341.141 44.9344 42.5521 62.8508 381.778 365.79 402.503 365.099 20180507T134258.055610 1900 540
20180507T134258.068660 1900 540
20180507T134258.075567 1900 540
20180507T134258.087566 429.202 341.001 45.2436 41.955 55.0756 380.63 365.768 402.301 365.169 20180507T134258.087566 1900 540
20180507T134258.095678 1900 540
20180507T134258.107545 1900 540
20180507T134258.115548 428.814 340.9 45.4587 42.2658 56.6968 380.203 365.477 401.968 364.833 20180507T134258.115548 1900 540
20180507T134258.127577 1900 540
20180507T134258.135530 1900 540
20180507T134258.147531 429.211 340.864 44.9463 42.2871 51.1516 380.74 365.433 402.417 365.078 20180507T134258.147531 1900 540
20180507T134258.156394 1900 540
20180507T134258.167594 1900 540
20180507T134258.175501 429.766 341.029 45.1376 42.5373 59.1017 381.874 365.403 403.065 365.333 20180507T134258.175501 1900 540
20180507T134258.187573 1900 540
20180507T134258.195516 1900 540
20180507T134258.207492 430.087 341.199 45.3229 42.7117 61.4333 381.852 365.605 403.25 365.444 20180507T134258.207492 1900 540
20180507T134258.216566 1900 540
20180507T134258.228526 1900 540
20180507T134258.239497 430.022 341.246 45.3198 42.7583 62.8498 381.929 365.53 403.25 365.444 20180507T134258.239497 1900 540
20180507T134258.247541 1900 540
20180507T134258.259509 1900 540
20180507T134258.267490 429.91 341.199 45.6115 42.7374 57.5795 381.874 365.403 403.094 365.401 20180507T134258.267490 1900 540
20180507T134258.280715 1900 540
20180507T134258.287532 1900 540
20180507T134258.299533 429.332 341.119 45.3906 42.6286 58.4644 381.272 365.781 402.549 365.026 20180507T134258.299533 1900 540
20180507T134258.307950 1900 540
20180507T134258.319544 1900 540
20180507T134258.327495 429.317 341.05 45.2441 42.4418 58.2659 381.425 365.742 402.503 365.277 20180507T134258.327495 1900 540
20180507T134258.339572 1900 540
20180507T134258.347513 1900 540
20180507T134258.359519 429.754 341.022 45.2663 42.5467 54.5487 381.874 365.403 403.065 365.333 20180507T134258.359519 1900 540
20180507T134258.367543 1900 540
20180507T134258.380965 1900 540
20180507T134258.389255 429.83 341.261 45.4477 42.5625 58.2684 381.845 365.837 403.094 365.401 20180507T134258.389255 1900 540
20180507T134258.401615 1900 540
20180507T134259.510546 960 540
20180507T134259.520723 334.421 345.99 44.2497 40.4406 157.504 333.706 368.381 353.333 367.956 20180507T134259.520723 960 540
20180507T134259.528574 960 540
20180507T134259.539531 960 540
20180507T134259.547523 330.486 348.029 43.5567 42.3575 149.87 331.781 369.188 351.21 368.648 20180507T134259.547523 960 540
20180507T134259.559929 960 540
20180507T134259.567875 960 540
20180507T134259.580133 330.901 347.7 44.0226 41.8529 154.643 331.874 369.072 351.4 368.45 20180507T134259.580133 960 540
20180507T134259.588441 960 540
20180507T134259.599872 960 540
20180507T134259.607965 330.71 347.716 43.9209 41.7663 156.281 331.724 369.076 351.426 368.611 20180507T134259.607965 960 540
20180507T134259.621250 960 540
20180507T134259.627559 960 540
20180507T134259.639470 334.133 347.662 43.7714 41.5044 144.004 333.841 368.674 353.333 368.323 20180507T134259.639470 960 540
20180507T134259.647656 960 540
20180507T134259.659460 960 540
20180507T134259.667431 335.519 346.65 44.3466 41.3974 167.522 334.184 368.342 353.97 368.109 20180507T134259.667431 960 540
20180507T134259.679482 960 540
20180507T134259.687497 960 540
20180507T134259.699436 335.288 347.287 43.6399 43.3585 120.364 333.935 368.472 353.744 368.094 20180507T134259.699436 960 540
20180507T134259.707483 960 540
20180507T134259.719458 960 540
20180507T134259.727432 335.139 347.376 44.2436 42.8124 119.145 333.891 368.38 353.705 368.038 20180507T134259.727432 960 540
20180507T134259.739485 960 540
20180507T134259.751473 960 540
20180507T134259.759449 334.866 346.533 44.347 40.8987 157.087 333.788 368.591 353.695 368.124 20180507T134259.759449 960 540
20180507T134259.771507 960 540
20180507T134259.779449 960 540
20180507T134259.791453 334.86 346.283 43.943 40.8988 161.239 333.61 368.545 353.405 368.113 20180507T134259.791453 960 540
20180507T134259.799482 960 540
20180507T134259.811470 960 540
20180507T134259.819433 334.474 346.888 43.9044 41.8771 151.236 333.447 368.472 352.967 367.972 20180507T134259.819433 960 540
20180507T134259.831502 960 540
20180507T134259.839446 960 540
20180507T134259.851453 334.285 346.521 43.8061 40.9446 152.691 333.447 368.472 352.862 367.852 20180507T134259.851453 960 540
20180507T134259.861220 960 540
20180507T134259.871445 960 540
20180507T134259.879430 334.566 346.439 43.4435 40.7653 160.399 333.447 368.472 353.234 368.006 20180507T134259.879430 960 540
20180507T134259.891503 960 540
20180507T134259.899460 960 540
20180507T134259.911428 334.747 346.735 43.3027 40.9842 152.22 333.705 368.24 353.705 368.038 20180507T134259.911428 960 540
20180507T134259.919484 960 540
20180507T134259.931443 960 540
20180507T134259.939421 334.855 346.69 43.0704 40.53 158.487 333.891 368.38 353.596 367.773 20180507T134259.939421 960 540
20180507T134259.953244 960 540
20180507T134259.960641 960 540
20180507T134259.971832 334.773 346.83 42.962 40.7042 148.516 333.833 368.278 353.808 367.909 20180507T134259.971832 960 540
20180507T134259.980673 960 540
20180507T134259.991747 960 540
20180507T134300.004656 335.034 346.263 42.6176 40.0676 171.287 333.932 368.333 353.635 367.719 20180507T134300.004656 960 540
20180507T134300.013250 960 540
20180507T134300.023480 960 540
20180507T134300.031468 335.094 346.765 42.5932 40.7383 148.572 333.932 368.333 353.698 367.906 20180507T134300.031468 960 540
20180507T134300.043542 960 540
20180507T134300.051441 960 540
20180507T134300.063486 334.81 346.395 42.4771 40.6205 155.406 333.891 368.38 353.635 367.719 20180507T134300.063486 960 540
20180507T134300.071501 960 540
20180507T134300.083542 960 540
20180507T134300.091456 334.63 346.396 42.8205 40.3413 153.475 333.789 368.325 353.649 368.041 20180507T134300.091456 960 540
20180507T134300.103515 960 540
20180507T134300.111446 960 540
20180507T134300.123462 334.37 346.045 42.7201 40.0283 157.008 333.524 368.133 353.063 367.767 20180507T134300.123462 960 540
20180507T134300.131498 960 540
20180507T134300.143471 960 540
20180507T134300.151419 334.48 345.821 43.056 39.944 169.995 333.5 368 352.906 367.656 20180507T134300.151419 960 540
20180507T134300.165229 960 540
20180507T134300.172239 960 540
20180507T134300.184229 334.468 346.292 42.8072 41.3325 153.487 333.648 368.038 353.53 367.601 20180507T134300.184229 960 540
20180507T134300.192046 960 540
20180507T134300.203431 960 540
20180507T134300.211418 334.931 346.267 43.5114 40.9535 148.199 333.786 368.087 353.802 367.641 20180507T134300.211418 960 540
20180507T134300.223474 960 540
20180507T134300.231430 960 540
20180507T134300.243414 335.319 346.154 43.5324 40.9673 156.07 334.065 368.098 354.101 367.753 20180507T134300.243414 960 540
20180507T134300.255507 960 540
20180507T134300.263437 960 540
20180507T134300.275444 334.978 346.103 43.737 41.4696 160.293 333.932 367.829 353.767 367.529 20180507T134300.275444 960 540
20180507T134300.283472 960 540
20180507T134300.295459 960 540
20180507T134300.303458 334.467 345.721 44.2054 41.6054 158.061 333.417 367.824 353.478 367.411 20180507T134300.303458 960 540
20180507T134300.315485 960 540
20180507T134300.323435 960 540
20180507T134300.335428 334.331 345.744 44.3864 42.0068 152.559 333.313 367.232 353.131 367.191 20180507T134300.335428 960 540
20180507T134300.343501 960 540
20180507T134300.355459 960 540
20180507T134300.363431 334.619 345.499 44.3935 41.4891 159.356 333.472 367.611 353.683 367.143 20180507T134300.363431 960 540
20180507T134300.375967 960 540
20180507T134300.384405 960 540
20180507T134300.396229 335.069 345.76 44.2566 42.21 156.546 333.566 367.768 353.881 367.333 20180507T134300.396229 960 540
20180507T134300.404840 960 540
20180507T134300.415719 960 540
20180507T134300.423940 335.032 345.525 44.536 41.97 165.687 333.472 367.611 353.799 367.212 20180507T134300.423940 960 540
20180507T134300.435482 960 540
20180507T134300.443420 960 540
20180507T134300.455408 334.987 345.26 44.5715 41.2841 167.505 333.623 367.579 353.753 367.065 20180507T134300.455408 960 540
20180507T134300.463472 960 540
20180507T134300.475431 960 540
20180507T134300.483413 334.73 345.839 44.4001 42.6397 155.72 333.417 367.176 353.874 367.403 20180507T134300.483413 960 540
20180507T134300.495479 960 540
20180507T134300.507469 960 540
20180507T134300.515409 334.449 345.978 44.4709 42.6224 149.625 333.5 367.5 353.307 367.085 20180507T134300.515409 960 540
20180507T134300.527494 960 540
20180507T134300.535434 960 540
20180507T134300.547440 334.625 345.777 44.4644 42.4055 154.555 333.5 367.725 353.576 367.271 20180507T134300.547440 960 540
20180507T134300.557293 960 540
20180507T134300.567464 960 540
20180507T134300.576054 334.674 346.083 44.4707 43.0724 147.535 333.434 367.768 353.614 367.181 20180507T134300.576054 960 540
20180507T134300.588299 960 540
20180507T134300.596074 960 540
20180507T134300.608064 334.453 345.796 44.6799 42.1884 154.54 333.352 367.867 353.207 367.258 20180507T134300.608064 960 540
20180507T134300.617474 960 540
20180507T134300.627440 960 540
20180507T134300.635405 334.477 345.601 44.7823 41.945 158.442 333.365 367.74 353.049 367.339 20180507T134300.635405 960 540
20180507T134300.648890 960 540
20180507T134300.656855 960 540
20180507T134300.667713 334.429 345.829 44.5029 42.3051 150.528 333.5 368 353.485 367.62 20180507T134300.667713 960 540
20180507T134300.676972 960 540
20180507T134300.688618 960 540
20180507T134300.696434 334.68 346.402 45.2178 43.1923 139.077 333.5 368 353.327 367.552 20180507T134300.696434 960 540
20180507T134300.707855 960 540
20180507T134300.716222 960 540
20180507T134300.728395 334.513 346.46 44.918 43.4956 129.077 333.5 368 353.042 367.697 20180507T134300.728395 960 540
20180507T134300.738273 960 540
20180507T134300.747819 960 540
20180507T134300.759803 334.551 346.498 45.1661 43.642 137.422 333.412 367.912 353 367.598 20180507T134300.759803 960 540
20180507T134300.768353 960 540
20180507T134300.780269 960 540
20180507T134300.787421 334.365 346.564 45.4311 43.7933 126.47 333.24 367.844 352.929 367.673 20180507T134300.787421 960 540
20180507T134300.799472 960 540
20180507T134300.807412 960 540
20180507T134300.819418 334.367 345.852 45.1374 43.0274 153.794 333.24 367.844 352.87 367.316 20180507T134300.819418 960 540
20180507T134300.828324 960 540
20180507T134300.839443 960 540
20180507T134300.847403 334.834 346.669 44.9549 44.5251 126.487 333.588 368.088 353.011 367.744 20180507T134300.847403 960 540
20180507T134300.860350 960 540
20180507T134300.867416 960 540
20180507T134300.879420 334.998 346.724 45.1037 44.7739 173.908 333.5 368 353.087 367.599 20180507T134300.879420 960 540
20180507T134300.887784 960 540
20180507T134300.899713 960 540
20180507T134300.908666 334.536 346.397 45.4485 43.4408 141.962 333.588 368.088 352.903 367.758 20180507T134300.908666 960 540
20180507T134300.920690 960 540
20180507T134300.928221 960 540
20180507T134300.940186 334.52 346.536 44.8621 44.7141 75.3568 333.018 367.937 352.853 367.729 20180507T134300.940186 960 540
20180507T134300.948377 960 540
20180507T134300.959406 960 540
20180507T134300.967395 334.577 346.926 45.8608 44.4841 63.5639 332.675 367.786 352.413 367.423 20180507T134300.967395 960 540
20180507T134300.979534 960 540
20180507T134300.987409 960 540
20180507T134300.999489 333.795 346.001 45.1331 43.1901 159.389 332.514 367.874 352.383 367.541 20180507T134300.999489 960 540
20180507T134302.219410 20 540
20180507T134302.227393 20 540
20180507T134302.239467 245.445 356.758 43.2664 40.3967 109.966 287.776 372.317 311.962 372.385 20180507T134302.239467 20 540
20180507T134302.247595 20 540
20180507T134302.259505 20 540
20180507T134302.271415 245.567 356.915 43.194 40.8075 114.156 287.62 372.391 311.962 372.385 20180507T134302.271415 20 540
20180507T134302.279652 20 540
20180507T134302.291453 20 540
20180507T134302.299470 245.72 356.756 43.5176 40.6304 115.343 287.823 372.285 312 372.417 20180507T134302.299470 20 540
20180507T134302.311453 20 540
20180507T134302.319399 20 540
20180507T134302.331356 245.702 356.945 43.9462 41.0913 115.176 287.807 372.422 312 372.417 20180507T134302.331356 20 540
20180507T134302.339445 20 540
20180507T134302.351395 20 540
20180507T134302.359335 245.686 356.743 44.0612 41.166 116.338 287.651 372.256 311.914 372.338 20180507T134302.359335 20 540
20180507T134302.371451 20 540
20180507T134302.379359 20 540
20180507T134302.391399 245.685 356.878 44.5707 41.4755 112.3 287.806 372.301 311.962 372.385 20180507T134302.391399 20 540
20180507T134302.399470 20 540
20180507T134302.411433 20 540
20180507T134302.419342 245.62 356.799 44.7028 41.7391 113.967 287.547 372.047 311.884 372.236 20180507T134302.419342 20 540
20180507T134302.432496 20 540
20180507T134302.440795 20 540
20180507T134302.452535 245.653 356.755 44.7661 41.8618 114.916 287.569 372.074 311.587 372.178 20180507T134302.452535 20 540
20180507T134302.460347 20 540
20180507T134302.471379 20 540
20180507T134302.479368 245.583 356.641 44.9784 41.8834 113.498 287.409 371.949 311.539 372.118 20180507T134302.479368 20 540
20180507T134302.491473 20 540
20180507T134302.499342 20 540
20180507T134302.511363 245.188 356.384 44.9719 41.7028 116.791 286.948 371.732 311.075 371.821 20180507T134302.511363 20 540
20180507T134302.524543 20 540
20180507T134302.532534 20 540
20180507T134302.544148 244.982 356.485 45.0533 41.9835 116.637 286.725 371.889 311 372.085 20180507T134302.544148 20 540
20180507T134302.553627 20 540
20180507T134302.563863 20 540
20180507T134302.572315 245.282 356.645 45.2696 42.2673 114.217 287.035 371.866 311.179 371.825 20180507T134302.572315 20 540
20180507T134302.584293 20 540
20180507T134302.591534 20 540
20180507T134302.603328 245.697 356.618 45.0159 42.3679 116.297 287.386 371.81 311.72 371.905 20180507T134302.603328 20 540
20180507T134302.612301 20 540
20180507T134302.624207 20 540
20180507T134302.631346 245.816 356.362 45.5781 42.4004 115.517 287.422 371.62 311.75 371.871 20180507T134302.631346 20 540
20180507T134302.643406 20 540
20180507T134302.651352 20 540
20180507T134302.663349 245.62 356.461 45.7101 42.5556 112.857 287.19 371.724 311.374 371.844 20180507T134302.663349 20 540
20180507T134302.672224 20 540
20180507T134302.683383 20 540
20180507T134302.691361 245.318 356.22 45.8911 43.0455 114.049 286.667 371.221 311.119 371.584 20180507T134302.691361 20 540
20180507T134302.704183 20 540
20180507T134302.711350 20 540
20180507T134302.723365 245.172 356.288 45.8637 42.8537 117.869 286.61 371.508 310.81 371.887 20180507T134302.723365 20 540
20180507T134302.732222 20 540
20180507T134302.743372 20 540
20180507T134302.751335 245.319 356.332 45.9517 43.0091 115.047 286.908 371.561 311.374 371.805 20180507T134302.751335 20 540
20180507T134302.764162 20 540
20180507T134302.775431 20 540
20180507T134302.783359 245.101 356.207 45.8025 42.7811 117.819 286.677 371.385 311.024 371.762 20180507T134302.783359 20 540
20180507T134302.795416 20 540
20180507T134302.803371 20 540
20180507T134302.815326 244.539 356.042 45.4048 42.5747 112.187 286.531 371.412 310.5 371.82 20180507T134302.815326 20 540
20180507T134302.824812 20 540
20180507T134302.836126 20 540
20180507T134302.843330 244.3 356.016 45.2818 42.2698 117.831 286.175 371.556 310.5 371.82 20180507T134302.843330 20 540
20180507T134302.855405 20 540
20180507T134302.863379 20 540
20180507T134302.875358 244.606 355.901 44.9331 42.3874 115.988 286.422 371.438 310.5 371.82 20180507T134302.875358 20 540
20180507T134302.883366 20 540
20180507T134302.895364 20 540
20180507T134302.903390 244.78 356.056 44.7648 42.2746 115.864 286.578 371.438 310.952 371.782 20180507T134302.903390 20 540
20180507T134302.916204 20 540
20180507T134302.923347 20 540
20180507T134302.935348 244.866 356.295 45.023 42.2065 114.958 286.693 371.571 310.859 371.868 20180507T134302.935348 20 540
20180507T134302.944144 20 540
20180507T134302.955372 20 540
20180507T134302.963315 244.735 356.073 44.742 42.1792 117.765 286.561 371.525 310.788 371.808 20180507T134302.963315 20 540
20180507T134302.975483 20 540
20180507T134302.984172 20 540
20180507T134302.995360 244.494 356.047 44.7534 42.2786 116.64 286.481 371.639 310.5 371.82 20180507T134302.995360 20 540
20180507T134303.004228 20 540
20180507T134303.016122 20 540
20180507T134303.027319 244.319 355.955 45.0729 42.1936 114.056 286.228 371.402 310.568 371.977 20180507T134303.027319 20 540
20180507T134303.035424 20 540
20180507T134303.047361 20 540
20180507T134303.055317 244.374 355.937 45.1289 42.2614 117.271 286.344 371.287 310.614 371.952 20180507T134303.055317 20 540
20180507T134303.069111 20 540
20180507T134303.075366 20 540
20180507T134303.087353 244.618 355.981 45.1034 42.3971 113.612 286.448 371.35 310.456 372.029 20180507T134303.087353 20 540
20180507T134303.095404 20 540
20180507T134303.107338 20 540
20180507T134303.115321 244.701 356.179 45.4656 42.4546 113.174 286.422 371.438 310.5 371.82 20180507T134303.115321 20 540
20180507T134303.127390 20 540
20180507T134303.135331 20 540
20180507T134303.147348 244.598 356.183 45.5024 42.6481 115.084 286.328 371.667 310.5 371.82 20180507T134303.147348 20 540
20180507T134303.155536 20 540
20180507T134303.167355 20 540
20180507T134303.175378 244.568 356.063 45.569 42.6814 109.036 286.5 371.371 310.5 371.82 20180507T134303.175378 20 540
20180507T134303.187664 20 540
20180507T134303.195336 20 540
20180507T134303.207339 244.521 356.197 45.8185 43.0324 110.766 286.345 371.531 310.5 371.82 20180507T134303.207339 20 540
20180507T134303.215359 20 540
20180507T134303.227351 20 540
20180507T134303.235312 244.665 356.172 45.7528 42.9871 107.897 286.448 371.481 310.5 371.82 20180507T134303.235312 20 540
20180507T134303.247380 20 540
20180507T134303.255334 20 540
20180507T134303.267338 244.617 356.228 45.8921 43.0183 109.761 286.481 371.639 310.5 371.82 20180507T134303.267338 20 540
20180507T134303.279367 20 540
20180507T134303.287384 20 540
20180507T134303.299322 244.566 356.182 46.2529 43.0836 117.312 286.294 371.661 310.5 371.82 20180507T134303.299322 20 540
20180507T134303.308815 20 540
20180507T134303.319335 20 540
20180507T134303.327317 244.698 356.199 46.0397 43.3311 115.582 286.35 371.803 310.5 371.82 20180507T134303.327317 20 540
20180507T134303.339365 20 540
20180507T134303.347332 20 540
20180507T134303.359313 244.806 356.265 46.0822 43.4027 111.946 286.328 371.589 310.5 371.82 20180507T134303.359313 20 540
20180507T134303.367350 20 540
20180507T134303.379361 20 540
20180507T134303.387306 244.799 356.268 46.0875 43.4116 112.369 286.37 371.418 310.738 371.827 20180507T134303.387306 20 540
20180507T134303.399468 20 540
20180507T134303.407354 20 540
20180507T134303.419373 244.825 356.332 46.3099 43.3867 116.869 286.275 371.571 310.5 371.82 20180507T134303.419373 20 540
20180507T134303.427388 20 540
20180507T134303.439985 20 540
20180507T134303.447307 244.848 356.46 46.3407 43.4761 115.197 286.288 371.677 310.388 371.909 20180507T134303.447307 20 540
20180507T134303.459775 20 540
20180507T134303.467405 20 540
20180507T134303.479382 244.796 356.376 46.2659 43.3879 113.047 286.409 371.62 310.458 371.844 20180507T134303.479382 20 540
20180507T134303.488711 20 540
20180507T134303.500424 20 540
20180507T134303.508251 244.664 356.291 46.369 43.4214 114.702 286.351 371.643 310.458 371.844 20180507T134303.508251 20 540
20180507T134303.520399 20 540
20180507T134303.531333 20 540
20180507T134303.539361 244.898 356.283 46.1016 43.2664 110.372 286.403 371.527 310.475 371.909 20180507T134303.539361 20 540
20180507T134303.551380 20 540
20180507T134303.559334 20 540
20180507T134303.571307 245.504 356.492 46.1817 43.6152 116.005 286.757 371.73 311.246 371.996 20180507T134303.571307 20 540
20180507T134303.580214 20 540
20180507T134303.592122 20 540
20180507T134303.599990 245.333 356.268 46.3266 43.5522 112.816 286.63 371.418 311.071 371.901 20180507T134303.599990 20 540
20180507T134303.611420 20 540
20180507T134303.620177 20 540
20180507T134303.631335 244.593 356.161 46.3197 43.5313 117.876 286.305 371.569 310.525 371.909 20180507T134303.631335 20 540
20180507T134303.640889 20 540
20180507T134303.652185 20 540
20180507T134303.659323 244.402 355.949 46.8567 43.3747 116.09 286.034 371.282 310.347 371.874 20180507T134303.659323 20 540
20180507T134303.671466 20 540
20180507T134303.680182 20 540
20180507T134303.691329 244.884 356.047 46.6565 43.782 115.268 286.513 371.18 310.5 371.82 20180507T134303.691329 20 540
20180507T134303.699359 20 540
20180507T134303.711344 20 540
20180507T134303.719356 245.252 356.137 46.5459 43.7321 111.167 286.5 371.371 310.952 371.782 20180507T134303.719356 20 540
20180507T134304.641092 20 1060
20180507T134304.647596 20 1060
20180507T134304.661075 253.592 399.235 46.5982 44.5237 80.2047 291.083 390.577 314.062 389.914 20180507T134304.661075 20 1060
20180507T134304.668624 20 1060
20180507T134304.680166 20 1060
20180507T134304.687376 253.619 399.265 46.4224 44.5542 77.9873 291.321 390.571 314.127 389.775 20180507T134304.687376 20 1060
20180507T134304.699484 20 1060
20180507T134304.707400 20 1060
20180507T134304.719327 253.344 399.005 46.649 44.8868 72.4466 290.83 390.297 313.535 389.606 20180507T134304.719327 20 1060
20180507T134304.728410 20 1060
20180507T134304.740407 20 1060
20180507T134304.747274 252.994 399.055 46.5444 44.7603 70.9653 290.5 390.328 313.121 389.739 20180507T134304.747274 20 1060
20180507T134304.759326 20 1060
20180507T134304.767287 20 1060
20180507T134304.779268 252.875 399.129 46.7694 44.7025 70.5112 290.345 390.271 312.896 389.402 20180507T134304.779268 20 1060
20180507T134304.792171 20 1060
20180507T134304.799317 20 1060
20180507T134304.811287 253.287 398.969 46.6259 45.0073 68.1823 290.768 390.28 313.364 389.698 20180507T134304.811287 20 1060
20180507T134304.819370 20 1060
20180507T134304.831327 20 1060
20180507T134304.839273 253.458 399.092 46.6671 44.7494 77.6637 290.987 390.462 313.563 389.725 20180507T134304.839273 20 1060
20180507T134304.851367 20 1060
20180507T134304.859314 20 1060
20180507T134304.871294 253.506 399.079 46.7758 45.0274 71.0797 290.987 390.462 313.604 389.685 20180507T134304.871294 20 1060
20180507T134304.879393 20 1060
20180507T134304.891322 20 1060
20180507T134304.899331 253.674 399.063 46.8228 44.7659 63.6213 290.756 390.44 313.521 389.538 20180507T134304.899331 20 1060
20180507T134304.911378 20 1060
20180507T134304.919356 20 1060
20180507T134304.931311 253.407 398.847 46.9786 45.2615 69.6795 290.643 390.208 313.129 389.667 20180507T134304.931311 20 1060
20180507T134304.939431 20 1060
20180507T134304.951321 20 1060
20180507T134304.959306 253.69 399.057 46.765 45.1495 59.6574 290.935 390.438 313.696 389.675 20180507T134304.959306 20 1060
20180507T134304.971369 20 1060
20180507T134304.979533 20 1060
20180507T134304.991302 253.997 398.997 47.1694 45.3166 62.1286 290.899 390.365 313.548 389.645 20180507T134304.991302 20 1060
20180507T134304.999610 20 1060
20180507T134305.011313 20 1060
20180507T134305.019311 253.59 398.853 46.9313 45.3346 65.9142 290.875 390.562 313.588 389.746 20180507T134305.019311 20 1060
20180507T134305.031341 20 1060
20180507T134305.043308 20 1060
20180507T134305.051293 253.772 399.255 47.3331 45.4765 58.8624 290.776 390.59 313.63 389.613 20180507T134305.051293 20 1060
20180507T134305.063334 20 1060
20180507T134305.071267 20 1060
20180507T134305.083282 253.667 399.269 47.3652 45.5139 68.0874 290.73 390.553 313.646 389.692 20180507T134305.083282 20 1060
20180507T134305.091293 20 1060
20180507T134305.103292 20 1060
20180507T134305.111248 253.87 399.445 47.4629 45.4623 57.9136 291.013 390.66 313.533 389.764 20180507T134305.111248 20 1060
20180507T134305.124533 20 1060
20180507T134305.132372 20 1060
20180507T134305.143276 254.012 399.476 47.3781 45.4161 62.2278 291.497 390.687 313.785 389.921 20180507T134305.143276 20 1060
20180507T134305.151939 20 1060
20180507T134305.163907 20 1060
20180507T134305.172679 254.047 399.496 47.4019 45.2061 64.1666 291.258 390.728 313.836 389.931 20180507T134305.172679 20 1060
20180507T134305.183459 20 1060
20180507T134305.191261 20 1060
20180507T134305.203275 253.83 399.596 47.358 45.1863 78.7759 291.047 390.82 313.583 389.944 20180507T134305.203275 20 1060
20180507T134305.212400 20 1060
20180507T134305.224363 20 1060
20180507T134305.231241 253.743 399.652 47.17 45.102 76.8155 291.047 390.82 313.676 389.963 20180507T134305.231241 20 1060
20180507T134305.243360 20 1060
20180507T134305.251257 20 1060
20180507T134305.263247 253.746 399.5 46.8974 45.1965 77.0356 290.909 390.679 313.836 389.9 20180507T134305.263247 20 1060
20180507T134305.271389 20 1060
20180507T134305.283300 20 1060
20180507T134305.295286 253.715 399.35 46.9492 44.7198 69.2439 290.909 390.679 313.836 389.9 20180507T134305.295286 20 1060
20180507T134305.304404 20 1060
20180507T134305.315289 20 1060
20180507T134305.323237 256.985 399.761 46.8186 44.163 68.2842 292.552 390.747 314.89 390.211 20180507T134305.323237 20 1060
20180507T134305.336367 20 1060
20180507T134305.343258 20 1060
20180507T134305.355268 274.792 400.191 46.8709 45.9022 50.5733 300.905 391.163 322.363 390.926 20180507T134305.355268 20 1060
20180507T134305.364194 20 1060
20180507T134305.375297 20 1060
20180507T134305.383250 272.432 400.133 47.2759 44.9566 60.6304 300.188 391.315 321.667 391.038 20180507T134305.383250 20 1060
20180507T134305.395309 20 1060
20180507T134305.403300 20 1060
20180507T134305.415297 272.235 400.187 47.2698 45.1373 58.2035 299.897 391.23 321.348 391.061 20180507T134305.415297 20 1060
20180507T134305.423331 20 1060
20180507T134305.435276 20 1060
20180507T134305.443236 271.945 400.078 47.0853 45.1839 65.6159 299.853 391.593 321.088 390.941 20180507T134305.443236 20 1060
20180507T134305.456062 20 1060
20180507T134305.463649 20 1060
20180507T134305.475645 271.76 400.021 47.4324 45.0604 60.6061 299.827 391.364 321 391.172 20180507T134305.475645 20 1060
20180507T134305.483803 20 1060
20180507T134305.496225 20 1060
20180507T134305.504686 271.757 399.909 47.8623 45.2566 56.7298 299.744 391.436 320.938 391.245 20180507T134305.504686 20 1060
20180507T134305.515688 20 1060
20180507T134305.524060 20 1060
20180507T134305.536429 271.996 399.806 47.8945 45.818 55.476 299.853 391.198 321.088 390.941 20180507T134305.536429 20 1060
20180507T134305.547312 20 1060
20180507T134305.555253 20 1060
20180507T134305.567268 272.029 399.877 47.8535 45.7541 46.2335 299.879 391.388 321.186 390.971 20180507T134305.567268 20 1060
20180507T134305.575270 20 1060
20180507T134305.587283 20 1060
20180507T134305.595261 272.015 399.655 48.4249 45.8578 59.0895 299.853 391.198 321.454 390.976 20180507T134305.595261 20 1060
20180507T134305.607305 20 1060
20180507T134305.615253 20 1060
20180507T134305.627263 272.419 399.738 48.3088 46.4033 44.9554 299.897 391.23 321.625 391.125 20180507T134305.627263 20 1060
20180507T134305.635864 20 1060
20180507T134305.647756 20 1060
20180507T134305.656973 272.311 399.654 48.4334 46.2695 53.2148 300.124 391.247 321.497 391.05 20180507T134305.656973 20 1060
20180507T134305.667391 20 1060
20180507T134305.675241 20 1060
20180507T134305.687262 272.187 399.595 48.0224 46.6568 66.8147 300 391.346 321.497 391.05 20180507T134305.687262 20 1060
20180507T134305.695309 20 1060
20180507T134305.707292 20 1060
20180507T134305.715245 272.468 399.525 48.2805 46.4171 50.9441 300 391.346 321.728 390.892 20180507T134305.715245 20 1060
20180507T134305.728118 20 1060
20180507T134305.735244 20 1060
20180507T134305.747240 272.408 399.612 48.4891 46.0059 69.9396 300.147 391.5 321.74 391.109 20180507T134305.747240 20 1060
20180507T134305.755312 20 1060
20180507T134305.767279 20 1060
20180507T134305.775242 272.719 399.478 48.0892 46.2051 56.5863 300.269 391.455 322.307 391.031 20180507T134305.775242 20 1060
20180507T134305.787319 20 1060
20180507T134305.799571 20 1060
20180507T134305.807547 272.336 399.279 48.1373 46.2268 68.4697 300.5 391 321.672 390.589 20180507T134305.807547 20 1060
20180507T134305.820775 20 1060
20180507T134305.827670 20 1060
20180507T134305.839520 272.285 399.162 48.0473 46.5653 47.6787 299.853 391.193 321.306 390.617 20180507T134305.839520 20 1060
20180507T134305.849016 20 1060
20180507T134305.859273 20 1060
20180507T134305.867223 272.383 399.097 48.4346 46.7504 52.5873 300.119 391.03 321.448 390.563 20180507T134305.867223 20 1060
20180507T134305.879297 20 1060
20180507T134305.887243 20 1060
20180507T134305.899241 272.8 399.112 48.4075 46.3759 72.8466 300.307 390.96 322.073 390.766 20180507T134305.899241 20 1060
20180507T134305.907324 20 1060
20180507T134305.919263 20 1060
20180507T134305.927223 273.156 399.115 48.7539 46.7988 69.5316 300.804 391.428 322.343 390.775 20180507T134305.927223 20 1060
20180507T134305.939294 20 1060
20180507T134305.947267 20 1060
20180507T134305.959242 273.059 399.11 48.729 46.6671 71.7649 300.625 391.508 322.242 390.843 20180507T134305.959242 20 1060
20180507T134305.967299 20 1060
20180507T134305.979264 20 1060
20180507T134305.987223 273.104 399.027 48.619 47.1595 76.6238 300.7 391.28 322.212 390.635 20180507T134305.987223 20 1060
20180507T134305.999427 20 1060
20180507T134306.007238 20 1060
20180507T134306.019223 272.718 398.942 49.212 46.7993 69.2112 300.25 391 322.136 390.722 20180507T134306.019223 20 1060
20180507T134306.027297 20 1060
20180507T134306.039261 20 1060
20180507T134306.051527 273.035 398.91 48.9131 47.5448 68.8261 300.62 391.44 322.318 390.751 20180507T134306.051527 20 1060
20180507T134306.059562 20 1060
20180507T134306.072412 20 1060
20180507T134306.080414 273.403 398.818 49.1049 47.454 59.5959 301.065 391.13 322.229 390.657 20180507T134306.080414 20 1060
20180507T134306.091784 20 1060
20180507T134306.099877 20 1060
20180507T134306.112193 273.231 398.814 49.1844 47.6796 65.7308 300.62 390.96 322.348 390.597 20180507T134306.112193 20 1060
20180507T134306.119706 20 1060
20180507T134306.131269 20 1060
20180507T134307.219253 339.552 394.791 47.8448 46.5079 169.422 334.648 390.8 354.522 390.478 20180507T134307.219253 960 1060
20180507T134307.228879 960 1060
20180507T134307.239337 960 1060
20180507T134307.247355 339.565 394.851 48.1465 46.3941 173.933 334.648 390.8 354.283 390.457 20180507T134307.247355 960 1060
20180507T134307.259280 960 1060
20180507T134307.267272 960 1060
20180507T134307.279205 339.52 394.984 48.5033 46.4658 170.478 334.648 390.8 354.326 390.504 20180507T134307.279205 960 1060
20180507T134307.287290 960 1060
20180507T134307.300386 960 1060
20180507T134307.311208 339.797 394.89 48.8251 46.8372 172.984 334.868 390.719 354.806 390.744 20180507T134307.311208 960 1060
20180507T134307.319282 960 1060
20180507T134307.331232 960 1060
20180507T134307.339172 339.758 395.061 48.6523 46.9344 0.574692 334.687 390.889 354.892 390.817 20180507T134307.339172 960 1060
20180507T134307.351249 960 1060
20180507T134307.359184 960 1060
20180507T134307.371198 339.959 395.234 48.977 47.2858 162.045 334.687 390.889 354.806 390.744 20180507T134307.371198 960 1060
20180507T134307.379298 960 1060
20180507T134307.391209 960 1060
20180507T134307.399162 339.838 395.133 49.3977 47.5256 173.053 334.647 390.941 354.456 390.807 20180507T134307.399162 960 1060
20180507T134307.412401 960 1060
20180507T134307.420152 960 1060
20180507T134307.432148 339.779 395.011 49.2881 48.0347 164.254 334.611 390.852 354.194 390.583 20180507T134307.432148 960 1060
20180507T134307.439798 960 1060
20180507T134307.451188 960 1060
20180507T134307.459177 339.646 395.109 49.4828 48.2855 2.84377 334.261 390.739 354.019 390.519 20180507T134307.459177 960 1060
20180507T134307.471229 960 1060
20180507T134307.479229 960 1060
20180507T134307.491208 339.59 394.991 49.7429 48.0539 157.878 334.261 390.739 354.014 390.558 20180507T134307.491208 960 1060
20180507T134307.499285 960 1060
20180507T134307.511193 960 1060
20180507T134307.519174 339.839 395.165 50.1713 48.4367 165.28 334.276 390.781 354.052 390.477 20180507T134307.519174 960 1060
20180507T134307.531272 960 1060
20180507T134307.539251 960 1060
20180507T134307.551233 339.636 395.073 50.2261 48.4775 162.678 334.171 390.504 353.874 390.597 20180507T134307.551233 960 1060
20180507T134307.563248 960 1060
20180507T134307.571382 960 1060
20180507T134307.583224 339.711 394.905 50.5125 48.7634 170.901 334.261 390.739 354 390.5 20180507T134307.583224 960 1060
20180507T134307.591631 960 1060
20180507T134307.603213 960 1060
20180507T134307.611241 339.724 395.115 50.538 49.0325 167.435 334.364 390.434 354.279 390.626 20180507T134307.611241 960 1060
20180507T134307.623282 960 1060
20180507T134307.631225 960 1060
20180507T134307.643219 339.496 395.172 50.3288 49.0446 163.282 334.476 390.619 354.17 390.68 20180507T134307.643219 960 1060
20180507T134307.651260 960 1060
20180507T134307.663237 960 1060
20180507T134307.671234 339.387 395.119 50.3373 49.0052 167.247 334.127 390.595 354.033 390.542 20180507T134307.671234 960 1060
20180507T134307.683245 960 1060
20180507T134307.691247 960 1060
20180507T134307.703204 339.409 394.899 50.0419 48.8013 171.012 334.085 390.682 353.844 390.456 20180507T134307.703204 960 1060
20180507T134307.712092 960 1060
20180507T134307.723978 960 1060
20180507T134307.731184 339.282 395.024 49.9218 48.379 173.454 334.089 390.748 353.806 390.583 20180507T134307.731184 960 1060
20180507T134307.744048 960 1060
20180507T134307.751184 960 1060
20180507T134307.763163 339.35 395.144 49.8873 48.0766 163.433 334.062 390.659 353.896 390.479 20180507T134307.763163 960 1060
20180507T134307.771876 960 1060
20180507T134307.783224 960 1060
20180507T134307.791266 339.23 395.115 49.5123 47.849 172.777 334.13 390.449 353.806 390.583 20180507T134307.791266 960 1060
20180507T134307.803824 960 1060
20180507T134307.815185 960 1060
20180507T134307.823743 339.276 395.218 49.4589 47.8186 170.449 334.202 390.566 353.896 390.479 20180507T134307.823743 960 1060
20180507T134307.836203 960 1060
20180507T134307.843206 960 1060
20180507T134307.855202 339.15 395.13 49.2158 47.8028 168.265 333.984 390.566 353.844 390.456 20180507T134307.855202 960 1060
20180507T134307.863254 960 1060
20180507T134307.875450 960 1060
20180507T134307.883162 339.344 395.26 49.2704 47.7249 172.995 334.225 390.558 354.115 390.654 20180507T134307.883162 960 1060
20180507T134307.896113 960 1060
20180507T134307.904043 960 1060
20180507T134307.915218 339.469 395.195 49.0728 47.7671 1.9455 334.611 390.852 354.222 390.873 20180507T134307.915218 960 1060
20180507T134307.926978 960 1060
20180507T134307.936083 960 1060
20180507T134307.943173 339.755 395.239 49.4707 47.6911 174.695 334.676 390.895 354.333 390.942 20180507T134307.943173 960 1060
20180507T134307.956199 960 1060
20180507T134307.963212 960 1060
20180507T134307.975223 339.421 395.251 49.6382 47.7862 177.225 334.26 390.406 353.948 390.477 20180507T134307.975223 960 1060
20180507T134307.983206 960 1060
20180507T134307.995204 960 1060
20180507T134308.003147 339.06 394.953 49.7053 48.2421 2.29663 333.803 390.444 353.841 390.674 20180507T134308.003147 960 1060
20180507T134308.016726 960 1060
20180507T134308.024726 960 1060
20180507T134308.035283 339.183 394.948 49.7839 48.3566 1.13477 334.048 390.595 353.806 390.583 20180507T134308.035283 960 1060
20180507T134308.043241 960 1060
20180507T134308.055178 960 1060
20180507T134308.067153 339.57 395.054 49.9766 48.3577 165.644 334.024 390.5 354 390.385 20180507T134308.067153 960 1060
20180507T134308.075210 960 1060
20180507T134308.087171 960 1060
20180507T134308.095148 340.015 395.235 50.0754 49.0637 162.108 334.648 390.8 354.52 390.764 20180507T134308.095148 960 1060
20180507T134308.107216 960 1060
20180507T134308.115176 960 1060
20180507T134308.128198 340.046 395.216 50.2932 49.1962 157.551 335.248 390.914 354.705 390.894 20180507T134308.128198 960 1060
20180507T134308.136221 960 1060
20180507T134308.147230 960 1060
20180507T134308.155180 339.93 395.23 50.5163 49.179 150.641 334.647 390.941 354.5 390.841 20180507T134308.155180 960 1060
20180507T134308.167249 960 1060
20180507T134308.175200 960 1060
20180507T134308.187180 339.587 395.215 50.8838 49.5152 169.691 334.184 390.702 354.093 390.444 20180507T134308.187180 960 1060
20180507T134308.195234 960 1060
20180507T134308.207197 960 1060
20180507T134308.215155 339.677 395.357 50.8937 49.679 154.773 334.388 390.597 354.17 390.68 20180507T134308.215155 960 1060
20180507T134308.227241 960 1060
20180507T134308.235177 960 1060
20180507T134308.247170 339.765 395.335 50.8835 49.8244 151.894 334.53 390.5 354.22 390.836 20180507T134308.247170 960 1060
20180507T134308.255221 960 1060
20180507T134308.267212 960 1060
20180507T134308.275154 339.574 395.293 50.899 49.9862 164.811 334.26 390.504 354.17 390.68 20180507T134308.275154 960 1060
20180507T134308.288166 960 1060
20180507T134308.295191 960 1060
20180507T134308.307150 339.676 395.229 51.092 49.8734 171.24 334.298 390.816 354.02 390.6 20180507T134308.307150 960 1060
20180507T134308.319187 960 1060
20180507T134308.327152 960 1060
20180507T134308.339146 339.568 395.28 50.9844 50.2265 159.442 334.408 390.725 354.17 390.68 20180507T134308.339146 960 1060
20180507T134308.350425 960 1060
20180507T134308.359964 960 1060
20180507T134308.367144 339.812 395.259 51.3465 49.8037 171.89 334.53 390.5 354.22 390.836 20180507T134308.367144 960 1060
20180507T134308.379237 960 1060
20180507T134308.387157 960 1060
20180507T134308.399201 339.922 395.437 51.4299 49.9606 173.42 334.676 390.895 354.193 391.044 20180507T134308.399201 960 1060
20180507T134308.407230 960 1060
20180507T134308.420154 960 1060
20180507T134308.427442 339.915 395.389 51.3592 50.0705 171.917 334.667 390.524 354.376 391.05 20180507T134308.427442 960 1060
20180507T134308.440163 960 1060
20180507T134308.448132 960 1060
20180507T134308.460127 339.553 395.411 50.9024 49.9424 164.133 334.145 390.82 353.993 390.716 20180507T134308.460127 960 1060
20180507T134308.468818 960 1060
20180507T134308.479454 960 1060
20180507T134308.487436 339.574 395.371 50.8479 49.8619 172.431 334.325 390.842 353.986 390.865 20180507T134308.487436 960 1060
20180507T134308.499721 960 1060
20180507T134308.507298 960 1060
20180507T134308.519208 339.624 395.187 50.8616 49.7327 165.919 334.408 390.725 354.115 390.654 20180507T134308.519208 960 1060
20180507T134308.527539 960 1060
20180507T134308.539215 960 1060
20180507T134308.547631 339.348 395.042 50.8548 49.0889 156.647 334.059 390.563 353.844 390.456 20180507T134308.547631 960 1060
20180507T134308.559723 960 1060
20180507T134308.571679 960 1060
20180507T134308.579683 337.952 394.153 50.7074 49.4413 177.092 333.579 390.333 353.065 390.167 20180507T134308.579683 960 1060
20180507T134308.591720 960 1060
20180507T134308.599566 960 1060
20180507T134308.611188 338.148 394.459 50.739 49.3003 158.304 333.521 390.368 353.196 390.341 20180507T134308.611188 960 1060
20180507T134308.619254 960 1060
20180507T134308.631206 960 1060
20180507T134308.639192 337.915 394.289 50.3354 49.3663 153.835 333.397 390.23 353.065 390.167 20180507T134308.639192 960 1060
20180507T134308.651227 960 1060
20180507T134308.659209 960 1060
20180507T134308.671187 340.737 394.432 50.1394 49.192 178.566 334.222 389.873 354.014 390.163 20180507T134308.671187 960 1060
20180507T134308.679242 960 1060
20180507T134308.691199 960 1060
20180507T134308.699189 341.496 394.026 50.5954 48.8829 179.69 334.932 389.769 354.479 389.944 20180507T134308.699189 960 1060
20180507T134308.712626 960 1060
20180507T134308.720640 960 1060
20180507T134309.721877 427.779 386.573 44.9154 44.2658 129.271 378.899 386.28 399.641 386.421 20180507T134309.721877 1900 1060
20180507T134309.731428 1900 1060
20180507T134309.739221 1900 1060
20180507T134309.747179 427.789 386.515 45.2106 44.5355 165.172 379.069 386.327 400.22 386.43 20180507T134309.747179 1900 1060
20180507T134309.759203 1900 1060
20180507T134309.767379 1900 1060
20180507T134309.779200 427.915 386.758 45.232 44.7412 144.913 379.388 386.406 400.22 386.43 20180507T134309.779200 1900 1060
20180507T134309.787304 1900 1060
20180507T134309.799156 1900 1060
20180507T134309.807134 428.781 386.739 45.8956 42.9489 102.202 379.304 386.339 400.134 386.5 20180507T134309.807134 1900 1060
20180507T134309.820215 1900 1060
20180507T134309.831164 1900 1060
20180507T134309.839127 428.373 386.87 46.4936 42.6511 101.641 378.968 386.423 399.904 386.515 20180507T134309.839127 1900 1060
20180507T134309.851195 1900 1060
20180507T134309.859126 1900 1060
20180507T134309.871759 428.101 386.577 45.5463 44.2175 104.397 378.895 386.352 399.904 386.515 20180507T134309.871759 1900 1060
20180507T134309.880614 1900 1060
20180507T134309.891980 1900 1060
20180507T134309.899809 428.367 386.946 46.1561 43.4279 105.028 378.895 386.352 399.819 386.456 20180507T134309.899809 1900 1060
20180507T134309.911332 1900 1060
20180507T134309.919164 1900 1060
20180507T134309.931525 428.437 387.143 46.5807 43.3721 97.7033 378.951 386.389 399.904 386.515 20180507T134309.931525 1900 1060
20180507T134309.939172 1900 1060
20180507T134309.951130 1900 1060
20180507T134309.959116 427.964 386.803 46.8233 44.8605 132.151 379.444 386.48 400.22 386.43 20180507T134309.959116 1900 1060
20180507T134309.971155 1900 1060
20180507T134309.979123 1900 1060
20180507T134309.991091 428.408 386.907 46.7808 43.9243 106.729 379.405 386.518 400.18 386.536 20180507T134309.991091 1900 1060
20180507T134309.999149 1900 1060
20180507T134310.011113 1900 1060
20180507T134310.019100 427.893 386.833 46.9765 45.0058 130.794 379.304 386.339 400.22 386.43 20180507T134310.019100 1900 1060
20180507T134310.031788 1900 1060
20180507T134310.039847 1900 1060
20180507T134310.051765 427.94 386.863 46.7466 45.0251 123.351 379.444 386.48 400.22 386.43 20180507T134310.051765 1900 1060
20180507T134310.061012 1900 1060
20180507T134310.072356 1900 1060
20180507T134310.084351 428.082 386.886 46.7668 45.2708 126.427 379.444 386.48 400.22 386.43 20180507T134310.084351 1900 1060
20180507T134310.091541 1900 1060
20180507T134310.103138 1900 1060
20180507T134310.111160 429.399 386.848 47.0313 43.147 102.145 380.18 386.464 400.556 386.454 20180507T134310.111160 1900 1060
20180507T134310.123155 1900 1060
20180507T134310.131131 1900 1060
20180507T134310.143126 429.241 386.78 46.8286 45.1276 108.231 380.271 386.412 401.242 386.56 20180507T134310.143126 1900 1060
20180507T134310.151144 1900 1060
20180507T134310.163126 1900 1060
20180507T134310.171104 428.933 386.545 47.037 44.3999 105.863 379.926 386.426 400.44 386.314 20180507T134310.171104 1900 1060
20180507T134310.183135 1900 1060
20180507T134310.191115 1900 1060
20180507T134310.203096 427.754 386.275 46.9074 45.7654 142.141 379 386.218 400.22 386.43 20180507T134310.203096 1900 1060
20180507T134310.211580 1900 1060
20180507T134310.223157 1900 1060
20180507T134310.231094 427.602 386.189 47.2184 45.8476 150.951 378.833 386.122 400.056 386.106 20180507T134310.231094 1900 1060
20180507T134310.243139 1900 1060
20180507T134310.251113 1900 1060
20180507T134310.263101 428.621 386.277 46.8359 45.3841 120.464 379.782 386.282 400.5 386.263 20180507T134310.263101 1900 1060
20180507T134310.271883 1900 1060
20180507T134310.283925 1900 1060
20180507T134310.291902 429.714 386.189 47.435 43.5824 103.964 380.287 386.193 400.657 386.171 20180507T134310.291902 1900 1060
20180507T134310.303797 1900 1060
20180507T134310.311913 1900 1060
20180507T134310.324301 429.665 386.23 47.1275 44.4351 102.065 380.287 386.193 400.778 386.069 20180507T134310.324301 1900 1060
20180507T134310.335178 1900 1060
20180507T134310.343150 1900 1060
20180507T134310.355121 429.175 386.183 46.5155 45.367 117.154 380.188 386.218 400.368 386.074 20180507T134310.355121 1900 1060
20180507T134310.364193 1900 1060
20180507T134310.375137 1900 1060
20180507T134310.383099 429.117 385.943 46.5582 44.9356 89.9845 379.813 385.883 400.386 385.952 20180507T134310.383099 1900 1060
20180507T134310.395169 1900 1060
20180507T134310.403116 1900 1060
20180507T134310.415183 429.006 386.129 46.9193 44.3883 98.0196 379.448 386.253 400.363 386.274 20180507T134310.415183 1900 1060
20180507T134310.423178 1900 1060
20180507T134310.435122 1900 1060
20180507T134310.443100 429.12 386.085 46.6306 44.5954 93.4398 379.782 386.282 400.451 386.221 20180507T134310.443100 1900 1060
20180507T134310.455137 1900 1060
20180507T134310.463105 1900 1060
20180507T134310.475080 429.307 386.19 46.8732 44.627 90.1945 379.879 386.327 400.439 386.101 20180507T134310.475080 1900 1060
20180507T134310.483128 1900 1060
20180507T134310.495104 1900 1060
20180507T134310.503099 428.834 386.372 46.7734 45.0515 100.851 379.887 386.423 400.324 386.193 20180507T134310.503099 1900 1060
20180507T134310.515158 1900 1060
20180507T134310.523103 1900 1060
20180507T134310.535084 428.126 386.437 47.0823 46.0764 141.084 379.482 386.44 400.323 386.385 20180507T134310.535084 1900 1060
20180507T134310.543158 1900 1060
20180507T134310.555097 1900 1060
20180507T134310.563097 429.081 386.302 47.6345 44.1247 99.455 379.827 386.364 400.374 386.405 20180507T134310.563097 1900 1060
20180507T134310.575147 1900 1060
20180507T134310.587161 1900 1060
20180507T134310.595088 428.953 386.477 47.4107 45.0356 108.919 380.19 386.554 400.556 386.454 20180507T134310.595088 1900 1060
20180507T134310.607375 1900 1060
20180507T134310.615085 1900 1060
20180507T134310.627113 429.66 386.498 47.5387 43.7799 94.8637 380.305 386.569 400.887 386.5 20180507T134310.627113 1900 1060
20180507T134310.635122 1900 1060
20180507T134310.647122 1900 1060
20180507T134310.655074 428.95 386.648 47.0464 45.4745 106.996 380.305 386.569 400.735 386.648 20180507T134310.655074 1900 1060
20180507T134310.668589 1900 1060
20180507T134310.676611 1900 1060
20180507T134310.687483 429.021 386.71 47.1913 44.9472 105.569 380.068 386.446 400.61 386.543 20180507T134310.687483 1900 1060
20180507T134310.696856 1900 1060
20180507T134310.708334 1900 1060
20180507T134310.716306 429.137 386.559 47.7444 44.4405 102.904 379.812 386.648 400.44 386.551 20180507T134310.716306 1900 1060
20180507T134310.727342 1900 1060
20180507T134310.735094 1900 1060
20180507T134310.747085 429.418 386.765 47.4779 43.767 98.9632 380.19 386.554 400.412 386.642 20180507T134310.747085 1900 1060
20180507T134310.755154 1900 1060
20180507T134310.767101 1900 1060
20180507T134310.775079 428.699 386.828 47.1748 46.2234 118.68 380.305 386.569 400.73 386.892 20180507T134310.775079 1900 1060
20180507T134310.787182 1900 1060
20180507T134310.795144 1900 1060
20180507T134310.807093 429.706 386.896 47.1622 44.2249 97.6195 380.305 386.569 400.498 386.934 20180507T134310.807093 1900 1060
20180507T134310.815120 1900 1060
20180507T134310.827097 1900 1060
20180507T134310.839104 429.664 387.078 46.9218 44.6216 104.334 380.497 386.723 401.15 386.995 20180507T134310.839104 1900 1060
20180507T134310.847125 1900 1060
20180507T134310.859117 1900 1060
20180507T134310.868065 430.047 386.856 47.2437 43.9561 101.377 380.533 386.833 401.174 387.064 20180507T134310.868065 1900 1060
20180507T134310.879140 1900 1060
20180507T134310.887096 1900 1060
20180507T134310.899099 429.232 387.053 46.5809 45.8854 111.179 380.533 386.833 401.269 386.958 20180507T134310.899099 1900 1060
20180507T134310.907942 1900 1060
20180507T134310.920087 1900 1060
20180507T134310.928083 429.656 387.017 46.7066 44.7698 95.1447 380.533 386.833 401.235 386.995 20180507T134310.928083 1900 1060
20180507T134310.939639 1900 1060
20180507T134310.947904 1900 1060
20180507T134310.959883 429.307 387.084 46.6893 45.6412 110.818 380.515 386.801 401.207 387.027 20180507T134310.959883 1900 1060
20180507T134310.967609 1900 1060
20180507T134310.979609 1900 1060
20180507T134310.987886 429.111 387.052 46.8534 46.0285 120.91 380.497 386.723 401.284 387.089 20180507T134310.987886 1900 1060
20180507T134310.999770 1900 1060
20180507T134311.007758 1900 1060
20180507T134311.019734 429.744 387.062 47.0147 44.0248 96.8327 380.379 386.836 400.995 387.309 20180507T134311.019734 1900 1060
20180507T134311.028171 1900 1060
20180507T134311.039372 1900 1060
20180507T134311.047752 429.327 386.985 46.7853 44.7833 98.2412 380.333 386.858 400.749 387.05 20180507T134311.047752 1900 1060
20180507T134311.059774 1900 1060
20180507T134311.068080 1900 1060
20180507T134311.080259 429.683 386.957 47.2742 44.0907 94.5204 380.448 386.973 400.869 387.193 20180507T134311.080259 1900 1060
20180507T134311.091813 1900 1060
20180507T134311.099086 1900 1060
20180507T134311.111102 429.28 387.21 47.2384 45.2659 109.907 380.466 387.053 400.891 387.348 20180507T134311.111102 1900 1060
20180507T134311.119111 1900 1060
20180507T134311.131121 1900 1060
20180507T134311.139067 429.92 387.301 47.3268 44.3755 96.0607 380.448 387.253 401.052 387.371 20180507T134311.139067 1900 1060
20180507T134311.151146 1900 1060
20180507T134311.159078 1900 1060
20180507T134311.171091 429.963 387.3 47.6525 44.3356 98.4217 380.448 387.253 401.155 387.353 20180507T134311.171091 1900 1060
20180507T134311.181022 1900 1060
20180507T134311.191113 1900 1060
20180507T134311.199064 429.65 387.595 47.4911 45.0956 102.014 380.435 387.703 401.308 387.552 20180507T134311.199064 1900 1060
20180507T134311.211640 1900 1060
20180507T134311.219624 1900 1060
