23134249895 284.269 167.934 78.9337 75.4871 36.3258 279.784 167.022 298.367 167.269 23134249895 255 0
23134249901 284.139 167.851 78.7602 74.8689 47.1795 279.62 167.075 298.367 167.269 23134249901 255 0
23134249913 284.043 167.892 78.302 75.1382 35.6152 279.67 167.126 298.375 167.341 23134249913 255 0
23134249921 284.042 168.122 78.5167 74.8964 40.8578 279.502 167.121 298.303 167.303 23134249921 255 0
23134249933 284.094 167.844 77.9148 75.1549 44.5674 279.351 167.043 298.111 167.241 23134249933 255 0
23134249941 283.984 167.77 77.9458 75.3079 42.2954 279.439 167 298.091 167.167 23134249941 255 0
23134249953 283.811 167.583 77.9746 74.7735 41.7315 279.439 166.856 298.011 167.185 23134249953 255 0
23134249961 283.74 167.87 78.2392 74.9008 45.3059 279.404 166.982 298.011 167.185 23134249961 255 0
23134249973 283.849 167.806 77.7838 74.5058 37.9377 279.351 167 297.935 167.225 23134249973 255 0
23134249981 283.53 167.849 77.4964 74.378 38.3266 279.315 167.025 297.935 167.225 23134249981 255 0
23134249993 283.686 167.966 77.4616 74.6867 40.0105 279.522 167.021 297.935 167.225 23134249993 255 0
23134250001 283.68 167.809 77.624 74.3849 41.8494 279.404 166.982 298.011 167.185 23134250001 255 0
23134250013 284.002 167.936 77.7369 74.6047 37.4938 279.439 167 298.091 167.167 23134250013 255 0
23134250021 283.941 167.516 77.8173 74.5077 41.2814 279.533 166.491 298.174 167.194 23134250021 255 0
23134250033 284.176 167.404 77.346 74.3802 34.1921 279.581 166.614 298.385 166.976 23134250033 255 0
23134250041 284.216 167.324 77.9994 74.4817 41.2813 279.707 166.491 298.518 166.916 23134250041 255 0
23134250053 284.277 167.449 78.089 74.3561 35.9946 279.671 166.628 298.556 166.831 23134250053 255 0
23134250061 284.127 167.327 77.3606 74.5865 37.4843 279.671 166.628 298.517 166.762 23134250061 255 0
23134250073 284.268 167.432 77.4239 74.4234 42.0229 279.682 166.605 298.529 166.839 23134250073 255 0
23134250085 284.031 167.36 77.7001 74.4556 43.8335 279.625 166.614 298.504 167.089 23134250085 255 0
23134250093 283.908 167.493 76.7633 74.225 47.0178 279.745 166.558 298.271 167.058 23134250093 255 0
23134250105 284.03 167.621 77.248 73.6019 40.6977 279.677 166.646 298.353 167.194 23134250105 255 0
23134250113 284.193 167.459 76.9599 74.0428 37.0647 279.735 166.556 298.504 167.089 23134250113 255 0
23134250125 284.092 167.6 77.1396 73.7698 46.9115 279.872 166.722 298.447 167.167 23134250125 255 0
23134250133 283.941 167.522 76.9971 73.6826 43.3767 279.7 166.678 298.258 167.198 23134250133 255 0
23134250145 283.992 167.643 76.8451 73.4058 41.9108 279.707 166.491 298.313 167.118 23134250145 255 0
23134250153 284.186 167.586 76.9697 73.436 42.8686 279.896 166.751 298.529 166.839 23134250153 255 0
23134250165 284.053 167.281 76.4561 73.4345 50.1306 279.779 166.465 298.624 166.57 23134250165 255 0
23134250173 284.18 167.148 76.4837 73.1133 49.3288 279.864 166.5 298.712 166.534 23134250173 255 0
23134250185 284.312 167.216 76.2898 72.7455 48.2793 279.864 166.5 298.698 166.679 23134250185 255 0
23134250193 284.538 167.53 75.5408 72.4809 40.8099 279.942 166.465 298.691 166.752 23134250193 255 0
23134250205 284.3 167.463 75.4357 71.6119 38.9075 279.988 166.61 298.691 166.752 23134250205 255 0
23134250213 284.366 167.566 74.59 71.2488 41.0332 279.935 166.37 298.739 166.92 23134250213 255 0
23134250225 284.309 167.525 73.8164 70.1968 41.5369 279.861 166.469 298.541 167.059 23134250225 255 0
23134250233 284.418 167.487 72.9121 69.494 36.5229 279.885 166.534 298.504 167.089 23134250233 255 0
23134250245 284.18 167.538 71.9313 68.6083 38.5593 279.885 166.534 298.504 167.089 23134250245 255 0
23134250253 284.283 167.362 70.9825 68.2441 42.5626 279.867 166.614 298.504 167.089 23134250253 255 0
23134250265 284.391 167.69 70.7059 66.8814 34.6135 279.883 166.751 298.54 167.107 23134250265 255 0
23134250273 284.357 167.768 69.7924 66.3405 32.9109 279.842 166.681 298.483 167.184 23134250273 255 0
23134250285 284.082 167.776 68.9964 64.9928 31.5442 279.885 166.534 298.447 167.167 23134250285 255 0
23134250293 283.998 167.543 68.037 63.9907 35.2979 279.745 166.558 298.313 167.118 23134250293 255 0
23134250305 283.782 167.553 67.0976 63.3781 36.7502 279.533 166.491 298.098 166.947 23134250305 255 0
23134250313 283.492 167.361 66.6076 62.5327 28.884 279.45 166.522 297.965 167.054 23134250313 255 0
23134250325 283.619 167.415 66.0873 62.1135 24.4792 279.33 166.489 297.935 167.023 23134250325 255 0
23134250337 283.436 167.212 64.5269 61.3665 36.7097 279.262 166.53 297.858 167.067 23134250337 255 0
23134250345 283.223 167.38 63.8358 60.6711 30.7963 279.262 166.53 297.784 167.022 23134250345 255 0
23134250357 282.977 167.111 63.2339 59.4263 31.1444 279.111 166.38 297.828 166.872 23134250357 255 0
23134250365 283.177 167.063 62.6766 59.7556 33.0864 279.088 166.277 297.745 166.558 23134250365 255 0
23134250377 283.195 166.895 62.2503 58.8961 29.7767 278.965 166.181 297.674 166.467 23134250377 255 0
23134250385 282.762 166.995 61.2956 57.7066 31.6225 279.008 166.11 297.656 166.568 23134250385 255 0
23134250397 282.628 166.845 60.8839 57.5091 36.0868 278.961 165.907 297.359 166.554 23134250397 255 0
23134250405 282.422 166.9 60.1546 56.6492 36.36 278.869 165.912 297.174 166.602 23134250405 255 0
23134250417 282.349 166.951 59.9534 56.1255 32.4143 278.731 166.082 297.078 166.58 23134250417 255 0
23134250425 282.144 166.94 59.3548 55.8037 26.8633 278.731 166.082 297.098 166.533 23134250425 255 0
23134250437 282.216 166.517 58.8293 55.444 28.5808 278.747 166.161 296.94 166.448 23134250437 255 0
23134250445 282.254 166.771 58.2256 54.8582 34.0029 278.769 166.007 297.145 166.463 23134250445 255 0
23134250457 282.327 166.662 57.7129 54.1845 28.2129 278.79 165.775 297.315 166.424 23134250457 255 0
23134250465 282.371 166.554 57.4132 53.7338 28.118 278.859 165.646 297.33 166.42 23134250465 255 0
23134250477 282.32 166.491 57.5211 53.989 25.0588 278.898 165.712 297.278 166.489 23134250477 255 0
23134250485 282.302 166.487 57.0673 53.4363 27.9977 279.053 165.765 297.222 166.433 23134250485 255 0
23134250497 282.236 166.331 56.748 52.8936 26.7522 278.887 165.78 297.182 166.5 23134250497 255 0
23134250505 282.608 166.482 56.5346 53.0671 28.0197 278.926 165.765 297.182 166.5 23134250505 255 0
23134250517 282.461 166.341 56.1613 52.7356 25.5109 278.868 165.854 297.129 166.466 23134250517 255 0
23134250525 282.324 166.533 55.4426 52.8095 22.8049 278.747 166.161 297.209 166.593 23134250525 255 0
23134250537 282.094 166.527 55.8825 51.8678 26.7882 278.875 165.885 297.222 166.456 23134250537 255 0
23134250545 282.318 166.549 55.8103 51.861 27.0567 278.832 165.76 297.315 166.424 23134250545 255 0
23134250557 282.356 166.33 55.1856 51.3084 24.4227 278.782 165.681 297.198 166.258 23134250557 255 0
23134250565 282.2 166.244 55.4084 50.7645 25.9487 278.886 166.122 297.219 166.107 23134250565 255 0
23134250577 282.263 166.228 55.0264 50.9048 29.6377 278.775 166 297.217 166.058 23134250577 255 0
23134250589 282.321 166.353 55.3904 50.6048 24.5156 278.932 166.1 297.27 166.119 23134250589 255 0
23134250597 282.278 166.369 54.6536 50.829 19.8036 279.004 166.039 297.233 166.281 23134250597 255 0
23134250609 282.363 166.519 54.5958 50.4648 26.0769 278.859 165.646 297.256 166.378 23134250609 255 0
23134250617 282.442 166.552 54.2819 50.098 25.5988 278.99 165.718 297.222 166.433 23134250617 255 0
23134250629 282.53 166.368 54.3914 49.9392 30.0982 278.82 165.981 297.375 166.284 23134250629 255 0
23134250637 282.421 166.036 53.8977 50.2613 23.4185 278.989 165.905 297.466 166.152 23134250637 255 0
23134250649 282.522 166.162 54.2803 49.7454 23.0194 278.891 165.925 297.369 166.078 23134250649 255 0
23134250657 282.46 166.014 53.498 49.8971 26.8095 278.891 165.925 297.369 166.078 23134250657 255 0
23134250669 282.603 166.402 54.4455 49.1702 23.9269 278.891 165.925 297.333 166.058 23134250669 255 0
23134250677 282.554 166.145 53.8225 49.6315 21.2151 278.808 165.969 297.305 166.141 23134250677 255 0
23134250689 282.145 166.02 53.315 49.5895 34.6443 279.004 166.039 297.27 166.119 23134250689 255 0
23134250697 282.41 166.338 53.3028 49.4435 22.4711 278.886 166.122 297.228 166.183 23134250697 255 0
23134250709 282.238 166.341 53.0509 48.976 28.185 278.891 165.925 297.217 166.058 23134250709 255 0
23134250717 282.238 165.878 53.1164 49.0223 21.293 278.843 165.866 297.28 166 23134250717 255 0
23134250729 282.719 165.898 53.0692 49.6685 25.0822 278.916 165.722 297.385 165.904 23134250729 255 0
23134250737 282.335 165.842 53.2037 48.9869 27.3379 279.011 165.639 297.27 165.952 23134250737 255 0
23134250749 282.729 166.178 54.1209 49.0401 17.9439 279.144 165.77 297.463 166.031 23134250749 255 0
23134250757 282.564 166.111 53.0616 48.4251 23.4664 278.891 165.925 297.5 166.052 23134250757 255 0
23134250769 282.755 166.269 52.9549 49.0365 24.836 278.891 165.925 297.279 166.291 23134250769 255 0
23134250777 282.575 166.314 52.5931 48.7926 21.3092 279.081 165.704 297.182 166.5 23134250777 255 0
23134250789 282.985 166.194 52.8139 49.0889 20.0299 278.82 165.981 297.273 166.364 23134250789 255 0
23134250797 282.428 166.354 52.8986 48.0633 26.617 278.891 165.925 297.345 166.159 23134250797 255 0
23134250809 282.555 166.027 52.7725 48.2664 22.7599 278.891 165.925 297.5 166.052 23134250809 255 0
23134250817 282.491 166.124 52.3917 48.2493 26.1724 278.891 165.925 297.402 166.053 23134250817 255 0
23134250829 282.746 166.194 52.2028 48.4925 22.4735 279.086 165.907 297.369 166.25 23134250829 255 0
23134250841 282.595 166.372 52.43 48.1076 23.7162 279.086 165.907 297.789 166.175 23134250841 255 0
23134250849 282.96 166.073 52.2839 48.6008 24.0444 279.165 165.949 297.835 166.06 23134250849 255 0
23134250861 282.863 166.437 52.0066 48.5211 23.0931 279.086 165.907 297.789 166.175 23134250861 255 0
23134250869 282.909 166.223 51.4293 49.0376 21.9539 279.165 165.949 297.831 166.144 23134250869 255 0
23134250881 282.919 166.284 51.8737 47.8407 20.3985 279.165 165.949 297.789 166.175 23134250881 255 0
23134250889 282.813 166.175 51.9471 47.6208 28.1896 279.144 165.77 297.752 166.089 23134250889 255 0
23134250901 282.998 165.943 52.3646 48.2658 22.3934 279.144 165.77 297.561 166.089 23134250901 255 0
23134250909 282.637 166.135 51.9495 47.5153 25.7489 278.989 165.905 297.462 166.032 23134250909 255 0
23134250921 282.824 166.326 51.9686 47.4375 25.4095 279.126 165.839 297.462 166.032 23134250921 255 0
23134250929 282.91 165.817 51.4387 48.0019 26.9089 279.141 165.704 297.638 165.996 23134250929 255 0
23134250941 283.127 165.424 51.8523 48.6656 32.0138 279.221 165.561 298.023 165.924 23134250941 255 0
23134250949 283.135 165.799 51.8796 47.2618 22.9749 279.421 165.362 298.144 165.726 23134250949 255 0
23134250961 283.289 165.536 51.7674 48.0788 22.679 279.34 165.257 298.091 165.831 23134250961 255 0
23134250969 283.381 165.537 51.7367 47.7152 23.2937 279.502 165.121 298.102 165.514 23134250969 255 0
23134250981 283.353 165.209 51.8408 48.0079 18.1205 279.439 165 298.275 165.275 23134250981 255 0
23134250989 283.573 164.897 51.5242 48.1076 19.0265 279.676 164.731 298.091 165.167 23134250989 255 0
23134251001 283.347 164.806 51.1539 48.1835 20.2919 279.601 164.706 298.258 165.198 23134251001 255 0
23134251009 283.385 165.214 51.6067 47.3153 15.916 279.782 164.782 298.258 165.198 23134251009 255 0
23134251021 283.545 165.269 51.6662 47.1997 20.0416 279.907 165.194 298.565 165.533 23134251021 255 0
23134251029 283.73 165.587 51.2842 47.7451 12.3565 279.982 165.154 298.723 165.636 23134251029 255 0
23134251041 283.77 165.623 51.7458 47.5827 27.4991 280.139 165.311 298.803 165.67 23134251041 255 0
23134251049 283.693 165.6 51.4046 47.5372 22.7365 280.311 165.289 298.803 165.67 23134251049 255 0
23134251061 283.938 165.603 51.9137 47.3027 25.8619 280.111 165.285 298.803 165.67 23134251061 255 0
23134251069 283.8 165.601 51.5929 46.8479 20.3009 280.111 165.241 298.807 165.6 23134251069 255 0
23134251081 284.002 165.563 52.337 47.13 10.6831 280.111 165.241 298.807 165.6 23134251081 255 0
23134251093 283.904 165.459 51.0737 47.2947 24.8913 280.232 165.285 298.807 165.6 23134251093 255 0
23134251101 284.27 165.289 51.6542 47.6558 18.6088 280.462 165.333 298.846 165.682 23134251101 255 0
23134251113 283.721 165.289 50.343 47.1998 39.3228 280.548 165.305 299.183 165.749 23134251113 255 0
23134251121 284.284 165.586 50.7189 46.5816 24.8603 280.782 165.435 299.425 165.691 23134251121 255 0
23134251133 284.495 165.367 50.3975 47.7955 29.5452 280.955 165.5 299.633 165.644 23134251133 255 0
23134251141 284.901 165.334 50.7922 47.689 24.3219 281.129 165.612 299.642 165.756 23134251141 255 0
23134251153 284.523 165.967 50.8793 46.9687 30.2169 281.052 165.698 299.745 165.765 23134251153 255 0
23134251161 284.927 166.149 51.2528 46.578 20.7772 281.126 165.839 299.696 166.154 23134251161 255 0
23134251173 284.747 166.394 50.9836 46.9464 21.4056 281.226 165.906 299.352 166.534 23134251173 255 0
23134251181 284.892 166.462 50.9646 47.1098 26.2351 281.04 165.983 299.452 166.619 23134251181 255 0
23134251193 284.54 166.462 50.5144 46.5387 23.8727 281.192 165.906 299.674 166.467 23134251193 255 0
23134251201 284.634 166.437 50.6347 46.3851 30.2265 281.192 165.673 299.735 166.398 23134251201 255 0
23134251213 284.899 166.154 51.1143 46.5612 26.2185 281.221 165.807 299.884 166.08 23134251213 255 0
23134251221 285.065 166.153 51.1228 46.5613 19.4441 281.326 165.723 299.891 165.843 23134251221 255 0
23134251233 285.274 166.114 51.3904 46.3747 15.2639 281.319 165.656 299.891 165.843 23134251233 255 0
23134251241 285.217 166.273 51.4398 46.1518 20.8796 281.144 165.77 299.884 166.08 23134251241 255 0
23134251253 285.084 166.074 50.9785 47.0304 21.0064 281.165 165.949 299.789 166.175 23134251253 255 0
23134251261 284.809 166.407 50.4344 46.4576 20.4143 281.119 165.64 299.682 166.605 23134251261 255 0
23134251273 285.112 166.483 51.0897 46.9785 21.6523 281.192 165.673 299.705 166.465 23134251273 255 0
23134251281 285.148 166.24 51.0875 46.625 19.8407 281.236 165.906 299.789 166.175 23134251281 255 0
23134251293 284.866 166 50.7783 46.6858 25.4863 281.129 165.803 299.866 165.92 23134251293 255 0
23134251301 284.851 166.175 50.8474 46.3373 20.0064 281.144 165.77 299.891 165.843 23134251301 255 0
23134251313 284.606 166.076 50.098 46.7986 18.0304 281.17 165.735 299.78 165.894 23134251313 255 0
23134251321 284.625 166.014 50.1448 46.6166 24.7536 281.144 165.77 299.696 166.154 23134251321 255 0
23134251333 284.338 166.473 50.2589 46.2391 27.2929 281.126 165.839 299.464 166.111 23134251333 255 0
23134251345 284.509 166.441 50.3677 46.757 28.0208 281.086 165.907 299.36 166.326 23134251345 255 0
23134251353 284.783 166.239 50.4429 46.8495 21.2683 281.119 165.64 299.321 166.393 23134251353 255 0
23134251365 284.671 166.349 50.7144 46.4337 25.032 281.119 165.64 299.729 166.326 23134251365 255 0
23134251373 284.946 166.378 50.9241 46.9896 18.9002 281.126 165.839 299.789 166.175 23134251373 255 0
23134251385 284.842 166.177 50.9319 46.2768 25.4469 281.236 165.906 299.729 166.326 23134251385 255 0
23134251393 284.684 166.283 50.1502 46.6525 30.437 281.221 165.697 299.774 166.372 23134251393 0 0
23134251405 285.494 166.222 51.0914 46.6963 16.6309 281.444 165.753 300.095 166.5 23134251405 0 0
23134251413 285.349 166.503 51.1267 46.3665 20.0913 281.784 165.78 300.212 166.562 23134251413 0 0
23134251425 285.279 166.496 51.3138 46.1577 21.9965 281.853 166.048 300.313 166.427 23134251425 0 0
23134251433 285.5 166.593 51.7695 46.6014 21.6241 281.802 166.131 300.405 166.5 23134251433 0 0
23134251445 284.868 166.635 49.8789 46.4043 33.4907 281.779 166.412 300.532 166.56 23134251445 0 0
23134251453 285.547 166.864 51.5558 46.1711 19.463 281.907 166.405 300.506 167 23134251453 0 0
23134251465 285.556 167.143 51.1284 46.9931 26.447 281.859 166.522 300.447 167.167 23134251465 0 0
23134251473 285.598 167.004 51.5913 46.427 16.0185 281.828 166.872 300.447 167.167 23134251473 0 0
23134251485 285.482 167.161 51.0324 46.9262 19.4274 281.797 166.663 300.313 167.118 23134251485 0 0
23134251493 285.427 167.067 50.7418 46.688 23.6281 281.814 166.586 300.353 167.194 23134251493 0 0
23134251505 285.425 167.003 50.9377 46.7253 21.6116 281.814 166.586 300.258 167.198 23134251505 0 0
23134251513 285.573 166.818 51.3092 47.2038 17.8007 281.853 166.652 300.258 167.198 23134251513 0 0
23134251525 285.573 167.037 51.6486 46.2849 21.5822 281.907 166.405 300.504 167.089 23134251525 0 0
23134251533 285.246 166.83 50.3463 46.8578 29.1449 281.907 166.405 300.553 166.976 23134251533 0 0
23134251545 285.514 166.682 51.2307 46.489 25.6325 281.907 166.405 300.596 166.796 23134251545 0 0
23134251553 285.522 166.546 51.1526 46.8907 19.9914 281.907 166.405 300.54 167.057 23134251553 0 0
23134251565 285.339 166.899 50.6584 47.2077 27.0914 281.93 166.47 300.504 167.089 23134251565 0 0
23134251573 285.169 167.109 50.8916 46.3969 36.6882 281.797 166.663 300.353 167.194 23134251573 0 0
23134251585 285.322 167.024 50.8134 47.1163 20.8365 281.784 167.022 300.447 167.167 23134251585 0 0
23134251597 285.324 166.878 50.5139 46.874 29.0766 281.801 166.882 300.447 167.167 23134251597 0 0
23134251605 285.793 166.888 51.5561 47.412 15.9734 281.797 166.663 300.447 167.167 23134251605 0 0
23134251617 285.251 167.106 50.1867 46.4317 29.9908 281.885 166.534 300.504 167.089 23134251617 0 0
23134251625 285.339 166.5 50.746 46.9762 24.146 281.949 166.469 300.504 167.089 23134251625 0 0
23134251637 285.17 166.903 50.2338 46.5001 27.0836 281.93 166.47 300.637 166.938 23134251637 0 0
23134251645 285.713 166.707 50.8327 46.8589 22.7447 281.93 166.47 300.54 167.107 23134251645 0 0
23134251657 285.138 167.317 49.9891 46.1891 29.1638 281.869 166.838 300.447 167.167 23134251657 0 0
23134251665 285.714 167.287 51.2545 46.4402 21.3747 281.835 167.147 300.604 167.366 23134251665 0 0
23134251677 285.261 167.083 50.948 47.1066 21.9336 281.835 167.147 300.462 167.333 23134251677 0 0
23134251685 285.36 167.258 50.9573 46.6653 22.0851 281.767 166.95 300.459 167.241 23134251685 0 0
23134251697 285.389 167.095 51.4187 46.4786 20.0354 281.814 166.586 300.447 167.167 23134251697 0 0
23134251705 285.018 166.932 50.0928 46.4151 25.9521 281.894 166.59 300.385 166.786 23134251705 0 0
23134251717 285.029 166.691 50.1649 46.3966 25.6241 281.756 166.427 300.591 166.643 23134251717 0 0
23134251725 285.723 166.237 51.718 47.2668 10.8707 281.835 166.46 300.508 166.712 23134251725 0 0
23134251737 285.341 166.909 51.124 47.3321 12.1699 281.735 166.556 300.258 167.198 23134251737 0 0
23134251745 285.449 167.102 51.702 46.7064 21.9921 281.777 166.952 300.353 167.194 23134251745 0 0
23134251757 285.394 167.211 50.9069 47.1283 20.5091 281.835 167.147 300.448 167.36 23134251757 0 0
23134251765 285.311 167.268 51.0628 47.1359 31.5767 281.907 167.194 300.603 167.56 23134251765 0 0
23134251777 285.495 167.378 51.3044 47.8851 18.7391 281.835 167.147 300.603 167.56 23134251777 0 0
23134251785 285.333 167.246 51.0291 47.8909 26.154 281.835 167.147 300.603 167.56 23134251785 0 0
23134251797 285.277 167.422 51.3908 47.247 24.3788 281.835 167.147 300.463 167.475 23134251797 0 0
23134251805 285.275 167.471 51.6047 47.6208 21.4502 281.663 167.121 300.275 167.275 23134251805 0 0
23134251817 285.063 167.445 51.6195 47.7672 29.5308 281.419 167.165 300.111 167.285 23134251817 0 0
23134251825 285.301 167.203 51.9554 47.799 16.2648 281.365 167.116 300.111 167.285 23134251825 0 0
23134251837 285.297 166.978 51.8476 48.4211 21.4249 281.439 167 300.011 167.185 23134251837 0 0
23134251849 285.218 167.098 52.8741 47.8384 23.0666 281.521 166.756 300.091 167.167 23134251849 0 0
23134251857 285.154 167.011 52.604 48.5873 17.4087 281.644 166.67 300.174 167.194 23134251857 0 0
23134251869 285.202 166.998 52.8902 48.4684 21.4786 281.492 166.771 300.258 167.198 23134251869 0 0
23134251877 285.284 167.102 52.4859 48.9847 17.2624 281.761 166.741 300.258 167.198 23134251877 0 0
23134251889 285.406 166.961 52.9 49.1544 26.8426 281.741 166.882 300.447 167.167 23134251889 0 0
23134251897 285.43 166.696 53.0272 49.8506 26.97 281.766 166.815 300.447 167.167 23134251897 0 0
23134251909 285.442 166.632 53.478 50.0681 18.0997 281.719 166.635 300.353 167.194 23134251909 0 0
23134251917 285.415 166.613 53.5476 50.8897 22.0368 281.755 166.777 300.258 167.198 23134251917 0 0
23134251929 285.076 167.07 53.8029 50.1418 20.5612 281.557 166.901 300.174 167.194 23134251929 0 0
23134251937 285.217 167.066 54.3342 50.6064 17.2794 281.351 167.043 300.091 167.167 23134251937 0 0
23134251949 285.066 166.856 54.848 51.316 26.1873 281.439 167.063 300.011 167.185 23134251949 0 0
23134251957 285.24 167.04 55.1978 51.1528 21.0395 281.45 166.931 300.174 167.194 23134251957 0 0
23134251969 285.328 167.017 55.4235 51.1649 21.7787 281.643 166.582 300.258 167.198 23134251969 0 0
23134251977 285.513 167.058 56.2865 51.6797 26.962 281.835 166.46 300.321 167.033 23134251977 0 0
23134251989 285.345 166.845 56.166 51.6861 21.436 281.828 166.37 300.337 166.951 23134251989 0 0
23134251997 285.693 166.952 57.2856 52.2836 21.7444 281.756 166.427 300.289 166.976 23134251997 0 0
23134252009 285.469 167.036 56.9862 52.638 26.4529 281.756 166.427 300.278 166.97 23134252009 0 0
23134252017 285.414 166.812 57.2362 53.6892 25.0713 281.584 166.43 300.278 166.97 23134252017 0 0
23134252029 285.273 166.703 57.2638 53.9547 26.0005 281.618 166.491 300.048 167.032 23134252029 0 0
23134252037 285.169 166.968 57.4651 54.0524 22.369 281.552 166.406 300.064 166.916 23134252037 0 0
23134252049 285.266 166.679 57.9408 54.2397 24.0761 281.533 166.491 300.125 166.863 23134252049 0 0
23134252057 285.416 166.757 58.4616 54.6311 25.5898 281.5 166.468 300.212 166.804 23134252057 0 0
23134252069 285.324 166.717 58.5682 55.4253 25.6785 281.5 166.468 300.11 166.678 23134252069 0 0
23134252077 285.488 166.771 59.3736 55.2056 22.1038 281.533 166.491 300.098 166.947 23134252077 0 0
23134252089 285.156 166.859 59.0684 55.4222 28.0226 281.481 166.586 300.048 167.032 23134252089 0 0
23134252101 285.242 167.139 59.9828 55.4214 27.9244 281.33 166.532 299.965 167.054 23134252101 0 0
23134252109 285.09 167.129 60.3883 56.1027 23.8811 281.322 166.667 299.886 167.098 23134252109 0 0
23134252121 285.076 166.87 60.3266 56.7598 29.2729 281.33 166.489 299.774 167.046 23134252121 0 0
23134252129 285.155 166.887 60.7313 56.7783 17.3085 281.19 166.41 299.948 166.76 23134252129 0 0
23134252141 285.217 166.784 60.5252 57.6969 28.7126 281.354 166.406 300.004 166.859 23134252141 0 0
23134252149 285.333 166.905 61.6704 57.198 23.0113 281.385 166.469 299.98 166.941 23134252149 0 0
23134252161 285.239 166.808 61.9538 57.8894 22.9757 281.469 166.439 299.98 166.941 23134252161 0 0
23134252169 285.562 166.715 62.485 58.1103 19.2927 281.5 166.468 300.084 166.762 23134252169 0 0
23134252181 285.325 166.66 62.2436 58.4988 21.1409 281.638 166.248 300.11 166.678 23134252181 0 0
23134252189 285.395 166.629 62.3877 58.5043 27.9628 281.457 166.261 300.14 166.43 23134252189 0 0
23134252201 285.111 166.748 62.8675 58.9626 26.0905 281.377 166.073 299.907 166.405 23134252201 0 0
23134252209 284.94 166.544 62.8472 59.0437 20.5416 281.165 165.949 299.581 166.547 23134252209 0 0
23134252221 284.864 166.74 63.4342 59.1207 26.1148 281.071 165.771 299.33 166.42 23134252221 0 0
23134252229 284.531 166.72 63.7091 59.5127 26.676 280.897 165.828 299.222 166.433 23134252229 0 0
23134252241 284.723 166.81 63.8304 59.8177 27.0202 281.021 165.733 299.222 166.433 23134252241 0 0
23134252249 284.659 166.359 63.4271 59.5946 22.472 281.103 166.015 299.375 166.284 23134252249 0 0
23134252261 284.805 166.312 64.3291 60.2555 25.6017 281.144 165.77 299.5 166.052 23134252261 0 0
23134252269 284.71 166.128 63.8019 60.7716 31.1889 281.141 165.704 299.63 165.862 23134252269 0 0
23134252281 285.139 165.978 65.25 60.6553 20.1733 281.103 165.548 299.683 165.774 23134252281 0 0
23134252289 285.037 165.922 65.0809 60.925 20.5484 281.167 165.67 299.642 165.756 23134252289 0 0
23134252301 284.879 166.12 65.0406 61.199 22.6288 281.141 165.704 299.27 165.952 23134252301 0 0
23134252309 284.423 166.302 65.3819 60.6806 27.6283 281.011 165.706 299.28 166 23134252309 0 0
23134252321 284.744 166.373 66.1275 61.5967 25.3777 280.835 165.76 299.196 165.978 23134252321 0 0
23134252329 284.67 166.44 65.9956 61.9815 25.4614 280.961 165.781 299.28 166 23134252329 0 0
23134252341 284.78 166.495 66.2372 61.9151 24.3447 281.004 166.039 299.375 166.284 23134252341 0 0
23134252353 284.725 166.639 66.279 61.6655 21.766 281.119 165.64 299.36 166.326 23134252353 0 0
23134252361 284.805 166.582 66.5529 61.9818 30.5016 281.119 165.64 299.419 166.384 23134252361 0 0
23134252373 285.076 166.348 66.8682 62.1472 20.8841 281.126 165.839 299.5 166.171 23134252373 0 0
23134252381 284.947 166.289 66.7394 62.305 22.582 281.126 165.839 299.402 166.175 23134252381 0 0
23134252393 284.711 166.213 66.9905 62.882 33.6438 281.144 165.77 299.28 166 23134252393 0 0
23134252401 284.577 166.249 66.6977 62.9148 27.8271 281.011 165.706 299.28 166 23134252401 0 0
23134252413 284.607 166.512 66.9318 62.48 30.1056 280.867 165.681 299.098 165.977 23134252413 0 0
23134252421 284.55 166.349 67.814 63.1542 24.9459 280.782 165.618 298.907 166.136 23134252421 0 0
23134252433 284.507 166.702 67.799 62.7015 25.7923 280.784 165.78 298.964 166.279 23134252433 0 0
23134252441 284.678 166.517 67.916 63.083 24.9519 280.828 165.615 299.24 166.194 23134252441 0 0
23134252453 284.791 166.409 67.954 62.9496 25.2114 281.242 165.941 299.431 166.131 23134252453 0 0
23134252461 285.023 166.1 67.9643 63.7334 28.697 281.144 165.77 299.558 166.109 23134252461 0 0
23134252473 285.262 166.395 68.2965 63.6272 27.5395 281.144 165.77 299.752 166.089 23134252473 0 0
23134252481 285.244 166.201 68.6935 63.9789 25.891 281.053 165.765 299.752 166.089 23134252481 0 0
23134252493 285.115 166.261 68.2578 63.8227 28.4408 281.141 165.704 299.655 166.087 23134252493 0 0
23134252501 284.943 166.318 68.2428 63.8611 24.174 281.141 165.704 299.368 165.953 23134252501 0 0
23134252513 284.77 166.35 68.8788 63.9566 28.6682 281.011 165.706 299.192 165.906 23134252513 0 0
23134252521 284.623 165.918 68.8472 64.4212 27.3277 280.85 165.612 299.252 165.833 23134252521 0 0
23134252533 284.664 165.961 68.8164 64.2679 32.1036 280.793 165.481 299.333 165.786 23134252533 0 0
23134252541 284.875 165.769 69.303 64.4057 25.4624 280.862 165.511 299.369 165.76 23134252541 0 0
23134252553 284.973 165.727 68.9632 64.5996 26.237 280.975 165.564 299.363 165.772 23134252553 0 0
23134252561 285.009 165.884 69.1423 64.708 25.1326 281.038 165.604 299.363 165.772 23134252561 0 0
23134252573 284.999 165.974 69.3016 64.3999 27.9345 281.011 165.639 299.38 165.853 23134252573 0 0
23134252581 284.699 166.118 69.2483 64.8113 31.1158 281.011 165.639 299.419 165.804 23134252581 0 0
23134252593 284.748 165.988 69.5402 65.074 25.6867 280.807 165.6 299.252 165.833 23134252593 0 0
23134252605 284.589 165.98 70.4355 64.6333 33.0181 280.66 165.385 299.252 165.833 23134252605 0 0
23134252613 284.508 165.664 69.6231 64.9337 24.7401 280.582 165.273 298.99 165.574 23134252613 0 0
23134252625 284.646 165.751 69.7781 64.9091 26.5887 280.582 165.273 298.946 165.599 23134252625 0 0
23134252633 284.563 165.899 70.1714 65.2545 32.4016 280.548 165.305 298.859 165.522 23134252633 0 0
23134252645 284.751 166.039 70.3225 65.6412 23.7993 280.688 165.38 299.252 165.833 23134252645 0 0
23134252653 284.748 165.891 70.6733 65.1894 23.8751 280.782 165.435 299.333 165.786 23134252653 0 0
23134252665 284.779 165.864 70.5441 65.4405 26.1454 280.756 165.369 299.424 165.598 23134252665 0 0
23134252673 284.901 165.492 70.5235 66.1752 28.1003 280.73 165.337 299.435 165.414 23134252673 0 0
23134252685 284.704 165.727 70.3079 66.3814 31.5716 280.582 165.273 299.302 165.478 23134252685 0 0
23134252693 284.542 165.947 70.7564 66.28 30.9861 280.632 165.319 298.949 165.512 23134252693 0 0
23134252705 284.584 165.952 70.6353 66.1547 29.1383 280.462 165.333 298.916 165.722 23134252705 0 0
23134252713 284.575 165.948 71.1888 66.4271 25.4238 280.462 165.333 298.916 165.722 23134252713 0 0
23134252725 284.457 166.016 71.2263 66.1613 23.7094 280.462 165.333 298.793 165.481 23134252725 0 0
23134252733 284.574 165.731 70.9528 66.2377 28.9055 280.529 165.225 298.957 165.521 23134252733 0 0
23134252745 284.779 165.474 71.3101 66.7967 30.4167 280.777 164.777 299.158 165.21 23134252745 0 0
23134252753 284.907 165.495 71.167 66.6082 27.0609 280.833 164.601 299.213 165.124 23134252753 0 0
23134252765 285.061 165.428 71.3123 67.2685 27.5534 280.87 164.707 299.222 165.096 23134252765 0 0
23134252773 284.957 165.445 71.8797 67.5067 33.2682 280.796 164.68 299.109 165.139 23134252773 0 0
23134252785 284.742 165.649 71.6896 67.1929 36.6478 280.761 164.71 299.19 165.125 23134252785 0 0
23134252793 284.733 165.6 72.1395 67.4069 31.1483 280.761 164.71 299.097 165.127 23134252793 0 0
23134252805 284.991 165.674 71.791 68.4601 31.3138 280.796 164.68 299.213 165.124 23134252805 0 0
23134252813 285.111 165.587 72.5461 67.6514 28.5769 280.87 164.707 299.413 165.214 23134252813 0 0
23134252825 285.147 165.766 72.2061 68.3877 24.3981 281.02 164.721 299.533 165.158 23134252825 0 0
23134252833 285.424 165.822 72.6099 67.8237 29.067 281.36 164.781 299.856 165.274 23134252833 0 0
23134252845 285.527 165.893 72.9227 68.2594 29.5238 281.462 164.904 299.957 165.294 23134252845 0 0
23134252857 285.542 165.849 72.8994 69.0829 29.157 281.422 165.271 300.004 165.358 23134252857 0 0
23134252865 285.511 165.836 72.8286 68.7985 26.9797 281.431 164.931 299.957 165.294 23134252865 0 0
23134252877 285.454 165.881 72.9254 68.9681 30.8571 281.54 164.926 299.957 165.294 23134252877 0 0
23134252885 285.565 165.925 73.519 68.7696 30.0869 281.451 164.832 299.733 165.333 23134252885 0 0
23134252897 285.635 165.918 73.8395 69.4069 30.0234 281.284 164.846 299.733 165.333 23134252897 255 0
23134252905 285.745 166.027 73.7945 69.3719 31.9683 281.5 165.02 299.817 165.454 23134252905 255 0
23134252917 285.644 166.171 73.8332 69.5734 29.016 281.34 165.257 299.866 165.556 23134252917 255 0
23134252925 285.825 166.059 74.08 69.9881 31.0958 281.663 165.162 300.463 165.475 23134252925 255 0
23134252937 286.111 166.102 74.0281 70.1284 34.4977 281.907 165.194 300.636 165.628 23134252937 255 0
23134252945 286.323 166.159 74.5884 70.0043 29.9957 281.907 165.194 300.723 165.636 23134252945 255 0
23134252957 286.314 166.157 74.6136 70.5053 29.1466 281.982 165.154 300.723 165.636 23134252957 255 0
23134252965 286.263 166.017 74.4651 71.1118 36.2225 281.93 165.263 300.636 165.628 23134252965 255 0
23134252977 286.266 166.309 75.3045 70.9505 24.4592 281.726 165.33 300.436 165.88 23134252977 255 0
23134252985 285.918 166.572 75.3214 71.3415 29.4321 281.529 165.457 300.401 165.706 23134252985 255 0
23134252997 286.076 166.291 75.6913 71.3184 32.1911 281.498 165.389 300.411 165.785 23134252997 255 0
23134253005 286.111 166.404 75.5664 71.3655 31.9685 281.826 165.348 300.533 165.858 23134253005 255 0
23134253017 286.28 165.993 75.8066 71.6806 27.7219 281.907 165.194 300.694 165.57 23134253017 255 0
23134253025 286.41 165.879 75.6128 71.6014 27.4983 282.079 164.982 300.78 165.534 23134253025 255 0
23134253037 286.619 165.816 75.7484 71.8937 30.1729 282.06 165.135 300.78 165.534 23134253037 255 0
23134253045 286.455 166.003 76.2293 72.3197 33.1674 281.982 165.154 300.807 165.6 23134253045 255 0
23134253057 286.221 166.106 76.0701 72.3677 32.6763 281.907 165.194 300.723 165.636 23134253057 255 0
23134253065 285.871 166.06 76.0626 72.5777 35.9224 281.64 165.197 300.533 165.858 23134253065 255 0
23134253077 285.945 166.197 76.5253 72.1069 29.3582 281.558 165.077 300.075 165.375 23134253077 255 0
23134253085 285.962 165.982 76.8017 72.4467 32.1672 281.532 165.091 300.111 165.285 23134253085 255 0
23134253097 286.135 165.736 76.3674 72.6924 28.3374 281.492 164.67 300.258 165.198 23134253097 255 0
23134253109 286.043 165.75 76.6816 72.7721 32.2588 281.644 164.67 300.258 165.198 23134253109 255 0
23134253117 286.009 165.843 77.0648 72.9843 28.8209 281.683 164.803 300.258 165.198 23134253117 255 0
23134253129 286.006 165.915 76.9531 72.902 28.2076 281.604 164.826 300.275 165.275 23134253129 255 0
23134253137 285.798 166.059 76.6084 73.5023 35.6677 281.581 165.139 300.111 165.285 23134253137 255 0
23134253149 285.666 166.006 76.8009 72.9995 33.0579 281.462 164.904 300.033 165.322 23134253149 255 0
23134253157 285.467 165.929 76.9875 73.1434 30.3921 281.373 164.931 299.856 165.274 23134253157 255 0
23134253169 285.739 166.029 77.1659 73.4701 29.1743 281.278 164.777 299.856 165.207 23134253169 255 0
23134253177 285.772 166.054 77.3825 72.8976 30.7381 281.451 164.832 299.856 165.274 23134253177 255 0
23134253189 286.058 165.561 76.409 72.7884 25.3324 281.521 164.731 299.935 165.225 23134253189 255 0
23134253197 286.123 165.842 76.0068 72.6475 27.7864 281.597 164.756 300.174 165.194 23134253197 255 0
23134253209 286.138 165.697 75.9111 72.0183 33.6619 281.57 164.644 300.258 165.198 23134253209 255 0
23134253217 286.033 165.469 74.716 71.6978 34.5347 281.845 164.677 300.353 165.194 23134253217 255 0
23134253229 285.99 165.673 74.2349 70.6613 36.3746 281.865 164.521 300.258 165.198 23134253229 255 0
23134253237 285.746 165.657 73.3822 69.7368 31.9609 281.567 164.695 300.174 165.194 23134253237 255 0
23134253249 285.39 165.89 72.4534 68.9249 32.4311 281.5 165.02 299.93 165.33 23134253249 255 0
23134253257 285.347 166.113 71.5817 68.4805 33.4998 281.086 165.302 299.674 165.6 23134253257 255 0
23134253269 285.211 166.101 70.0922 67.4544 34.713 281.109 165.551 299.671 165.663 23134253269 255 0
23134253277 285.077 166.25 69.6822 66.4886 23.4431 281.124 165.457 299.671 165.663 23134253277 255 0
23134253289 285.285 166.199 68.5445 65.8476 32.5634 281.086 165.302 299.619 165.522 23134253289 255 0
23134253297 285.334 165.851 67.8342 64.5037 31.2638 281.302 164.838 299.733 165.333 23134253297 255 0
23134253309 285.108 165.583 66.8197 63.2568 32.4537 281.243 164.757 299.773 165.258 23134253309 255 0
23134253317 285.117 165.562 66.1191 62.9814 27.0921 281.278 164.777 299.856 165.207 23134253317 255 0
23134253329 285.266 165.847 65.4553 61.9461 23.0591 281.086 165.302 299.619 165.522 23134253329 255 0
23134253337 284.916 165.985 63.9698 61.5671 30.0551 281.168 165.285 299.674 165.6 23134253337 255 0
23134253349 284.966 166.023 63.3491 60.5589 29.0461 281.13 165.361 299.667 165.67 23134253349 255 0
23134253361 284.958 166.006 62.8681 59.5912 31.5157 281.231 165.36 299.587 165.591 23134253361 255 0
23134253369 285.103 165.841 62.0283 58.9011 32.5751 281.17 165.288 299.774 165.478 23134253369 255 0
23134253381 284.963 165.652 61.5229 58.1433 32.3866 281.367 165.071 299.913 165.359 23134253381 255 0
23134253389 285.212 165.544 61.1951 57.2429 27.352 281.616 164.889 300.033 165.322 23134253389 255 0
23134253401 285.417 165.656 60.1875 56.8994 26.6425 281.54 164.926 300.111 165.285 23134253401 255 0
23134253409 285.244 165.665 59.6976 56.2636 30.6613 281.419 165.165 300.111 165.285 23134253409 255 0
23134253421 284.966 165.802 58.5981 55.573 28.9177 281.306 165.286 299.817 165.655 23134253421 255 0
23134253429 284.915 165.775 59.0164 55.4376 33.2944 281.302 165.478 299.667 165.67 23134253429 255 0
23134253441 284.779 165.879 58.3269 54.6485 31.341 281.302 165.478 299.587 165.591 23134253441 255 0
23134253449 284.771 165.632 57.2419 54.0293 21.8306 281.13 165.361 299.619 165.522 23134253449 255 0
23134253461 284.514 165.747 57.3704 53.4844 25.4339 281.086 165.302 299.5 165.467 23134253461 255 0
23134253469 284.789 165.559 56.7595 53.301 26.7563 281.069 165.146 299.552 165.406 23134253469 255 0
23134253481 284.633 165.312 56.6968 52.814 20.3475 281.23 164.849 299.591 165.268 23134253481 255 0
23134253489 284.51 165.112 55.8982 52.6725 27.858 281.174 164.816 299.773 165.258 23134253489 255 0
23134253501 284.714 165.096 55.4189 51.9994 32.5181 281.32 164.737 299.591 165.268 23134253501 255 0
23134253509 284.773 165.204 55.1725 52.0948 27.557 281.271 164.653 299.773 165.258 23134253509 255 0
23134253521 284.829 165.144 55.1884 51.7481 26.192 281.24 164.653 299.603 165.169 23134253521 255 0
23134253529 284.719 165.167 54.6929 51.288 19.9394 281.32 164.604 299.524 165.045 23134253529 255 0
23134253541 284.903 165.245 54.342 51.4973 22.1216 281.243 164.757 299.856 165.207 23134253541 255 0
23134253549 285.277 165.131 54.2199 50.4823 20.2204 281.492 164.727 299.935 165.225 23134253549 255 0
23134253561 284.633 165.151 54.1309 50.5437 21.2556 280.997 164.617 299.523 165.086 23134253561 255 0
23134253569 284.306 165.203 54.0374 50.1649 18.5934 280.908 164.629 299.129 165.098 23134253569 255 0
23134253581 284.229 164.982 53.5561 49.5933 20.2673 280.833 164.601 299.129 165.098 23134253581 255 0
23134253589 284.359 164.874 53.2553 49.7308 21.509 280.908 164.629 299.213 165.124 23134253589 255 0
23134253601 284.33 164.844 53.3179 49.8624 21.7557 280.908 164.629 299.345 165.09 23134253601 255 0
23134253613 284.39 165.122 53.3353 49.3762 17.5969 280.979 164.663 299.533 165.158 23134253613 255 0
23134253621 284.65 165.246 53.4344 48.9472 19.68 281.047 164.822 299.535 165.121 23134253621 255 0
23134253633 284.559 165.29 52.7506 48.9047 20.0588 281.246 164.943 299.773 165.258 23134253633 255 0
23134253641 284.738 165.323 53.1741 48.9078 13.5554 281.33 164.81 299.773 165.258 23134253641 255 0
23134253653 284.91 165.065 52.9915 48.9339 21.5133 281.267 164.435 299.784 165.022 23134253653 255 0
23134253661 284.826 165.058 53.064 48.3876 18.2406 281.145 164.347 299.695 165.021 23134253661 255 0
23134253673 284.885 164.858 53.1332 48.6065 13.8856 281.102 164.414 299.523 165.086 23134253673 255 0
23134253681 284.583 165.079 52.0027 48.074 19.0758 281.102 164.414 299.523 165.086 23134253681 255 0
23134253693 284.582 165.072 52.5356 48.3725 17.7856 281.051 164.609 299.524 165.045 23134253693 255 0
23134253701 284.587 165.262 52.1612 48.2682 22.4568 281.112 164.731 299.67 165.126 23134253701 255 0
23134253713 284.553 165.014 51.9129 48.0416 17.0624 281.296 164.771 299.681 165.252 23134253713 255 0
23134253721 284.791 165.114 52.1885 48.1504 15.3702 281.248 164.806 299.764 165.203 23134253721 255 0
23134253733 284.908 165.036 52.121 48.1641 20.327 281.333 164.716 299.807 165.155 23134253733 255 0
23134253741 284.875 164.925 52.0607 47.8753 9.85532 281.327 164.762 299.773 165.258 23134253741 255 0
23134253753 284.694 165.32 51.6095 47.5719 22.3522 281.333 164.83 299.773 165.258 23134253753 255 0
23134253761 285.004 165.243 51.1208 48.1961 16.1131 281.333 165.067 299.746 165.409 23134253761 255 0
23134253773 284.891 165.418 51.527 47.7045 19.8778 281.207 165.092 299.844 165.419 23134253773 255 0
23134253781 285.198 165.349 51.6952 47.1952 19.1724 281.471 164.993 299.935 165.225 23134253781 255 0
23134253793 285.268 165.061 51.6613 47.0265 18.5683 281.521 164.731 300.174 165.194 23134253793 255 0
23134253801 285.228 164.872 51.3241 47.992 16.1441 281.676 164.731 300.258 165.198 23134253801 255 0
23134253813 285.531 164.973 51.7149 47.1756 22.6999 281.803 164.635 300.258 165.198 23134253813 255 0
23134253821 285.53 165.112 51.2136 47.3979 11.1186 281.759 164.746 300.258 165.198 23134253821 255 0
23134253833 285.372 165.26 51.1018 47.285 15.931 281.835 165.147 300.275 165.275 23134253833 255 0
23134253841 285.473 165.488 50.9516 47.6561 11.3167 281.835 165.147 300.395 165.811 23134253841 255 0
23134253853 284.841 165.346 50.2333 47.0845 25.7228 281.903 165.299 300.533 165.858 23134253853 255 0
23134253865 284.902 165.493 50.5581 46.8177 30.3144 281.903 165.299 300.533 165.858 23134253865 255 0
23134253873 285.518 165.717 51.0279 46.6481 21.1866 281.907 165.194 300.533 165.858 23134253873 255 0
23134253885 285.781 165.276 50.7046 47.4147 25.8461 282.275 165.275 300.807 165.6 23134253885 255 0
23134253893 286.305 165.415 50.5546 47.1961 33.602 282.462 165.333 300.793 165.481 23134253893 255 0
23134253905 286.053 165.627 51.3687 46.944 16.3343 282.275 165.275 300.807 165.6 23134253905 255 0
23134253913 286.198 165.305 51.1101 47.0368 14.5965 281.982 165.154 300.807 165.6 23134253913 255 0
23134253925 285.708 165.345 50.3839 46.6319 20.0365 281.907 165.108 300.694 165.523 23134253925 255 0
23134253933 285.461 165.263 50.0473 46.5545 23.9778 281.982 165.154 300.603 165.56 23134253933 255 0
23134253945 285.218 165.27 50.0831 46.1142 28.3887 281.789 165.097 300.367 165.269 23134253945 255 0
23134253953 285.596 165.193 50.345 46.3358 25.3972 281.845 164.815 300.391 165.211 23134253953 255 0
23134253965 285.782 165.045 50.4839 47.1171 17.4492 281.882 164.741 300.447 165.167 23134253965 255 0
23134253973 285.485 165.062 50.2122 46.4701 20.9118 281.952 164.694 300.483 165.184 23134253973 255 0
23134253985 286.089 164.988 50.8892 46.6499 18.8892 282.082 164.846 300.54 165.107 23134253985 255 0
23134253993 286.113 164.806 50.5145 46.9539 21.1956 282.138 164.677 300.54 165.245 23134253993 255 0
23134254005 285.945 165.214 50.745 46.0998 23.5855 282.1 164.703 300.762 165.176 23134254005 255 0
23134254013 286.131 164.886 50.8477 46.3604 12.6032 282.037 165.004 300.587 165.341 23134254013 255 0
23134254025 286.131 165.15 50.9029 47.3084 8.64148 281.907 165.108 300.678 165.455 23134254025 255 0
23134254033 285.867 165.197 50.1729 46.545 19.0339 281.907 165.108 300.64 165.431 23134254033 255 0
23134254045 285.771 165.067 50.4493 45.8495 22.3518 281.907 165.108 300.641 165.389 23134254045 255 0
23134254053 286.306 165.209 51.5251 45.9807 11.4001 282.015 165.08 300.725 165.402 23134254053 255 0
23134254065 286.097 165.022 50.7321 46.1211 16.4259 282.122 164.819 300.768 165.184 23134254065 255 0
23134254073 286.143 165.097 50.8577 45.3404 17.6968 282.47 164.663 300.852 165.133 23134254073 255 0
23134254085 286.391 164.775 50.1554 46.3292 14.6669 282.551 164.476 300.895 165.054 23134254085 255 0
23134254093 286.546 164.665 50.376 46.4923 12.5956 282.607 164.509 300.977 165.076 23134254093 255 0
23134254105 286.417 164.871 50.7153 46.1518 20.5891 282.568 164.825 300.935 165.225 23134254105 255 0
23134254117 286.336 165.429 50.252 45.826 24.8822 282.448 165.104 300.896 165.251 23134254117 255 0
23134254125 286.427 165.285 49.885 45.9027 14.2493 282.318 165.161 300.78 165.534 23134254125 255 0
23134254137 286.142 165.53 50.3583 45.2304 18.7301 282.448 165.152 300.78 165.534 23134254137 255 0
23134254145 286.126 165.406 50.4386 45.7581 27.8862 282.391 165.211 300.807 165.6 23134254145 255 0
23134254157 285.575 165.027 49.7656 45.5402 20.7643 281.931 164.962 300.641 165.433 23134254157 255 0
23134254165 284.749 164.79 49.6132 45.9753 23.4799 281.842 164.741 300.353 165.194 23134254165 255 0
23134254177 285.209 164.862 49.2128 45.7768 21.4132 281.952 164.694 300.483 165.184 23134254177 255 0
23134254185 285.607 164.606 49.3496 46.4124 13.0848 282.004 164.79 300.538 165.234 23134254185 255 0
23134254197 285.328 165.004 49.6223 45.9801 19.8034 281.961 164.95 300.604 165.366 23134254197 255 0
23134254205 285.528 165.108 50.1816 45.5328 16.6329 281.961 164.95 300.604 165.366 23134254205 255 0
23134254217 285.32 164.979 49.1908 45.5037 22.4093 281.888 164.909 300.495 165.256 23134254217 255 0
23134254225 285.313 164.793 49.3249 45.916 15.562 281.931 164.838 300.604 165.366 23134254225 255 0
23134254237 285.333 165.145 50.064 45.4577 22.41 281.907 165.108 300.678 165.455 23134254237 255 0
23134254245 285.675 165.158 50.4561 46.0354 9.52667 281.982 165.154 300.694 165.57 23134254245 255 0
23134254257 285.59 165.129 50.0021 45.628 14.2446 281.982 165.154 300.78 165.534 23134254257 255 0
23134254265 285.298 165.19 49.2845 45.5454 24.0951 282.004 165.079 300.78 165.534 23134254265 255 0
23134254277 286.024 165.01 50.4457 45.943 15.1653 282.224 165.165 300.78 165.534 23134254277 255 0
23134254285 285.275 165.104 49.6204 44.8611 19.7819 282.142 165.161 300.807 165.6 23134254285 255 0
23134254297 285.703 165.421 50.6715 45.3203 18.2666 282.275 165.275 300.807 165.6 23134254297 255 0
23134254305 285.624 165.393 50.0077 45.5222 20.9178 282.193 165.269 300.807 165.6 23134254305 255 0
23134254317 285.102 165.364 49.5771 45.6602 29.1616 282.033 165.257 300.63 165.862 23134254317 255 0
23134254325 285.227 165.437 49.2772 46.6585 26.7101 281.958 165.354 300.739 165.983 23134254325 255 0
23134254337 285.053 165.337 49.7746 45.9029 21.3203 281.903 165.299 300.533 165.858 23134254337 255 0
23134254345 284.869 165.52 49.5161 45.6805 22.351 281.859 165.076 300.603 165.56 23134254345 255 0
23134254357 285.091 165.229 49.8092 45.533 18.9651 281.835 165.147 300.517 165.397 23134254357 255 0
23134254369 285.013 165.133 50.5225 45.1282 12.1664 281.835 165.147 300.375 165.341 23134254369 255 0
23134254377 285.327 165.415 50.0023 45.6155 16.1432 281.902 165.003 300.429 165.406 23134254377 255 0
23134254389 285.397 165.398 50.4455 44.736 19.2068 281.835 165.147 300.512 165.573 23134254389 255 0
23134254397 285.339 165.382 50.599 45.2963 15.2532 281.907 165.194 300.636 165.628 23134254397 0 0
23134254409 285.127 165.338 49.2459 45.0253 20.8566 281.93 165.263 300.636 165.628 23134254409 0 0
23134254417 285.255 165.05 49.6402 45.8305 23.7937 281.93 165.263 300.723 165.636 23134254417 0 0
23134254429 285.476 165.445 50.5439 45.4607 15.6193 282.111 165.285 300.807 165.6 23134254429 0 0
23134254437 285.536 165.411 49.3978 45.0849 19.4197 282.033 165.257 300.807 165.6 23134254437 0 0
23134254449 285.121 165.435 49.1626 45.0197 20.7092 281.894 165.415 300.696 165.921 23134254449 0 0
23134254457 285.403 165.358 49.9596 46.4702 14.3192 281.839 165.623 300.658 166.051 23134254457 0 0
23134254469 285.318 165.658 49.5372 45.995 13.8943 281.69 165.408 300.529 165.663 23134254469 0 0
23134254477 285.222 165.515 49.8809 45.1325 26.3624 281.73 165.23 300.436 165.88 23134254477 0 0
23134254489 285.239 165.121 49.6799 45.369 14.0193 281.656 164.993 300.303 165.303 23134254489 0 0
23134254497 285.307 165.153 50.5079 45.2134 18.6275 281.615 165.113 300.275 165.275 23134254497 0 0
23134254509 284.948 165.222 49.1255 45.3704 19.6712 281.532 165.091 300.193 165.269 23134254509 0 0
23134254517 285.107 165.226 49.6698 44.6978 18.6019 281.663 165.121 300.275 165.275 23134254517 0 0
23134254529 284.835 165.078 48.7089 45.6387 16.9623 281.663 165.162 300.303 165.303 23134254529 0 0
23134254537 284.929 165.27 49.6353 45.0918 22.5746 281.835 165.147 300.357 165.369 23134254537 0 0
23134254549 285.338 165.144 49.5284 45.45 12.7455 281.835 165.147 300.553 165.42 23134254549 0 0
23134254557 284.926 165.339 48.8063 44.9653 22.1256 281.835 165.147 300.621 165.557 23134254557 0 0
23134254569 285.227 165.405 49.6105 45.2128 22.6977 281.879 165.23 300.436 165.88 23134254569 0 0
23134254577 285.191 165.439 49.5425 45.3905 13.794 281.667 165.509 300.352 165.686 23134254577 0 0
23134254589 285.262 165.679 49.7108 45.0076 15.2619 281.633 165.644 300.186 165.818 23134254589 0 0
23134254597 284.24 165.893 48.7104 45.0511 34.6415 281.454 165.824 300.278 166.012 23134254597 0 0
23134254609 284.817 166.321 49.0395 44.5807 26.093 281.883 165.821 300.35 166.193 23134254609 0 0
23134254621 285.082 165.755 48.6457 44.8485 18.5363 281.961 165.781 300.612 165.906 23134254621 0 0
23134254629 285.712 165.911 49.7985 45.2498 13.6848 281.961 165.712 300.586 165.793 23134254629 0 0
23134254641 285.208 165.572 48.5626 44.6144 22.1053 281.935 165.709 300.797 166.069 23134254641 0 0
23134254649 285.256 165.47 48.3346 45.4536 19.5862 282.31 165.812 300.979 166.041 23134254649 0 0
23134254661 285.28 165.645 48.5179 45.1158 31.0139 282.455 165.862 300.958 165.981 23134254661 0 0
23134254669 285.337 165.817 48.5012 45.0434 24.9996 282.584 165.592 301 165.775 23134254669 0 0
23134254681 285.575 165.861 49.5406 45.2699 26.4483 282.233 165.771 300.93 165.981 23134254681 0 0
23134254689 285.79 165.89 50.0067 45.3213 11.6703 282.148 165.799 300.787 166.086 23134254689 0 0
23134254701 285.154 166.006 48.899 44.6969 30.0339 282.078 165.726 300.701 166.163 23134254701 0 0
23134254709 285.08 166.239 49.0754 45.0169 29.7719 281.945 165.871 300.646 166.45 23134254709 0 0
23134254721 285.395 166.353 48.4056 45.5172 17.3665 281.9 166.268 300.674 166.467 23134254721 0 0
23134254729 285.69 166.337 49.5139 44.9021 18.8725 281.966 166.398 300.712 166.534 23134254729 0 0
23134254741 285.386 166.37 48.3968 45.5332 27.8458 282.225 166.317 300.712 166.534 23134254741 0 0
23134254749 285.234 166.142 48.3355 45.1799 16.6421 282.552 165.851 300.774 166.303 23134254749 0 0
23134254761 285.795 165.825 49.5826 45.3291 12.386 282.529 165.663 301.022 165.848 23134254761 0 0
23134254769 285.512 165.522 48.8565 45.1051 18.5061 282.352 165.476 300.891 165.925 23134254769 0 0
23134254781 285.546 165.238 49.8202 45.0986 18.3503 282.293 165.333 300.803 165.67 23134254781 0 0
23134254789 285.176 165.648 49.2183 44.9257 27.4238 281.958 165.354 300.63 165.862 23134254789 0 0
23134254801 285.067 165.523 48.5853 45.1688 22.2023 281.779 165.569 300.696 166.017 23134254801 0 0
23134254809 285.211 165.552 48.8804 45.7015 19.2759 281.79 165.533 300.583 165.697 23134254809 0 0
23134254821 284.986 165.794 49.4204 45.316 26.2833 281.839 165.623 300.658 166.051 23134254821 0 0
23134254829 285.142 165.486 49.3776 45.6913 18.5453 281.806 165.502 300.696 165.921 23134254829 0 0
23134254841 285.262 165.433 49.6236 45.3441 17.4074 281.894 165.415 300.63 165.862 23134254841 0 0
23134254849 285.302 165.587 49.8636 46.3809 21.5888 281.757 165.354 300.64 165.982 23134254849 0 0
23134254861 285.054 165.38 50.1137 46.0466 20.9184 281.703 165.533 300.494 165.893 23134254861 0 0
23134254873 284.894 165.68 50.4274 46.1321 18.2854 281.448 165.448 300.263 165.95 23134254873 0 0
23134254881 284.684 165.456 50.3418 47.0183 22.4756 281.299 165.531 300.065 165.775 23134254881 0 0
23134254893 284.312 165.352 50.1469 47.2264 21.5789 281.184 165.5 299.722 165.817 23134254893 0 0
23134254901 284.445 165.195 50.5136 47.2045 20.7263 281.049 165.51 299.587 165.591 23134254901 0 0
23134254913 284.674 165.299 51.8848 47.041 16.4846 281.13 165.361 299.619 165.522 23134254913 0 0
23134254921 284.61 165.174 51.4404 48.1938 19.208 280.996 165.309 299.703 165.533 23134254921 0 0
23134254933 284.58 165.175 52.5288 47.6753 14.8361 281.086 165.302 299.619 165.522 23134254933 0 0
23134254941 283.762 164.861 51.5063 47.7322 22.5433 281.194 164.98 299.566 165.305 23134254941 0 0
23134254953 284.636 164.887 52.188 47.9584 17.5838 281.387 164.842 299.818 165.348 23134254953 0 0
23134254961 284.779 164.961 52.9786 49.0461 17.162 281.45 165.134 299.93 165.33 23134254961 0 0
23134254973 284.822 164.965 52.9743 49.0107 17.784 281.34 165.215 299.918 165.831 23134254973 0 0
23134254981 284.684 165.497 53.8381 49.3147 16.667 281.466 165.477 300.083 165.952 23134254981 0 0
23134254993 284.761 165.477 53.9085 49.9944 25.1633 281.307 165.57 300.226 165.909 23134254993 0 0
23134255001 284.815 165.406 54.2163 50.0798 13.3453 281.302 165.498 300.023 165.924 23134255001 0 0
23134255013 284.523 165.428 54.0224 50.3653 26.1565 281.153 165.615 299.922 165.815 23134255013 0 0
23134255021 284.7 165.537 54.5429 50.9823 17.2228 281.247 165.771 299.922 165.815 23134255021 0 0
23134255033 284.726 165.471 54.7672 51.1992 23.7096 281.221 165.561 299.942 165.969 23134255033 0 0
23134255041 284.741 165.425 55.3466 51.6003 24.849 281.351 165.542 299.912 165.663 23134255041 0 0
23134255053 284.799 165.249 55.8258 52.4497 19.8924 281.302 165.478 299.801 165.862 23134255053 0 0
23134255061 284.363 165.199 55.5293 52.1168 21.4142 281.214 165.467 299.667 165.67 23134255061 0 0
23134255073 284.644 165.157 56.376 52.9163 21.305 281.193 165.344 299.746 165.545 23134255073 0 0
23134255081 284.39 165.13 56.6998 53.0219 32.1216 281.13 165.361 299.619 165.522 23134255081 0 0
23134255093 284.554 165.103 56.6249 53.1833 20.3351 281.154 165.423 299.674 165.6 23134255093 0 0
23134255101 284.579 165.155 57.6187 53.7975 21.5863 281.13 165.361 299.587 165.591 23134255101 0 0
23134255113 284.478 165.425 57.3422 53.7394 24.4738 281.154 165.423 299.674 165.6 23134255113 0 0
23134255125 284.501 165.219 57.7252 53.9482 21.3477 281.13 165.361 299.619 165.522 23134255125 0 0
23134255133 284.587 165.079 58.4906 54.5354 24.5352 281.133 165.122 299.674 165.355 23134255133 0 0
23134255145 284.425 164.885 58.0373 55.0361 21.2417 280.935 165.225 299.435 165.372 23134255145 0 0
23134255153 284.44 165.172 59.1876 55.1993 24.2069 280.935 165.225 299.468 165.327 23134255153 0 0
23134255165 284.434 165.083 59.1281 55.5743 23.7069 280.799 165.174 299.468 165.327 23134255165 0 0
23134255173 284.101 165.008 59.0147 55.9702 26.4444 280.799 165.174 299.416 165.282 23134255173 0 0
23134255185 283.843 165.105 59.6164 55.7832 22.2578 280.663 165.288 299.086 165.302 23134255185 0 0
23134255193 284.102 165.196 60.0849 56.1196 21.381 280.737 165 299.086 165.302 23134255193 0 0
23134255205 283.894 165.077 60.2444 56.451 25.7177 280.667 164.851 299.086 165.302 23134255205 0 0
23134255213 284.016 165.068 60.4436 56.9627 24.3608 280.667 164.851 299.067 165.235 23134255213 0 0
23134255225 284.248 164.914 60.8509 56.7436 23.0544 280.731 164.745 299.051 165.201 23134255225 0 0
23134255233 284.339 164.722 61.2183 57.6015 20.4048 280.796 164.68 299.129 165.098 23134255233 0 0
23134255245 283.937 164.921 61.1506 57.243 24.3405 280.796 164.68 299.315 165.072 23134255245 0 0
23134255253 284.357 164.64 61.3022 57.7329 19.5798 280.851 164.521 299.351 165.043 23134255253 0 0
23134255265 284.246 164.726 61.8884 57.7811 26.4462 280.851 164.521 299.26 165.066 23134255265 0 0
23134255273 284.478 164.796 61.8508 58.9417 22.5128 280.833 164.601 299.088 165.08 23134255273 0 0
23134255285 284.194 164.919 62.403 58.0962 17.676 280.621 164.761 298.935 165.225 23134255285 0 0
23134255293 284.081 164.82 62.4532 58.764 18.2517 280.587 164.736 298.935 165.225 23134255293 0 0
23134255305 283.991 164.916 62.3399 59.1529 19.0207 280.535 164.805 298.835 165.319 23134255305 0 0
23134255313 283.818 164.841 62.8193 59.0741 25.2525 280.587 164.736 298.896 165.251 23134255313 0 0
23134255325 283.785 164.839 62.4196 59.7991 29.9482 280.587 164.736 298.935 165.225 23134255325 0 0
23134255333 283.981 164.822 62.6199 59.0774 31.895 280.569 164.446 298.977 165.076 23134255333 0 0
23134255345 284.138 164.783 63.2665 60.1803 20.5282 280.638 164.377 299.074 165.052 23134255345 0 0
23134255353 284.144 164.817 63.469 59.6787 21.4053 280.705 164.431 299.072 165.127 23134255353 0 0
23134255365 284.012 165.048 63.394 59.94 17.8202 280.587 164.736 298.935 165.225 23134255365 0 0
23134255377 284.392 164.913 63.8299 59.9487 17.5595 280.587 164.736 298.935 165.225 23134255377 0 0
23134255385 284.234 164.833 64.0106 59.9658 18.1691 280.72 164.348 299.188 164.977 23134255385 0 0
23134255397 284.506 164.886 64.238 60.2038 24.0592 280.805 164.202 299.159 164.889 23134255397 0 0
23134255405 284.522 164.484 63.8181 61.067 23.5513 280.832 163.973 299.491 164.652 23134255405 0 0
23134255417 284.597 164.507 64.405 60.9128 24.08 281.096 164.066 299.62 164.502 23134255417 0 0
23134255425 284.798 164.351 64.5892 61.1747 26.7703 281.057 164.138 299.707 164.491 23134255425 0 0
23134255437 284.804 164.743 64.2554 61.3913 25.5864 281.179 164.444 299.835 164.73 23134255437 0 0
23134255445 284.737 164.978 65.0038 60.8657 27.7113 281.267 164.435 299.7 165 23134255445 0 0
23134255457 284.549 164.862 64.5547 61.3768 30.9489 281.197 164.487 299.612 165 23134255457 0 0
23134255465 284.73 165.044 64.701 61.5364 25.9636 281.119 164.456 299.695 165.021 23134255465 0 0
23134255477 284.788 165.001 65.2432 61.9221 24.3276 281.106 164.498 299.607 165.042 23134255477 0 0
23134255485 284.948 164.956 65.204 61.9382 23.3312 281.241 164.515 299.612 165 23134255485 0 0
23134255497 285.005 165.258 65.3882 61.7245 22.7173 281.298 164.457 299.861 165.143 23134255497 0 0
23134255505 284.904 164.91 65.0726 61.8213 25.7669 281.21 164.467 299.774 165.046 23134255505 0 0
23134255517 285.332 164.263 65.8912 61.9361 25.1096 281.581 163.835 300.14 164.43 23134255517 0 0
23134255525 285.891 163.895 65.0361 62.5224 23.792 281.885 163.749 300.426 164.237 23134255525 0 0
23134255537 285.885 164.091 65.775 62.1044 22.8075 281.885 163.749 300.518 164.208 23134255537 0 0
23134255545 285.845 164.267 66.013 62.0815 29.5747 281.852 163.874 300.346 164.549 23134255545 0 0
23134255557 285.826 164.544 65.8822 62.6322 30.5004 281.787 164.268 300.321 164.717 23134255557 0 0
23134255565 285.7 164.584 66.2345 62.73 22.4274 281.613 164.354 300.134 165.057 23134255565 0 0
23134255577 285.581 164.831 66.0496 62.375 21.9167 281.521 164.731 300.011 165.185 23134255577 0 0
23134255585 285.561 165.037 66.6256 62.6285 23.8261 281.521 164.79 300.091 165.212 23134255585 0 0
23134255597 285.538 164.83 66.5937 62.693 26.5746 281.597 164.756 300.011 165.185 23134255597 0 0
23134255605 285.585 164.72 66.2753 62.86 27.1811 281.57 164.644 300.091 165.167 23134255605 0 0
23134255617 285.741 164.813 66.6721 62.9417 29.2633 281.613 164.354 300.095 165.032 23134255617 0 0
23134255629 285.742 164.421 66.4811 63.3654 26.3499 281.618 164.491 300.098 164.947 23134255629 0 0
23134255637 285.76 164.416 66.7815 63.2533 29.0589 281.62 164.277 300.084 164.762 23134255637 0 0
23134255649 285.464 164.651 66.44 62.5664 28.0081 281.54 164.311 300.084 164.762 23134255649 0 0
23134255657 285.736 164.727 66.9457 62.9253 22.9707 281.59 164.253 300.004 164.79 23134255657 0 0
23134255669 285.555 164.574 67.2048 63.0998 28.8216 281.51 164.288 300.027 164.709 23134255669 0 0
23134255677 285.563 164.701 67.8454 62.8226 29.1033 281.57 164.113 300.127 164.536 23134255677 0 0
23134255689 285.818 164.343 67.1161 63.502 27.3128 281.653 164.095 300.127 164.536 23134255689 0 0
23134255697 285.74 164.589 67.0873 63.6029 29.0541 281.799 164.097 300.341 164.489 23134255697 0 0
23134255709 285.99 164.684 67.8958 63.485 24.6796 281.613 164.354 300.294 164.746 23134255709 0 0
23134255717 285.733 164.869 67.4452 63.8691 27.8021 281.613 164.354 300.119 164.869 23134255717 0 0
23134255729 285.658 164.768 68.1178 63.4602 31.9413 281.59 164.253 300.004 164.79 23134255729 0 0
23134255737 285.475 164.606 68.0005 63.93 22.9641 281.387 164.189 300.004 164.637 23134255737 0 0
23134255749 285.4 164.335 67.9777 64.4234 31.7637 281.178 164.045 299.707 164.491 23134255749 0 0
23134255757 284.996 164.532 67.7982 64.2307 35.4094 281.096 164.066 299.62 164.502 23134255757 0 0
23134255769 285.092 164.466 68.1252 64.1892 27.8575 281.173 163.98 299.5 164.468 23134255769 0 0
23134255777 285.382 164.552 68.276 64.683 27.7104 281.197 164.006 299.707 164.491 23134255777 0 0
23134255789 285.602 164.583 68.6875 64.5536 26.8182 281.304 163.977 299.745 164.558 23134255789 0 0
23134255797 285.487 164.514 68.5071 64.4052 26.5873 281.38 163.997 299.907 164.405 23134255797 0 0
23134255809 285.727 164.4 69.0391 64.617 31.9242 281.467 163.883 300.06 164.401 23134255809 0 0
23134255817 285.973 164.534 69.4007 65.0096 24.2791 281.667 163.811 300.14 164.43 23134255817 0 0
23134255829 285.705 164.474 68.9583 65.0487 35.3628 281.622 164.044 300.14 164.43 23134255829 0 0
23134255837 285.842 164.708 69.414 64.9677 31.7722 281.59 164.253 300.11 164.678 23134255837 0 0
23134255849 285.742 164.839 69.2645 64.9864 28.3281 281.613 164.354 300.048 165.032 23134255849 0 0
23134255857 285.813 164.911 69.1846 65.498 29.2864 281.492 164.67 299.966 165.133 23134255857 0 0
23134255869 285.469 164.982 69.3048 65.2303 28.3445 281.492 164.67 300.091 165.167 23134255869 0 0
23134255881 285.793 164.975 70.0341 65.5051 22.5345 281.531 164.521 300.048 165.032 23134255881 0 0
23134255889 285.845 164.928 69.8705 65.5601 28.2309 281.615 164.389 300.048 165.032 23134255889 0 0
23134255901 285.815 164.668 69.89 65.6216 27.8213 281.613 164.354 300.084 164.762 23134255901 255 0
23134255909 285.795 164.607 70.4772 66.3545 29.1444 281.59 164.253 300.11 164.678 23134255909 255 0
23134255921 285.556 164.717 69.8677 66.1873 32.6084 281.62 164.277 300.027 164.709 23134255921 255 0
23134255929 285.492 164.672 70.5602 66.0871 22.9418 281.51 164.288 300.004 164.79 23134255929 255 0
23134255941 285.773 164.702 70.4963 66.2642 28.7677 281.469 164.439 300.004 164.79 23134255941 255 0
23134255949 285.592 164.518 70.2017 66.7066 24.7185 281.5 164.163 300.084 164.605 23134255949 255 0
23134255961 285.746 164.475 70.7423 66.8135 27.4426 281.57 164.113 300.127 164.536 23134255961 255 0
23134255969 285.712 164.371 70.4755 66.948 28.0293 281.57 164.113 300.127 164.536 23134255969 255 0
23134255981 285.825 164.581 70.8976 66.1573 26.6306 281.622 164.044 300.107 164.467 23134255981 255 0
23134255989 285.714 164.478 71.0007 66.7409 28.2987 281.599 164.017 300.14 164.43 23134255989 255 0
23134256001 285.703 164.292 70.8354 67.3453 27.4005 281.421 164.311 300.011 164.333 23134256001 255 0
23134256009 285.761 164.448 71.1692 67.2734 26.8685 281.416 163.856 299.927 164.715 23134256009 255 0
23134256021 285.436 164.305 71.4309 67.2774 25.648 281.176 164.115 299.849 164.465 23134256021 255 0
23134256029 285.366 164.075 71.244 67.3621 30.4873 281.288 163.853 299.774 164.372 23134256029 255 0
23134256041 285.377 164.24 71.0975 67.6888 19.7103 281.252 163.833 299.774 164.372 23134256041 255 0
23134256049 285.437 164.181 71.3825 67.6821 28.0491 281.236 163.906 299.768 164.423 23134256049 255 0
23134256061 285.51 164.237 71.8171 67.687 21.8637 281.252 163.833 299.775 164.326 23134256061 255 0
23134256069 285.238 163.947 71.6309 67.9867 25.8059 281.252 163.833 299.729 164.326 23134256069 255 0
23134256081 285.377 164.043 71.6638 67.8032 29.3112 281.053 163.765 299.789 164.175 23134256081 255 0
23134256089 285.269 164.1 72.1454 68.061 32.2104 281.144 163.77 299.866 163.92 23134256089 255 0
23134256101 285.232 163.832 71.6731 68.3066 28.5547 281.167 163.67 299.808 163.816 23134256101 255 0
23134256109 285.588 163.772 72.7096 68.2937 24.4472 281.147 163.61 299.816 164.222 23134256109 255 0
23134256121 285.48 163.953 72.6234 68.4838 26.7049 281.167 163.67 299.808 163.816 23134256121 255 0
23134256133 285.457 163.916 72.6159 68.4824 25.5686 281.167 163.67 299.891 163.843 23134256133 255 0
23134256141 285.455 163.946 72.4569 67.9535 27.8132 281.167 163.67 299.891 163.843 23134256141 255 0
23134256153 285.309 163.777 72.6353 68.2809 25.7906 281.232 163.618 299.769 163.784 23134256153 255 0
23134256161 285.42 163.818 72.6026 68.9362 25.1756 281.065 163.49 299.579 163.702 23134256161 255 0
23134256173 284.94 163.533 72.9761 68.058 30.1101 280.987 163.39 299.5 163.6 23134256173 255 0
23134256181 284.853 163.555 72.6311 68.3355 28.1542 280.821 163.498 299.457 163.66 23134256181 255 0
23134256193 284.828 163.751 72.6506 68.4218 27.7842 280.821 163.498 299.252 163.833 23134256193 255 0
23134256201 284.764 163.66 72.3025 69.0579 29.9049 280.839 163.564 299.159 163.83 23134256201 255 0
23134256213 285.014 163.52 72.827 68.3948 23.2424 280.807 163.6 299.252 163.833 23134256213 255 0
23134256221 284.774 163.659 72.083 67.5812 33.4644 280.839 163.564 299.252 163.833 23134256221 255 0
23134256233 285.099 163.575 71.7185 66.9806 29.6131 280.823 163.448 299.457 163.66 23134256233 255 0
23134256241 285.191 163.284 71.0938 66.4916 25.2745 280.987 163.39 299.533 163.533 23134256241 255 0
23134256253 285.261 163.159 69.8113 65.9624 27.3105 281.014 163.209 299.773 163.258 23134256253 255 0
23134256261 285.252 163.014 68.7659 65.3783 27.2969 281.19 162.905 299.856 163.207 23134256261 255 0
23134256273 285.264 163.017 68.5884 63.6774 22.3628 281.145 162.741 299.502 163.189 23134256273 255 0
23134256281 285.045 163.037 67.2852 63.2088 28.399 280.958 163.073 299.448 163.14 23134256281 255 0
23134256293 284.839 163.112 66.211 62.2229 23.9335 280.809 163.288 299.519 163.385 23134256293 255 0
23134256301 284.971 162.982 65.3819 62.079 23.7337 280.835 163.319 299.438 163.418 23134256301 255 0
23134256313 284.695 163.231 64.4831 60.6457 28.9176 280.835 163.319 299.519 163.385 23134256313 255 0
23134256321 284.949 163.219 63.6298 60.2297 24.2967 280.859 163.385 299.435 163.372 23134256321 255 0
23134256333 284.84 163.088 62.6777 59.0353 27.0042 280.966 163.327 299.533 163.533 23134256333 255 0
23134256341 284.929 163.265 62.3412 58.4124 27.0586 280.987 163.39 299.533 163.533 23134256341 255 0
23134256353 284.572 163.404 61.4537 57.254 25.5941 280.915 163.439 299.633 163.6 23134256353 255 0
23134256361 284.581 163.569 60.5836 56.4754 25.1828 280.975 163.564 299.363 163.772 23134256361 255 0
23134256373 284.577 163.662 60.4484 55.9668 25.4402 280.88 163.576 299.369 163.76 23134256373 255 0
23134256385 284.624 163.381 59.2639 55.8606 27.9141 280.975 163.564 299.489 163.744 23134256385 255 0
23134256393 284.649 163.649 58.695 54.7869 28.0428 280.915 163.439 299.628 163.638 23134256393 255 0
23134256405 284.782 163.484 57.8046 54.4915 21.9945 280.898 163.398 299.587 163.591 23134256405 255 0
23134256413 285.243 163.601 57.9838 53.475 22.242 281.314 163.333 299.817 163.655 23134256413 255 0
23134256425 284.979 163.429 56.8513 52.5312 24.2659 281.34 163.257 299.918 163.831 23134256425 255 0
23134256433 285.636 163.562 56.3333 52.5136 20.8152 281.418 163.377 300.144 163.726 23134256433 255 0
23134256445 285.162 163.636 55.6658 51.8903 25.9875 281.303 163.561 300.078 163.726 23134256445 255 0
23134256453 284.988 163.878 55.2067 51.352 25.7655 281.262 163.716 300.035 163.853 23134256453 255 0
23134256465 284.858 164.083 55.2519 50.4894 29.7212 281.509 163.706 299.863 164.157 23134256465 255 0
23134256473 284.945 164.037 54.1058 50.2946 26.2543 281.252 163.833 299.816 164.298 23134256473 255 0
23134256485 284.878 163.959 54.0311 49.8923 22.2299 281.063 163.937 299.849 164.326 23134256485 255 0
23134256493 285.04 163.901 54.0448 49.6676 23.5781 281.252 163.833 299.831 164.144 23134256493 255 0
23134256505 285.054 163.76 53.2957 49.4832 24.1938 281.384 163.602 299.891 163.843 23134256505 255 0
23134256513 284.874 163.742 53.3616 48.8099 26.5654 281.257 163.54 300.183 163.992 23134256513 255 0
23134256525 285.315 163.528 53.3339 48.7997 18.0258 281.318 163.425 300.198 163.853 23134256525 255 0
23134256533 284.857 163.272 52.5785 48.8147 16.5789 281.237 163.452 299.943 163.822 23134256533 255 0
23134256545 284.96 163.604 52.6671 48.3039 19.7375 281.083 163.49 299.81 163.802 23134256545 255 0
23134256553 284.859 163.278 52.3025 48.5592 23.4429 281.065 163.49 299.64 163.767 23134256553 255 0
23134256565 284.587 163.604 51.9333 48.0498 24.3118 280.915 163.439 299.453 163.791 23134256565 255 0
23134256573 284.579 163.489 51.8257 47.2397 25.1373 280.915 163.439 299.398 163.739 23134256573 255 0
23134256585 284.427 163.292 51.2892 47.5641 23.5783 280.915 163.439 299.363 163.772 23134256585 255 0
23134256593 284.361 163.343 51.2723 47.162 22.4824 280.915 163.439 299.488 163.709 23134256593 255 0
23134256605 284.637 163.254 51.01 47.2047 22.4036 280.987 163.39 299.545 163.636 23134256605 255 0
23134256613 285.059 163.088 51.1272 47.8586 26.5161 280.987 163.39 299.545 163.636 23134256613 255 0
23134256625 284.671 163.426 50.9927 46.867 20.743 280.987 163.39 299.545 163.636 23134256625 255 0
23134256637 284.575 163.338 51.2376 46.4977 18.2159 280.915 163.439 299.633 163.644 23134256637 255 0
23134256645 284.574 163.201 49.9801 46.8083 24.3809 280.915 163.439 299.488 163.709 23134256645 255 0
23134256657 284.156 163.224 49.9299 46.6782 25.2021 280.915 163.439 299.454 163.777 23134256657 255 0
23134256665 284.737 163.239 50.4375 46.6752 21.0943 280.915 163.439 299.489 163.744 23134256665 255 0
23134256677 284.399 163.433 49.9295 46.7382 33.6926 280.915 163.439 299.456 163.667 23134256677 255 0
23134256685 284.617 163.12 50.0253 46.8152 24.5001 280.987 163.39 299.636 163.628 23134256685 255 0
23134256697 284.575 163.245 50.3494 46.1158 20.6678 280.987 163.39 299.587 163.591 23134256697 255 0
23134256705 284.595 163.409 50.3041 46.1113 25.5303 280.969 163.344 299.74 163.616 23134256705 255 0
23134256717 284.58 163.43 49.497 45.8381 28.7159 281.231 163.36 299.74 163.616 23134256717 255 0
23134256725 284.954 163.33 50.1509 45.2855 13.2844 281.117 163.38 299.918 163.831 23134256725 255 0
23134256737 285.03 163.489 49.91 46.0391 18.0391 281.237 163.413 300.144 163.726 23134256737 255 0
23134256745 284.697 163.597 49.8901 45.3448 23.2365 281.237 163.529 300.114 163.902 23134256745 255 0
23134256757 284.58 163.622 48.8864 45.3795 22.1146 281.227 163.47 299.902 164.004 23134256757 255 0
23134256765 284.536 163.655 49.746 45.33 24.1756 281.083 163.49 299.943 163.89 23134256765 255 0
23134256777 284.487 163.436 49.4345 44.7304 22.6591 281.083 163.49 299.81 163.802 23134256777 255 0
23134256785 284.31 163.361 49.036 44.7785 25.7828 281.203 163.392 299.787 163.686 23134256785 255 0
23134256797 284.642 163.378 49.5954 44.3462 23.5085 281.117 163.38 299.667 163.67 23134256797 255 0
23134256805 284.453 163.136 49.121 44.8401 20.9413 281.035 163.278 299.746 163.545 23134256805 255 0
23134256817 284.836 163.149 48.9977 45.119 23.1594 281.346 163.304 299.746 163.545 23134256817 255 0
23134256825 284.74 163.29 48.6395 45.137 21.9935 281.265 163.294 299.667 163.67 23134256825 255 0
23134256837 284.553 163.4 48.8828 45.0274 19.4023 281.117 163.38 299.734 163.762 23134256837 255 0
23134256845 284.186 163.86 48.8848 44.6167 19.8454 281.038 163.604 299.326 163.799 23134256845 255 0
23134256857 283.932 163.974 48.9226 44.5402 21.7158 280.975 163.564 299.333 163.851 23134256857 255 0
23134256865 283.882 163.984 48.5244 44.8603 29.5747 280.975 163.564 299.252 163.833 23134256865 255 0
23134256877 284.165 163.882 48.5477 45.4098 24.2247 280.975 163.564 299.252 163.833 23134256877 255 0
23134256889 283.9 163.733 48.1229 45.4947 23.5141 280.88 163.576 299.252 163.833 23134256889 255 0
23134256897 283.86 163.857 48.9159 44.528 17.6898 280.88 163.576 299.252 163.833 23134256897 255 0
23134256909 283.939 163.898 48.7137 44.5119 26.4239 280.88 163.576 299.252 163.833 23134256909 255 0
23134256917 283.837 163.666 48.3588 44.6175 24.8472 280.88 163.576 299.333 163.786 23134256917 255 0
23134256929 283.965 163.652 48.4286 44.4117 22.0002 280.88 163.576 299.363 163.772 23134256929 255 0
23134256937 284.007 163.63 48.7363 44.0525 26.7532 280.987 163.39 299.398 163.739 23134256937 255 0
23134256949 284.23 163.474 48.7675 44.3805 22.239 280.987 163.39 299.579 163.702 23134256949 255 0
23134256957 283.843 163.665 47.9763 44.3795 26.6089 280.987 163.39 299.636 163.628 23134256957 255 0
23134256969 283.948 163.808 48.3047 44.4268 19.9179 280.987 163.39 299.363 163.772 23134256969 255 0
23134256977 284.101 163.749 48.4131 44.2274 23.6637 280.915 163.439 299.419 163.804 23134256977 255 0
23134256989 284.002 163.735 48.2653 44.3087 19.9026 280.915 163.439 299.363 163.772 23134256989 255 0
23134256997 284.095 163.676 48.4523 44.2971 25.8174 280.915 163.439 299.454 163.733 23134256997 255 0
23134257009 284.13 163.553 48.5458 44.2898 23.0984 280.823 163.448 299.454 163.733 23134257009 255 0
23134257017 283.976 163.886 48.3505 43.8341 26.3856 280.915 163.439 299.489 163.7 23134257017 255 0
23134257029 284.055 163.626 48.1313 44.4414 21.3488 280.915 163.439 299.489 163.7 23134257029 255 0
23134257037 284.422 163.295 47.9764 44.7255 19.1542 280.823 163.448 299.363 163.772 23134257037 255 0
23134257049 284.067 163.657 48.5306 44.2045 24.6895 280.915 163.439 299.454 163.777 23134257049 255 0
23134257057 284.087 163.666 48.504 44.0176 20.4595 280.975 163.564 299.326 163.799 23134257057 255 0
23134257069 283.804 163.788 47.9743 43.9007 26.3212 281.038 163.604 299.454 163.777 23134257069 255 0
23134257077 284.232 163.742 47.8005 44.9695 30.8954 281.038 163.604 299.326 163.799 23134257077 255 0
23134257089 284.103 163.783 47.493 44.4612 20.4088 281.038 163.604 299.418 163.824 23134257089 255 0
23134257097 284.07 163.624 47.3528 44.2095 28.6927 281.065 163.49 299.489 163.744 23134257097 255 0
23134257109 284.333 163.665 48.5084 44.449 18.8877 281.131 163.442 299.734 163.762 23134257109 255 0
23134257117 284.171 163.82 47.9838 44.3396 17.2899 280.96 163.44 299.787 163.686 23134257117 255 0
23134257129 284.325 163.718 48.5526 43.4635 27.7586 281.131 163.442 299.667 163.67 23134257129 255 0
23134257141 284.63 163.521 48.3513 44.73 23.2323 281.058 163.337 299.674 163.6 23134257141 255 0
23134257149 284.159 163.294 47.5008 44.4131 31.7272 280.996 163.309 299.674 163.6 23134257149 255 0
23134257161 284.469 163.397 47.9549 44.3228 24.2747 281.231 163.36 299.674 163.6 23134257161 255 0
23134257169 284.578 163.512 48.6915 44.0202 24.6637 281.34 163.257 299.918 163.831 23134257169 255 0
23134257181 284.443 163.81 48.3667 43.6721 19.7456 281.45 163.347 300.144 163.726 23134257181 255 0
23134257189 284.804 163.83 48.6796 43.6225 18.6272 281.498 163.509 300.314 163.713 23134257189 255 0
23134257201 285.07 163.839 49.8396 43.6505 13.4046 281.529 163.436 300.314 163.713 23134257201 255 0
23134257209 284.745 163.678 47.8627 44.4712 21.1539 281.498 163.509 300.314 163.713 23134257209 255 0
23134257221 284.546 163.988 48.0656 43.8866 23.2634 281.582 163.519 300.159 163.742 23134257221 255 0
23134257229 284.582 163.802 47.752 44.3117 22.76 281.431 163.652 300.102 163.799 23134257229 255 0
23134257241 284.506 164.09 47.9031 43.8174 26.2247 281.419 163.804 300.036 163.933 23134257241 255 0
23134257249 284.874 164.096 48.1667 44.5011 18.9869 281.468 163.716 300.243 164.165 23134257249 255 0
23134257261 284.936 164.014 48.2768 44.3746 18.4484 281.715 163.97 300.237 163.88 23134257261 255 0
23134257269 284.862 164.139 48.2866 43.8756 26.1012 281.832 163.781 300.647 163.847 23134257269 255 0
23134257281 284.782 163.706 47.3657 44.6698 23.4644 281.92 163.716 300.586 163.793 23134257281 255 0
23134257289 284.988 163.967 47.19 43.8388 25.6209 282.093 163.891 300.64 163.854 23134257289 255 0
23134257301 285.012 163.967 47.4541 44.3228 22.5303 282.083 163.952 300.826 164.106 23134257301 255 0
23134257309 284.833 164.517 47.2069 44.0372 24.5403 282.12 163.656 300.775 164.465 23134257309 255 0
23134257321 285.28 164.469 48.0528 44.0362 17.4662 282.053 164.025 300.712 164.534 23134257321 255 0
23134257329 285.105 164.436 47.1528 44.6425 30.6466 282.032 164.174 300.712 164.534 23134257329 255 0
23134257341 285.238 164.708 48.17 44.4721 25.1846 282.091 164.007 300.674 164.467 23134257341 255 0
23134257349 285.613 164.085 48.0114 44.884 14.8635 282.345 163.798 300.837 164.389 23134257349 255 0
23134257361 285.423 164.303 47.8677 44.2711 26.2544 282.604 163.78 300.818 164.348 23134257361 255 0
23134257369 285.786 164.226 48.4397 44.6446 22.5987 282.624 163.979 300.973 164.475 23134257369 255 0
23134257381 285.612 164.632 48.2102 44.0572 25.4915 282.72 164.074 301.199 164.636 23134257381 255 0
23134257393 285.695 164.596 48.4767 44.1709 21.2742 282.68 164.1 301.18 164.776 23134257393 255 0
