20180312T134715.527643 20 20
20180312T134715.539256 20 20
20180312T134715.546949 150.486 220.928 100.14 89.4845 133.578 186.877 259.205 217.1 264.484 20180312T134715.546949 20 20
20180312T134715.559009 20 20
20180312T134715.566973 20 20
20180312T134715.578672 150.723 220.802 100.068 89.9946 133.347 187.021 259.021 217.284 264.255 20180312T134715.578672 20 20
20180312T134715.591764 20 20
20180312T134715.598124 20 20
20180312T134715.610159 150.649 221.136 100.242 89.7722 133.517 187.146 259.301 217.095 264.418 20180312T134715.610159 20 20
20180312T134715.618173 20 20
20180312T134715.630119 20 20
20180312T134715.638083 150.428 221.101 100.385 89.6925 132.914 186.931 259.693 216.667 264.467 20180312T134715.638083 20 20
20180312T134715.650140 20 20
20180312T134715.658108 20 20
20180312T134715.670097 150.705 221.277 100.168 90.1544 132.686 186.864 259.324 216.661 264.128 20180312T134715.670097 20 20
20180312T134715.678194 20 20
20180312T134715.690111 20 20
20180312T134715.698083 150.731 221.305 100.379 90.1056 132.886 186.915 259.36 216.263 263.831 20180312T134715.698083 20 20
20180312T134715.710132 20 20
20180312T134715.718104 20 20
20180312T134715.730088 150.941 221.065 100.395 90.3593 132.14 187.01 259.151 215.856 263.537 20180312T134715.730088 20 20
20180312T134715.738656 20 20
20180312T134715.750103 20 20
20180312T134715.758074 150.835 220.97 100.295 90.3571 133.965 186.929 259.1 215.309 263.223 20180312T134715.758074 20 20
20180312T134715.770120 20 20
20180312T134715.778086 20 20
20180312T134715.790143 151.186 221.216 100.551 91.011 133.865 186.83 259.11 215.274 263.286 20180312T134715.790143 20 20
20180312T134715.798780 20 20
20180312T134715.810106 20 20
20180312T134715.818190 151.159 220.932 101.163 91.0539 133.882 186.896 259.08 215.425 263.172 20180312T134715.818190 20 20
20180312T134715.830133 20 20
20180312T134715.842192 20 20
20180312T134715.850487 151.202 220.99 101.113 91.4239 133.526 186.896 259.08 215.376 263.127 20180312T134715.850487 20 20
20180312T134715.862538 20 20
20180312T134715.870501 20 20
20180312T134715.882496 151.027 221.014 101.475 92.0283 135.469 186.83 259.11 215.018 263.101 20180312T134715.882496 20 20
20180312T134715.890574 20 20
20180312T134715.902517 20 20
20180312T134715.910493 151.025 221.112 101.645 92.4685 134.134 186.783 259.061 215.376 263.127 20180312T134715.910493 20 20
20180312T134715.922133 20 20
20180312T134715.930183 20 20
20180312T134715.942505 149.895 219.601 102.009 91.7796 134.517 186.566 258.791 216.654 263.806 20180312T134715.942505 20 20
20180312T134715.951117 20 20
20180312T134715.962642 20 20
20180312T134715.970623 150.121 220.169 101.735 93.0571 132.23 186.432 259.014 216.74 264.134 20180312T134715.970623 20 20
20180312T134715.982792 20 20
20180312T134715.990749 20 20
20180312T134716.002740 150.033 220.176 102.02 93.4098 133.828 186.479 259.062 216.719 264.283 20180312T134716.002740 20 20
20180312T134716.011330 20 20
20180312T134716.022514 20 20
20180312T134716.030549 150.05 220.262 103.106 93.1153 133.621 186.549 259.09 216.765 264.329 20180312T134716.030549 20 20
20180312T134716.042152 20 20
20180312T134716.050119 20 20
20180312T134716.062063 150.206 220.333 103.302 93.5104 132.824 186.627 259.122 217.027 264.321 20180312T134716.062063 20 20
20180312T134716.070232 20 20
20180312T134716.082633 20 20
20180312T134716.094617 150.184 220.417 103.157 93.9901 133.094 186.669 259.292 217.021 264.469 20180312T134716.094617 20 20
20180312T134716.102786 20 20
20180312T134716.114922 20 20
20180312T134716.122891 150.252 220.337 103.108 94.8367 132.691 186.91 259.354 217.155 264.442 20180312T134716.122891 20 20
20180312T134716.135397 20 20
20180312T134716.142091 20 20
20180312T134716.154083 150.359 220.182 103.363 94.2305 133.34 186.958 259.169 217.266 264.39 20180312T134716.154083 20 20
20180312T134716.162846 20 20
20180312T134716.174100 20 20
20180312T134716.182079 150.335 220.143 103.355 94.7334 134.116 186.769 259.219 217.176 264.414 20180312T134716.182079 20 20
20180312T134716.195275 20 20
20180312T134716.202685 20 20
20180312T134716.214610 150.724 220.136 103.588 95.2268 134.118 186.92 259.104 217.182 264.344 20180312T134716.214610 20 20
20180312T134716.223376 20 20
20180312T134716.234401 20 20
20180312T134716.242382 150.753 220.122 103.582 95.0076 133.324 186.958 259.049 217.245 264.278 20180312T134716.242382 20 20
20180312T134716.254412 20 20
20180312T134716.262373 20 20
20180312T134716.274386 150.758 220.05 103.504 95.2331 134.085 186.945 258.927 217.305 264.057 20180312T134716.274386 20 20
20180312T134716.282941 20 20
20180312T134716.294150 20 20
20180312T134716.302098 150.903 220.001 103.615 94.7019 133.913 187.174 258.906 217.49 264.1 20180312T134716.302098 20 20
20180312T134716.314118 20 20
20180312T134716.322091 20 20
20180312T134716.334072 150.666 220.055 103.625 94.6222 133.889 186.943 258.749 217.089 263.894 20180312T134716.334072 20 20
20180312T134716.348270 20 20
20180312T134716.354418 20 20
20180312T134716.366475 150.237 220.082 103.191 94.7472 132.781 186.28 258.667 216.659 263.833 20180312T134716.366475 20 20
20180312T134716.375623 20 20
20180312T134716.386222 20 20
20180312T134716.394911 150.149 220.108 103.225 94.6161 131.554 186.212 258.662 216.586 263.927 20180312T134716.394911 20 20
20180312T134716.406449 20 20
20180312T134716.414646 20 20
20180312T134716.427302 150.452 220.322 102.915 94.8527 131.804 186.365 258.745 216.631 263.995 20180312T134716.427302 20 20
20180312T134716.434888 20 20
20180312T134716.446094 20 20
20180312T134716.454057 150.214 220.252 102.756 95.0917 131.561 186.007 258.898 216.534 264.075 20180312T134716.454057 20 20
20180312T134716.466113 20 20
20180312T134716.474184 20 20
20180312T134716.486072 150.533 220.472 102.571 95.3906 130.6 186.195 259.06 216.577 264.202 20180312T134716.486072 20 20
20180312T134716.494213 20 20
20180312T134716.506162 20 20
20180312T134716.514140 150.496 220.515 103.195 94.455 130.929 186.521 259.185 216.908 264.333 20180312T134716.514140 20 20
20180312T134716.526108 20 20
20180312T134716.534071 20 20
20180312T134716.546132 150.682 220.667 102.34 96.1578 127.186 186.299 259.149 216.616 264.233 20180312T134716.546132 20 20
20180312T134716.554130 20 20
20180312T134716.566080 20 20
20180312T134716.574151 150.727 220.747 103.057 95.3012 129.644 186.521 259.185 216.828 264.369 20180312T134716.574151 20 20
20180312T134716.586116 20 20
20180312T134716.598074 20 20
20180312T134716.606110 150.667 220.576 103.127 95.9371 130.866 186.549 259.007 216.63 263.934 20180312T134716.606110 20 20
20180312T134716.618091 20 20
20180312T134716.626062 20 20
20180312T134716.638047 150.693 220.544 103.28 95.9156 130.165 186.556 258.956 216.663 263.872 20180312T134716.638047 20 20
20180312T134716.646130 20 20
20180312T134716.658088 20 20
20180312T134716.666063 150.48 220.643 103.482 96.6681 127.83 186.261 258.8 216.383 263.821 20180312T134716.666063 20 20
20180312T134716.678156 20 20
20180312T134716.686113 20 20
20180312T134716.698069 150.881 220.512 104.207 97.3993 127.594 186.193 258.704 216.347 263.803 20180312T134716.698069 20 20
20180312T134716.706200 20 20
20180312T134716.718087 20 20
20180312T134716.726065 150.438 220.331 104.896 96.4041 130.714 186.373 258.802 216.323 263.751 20180312T134716.726065 20 20
20180312T134716.738112 20 20
20180312T134716.746077 20 20
20180312T134716.758066 150.843 220.648 104.402 97.671 128.111 186.264 258.708 216.271 263.765 20180312T134716.758066 20 20
20180312T134716.766113 20 20
20180312T134716.778115 20 20
20180312T134716.786049 150.631 220.405 105.381 97.0407 132.371 186.297 258.841 216.24 263.702 20180312T134716.786049 20 20
20180312T134716.798201 20 20
20180312T134716.806131 20 20
20180312T134716.818109 150.658 220.586 105.516 97.2107 131.991 186.076 258.728 215.953 263.57 20180312T134716.818109 20 20
20180312T134716.826153 20 20
20180312T134716.838078 20 20
20180312T134716.850093 150.575 220.696 105.546 97.2115 131.943 186.049 258.946 215.723 263.649 20180312T134716.850093 20 20
20180312T134716.858103 20 20
20180312T134716.870083 20 20
20180312T134716.878057 150.726 220.78 105.697 97.7588 130.767 185.935 259.13 215.665 263.593 20180312T134716.878057 20 20
20180312T134716.890116 20 20
20180312T134716.898065 20 20
20180312T134716.910066 150.541 221.086 105.991 97.7882 131.924 185.836 259.157 215.262 263.548 20180312T134716.910066 20 20
20180312T134716.918116 20 20
20180312T134716.930081 20 20
20180312T134716.938060 150.602 221.095 105.835 98.0867 130.916 185.904 259.184 215.262 263.548 20180312T134716.938060 20 20
20180312T134716.950189 20 20
20180312T134716.958109 20 20
20180312T134716.971444 150.689 220.963 106.692 97.8816 132.693 185.97 259.216 215.196 263.435 20180312T134716.971444 20 20
20180312T134716.978241 20 20
20180312T134716.990348 20 20
20180312T134716.999055 150.479 221.172 106.372 98.0489 133.979 185.904 259.184 215.019 263.527 20180312T134716.999055 20 20
20180312T134717.010600 20 20
20180312T134717.018091 20 20
20180312T134718.086129 240.713 205.773 103.106 96.1342 7.20624 232.416 248.772 254.029 249.267 20180312T134718.086129 960 20
20180312T134718.099327 960 20
20180312T134718.110103 960 20
20180312T134718.118076 240.46 205.95 103.26 96.3042 6.58437 232.193 249.246 253.935 249.287 20180312T134718.118076 960 20
20180312T134718.130092 960 20
20180312T134718.138063 960 20
20180312T134718.150122 240.701 205.516 104.189 96.1633 5.41684 232.458 248.745 253.9 248.886 20180312T134718.150122 960 20
20180312T134718.158627 960 20
20180312T134718.170550 960 20
20180312T134718.178521 240.388 205.812 104.012 97.1718 5.20932 232.416 248.772 254 249 20180312T134718.178521 960 20
20180312T134718.190577 960 20
20180312T134718.198540 960 20
20180312T134718.210541 240.227 205.402 104.288 96.4742 7.79175 232.134 248.829 253.41 249 20180312T134718.210541 960 20
20180312T134718.218564 960 20
20180312T134718.230549 960 20
20180312T134718.238520 240.228 205.814 104.329 97.2163 6.78973 232.138 248.9 253.451 249.074 20180312T134718.238520 960 20
20180312T134718.251188 960 20
20180312T134718.258917 960 20
20180312T134718.271209 240.074 205.794 104.954 97.1772 7.17065 231.714 248.864 253.101 249 20180312T134718.271209 960 20
20180312T134718.282250 960 20
20180312T134718.290077 960 20
20180312T134718.298034 239.921 205.865 105.384 97.3162 9.24229 231.483 249.034 252.657 248.931 20180312T134718.298034 960 20
20180312T134718.310130 960 20
20180312T134718.318080 960 20
20180312T134718.330039 240.022 205.695 105.773 97.3902 8.20932 231.311 248.964 252.829 249.071 20180312T134718.330039 960 20
20180312T134718.339290 960 20
20180312T134718.350150 960 20
20180312T134718.362120 240.126 206.021 105.909 97.7695 7.56337 231.544 249.074 252.807 249.404 20180312T134718.362120 960 20
20180312T134718.370103 960 20
20180312T134718.382022 960 20
20180312T134718.390007 240.189 206.111 106.191 97.769 8.71237 231.556 249.319 252.862 249.438 20180312T134718.390007 960 20
20180312T134718.402516 960 20
20180312T134718.410012 960 20
20180312T134718.422009 240.541 206.049 106.463 97.7624 9.75487 232.195 249.238 253.387 249.32 20180312T134718.422009 960 20
20180312T134718.430886 960 20
20180312T134718.442024 960 20
20180312T134718.450001 240.995 206.209 106.536 98.4085 10.1103 232.204 249.231 253.559 249.137 20180312T134718.450001 960 20
20180312T134718.462051 960 20
20180312T134718.470008 960 20
20180312T134718.481999 240.864 205.994 106.348 98.5164 6.63028 232.176 249.093 253.381 249.143 20180312T134718.481999 960 20
20180312T134718.490885 960 20
20180312T134718.502021 960 20
20180312T134718.510097 240.814 205.838 106.831 98.615 9.22903 232.083 248.971 253.427 249.117 20180312T134718.510097 960 20
20180312T134718.522073 960 20
20180312T134718.530285 960 20
20180312T134718.542812 241.004 206.122 106.676 99.1592 10.0339 232.176 249.093 253.381 249.143 20180312T134718.542812 960 20
20180312T134718.550590 960 20
20180312T134718.562103 960 20
20180312T134718.570661 241.241 205.958 106.676 99.2297 8.23366 232.351 248.844 253.861 249.07 20180312T134718.570661 960 20
20180312T134718.582654 960 20
20180312T134718.590544 960 20
20180312T134718.602515 241.307 205.936 107.18 99.0251 8.86507 232.639 249.068 254 249 20180312T134718.602515 960 20
20180312T134718.614564 960 20
20180312T134718.622531 960 20
20180312T134718.634516 241.511 206.059 107.269 99.5169 11.2838 232.725 249.074 254.295 249 20180312T134718.634516 960 20
20180312T134718.643583 960 20
20180312T134718.654015 960 20
20180312T134718.661971 241.671 206.097 107.029 99.9895 9.50278 232.705 249.167 254.374 249.183 20180312T134718.661971 960 20
20180312T134718.674037 960 20
20180312T134718.682104 960 20
20180312T134718.694806 241.699 206.245 107.322 99.1511 6.72902 232.909 249.672 254.5 249.5 20180312T134718.694806 960 20
20180312T134718.703205 960 20
20180312T134718.713995 960 20
20180312T134718.722080 241.799 206.372 107.333 99.1916 8.50352 233.129 249.791 254.5 249.82 20180312T134718.722080 960 20
20180312T134718.734030 960 20
20180312T134718.742091 960 20
20180312T134718.754645 241.761 206.57 107.34 99.6579 10.7804 232.859 249.355 254.5 249.82 20180312T134718.754645 960 20
20180312T134718.762562 960 20
20180312T134718.774090 960 20
20180312T134718.782621 241.378 206.595 107.002 99.8857 7.92197 232.684 249.329 254 249.86 20180312T134718.782621 960 20
20180312T134718.794674 960 20
20180312T134718.802631 960 20
20180312T134718.814981 240.925 206.525 107.956 99.4799 7.34619 232.423 249.5 253.694 249.681 20180312T134718.814981 960 20
20180312T134718.823236 960 20
20180312T134718.834522 960 20
20180312T134718.842499 240.761 206.7 107.359 100.549 8.44073 232.252 249.443 253.441 249.775 20180312T134718.842499 960 20
20180312T134718.854550 960 20
20180312T134718.866518 960 20
20180312T134718.874518 240.683 206.622 107.422 100.19 8.23349 232 249.776 253.485 249.843 20180312T134718.874518 960 20
20180312T134718.887047 960 20
20180312T134718.893994 960 20
20180312T134718.905978 240.839 206.599 107.804 99.8788 8.0645 232.389 249.625 253.462 249.575 20180312T134718.905978 960 20
20180312T134718.914871 960 20
20180312T134718.925997 960 20
20180312T134718.933992 240.996 207.012 107.727 100.853 10.6502 232.462 249.575 253.822 249.7 20180312T134718.933992 960 20
20180312T134718.946040 960 20
20180312T134718.954004 960 20
20180312T134718.965999 241.329 207.048 107.935 100.105 9.51329 232.592 249.474 254.279 250 20180312T134718.965999 960 20
20180312T134718.974367 960 20
20180312T134718.986014 960 20
20180312T134718.993986 241.464 207.168 107.365 100.917 10.4601 232.734 249.441 254.385 249.906 20180312T134718.993986 960 20
20180312T134719.006036 960 20
20180312T134719.014007 960 20
20180312T134719.025987 241.611 206.986 107.664 100.647 8.31412 233.068 249.5 254.397 249.628 20180312T134719.025987 960 20
20180312T134719.034140 960 20
20180312T134719.046035 960 20
20180312T134719.054008 241.871 206.883 107.688 100.297 8.79996 233.162 249.461 254.587 249.413 20180312T134719.054008 960 20
20180312T134719.066037 960 20
20180312T134719.074038 960 20
20180312T134719.086018 241.478 207.221 107.885 101.255 5.87743 233.129 249.791 254.625 249.861 20180312T134719.086018 960 20
20180312T134719.094908 960 20
20180312T134719.106001 960 20
20180312T134719.117992 240.895 206.995 107.979 100.937 6.10968 232.625 249.556 253.9 249.886 20180312T134719.117992 960 20
20180312T134719.126114 960 20
20180312T134719.138000 960 20
20180312T134719.145976 240.652 207.187 108.568 101.611 5.64328 232.342 249.461 253.671 249.838 20180312T134719.145976 960 20
20180312T134719.158028 960 20
20180312T134719.165984 960 20
20180312T134719.178008 240.613 207.142 108.684 101.4 4.65904 232.1 249.68 253.529 249.922 20180312T134719.178008 960 20
20180312T134719.186044 960 20
20180312T134719.198008 960 20
20180312T134719.205980 240.367 207.46 109.257 102.168 6.6254 231.764 249.821 253.125 249.346 20180312T134719.205980 960 20
20180312T134719.218038 960 20
20180312T134719.225990 960 20
20180312T134719.237983 240.347 207.857 109.258 102.679 6.50064 231.924 249.939 253.183 249.626 20180312T134719.237983 960 20
20180312T134719.246131 960 20
20180312T134719.258809 960 20
20180312T134719.266789 240.372 207.927 109.584 103.024 7.52322 232 250 253.216 249.714 20180312T134719.266789 960 20
20180312T134719.278825 960 20
20180312T134719.286778 960 20
20180312T134719.298792 240.525 208.013 110.088 103.205 9.53967 231.906 250.156 253.343 249.852 20180312T134719.298792 960 20
20180312T134719.306676 960 20
20180312T134719.318115 960 20
20180312T134719.326977 241.07 208.174 110.016 103.765 8.28635 232.422 250.385 253.939 250.076 20180312T134719.326977 960 20
20180312T134719.339219 960 20
20180312T134719.346662 960 20
20180312T134719.357974 241.246 208.079 110.602 103.98 7.54201 232.546 249.976 253.939 250.076 20180312T134719.357974 960 20
20180312T134719.371008 960 20
20180312T134719.378053 960 20
20180312T134719.389985 241.132 208.033 110.896 104.252 6.27393 232.502 250.05 254 250 20180312T134719.389985 960 20
20180312T134719.398017 960 20
20180312T134719.410035 960 20
20180312T134719.417965 241.184 208.021 110.955 104.601 8.07916 232.609 249.729 254.279 250 20180312T134719.417965 960 20
20180312T134719.430023 960 20
20180312T134719.437986 960 20
20180312T134719.449984 241.164 208.004 111.379 104.675 8.77187 232.514 249.757 254.279 250 20180312T134719.449984 960 20
20180312T134719.458101 960 20
20180312T134719.470070 960 20
20180312T134719.477962 241.15 208.026 111.545 104.974 6.36674 232.5 249.654 254.151 249.936 20180312T134719.477962 960 20
20180312T134719.490053 960 20
20180312T134719.497990 960 20
20180312T134719.510056 241.057 208.095 111.741 105.023 5.70782 232.566 249.711 254.056 249.934 20180312T134719.510056 960 20
20180312T134719.518737 960 20
20180312T134719.529988 960 20
20180312T134719.537956 240.974 208.079 112.079 104.912 6.42393 232.5 249.82 253.964 249.689 20180312T134719.537956 960 20
20180312T134719.550045 960 20
20180312T134719.557973 960 20
20180312T134719.569972 240.779 208.17 111.939 105.386 6.20184 232.231 250.069 253.689 249.964 20180312T134719.569972 960 20
20180312T134719.579157 960 20
20180312T134720.540302 1900 20
20180312T134720.548506 332.269 205.605 105.901 88.9642 46.6691 274.559 254.481 299.274 252.688 20180312T134720.548506 1900 20
20180312T134720.559103 1900 20
20180312T134720.566858 1900 20
20180312T134720.578039 332.228 205.579 105.589 89.0604 46.7129 274.994 253.948 299.269 252.614 20180312T134720.578039 1900 20
20180312T134720.586226 1900 20
20180312T134720.598060 1900 20
20180312T134720.606002 332.503 206.022 105.938 89.5227 46.0354 275.278 254.639 299.51 252.914 20180312T134720.606002 1900 20
20180312T134720.618021 1900 20
20180312T134720.629985 1900 20
20180312T134720.637955 332.502 205.574 106.305 89.208 46.4837 275.362 253.874 299.577 252.29 20180312T134720.637955 1900 20
20180312T134720.650017 1900 20
20180312T134720.657973 1900 20
20180312T134720.669962 332.62 205.756 106.491 89.425 45.8462 275.397 253.99 299.589 252.571 20180312T134720.669962 1900 20
20180312T134720.678463 1900 20
20180312T134720.689983 1900 20
20180312T134720.697950 332.857 205.733 106.585 89.692 45.6411 275.727 254.233 299.864 252.649 20180312T134720.697950 1900 20
20180312T134720.710030 1900 20
20180312T134720.717974 1900 20
20180312T134720.729959 333.142 205.819 107.299 89.884 45.2418 275.959 253.997 300.067 252.581 20180312T134720.729959 1900 20
20180312T134720.737993 1900 20
20180312T134720.749975 1900 20
20180312T134720.757964 333.235 206.041 107.953 90.1916 45.7643 275.937 254.333 300.102 252.889 20180312T134720.757964 1900 20
20180312T134720.770003 1900 20
20180312T134720.777964 1900 20
20180312T134720.789947 333.305 205.695 108.284 90.3168 45.9711 276.108 253.886 300.114 252.409 20180312T134720.789947 1900 20
20180312T134720.798467 1900 20
20180312T134720.810002 1900 20
20180312T134720.817942 333.35 205.994 108.4 90.9645 45.9016 276.003 253.971 300.176 252.589 20180312T134720.817942 1900 20
20180312T134720.830030 1900 20
20180312T134720.837968 1900 20
20180312T134720.849994 333.192 205.801 109.121 90.852 45.3406 275.752 253.865 300.044 252.287 20180312T134720.849994 1900 20
20180312T134720.858601 1900 20
20180312T134720.869966 1900 20
20180312T134720.881950 333.018 205.798 109.49 91.322 45.2981 275.555 253.766 299.886 252.201 20180312T134720.881950 1900 20
20180312T134720.890621 1900 20
20180312T134720.902381 1900 20
20180312T134720.910373 333.101 205.968 109.85 91.9191 45.0182 275.51 253.843 299.962 252.412 20180312T134720.910373 1900 20
20180312T134720.922819 1900 20
20180312T134720.929953 1900 20
20180312T134720.941959 333.087 206.027 110.405 91.9481 46.12 275.667 253.931 299.886 252.611 20180312T134720.941959 1900 20
20180312T134720.950170 1900 20
20180312T134720.961988 1900 20
20180312T134720.969948 332.916 206.169 110.686 92.7158 45.0844 275.418 254.027 299.738 252.682 20180312T134720.969948 1900 20
20180312T134720.982037 1900 20
20180312T134720.991448 1900 20
20180312T134721.003442 332.895 206.225 111.07 92.8392 45.5575 275.382 254.084 299.608 252.719 20180312T134721.003442 1900 20
20180312T134721.010426 1900 20
20180312T134721.022366 1900 20
20180312T134721.030474 333.063 206.589 111.426 92.8058 45.4348 275.663 254.201 299.743 252.719 20180312T134721.030474 1900 20
20180312T134721.043201 1900 20
20180312T134721.049966 1900 20
20180312T134721.061935 333.228 206.575 111.784 93.2547 45.3383 276.025 254.244 299.888 252.733 20180312T134721.061935 1900 20
20180312T134721.070198 1900 20
20180312T134721.082124 1900 20
20180312T134721.091429 333.518 206.641 111.838 93.2849 44.9676 276.273 254.292 300.257 252.89 20180312T134721.091429 1900 20
20180312T134721.102867 1900 20
20180312T134721.110374 1900 20
20180312T134721.122374 333.752 206.414 111.816 93.3689 44.8463 276.692 254.275 300.465 252.811 20180312T134721.122374 1900 20
20180312T134721.134049 1900 20
20180312T134721.141999 1900 20
20180312T134721.154362 333.756 206.428 112.031 93.5426 44.8556 276.795 254.178 300.465 252.811 20180312T134721.154362 1900 20
20180312T134721.163291 1900 20
20180312T134721.174043 1900 20
20180312T134721.182755 333.711 206.461 111.975 93.8725 45.4134 276.687 254.183 300.586 252.447 20180312T134721.182755 1900 20
20180312T134721.195023 1900 20
20180312T134721.202785 1900 20
20180312T134721.214778 333.735 206.385 112.259 93.9712 44.892 276.764 253.964 300.495 252.621 20180312T134721.214778 1900 20
20180312T134721.223389 1900 20
20180312T134721.234007 1900 20
20180312T134721.242246 333.97 206.526 112.368 94.2976 44.6377 276.865 254.097 300.575 252.608 20180312T134721.242246 1900 20
20180312T134721.254289 1900 20
20180312T134721.262268 1900 20
20180312T134721.274257 334.12 206.525 112.54 94.2817 44.9253 276.945 254.139 300.604 252.592 20180312T134721.274257 1900 20
20180312T134721.283466 1900 20
20180312T134721.294053 1900 20
20180312T134721.302932 334.084 206.67 112.231 94.1122 44.888 276.945 254.139 300.615 252.792 20180312T134721.302932 1900 20
20180312T134721.315956 1900 20
20180312T134721.322356 1900 20
20180312T134721.334343 334.076 206.653 112.462 94.2704 45.0748 276.945 254.139 300.652 252.77 20180312T134721.334343 1900 20
20180312T134721.342886 1900 20
20180312T134721.353952 1900 20
20180312T134721.362028 333.929 206.773 112.332 94.5496 44.962 276.904 254.159 300.585 252.827 20180312T134721.362028 1900 20
20180312T134721.373977 1900 20
20180312T134721.385958 1900 20
20180312T134721.393939 333.747 206.924 112.611 94.3948 44.2532 276.795 254.178 300.464 252.941 20180312T134721.393939 1900 20
20180312T134721.405988 1900 20
20180312T134721.413953 1900 20
20180312T134721.425939 333.535 206.723 112.978 94.4702 43.9165 276.594 254.211 300.232 252.792 20180312T134721.425939 1900 20
20180312T134721.433992 1900 20
20180312T134721.445958 1900 20
20180312T134721.453941 333.454 206.973 113.102 94.414 44.471 276.594 254.211 299.962 252.792 20180312T134721.453941 1900 20
20180312T134721.465987 1900 20
20180312T134721.473946 1900 20
20180312T134721.485931 333.35 206.931 113.011 94.751 44.3352 276.5 254.23 300.11 252.83 20180312T134721.485931 1900 20
20180312T134721.494365 1900 20
20180312T134721.505946 1900 20
20180312T134721.514037 333.358 207.003 113.049 95.132 43.97 276.594 254.211 300.115 252.875 20180312T134721.514037 1900 20
20180312T134721.525976 1900 20
20180312T134721.533983 1900 20
20180312T134721.545979 333.462 207.054 113.344 95.004 43.4949 276.687 254.254 300.323 252.82 20180312T134721.545979 1900 20
20180312T134721.554167 1900 20
20180312T134721.565947 1900 20
20180312T134721.574024 333.489 206.884 113.343 95.6179 43.8404 276.687 254.183 300.271 252.777 20180312T134721.574024 1900 20
20180312T134721.586038 1900 20
20180312T134721.593953 1900 20
20180312T134721.605929 333.341 206.709 113.618 95.2629 42.8491 276.627 254.147 300.354 252.781 20180312T134721.605929 1900 20
20180312T134721.614753 1900 20
20180312T134721.625944 1900 20
20180312T134721.637932 333.384 206.758 113.729 95.6594 43.2828 276.904 254.159 300.286 252.694 20180312T134721.637932 1900 20
20180312T134721.646528 1900 20
20180312T134721.658986 1900 20
20180312T134721.666682 333.564 206.862 113.807 96.3186 42.6202 276.904 254.159 300.57 252.595 20180312T134721.666682 1900 20
20180312T134721.678923 1900 20
20180312T134721.685928 1900 20
20180312T134721.697927 333.809 206.68 114.291 95.9609 42.2384 276.985 254.111 300.657 252.5 20180312T134721.697927 1900 20
20180312T134721.706090 1900 20
20180312T134721.717941 1900 20
20180312T134721.725910 333.765 206.68 114.38 96.2357 42.7742 277.153 254.035 300.713 252.396 20180312T134721.725910 1900 20
20180312T134721.738974 1900 20
20180312T134721.746931 1900 20
20180312T134721.758450 333.702 206.592 114.242 96.3644 42.416 276.892 253.795 300.664 252.343 20180312T134721.758450 1900 20
20180312T134721.768352 1900 20
20180312T134721.777948 1900 20
20180312T134721.785920 333.452 206.844 114.124 96.9434 42.6558 276.822 254.057 300.38 252.472 20180312T134721.785920 1900 20
20180312T134721.798762 1900 20
20180312T134721.806452 1900 20
20180312T134721.819144 333.46 206.927 114.421 96.9005 42.226 276.985 254.111 300.619 252.521 20180312T134721.819144 1900 20
20180312T134721.826566 1900 20
20180312T134721.838483 1900 20
20180312T134721.847151 333.539 207.007 114.471 96.947 42.5412 276.944 254.131 300.168 252.635 20180312T134721.847151 1900 20
20180312T134721.859059 1900 20
20180312T134721.866485 1900 20
20180312T134721.878460 333.378 207.096 114.415 97.2338 42.7741 277.044 254.15 300.232 252.717 20180312T134721.878460 1900 20
20180312T134721.890006 1900 20
20180312T134721.898046 1900 20
20180312T134721.910465 333.635 207.132 114.717 96.9351 42.0779 276.92 254.192 300.317 252.898 20180312T134721.910465 1900 20
20180312T134721.918963 1900 20
20180312T134721.929984 1900 20
20180312T134721.937968 333.509 207.334 114.666 97.4879 42.9932 276.879 254.22 300.289 252.965 20180312T134721.937968 1900 20
20180312T134721.950009 1900 20
20180312T134721.957991 1900 20
20180312T134721.970082 333.379 207.441 114.673 97.3926 42.6659 276.775 254.225 300.304 252.828 20180312T134721.970082 1900 20
20180312T134721.978735 1900 20
20180312T134721.989980 1900 20
20180312T134721.998218 333.71 207.327 115.051 96.9215 42.3213 277.056 254.487 300.577 253 20180312T134721.998218 1900 20
20180312T134722.010277 1900 20
20180312T134722.018340 1900 20
20180312T134722.030379 333.836 207.449 114.99 97.6317 43.3465 277.137 254.133 300.695 252.843 20180312T134722.030379 1900 20
20180312T134723.403385 1900 540
20180312T134723.409881 1900 540
20180312T134723.422073 337.877 247.069 109.4 98.8576 59.22 282.454 270.469 305.376 269.878 20180312T134723.422073 1900 540
20180312T134723.432105 1900 540
20180312T134723.442217 1900 540
20180312T134723.450171 338.27 247.392 110.005 99.1631 60.1069 282.658 270.721 305.836 270.245 20180312T134723.450171 1900 540
20180312T134723.461936 1900 540
20180312T134723.469920 1900 540
20180312T134723.481893 338.702 247.016 109.749 99.6516 60.8035 283.251 270.42 306 269.598 20180312T134723.481893 1900 540
20180312T134723.489997 1900 540
20180312T134723.501886 1900 540
20180312T134723.509856 338.398 247.353 110.503 99.6019 58.5206 282.905 270.459 305.96 270.127 20180312T134723.509856 1900 540
20180312T134723.521906 1900 540
20180312T134723.529874 1900 540
20180312T134723.541897 338.709 247.112 110.899 100.06 60.3358 283.145 270.255 306.057 269.576 20180312T134723.541897 1900 540
20180312T134723.549982 1900 540
20180312T134723.561877 1900 540
20180312T134723.569843 338.807 246.989 110.884 100.133 60.6298 283.369 270.155 306.077 269.641 20180312T134723.569843 1900 540
20180312T134723.581913 1900 540
20180312T134723.589870 1900 540
20180312T134723.601861 338.347 247.113 111.45 100.498 60.1638 282.885 270.312 305.929 269.673 20180312T134723.601861 1900 540
20180312T134723.610705 1900 540
20180312T134723.621871 1900 540
20180312T134723.629864 338.486 247.402 111.674 100.77 60.6256 282.858 270.431 305.897 269.77 20180312T134723.629864 1900 540
20180312T134723.641941 1900 540
20180312T134723.653876 1900 540
20180312T134723.661853 338.496 247.428 111.578 100.949 60.8786 283.111 270.487 306.04 269.989 20180312T134723.661853 1900 540
20180312T134723.673902 1900 540
20180312T134723.681864 1900 540
20180312T134723.693853 338.614 247.543 111.782 101.253 59.8337 283.022 270.447 305.977 270.029 20180312T134723.693853 1900 540
20180312T134723.701904 1900 540
20180312T134723.713866 1900 540
20180312T134723.721841 338.729 247.641 112.124 101.367 61.2954 283.111 270.487 306.023 270 20180312T134723.721841 1900 540
20180312T134723.733903 1900 540
20180312T134723.741873 1900 540
20180312T134723.753855 338.972 247.817 112.091 101.379 61.2388 283.502 270.787 306.552 270.295 20180312T134723.753855 1900 540
20180312T134723.761890 1900 540
20180312T134723.773870 1900 540
20180312T134723.781848 339.07 247.923 112.365 101.648 62.6145 283.575 270.789 306.398 270.193 20180312T134723.781848 1900 540
20180312T134723.795375 1900 540
20180312T134723.802631 1900 540
20180312T134723.813850 339.095 247.883 112.775 101.917 62.1446 283.836 270.641 306.503 270.22 20180312T134723.813850 1900 540
20180312T134723.823686 1900 540
20180312T134723.833865 1900 540
20180312T134723.841843 339.355 247.834 113.182 101.891 62.626 283.93 270.671 306.672 269.994 20180312T134723.841843 1900 540
20180312T134723.853903 1900 540
20180312T134723.861859 1900 540
20180312T134723.873851 339.232 247.621 113.024 102.19 62.847 283.82 270.459 306.588 269.864 20180312T134723.873851 1900 540
20180312T134723.881944 1900 540
20180312T134723.893868 1900 540
20180312T134723.905860 339.081 247.667 113.32 102.521 61.5544 283.61 270.486 306.333 269.778 20180312T134723.905860 1900 540
20180312T134723.913902 1900 540
20180312T134723.925862 1900 540
20180312T134723.933898 339.1 247.692 113.332 102.588 63.5842 283.242 270.47 306.243 269.73 20180312T134723.933898 1900 540
20180312T134723.945921 1900 540
20180312T134723.953862 1900 540
20180312T134723.965878 339.13 247.909 113.815 102.862 64.0943 283.61 270.486 306.281 269.76 20180312T134723.965878 1900 540
20180312T134723.974165 1900 540
20180312T134723.985866 1900 540
20180312T134723.993844 339.247 247.712 114.323 103.025 63.4719 283.82 270.459 306.404 269.689 20180312T134723.993844 1900 540
20180312T134724.005889 1900 540
20180312T134724.015084 1900 540
20180312T134724.027070 339.475 247.788 114.394 103.015 63.3775 283.718 270.5 306.639 269.828 20180312T134724.027070 1900 540
20180312T134724.034372 1900 540
20180312T134724.047499 1900 540
20180312T134724.055333 339.466 247.92 114.072 103.614 63.5023 283.874 270.55 306.639 269.828 20180312T134724.055333 1900 540
20180312T134724.067066 1900 540
20180312T134724.074265 1900 540
20180312T134724.086280 339.523 247.883 114.695 103.07 64.0862 283.758 270.53 306.626 269.908 20180312T134724.086280 1900 540
20180312T134724.095228 1900 540
20180312T134724.106283 1900 540
20180312T134724.114251 339.367 248.075 114.289 103.462 62.2021 283.836 270.563 306.439 270.053 20180312T134724.114251 1900 540
20180312T134724.126297 1900 540
20180312T134724.134259 1900 540
20180312T134724.146247 339.416 248.109 114.245 103.382 62.2049 283.738 270.604 306.487 270.128 20180312T134724.146247 1900 540
20180312T134724.158200 1900 540
20180312T134724.166168 1900 540
20180312T134724.178164 339.451 248.242 114.27 103.286 62.7669 283.868 270.708 306.487 270.128 20180312T134724.178164 1900 540
20180312T134724.186460 1900 540
20180312T134724.198175 1900 540
20180312T134724.206151 339.487 248.275 114.415 103.217 62.0535 283.91 270.804 306.603 270.305 20180312T134724.206151 1900 540
20180312T134724.218203 1900 540
20180312T134724.226174 1900 540
20180312T134724.238158 339.639 248.408 114.595 103.172 63.4707 283.992 270.847 306.655 270.271 20180312T134724.238158 1900 540
20180312T134724.246199 1900 540
20180312T134724.258164 1900 540
20180312T134724.266149 339.519 248.317 114.55 103.414 61.5284 283.794 270.708 306.582 270.101 20180312T134724.266149 1900 540
20180312T134724.281114 1900 540
20180312T134724.286951 1900 540
20180312T134724.297909 339.708 248.383 114.649 103.259 62.1131 283.992 270.847 306.655 270.271 20180312T134724.297909 1900 540
20180312T134724.306138 1900 540
20180312T134724.317847 1900 540
20180312T134724.325818 339.591 248.443 114.72 103.566 62.7426 283.992 270.847 306.655 270.271 20180312T134724.325818 1900 540
20180312T134724.337895 1900 540
20180312T134724.345879 1900 540
20180312T134724.358666 339.501 248.611 114.566 103.802 62.6026 284.078 270.868 306.655 270.271 20180312T134724.358666 1900 540
20180312T134724.366421 1900 540
20180312T134724.377859 1900 540
20180312T134724.385833 339.65 248.498 114.692 103.464 62.4682 283.91 270.804 306.655 270.271 20180312T134724.385833 1900 540
20180312T134724.398008 1900 540
20180312T134724.409859 1900 540
20180312T134724.417836 339.511 248.454 114.712 103.979 63.5337 283.975 270.646 306.672 269.994 20180312T134724.417836 1900 540
20180312T134724.429880 1900 540
20180312T134724.437845 1900 540
20180312T134724.450143 339.459 248.609 114.588 104.56 62.7683 284.131 270.802 306.81 270.119 20180312T134724.450143 1900 540
20180312T134724.459966 1900 540
20180312T134724.470183 1900 540
20180312T134724.478379 339.357 248.609 114.531 104.422 64.1045 283.84 270.637 306.672 269.994 20180312T134724.478379 1900 540
20180312T134724.490761 1900 540
20180312T134724.498671 1900 540
20180312T134724.510458 339.4 248.447 115.684 104.198 64.3536 283.602 270.771 306.452 270.242 20180312T134724.510458 1900 540
20180312T134724.519777 1900 540
20180312T134724.529857 1900 540
20180312T134724.537834 339.27 248.691 115.504 104.348 63.1936 283.848 270.991 306.503 270.362 20180312T134724.537834 1900 540
20180312T134724.550697 1900 540
20180312T134724.558650 1900 540
20180312T134724.570644 339.153 248.886 115.705 104.411 64.8366 283.776 271.055 306.552 270.295 20180312T134724.570644 1900 540
20180312T134724.579318 1900 540
20180312T134724.589898 1900 540
20180312T134724.597856 339.107 248.918 116.077 104.944 64.4645 283.64 271.092 306.422 270.385 20180312T134724.597856 1900 540
20180312T134724.609870 1900 540
20180312T134724.617834 1900 540
20180312T134724.629815 339.21 249.004 115.987 104.933 65.8664 283.64 271.092 306.422 270.385 20180312T134724.629815 1900 540
20180312T134724.639749 1900 540
20180312T134724.649830 1900 540
20180312T134724.661815 339.257 249.252 116.195 104.816 64.6835 283.801 271.374 306.547 270.468 20180312T134724.661815 1900 540
20180312T134724.670339 1900 540
20180312T134724.681832 1900 540
20180312T134724.689813 339.208 249.208 116.548 104.846 67.1602 283.782 271.306 306.533 270.533 20180312T134724.689813 1900 540
20180312T134724.701861 1900 540
20180312T134724.709827 1900 540
20180312T134724.721814 339.152 249.531 116.911 105.718 66.5062 283.774 271.372 306.868 270.638 20180312T134724.721814 1900 540
20180312T134724.729938 1900 540
20180312T134724.741828 1900 540
20180312T134724.749817 339.445 249.215 117.225 105.249 67.2618 283.955 271.288 306.881 270.531 20180312T134724.749817 1900 540
20180312T134724.761864 1900 540
20180312T134724.769828 1900 540
20180312T134724.781819 339.2 249.15 117.315 105.702 65.6737 283.782 271.306 306.732 270.536 20180312T134724.781819 1900 540
20180312T134724.789981 1900 540
20180312T134724.801887 1900 540
20180312T134724.809874 339.138 249.225 117.301 106.019 66.4681 283.833 271.062 306.82 270.464 20180312T134724.809874 1900 540
20180312T134724.821924 1900 540
20180312T134724.829870 1900 540
20180312T134724.841867 339.129 249.134 117.639 106.184 66.1321 283.925 271.062 306.772 270.5 20180312T134724.841867 1900 540
20180312T134724.850003 1900 540
20180312T134724.861877 1900 540
20180312T134724.869867 339.146 249.188 117.826 106.175 65.6222 283.868 271.029 306.694 270.5 20180312T134724.869867 1900 540
20180312T134724.881917 1900 540
20180312T134724.889881 1900 540
20180312T134724.901919 338.897 249.151 117.849 106.498 65.9558 283.868 271.029 306.552 270.35 20180312T134724.901919 1900 540
20180312T134725.839980 960 540
20180312T134725.851073 960 540
20180312T134725.858999 248.798 251.824 111.98 111.361 58.6089 238.081 271.935 259.237 271.898 20180312T134725.858999 960 540
20180312T134725.869884 960 540
20180312T134725.877811 960 540
20180312T134725.889874 248.715 252.079 111.382 110.701 32.0878 237.967 272.333 258.963 272.093 20180312T134725.889874 960 540
20180312T134725.897877 960 540
20180312T134725.909831 960 540
20180312T134725.921814 248.734 252.087 111.231 110.399 37.8602 238.047 272.462 259.158 271.972 20180312T134725.921814 960 540
20180312T134725.929829 960 540
20180312T134725.941800 960 540
20180312T134725.949755 248.508 252.036 110.971 110.018 53.2053 237.848 272.234 258.74 271.972 20180312T134725.949755 960 540
20180312T134725.963053 960 540
20180312T134725.970776 960 540
20180312T134725.982971 248.513 252.21 110.682 109.831 55.6046 237.911 272.369 258.633 272.167 20180312T134725.982971 960 540
20180312T134725.989925 960 540
20180312T134726.001813 960 540
20180312T134726.011548 248.744 252.233 110.776 109.623 55.2844 237.968 272.242 258.893 272.03 20180312T134726.011548 960 540
20180312T134726.022721 960 540
20180312T134726.029833 960 540
20180312T134726.042168 248.648 252.384 110.518 109.475 54.28 237.953 272.462 259 272.5 20180312T134726.042168 960 540
20180312T134726.050136 960 540
20180312T134726.061869 960 540
20180312T134726.070585 248.764 252.389 110.932 109.529 65.5748 238.047 272.462 259.093 272.444 20180312T134726.070585 960 540
20180312T134726.082748 960 540
20180312T134726.089831 960 540
20180312T134726.102747 248.912 252.284 110.67 109.382 57.7553 237.967 272.333 259.233 272.167 20180312T134726.102747 960 540
20180312T134726.109817 960 540
20180312T134726.121878 960 540
20180312T134726.130745 249.015 252.373 111.022 109.504 58.3666 238.047 272.462 259.126 272.172 20180312T134726.130745 960 540
20180312T134726.142676 960 540
20180312T134726.150436 960 540
20180312T134726.162422 249.048 252.494 111.068 109.946 59.1225 238.047 272.462 259.397 272.305 20180312T134726.162422 960 540
20180312T134726.173845 960 540
20180312T134726.181784 960 540
20180312T134726.193760 249.186 252.463 111.5 110.079 53.7826 238.047 272.462 259.452 272.016 20180312T134726.193760 960 540
20180312T134726.201858 960 540
20180312T134726.213789 960 540
20180312T134726.221746 249.134 252.474 111.335 110.283 56.6043 238.228 272.5 259.339 272.129 20180312T134726.221746 960 540
20180312T134726.233811 960 540
20180312T134726.241781 960 540
20180312T134726.253760 249.268 252.551 111.436 110.308 51.0643 238.011 272.367 259.012 272.061 20180312T134726.253760 960 540
20180312T134726.261869 960 540
20180312T134726.273783 960 540
20180312T134726.281745 249.076 252.446 111.547 110.699 46.0254 237.967 272.333 259.06 272.089 20180312T134726.281745 960 540
20180312T134726.293876 960 540
20180312T134726.301759 960 540
20180312T134726.313748 248.771 252.462 111.986 110.77 43.5069 238 272.425 258.963 272.093 20180312T134726.313748 960 540
20180312T134726.321840 960 540
20180312T134726.333796 960 540
20180312T134726.341860 248.673 252.453 112.265 110.974 46.0284 237.861 272.406 258.74 271.972 20180312T134726.341860 960 540
20180312T134726.353814 960 540
20180312T134726.361860 960 540
20180312T134726.373756 248.79 252.658 112.339 110.789 37.8011 237.953 272.462 258.874 272.403 20180312T134726.373756 960 540
20180312T134726.382116 960 540
20180312T134726.393829 960 540
20180312T134726.401817 248.789 252.724 112.281 111.186 41.4788 237.953 272.462 258.967 272.34 20180312T134726.401817 960 540
20180312T134726.413810 960 540
20180312T134726.425784 960 540
20180312T134726.433877 248.85 252.764 112.49 111.165 37.0799 237.953 272.462 259.093 272.444 20180312T134726.433877 960 540
20180312T134726.445867 960 540
20180312T134726.453785 960 540
20180312T134726.465756 248.895 253.004 112.546 110.712 37.0156 238 272.5 259 272.5 20180312T134726.465756 960 540
20180312T134726.473896 960 540
20180312T134726.485752 960 540
20180312T134726.493807 248.913 253.155 112.425 111.008 35.1348 238 272.5 259 272.5 20180312T134726.493807 960 540
20180312T134726.505813 960 540
20180312T134726.513801 960 540
20180312T134726.525759 248.963 253.165 112.342 110.699 30.7128 237.874 272.597 259 272.5 20180312T134726.525759 960 540
20180312T134726.535050 960 540
20180312T134726.545799 960 540
20180312T134726.553747 249.176 253.116 112.08 110.482 29.5673 238.209 272.605 259.457 272.593 20180312T134726.553747 960 540
20180312T134726.565800 960 540
20180312T134726.573757 960 540
20180312T134726.585751 249.21 253.093 111.804 110.866 27.4985 238.268 272.536 259.654 272.365 20180312T134726.585751 960 540
20180312T134726.594015 960 540
20180312T134726.605759 960 540
20180312T134726.613737 249.287 253.08 111.833 110.193 31.009 238.228 272.5 259.553 272.459 20180312T134726.613737 960 540
20180312T134726.626899 960 540
20180312T134726.634857 960 540
20180312T134726.645756 249.385 253.021 111.683 110.389 31.622 238.268 272.536 259.654 272.365 20180312T134726.645756 960 540
20180312T134726.654832 960 540
20180312T134726.665755 960 540
20180312T134726.677736 249.35 253.123 111.524 110.332 34.2211 238.268 272.536 259.603 272.305 20180312T134726.677736 960 540
20180312T134726.685806 960 540
20180312T134726.697757 960 540
20180312T134726.705733 249.294 253.252 111.279 110.796 36.7729 238.268 272.536 259.615 272.481 20180312T134726.705733 960 540
20180312T134726.717868 960 540
20180312T134726.725814 960 540
20180312T134726.737797 249.398 253.252 111.1 110.764 17.5377 238.228 272.5 259.771 272.379 20180312T134726.737797 960 540
20180312T134726.745841 960 540
20180312T134726.757827 960 540
20180312T134726.765803 249.346 253.368 111.049 110.739 43.668 238.268 272.536 259.542 272.418 20180312T134726.765803 960 540
20180312T134726.777837 960 540
20180312T134726.785805 960 540
20180312T134726.797818 249.275 253.531 111.125 110.823 63.6522 238.209 272.605 259.553 272.459 20180312T134726.797818 960 540
20180312T134726.805851 960 540
20180312T134726.818176 960 540
20180312T134726.826159 249.336 253.555 111.329 110.693 42.6017 238.209 272.605 259.208 272.429 20180312T134726.826159 960 540
20180312T134726.838152 960 540
20180312T134726.845794 960 540
20180312T134726.857797 249.224 253.666 111.222 110.611 24.3263 238.209 272.605 259.34 272.577 20180312T134726.857797 960 540
20180312T134726.865829 960 540
20180312T134726.877806 960 540
20180312T134726.885792 249.104 253.716 111.584 110.41 29.7743 237.926 272.574 259.405 272.518 20180312T134726.885792 960 540
20180312T134726.897836 960 540
20180312T134726.905807 960 540
20180312T134726.917789 249.06 253.855 111.909 110.494 38.0283 237.879 272.697 259.405 272.518 20180312T134726.917789 960 540
20180312T134726.929823 960 540
20180312T134726.937818 960 540
20180312T134726.949793 249.006 253.862 112 110.546 33.8515 237.926 272.574 259.405 272.518 20180312T134726.949793 960 540
20180312T134726.957825 960 540
20180312T134726.969804 960 540
20180312T134726.977784 249.135 253.987 112.133 110.641 29.3609 238.101 272.969 259.458 272.503 20180312T134726.977784 960 540
20180312T134726.989818 960 540
20180312T134726.997806 960 540
20180312T134727.009795 249.474 253.985 111.704 110.792 33.3074 238.308 273.019 259.565 272.681 20180312T134727.009795 960 540
20180312T134727.018101 960 540
20180312T134727.029812 960 540
20180312T134727.037792 249.535 253.724 111.977 110.673 31.8184 238.308 273.019 259.861 272.406 20180312T134727.037792 960 540
20180312T134727.051212 960 540
20180312T134727.057757 960 540
20180312T134727.069725 249.584 253.849 111.829 110.726 31.572 238.424 273.055 259.9 272.6 20180312T134727.069725 960 540
20180312T134727.078702 960 540
20180312T134727.089761 960 540
20180312T134727.097719 249.578 253.93 111.943 111.03 31.2633 238.648 272.885 259.948 272.68 20180312T134727.097719 960 540
20180312T134727.109788 960 540
20180312T134727.117725 960 540
20180312T134727.129719 249.605 253.94 112.132 111.099 21.5855 238.56 272.969 260.074 272.574 20180312T134727.129719 960 540
20180312T134727.137792 960 540
20180312T134727.149741 960 540
20180312T134727.157729 249.77 253.951 112.145 111.241 25.4222 238.672 272.887 259.808 272.5 20180312T134727.157729 960 540
20180312T134727.170073 960 540
20180312T134727.182050 960 540
20180312T134727.190033 249.971 254.076 112.169 111.203 28.6383 238.56 272.969 260.126 272.597 20180312T134727.190033 960 540
20180312T134727.202083 960 540
20180312T134727.210051 960 540
20180312T134727.222037 249.832 254.054 112.368 111.339 29.3581 238.576 272.885 260.126 272.597 20180312T134727.222037 960 540
20180312T134727.232177 960 540
20180312T134727.241744 960 540
20180312T134727.249720 249.586 254.055 112.906 111.353 31.8083 238.406 272.453 259.568 272.591 20180312T134727.249720 960 540
20180312T134727.261805 960 540
20180312T134727.269744 960 540
20180312T134727.281724 249.635 254.024 112.715 111.389 20.6597 238.287 272.678 259.454 272.454 20180312T134727.281724 960 540
20180312T134727.289802 960 540
20180312T134727.302953 960 540
20180312T134727.310028 249.678 254.121 112.812 111.627 21.702 238.431 272.776 259.546 272.546 20180312T134727.310028 960 540
20180312T134727.322175 960 540
20180312T134727.330331 960 540
20180312T134728.359164 158.698 264.5 107.977 99.3279 98.7453 190.63 278.085 214.826 278.432 20180312T134728.359164 20 540
20180312T134728.370779 20 540
20180312T134728.378131 20 540
20180312T134728.390160 158.898 264.609 107.721 99.6667 97.5451 190.64 278.197 215.047 278.696 20180312T134728.390160 20 540
20180312T134728.398176 20 540
20180312T134728.410176 20 540
20180312T134728.418230 159.255 264.781 107.768 99.0066 100.665 190.905 278.541 215.242 278.867 20180312T134728.418230 20 540
20180312T134728.430571 20 540
20180312T134728.442549 20 540
20180312T134728.450593 158.902 264.346 107.6 99.0944 99.4389 190.687 277.976 215.044 278.15 20180312T134728.450593 20 540
20180312T134728.461745 20 540
20180312T134728.469869 20 540
20180312T134728.483056 158.531 264.411 107.258 99.2101 99.5705 190.593 278.107 214.678 278.398 20180312T134728.483056 20 540
20180312T134728.492733 20 540
20180312T134728.502011 20 540
20180312T134728.510031 158.536 264.341 107.289 98.9063 99.2988 190.63 278.085 214.803 278.163 20180312T134728.510031 20 540
20180312T134728.522116 20 540
20180312T134728.530377 20 540
20180312T134728.542056 158.631 264.179 107.415 98.9607 98.4804 190.571 278.025 214.843 278.134 20180312T134728.542056 20 540
20180312T134728.552610 20 540
20180312T134728.561827 20 540
20180312T134728.569713 158.679 264.482 106.801 99.5049 100.096 190.63 278.037 214.775 278.225 20180312T134728.569713 20 540
20180312T134728.581723 20 540
20180312T134728.589705 20 540
20180312T134728.601685 158.756 264.364 107.395 98.706 100.041 190.5 278 214.944 278.131 20180312T134728.601685 20 540
20180312T134728.609777 20 540
20180312T134728.621752 20 540
20180312T134728.629669 158.997 264.486 107.252 98.8219 99.207 190.63 278.037 214.92 278.192 20180312T134728.629669 20 540
20180312T134728.642033 20 540
20180312T134728.650001 20 540
20180312T134728.661994 158.845 264.585 107.457 98.8522 98.1863 190.696 278.15 214.785 278.5 20180312T134728.661994 20 540
20180312T134728.670221 20 540
20180312T134728.681753 20 540
20180312T134728.693741 159.044 264.547 107.362 98.5403 99.1439 190.696 278.15 214.816 278.196 20180312T134728.693741 20 540
20180312T134728.701799 20 540
20180312T134728.713754 20 540
20180312T134728.721742 159.068 264.634 107.507 98.57 98.1908 190.5 278.132 214.826 278.432 20180312T134728.721742 20 540
20180312T134728.733792 20 540
20180312T134728.741752 20 540
20180312T134728.754366 159.186 264.819 107.69 98.5576 97.378 190.5 278.278 214.886 278.642 20180312T134728.754366 20 540
20180312T134728.763729 20 540
20180312T134728.774762 20 540
20180312T134728.782482 158.99 264.861 107.91 98.5135 99.5237 190.5 278.436 215.07 278.763 20180312T134728.782482 20 540
20180312T134728.794554 20 540
20180312T134728.802919 20 540
20180312T134728.814355 158.887 264.919 107.973 98.8914 99.1312 190.443 278.388 214.825 278.752 20180312T134728.814355 20 540
20180312T134728.822056 20 540
20180312T134728.834187 20 540
20180312T134728.842807 159.045 264.983 108.162 98.7868 100.078 190.635 278.534 214.782 278.817 20180312T134728.842807 20 540
20180312T134728.854261 20 540
20180312T134728.861740 20 540
20180312T134728.873729 159.284 265.036 108.379 98.7355 98.3424 190.835 278.584 215.117 278.701 20180312T134728.873729 20 540
20180312T134728.881775 20 540
20180312T134728.893735 20 540
20180312T134728.901718 159.484 265.168 108.702 99.0052 98.5652 190.923 278.727 215.241 278.811 20180312T134728.901718 20 540
20180312T134728.915166 20 540
20180312T134728.923862 20 540
20180312T134728.934002 159.757 265.176 108.567 99.5625 98.4726 191.064 278.611 215.322 278.763 20180312T134728.934002 20 540
20180312T134728.946046 20 540
20180312T134728.954000 20 540
20180312T134728.966512 159.553 265.241 108.903 99.1348 99.2117 191.012 278.683 214.913 278.71 20180312T134728.966512 20 540
20180312T134728.974807 20 540
20180312T134728.985688 20 540
20180312T134728.995145 159.323 265.071 108.996 99.3787 98.8011 190.85 278.371 214.906 278.5 20180312T134728.995145 20 540
20180312T134729.006374 20 540
20180312T134729.014414 20 540
20180312T134729.026708 159.382 265.041 109.14 99.5097 98.7664 190.889 278.319 215.063 278.485 20180312T134729.026708 20 540
20180312T134729.034959 20 540
20180312T134729.045733 20 540
20180312T134729.053738 159.155 264.958 108.994 99.8945 100.035 190.646 278.246 214.952 278.472 20180312T134729.053738 20 540
20180312T134729.066377 20 540
20180312T134729.074361 20 540
20180312T134729.086365 158.94 264.969 109.043 99.8768 99.4513 190.561 278.197 214.693 278.425 20180312T134729.086365 20 540
20180312T134729.094584 20 540
20180312T134729.105694 20 540
20180312T134729.113681 159.13 265.239 109.016 100.409 97.221 190.459 278.739 214.701 278.65 20180312T134729.113681 20 540
20180312T134729.125711 20 540
20180312T134729.133696 20 540
20180312T134729.145669 159.003 265.156 109.433 99.8755 98.5017 190.52 278.693 214.701 278.65 20180312T134729.145669 20 540
20180312T134729.153735 20 540
20180312T134729.165682 20 540
20180312T134729.173697 159.037 265.192 109.129 100.238 98.7785 190.459 278.739 214.691 278.789 20180312T134729.173697 20 540
20180312T134729.187166 20 540
20180312T134729.199332 20 540
20180312T134729.205975 159.258 265.278 109.041 100.723 100.607 190.5 278.811 214.556 279.066 20180312T134729.205975 20 540
20180312T134729.218097 20 540
20180312T134729.226569 20 540
20180312T134729.238565 159.348 265.339 109.297 100.9 101.067 190.598 278.842 214.853 278.903 20180312T134729.238565 20 540
20180312T134729.248222 20 540
20180312T134729.258097 20 540
20180312T134729.266089 159.341 265.425 109.25 100.739 101.533 190.727 279.048 214.775 279.275 20180312T134729.266089 20 540
20180312T134729.278239 20 540
20180312T134729.286215 20 540
20180312T134729.298194 159.633 265.534 109.091 101.099 100.346 190.933 279.141 214.857 279.223 20180312T134729.298194 20 540
20180312T134729.306415 20 540
20180312T134729.318226 20 540
20180312T134729.326211 159.38 265.369 109.705 100.458 101.695 190.884 278.92 215.019 279.03 20180312T134729.326211 20 540
20180312T134729.337713 20 540
20180312T134729.345706 20 540
20180312T134729.358072 159.516 265.303 109.431 101.267 101.057 190.878 278.837 214.958 278.905 20180312T134729.358072 20 540
20180312T134729.366141 20 540
20180312T134729.378198 20 540
20180312T134729.386612 159.114 265.321 109.902 100.601 100.925 190.878 278.837 214.958 278.905 20180312T134729.386612 20 540
20180312T134729.398429 20 540
20180312T134729.406340 20 540
20180312T134729.418333 159.247 265.279 109.847 101.128 100.38 190.823 278.795 215.112 278.822 20180312T134729.418333 20 540
20180312T134729.426620 20 540
20180312T134729.438086 20 540
20180312T134729.450118 159.413 265.324 109.956 101.559 102.228 190.835 278.807 214.989 278.876 20180312T134729.450118 20 540
20180312T134729.458632 20 540
20180312T134729.470226 20 540
20180312T134729.478199 159.308 265.186 110.164 101.539 103.328 190.696 278.846 215.112 278.822 20180312T134729.478199 20 540
20180312T134729.490406 20 540
20180312T134729.498341 20 540
20180312T134729.510330 159.238 265.378 110.329 101.976 101.128 190.789 278.825 214.711 278.813 20180312T134729.510330 20 540
20180312T134729.518466 20 540
20180312T134729.530098 20 540
20180312T134729.538665 159.216 265.479 110.403 102.022 101.572 190.5 278.811 214.494 279.004 20180312T134729.538665 20 540
20180312T134729.550180 20 540
20180312T134729.557695 20 540
20180312T134729.569652 159.024 265.39 110.387 102.138 100.778 190.487 278.902 214.234 278.85 20180312T134729.569652 20 540
20180312T134729.577833 20 540
20180312T134729.589677 20 540
20180312T134729.597693 158.742 265.548 110.134 102.189 101.346 190.261 278.855 214 279 20180312T134729.597693 20 540
20180312T134729.609704 20 540
20180312T134729.617690 20 540
20180312T134729.629656 158.731 265.678 110.01 102.68 102.569 190.036 278.837 213.744 278.942 20180312T134729.629656 20 540
20180312T134729.637745 20 540
20180312T134729.649668 20 540
20180312T134729.658319 158.767 265.668 109.985 102.728 104.914 190.036 278.837 213.9 279.08 20180312T134729.658319 20 540
20180312T134729.670640 20 540
20180312T134729.678483 20 540
20180312T134729.690591 158.798 265.656 110.101 102.526 105.02 189.951 278.882 213.5 279 20180312T134729.690591 20 540
20180312T134729.701734 20 540
20180312T134729.709718 20 540
20180312T134729.722889 159.224 265.739 109.812 103.031 101.132 190.381 278.987 213.93 279.058 20180312T134729.722889 20 540
20180312T134729.730796 20 540
20180312T134729.741715 20 540
20180312T134729.749702 159.29 265.731 109.889 102.952 101.195 190.583 278.904 214.219 279.185 20180312T134729.749702 20 540
20180312T134729.761736 20 540
20180312T134729.769713 20 540
20180312T134729.781701 159.671 265.796 109.967 102.815 104.979 190.487 278.902 214.23 279.177 20180312T134729.781701 20 540
20180312T134729.789755 20 540
20180312T134729.801716 20 540
20180312T134729.809707 159.527 265.689 110.195 102.51 104.756 190.542 278.844 214.59 279.004 20180312T134729.809707 20 540
20180312T134729.823136 20 540
20180312T134729.831137 20 540
20180312T134729.843284 159.689 265.555 110.446 102.676 103.703 190.542 278.844 214.658 278.721 20180312T134729.843284 20 540
20180312T134729.852313 20 540
20180312T134730.961638 20 1060
20180312T134730.969690 168.653 304.598 107.461 101.605 66.3174 195.574 296.926 218.835 295.98 20180312T134730.969690 20 1060
20180312T134730.981840 20 1060
20180312T134730.989698 20 1060
20180312T134731.001686 168.696 304.591 107.356 101.607 66.887 195.471 297.143 218.813 296.297 20180312T134731.001686 20 1060
20180312T134731.009712 20 1060
20180312T134731.021679 20 1060
20180312T134731.029639 169.097 304.645 107.814 101.832 65.7024 195.868 297.138 218.925 296.188 20180312T134731.029639 20 1060
20180312T134731.041703 20 1060
20180312T134731.049643 20 1060
20180312T134731.062832 169.254 304.373 107.83 101.675 64.6094 196.026 296.812 219.371 296.017 20180312T134731.062832 20 1060
20180312T134731.071792 20 1060
20180312T134731.082167 20 1060
20180312T134731.089675 169.172 304.558 108.086 101.635 69.4957 196.056 296.894 219.07 295.856 20180312T134731.089675 20 1060
20180312T134731.101708 20 1060
20180312T134731.109688 20 1060
20180312T134731.121668 169.274 304.323 108.376 101.895 66.4977 196.082 296.694 218.995 296.261 20180312T134731.121668 20 1060
20180312T134731.130313 20 1060
20180312T134731.142313 20 1060
20180312T134731.150279 169.175 304.387 108.739 101.846 67.2941 196.079 296.783 218.872 295.855 20180312T134731.150279 20 1060
20180312T134731.161703 20 1060
20180312T134731.169669 20 1060
20180312T134731.182840 169.449 304.433 108.908 101.97 66.7374 196.12 296.812 218.962 295.883 20180312T134731.182840 20 1060
20180312T134731.192119 20 1060
20180312T134731.201676 20 1060
20180312T134731.213660 169.718 304.333 108.839 102.454 63.6131 196.229 296.721 218.905 295.887 20180312T134731.213660 20 1060
20180312T134731.222541 20 1060
20180312T134731.233632 20 1060
20180312T134731.241604 169.841 304.551 109.131 102.569 67.0115 196.542 296.975 219.149 296.05 20180312T134731.241604 20 1060
20180312T134731.253661 20 1060
20180312T134731.261644 20 1060
20180312T134731.273923 169.78 304.584 109.337 102.313 67.1054 196.399 297.213 219.091 296.073 20180312T134731.273923 20 1060
20180312T134731.283268 20 1060
20180312T134731.293940 20 1060
20180312T134731.301925 169.72 304.628 109.67 102.199 67.5622 196.436 297.056 218.869 296.089 20180312T134731.301925 20 1060
20180312T134731.313966 20 1060
20180312T134731.323410 20 1060
20180312T134731.335397 169.71 304.574 109.424 102.405 67.6647 196.056 297.045 218.658 296.084 20180312T134731.335397 20 1060
20180312T134731.342290 20 1060
20180312T134731.353645 20 1060
20180312T134731.361637 169.789 304.581 109.606 102.432 66.5482 196.269 297.317 218.743 296.176 20180312T134731.361637 20 1060
20180312T134731.374070 20 1060
20180312T134731.382008 20 1060
20180312T134731.394014 169.88 304.57 109.688 102.913 68.1371 196.161 297.294 218.757 296.324 20180312T134731.394014 20 1060
20180312T134731.402046 20 1060
20180312T134731.414036 20 1060
20180312T134731.422008 169.813 304.626 109.735 102.883 67.0813 196.333 297.137 218.757 296.324 20180312T134731.422008 20 1060
20180312T134731.434065 20 1060
20180312T134731.442112 20 1060
20180312T134731.454047 169.936 304.462 109.773 102.852 67.4263 196.269 297.317 218.784 296.054 20180312T134731.454047 20 1060
20180312T134731.465663 20 1060
20180312T134731.473622 20 1060
20180312T134731.487166 170.168 304.572 109.401 103.222 64.9491 196.45 297.244 218.972 296.278 20180312T134731.487166 20 1060
20180312T134731.494355 20 1060
20180312T134731.505630 20 1060
20180312T134731.513660 169.891 304.464 109.68 102.523 68.1359 196.399 297.213 218.916 296.044 20180312T134731.513660 20 1060
20180312T134731.525679 20 1060
20180312T134731.533645 20 1060
20180312T134731.545606 170.125 304.262 109.109 102.988 66.8764 196.344 297.051 218.817 296.018 20180312T134731.545606 20 1060
20180312T134731.553675 20 1060
20180312T134731.565620 20 1060
20180312T134731.573635 169.942 304.147 108.87 102.848 66.2002 196.484 296.836 218.916 296.044 20180312T134731.573635 20 1060
20180312T134731.585646 20 1060
20180312T134731.594000 20 1060
20180312T134731.606612 170.08 304.107 108.715 102.815 66.6559 196.527 296.903 218.903 295.954 20180312T134731.606612 20 1060
20180312T134731.614482 20 1060
20180312T134731.625658 20 1060
20180312T134731.633589 170.36 304.119 108.8 102.825 64.1968 196.641 296.974 219.192 296.047 20180312T134731.633589 20 1060
20180312T134731.645640 20 1060
20180312T134731.653599 20 1060
20180312T134731.666130 170.45 303.957 108.786 102.569 64.6376 196.794 296.971 219.572 295.945 20180312T134731.666130 20 1060
20180312T134731.674551 20 1060
20180312T134731.685623 20 1060
20180312T134731.693598 170.342 304.047 108.881 102.224 64.0037 196.86 296.947 219.299 295.951 20180312T134731.693598 20 1060
20180312T134731.705655 20 1060
20180312T134731.717597 20 1060
20180312T134731.725657 170.2 304.04 108.661 102.682 66.0084 196.591 297 219.036 296.004 20180312T134731.725657 20 1060
20180312T134731.737638 20 1060
20180312T134731.746812 20 1060
20180312T134731.758805 170.058 304.104 108.499 102.635 64.0546 196.45 297.244 219.1 296.299 20180312T134731.758805 20 1060
20180312T134731.767834 20 1060
20180312T134731.777929 20 1060
20180312T134731.785899 170.174 304.024 108.433 102.751 64.755 196.323 297.286 218.952 296.304 20180312T134731.785899 20 1060
20180312T134731.797635 20 1060
20180312T134731.805635 20 1060
20180312T134731.817907 170.137 304.046 108.41 102.603 65.7085 196.371 297.317 218.952 296.304 20180312T134731.817907 20 1060
20180312T134731.826441 20 1060
20180312T134731.838402 20 1060
20180312T134731.846410 170.22 304.058 108.511 102.41 65.2628 196.614 297.492 219.1 296.457 20180312T134731.846410 20 1060
20180312T134731.857632 20 1060
20180312T134731.865600 20 1060
20180312T134731.877587 170.225 304.214 108.446 102.116 66.4109 196.926 297.556 219.1 296.457 20180312T134731.877587 20 1060
20180312T134731.885624 20 1060
20180312T134731.897597 20 1060
20180312T134731.905579 170.256 304.215 108.445 102.335 64.6639 196.926 297.556 219.19 296.457 20180312T134731.905579 20 1060
20180312T134731.917630 20 1060
20180312T134731.925622 20 1060
20180312T134731.937615 170.6 304.256 108.536 102.444 63.276 197.044 297.557 219.657 296.454 20180312T134731.937615 20 1060
20180312T134731.945638 20 1060
20180312T134731.957628 20 1060
20180312T134731.970519 170.699 304.141 108.474 102.776 63.0839 196.896 297.541 219.765 296.413 20180312T134731.970519 20 1060
20180312T134731.977743 20 1060
20180312T134731.990802 20 1060
20180312T134731.998662 170.584 304.1 108.359 102.939 62.663 196.602 297.317 219.308 296.374 20180312T134731.998662 20 1060
20180312T134732.010360 20 1060
20180312T134732.018256 20 1060
20180312T134732.030256 170.398 303.892 108.868 102.648 65.2799 196.929 297.114 219.282 296.139 20180312T134732.030256 20 1060
20180312T134732.038467 20 1060
20180312T134732.050250 20 1060
20180312T134732.058238 170.724 303.916 108.696 103.277 64.3438 196.677 297.078 219.386 296.143 20180312T134732.058238 20 1060
20180312T134732.070330 20 1060
20180312T134732.078114 20 1060
20180312T134732.090118 170.858 304.103 108.892 103.269 62.9697 196.818 297.188 219.639 296.033 20180312T134732.090118 20 1060
20180312T134732.097741 20 1060
20180312T134732.109649 20 1060
20180312T134732.118674 171.327 304.085 108.708 103.382 65.3113 197.343 297.152 219.722 296.111 20180312T134732.118674 20 1060
20180312T134732.130426 20 1060
20180312T134732.138241 20 1060
20180312T134732.150248 171.568 304.165 109.052 103.665 63.542 197.39 297.18 220.374 296.354 20180312T134732.150248 20 1060
20180312T134732.157656 20 1060
20180312T134732.169604 20 1060
20180312T134732.177561 171.544 304.189 108.914 103.655 63.3346 197.438 297.249 220.333 296.274 20180312T134732.177561 20 1060
20180312T134732.189643 20 1060
20180312T134732.198799 20 1060
20180312T134732.210231 171.562 304.319 109.147 103.554 66.5132 197.438 297.249 220.374 296.354 20180312T134732.210231 20 1060
20180312T134732.222465 20 1060
20180312T134732.231072 20 1060
20180312T134732.243065 171.806 304.6 108.905 103.225 65.6404 197.705 297.705 220.422 296.385 20180312T134732.243065 20 1060
20180312T134732.250515 20 1060
20180312T134732.261594 20 1060
20180312T134732.269606 172.013 304.489 108.787 103.239 65.9675 197.9 297.628 220.547 296.468 20180312T134732.269606 20 1060
20180312T134732.281629 20 1060
20180312T134732.289619 20 1060
20180312T134732.301578 172.223 304.579 108.997 103.443 65.534 197.969 297.79 220.547 296.468 20180312T134732.301578 20 1060
20180312T134732.309664 20 1060
20180312T134732.321592 20 1060
20180312T134732.330238 172.362 304.424 108.637 103.498 64.2312 198.032 297.704 220.547 296.468 20180312T134732.330238 20 1060
20180312T134732.342286 20 1060
20180312T134732.350357 20 1060
20180312T134732.362800 172.216 304.46 108.905 102.579 67.3083 198.192 297.692 220.657 296.454 20180312T134732.362800 20 1060
20180312T134732.370567 20 1060
20180312T134732.381596 20 1060
20180312T134732.389569 172.194 304.476 108.766 102.867 66.9824 198.222 297.367 220.765 296.413 20180312T134732.389569 20 1060
20180312T134732.401613 20 1060
20180312T134732.409579 20 1060
20180312T134732.423386 172.227 304.514 108.833 102.417 67.6713 198.329 297.427 220.765 296.413 20180312T134732.423386 20 1060
20180312T134732.430914 20 1060
20180312T134732.441623 20 1060
20180312T134732.449582 172.88 304.469 108.838 102.765 66.8833 198.443 297.214 220.962 296.469 20180312T134732.449582 20 1060
20180312T134733.459749 960 1060
20180312T134733.470615 960 1060
20180312T134733.482646 254.068 296.73 106.908 105.978 100.61 240.899 293.874 261.836 294.245 20180312T134733.482646 960 1060
20180312T134733.490793 960 1060
20180312T134733.502148 960 1060
20180312T134733.510134 253.994 296.577 107.567 106.057 95.6563 240.899 293.874 261.836 293.853 20180312T134733.510134 960 1060
20180312T134733.522769 960 1060
20180312T134733.530300 960 1060
20180312T134733.542227 253.906 296.594 107.374 106.424 105.335 240.918 294.022 261.805 293.649 20180312T134733.542227 960 1060
20180312T134733.549663 960 1060
20180312T134733.561558 960 1060
20180312T134733.569540 253.673 297.133 107.73 106.894 104.877 240.724 294.359 261.724 294.34 20180312T134733.569540 960 1060
20180312T134733.581620 960 1060
20180312T134733.590777 960 1060
20180312T134733.601876 253.716 297.087 107.922 107.112 97.8437 240.923 294.087 261.732 294.216 20180312T134733.601876 960 1060
20180312T134733.609888 960 1060
20180312T134733.621875 960 1060
20180312T134733.629898 253.761 297.083 108.816 107.331 105.414 240.667 294.47 261.724 294.34 20180312T134733.629898 960 1060
20180312T134733.642852 960 1060
20180312T134733.649537 960 1060
20180312T134733.661564 254.189 297.443 108.68 107.381 104.226 240.934 294.448 262.047 294.462 20180312T134733.661564 960 1060
20180312T134733.669572 960 1060
20180312T134733.681572 960 1060
20180312T134733.689517 254.473 297.25 109.107 107.863 96.3897 241.218 294.406 262.565 294.345 20180312T134733.689517 960 1060
20180312T134733.701611 960 1060
20180312T134733.709554 960 1060
20180312T134733.721564 254.147 297.525 109.052 108.124 100.456 241.045 294.463 262.139 294.406 20180312T134733.721564 960 1060
20180312T134733.733588 960 1060
20180312T134733.741569 960 1060
20180312T134733.753542 253.885 297.155 109.424 108.488 93.0176 240.971 294.247 261.848 294.234 20180312T134733.753542 960 1060
20180312T134733.761998 960 1060
20180312T134733.773540 960 1060
20180312T134733.783311 253.974 297.053 109.998 108.474 90.5061 241.183 294.016 261.933 294.17 20180312T134733.783311 960 1060
20180312T134733.793987 960 1060
20180312T134733.802023 960 1060
20180312T134733.814346 254.015 297.125 109.909 108.609 97.9586 241.183 294.016 261.972 293.989 20180312T134733.814346 960 1060
20180312T134733.824144 960 1060
20180312T134733.834359 960 1060
20180312T134733.842344 253.962 297.226 109.971 108.335 88.1501 240.904 293.985 261.928 294.176 20180312T134733.842344 960 1060
20180312T134733.854098 960 1060
20180312T134733.862129 960 1060
20180312T134733.874351 253.801 296.966 110.48 108.549 99.2908 240.836 293.796 261.655 293.936 20180312T134733.874351 960 1060
20180312T134733.882495 960 1060
20180312T134733.893568 960 1060
20180312T134733.901507 253.666 297.124 110.088 108.614 90.8605 240.657 293.931 261.673 294.253 20180312T134733.901507 960 1060
20180312T134733.913597 960 1060
20180312T134733.921532 960 1060
20180312T134733.934910 253.693 297.091 110.487 108.706 92.1743 240.626 294.242 261.782 294.282 20180312T134733.934910 960 1060
20180312T134733.942578 960 1060
20180312T134733.953576 960 1060
20180312T134733.961537 253.566 297.228 110.411 108.684 86.5574 240.422 294.283 261.673 294.253 20180312T134733.961537 960 1060
20180312T134733.973596 960 1060
20180312T134733.985541 960 1060
20180312T134733.993527 253.699 297.488 110.585 108.903 80.3958 240.531 294.552 261.724 294.34 20180312T134733.993527 960 1060
20180312T134734.005575 960 1060
20180312T134734.013536 960 1060
20180312T134734.025522 253.786 297.621 110.551 108.92 92.6075 240.531 294.552 261.827 294.364 20180312T134734.025522 960 1060
20180312T134734.033569 960 1060
20180312T134734.046208 960 1060
20180312T134734.054192 253.676 297.689 110.778 108.927 91.6218 240.333 294.689 261.679 294.384 20180312T134734.054192 960 1060
20180312T134734.065571 960 1060
20180312T134734.073538 960 1060
20180312T134734.085553 253.93 298.777 109.839 107.961 169.69 240.545 294.49 261.724 294.34 20180312T134734.085553 960 1060
20180312T134734.093611 960 1060
20180312T134734.105574 960 1060
20180312T134734.114748 253.809 297.602 111.235 109.772 88.5883 240.531 294.552 261.724 294.34 20180312T134734.114748 960 1060
20180312T134734.125637 960 1060
20180312T134734.133573 960 1060
20180312T134734.145546 253.991 297.495 112.073 109.952 96.7664 240.667 294.47 261.879 294.327 20180312T134734.145546 960 1060
20180312T134734.153660 960 1060
20180312T134734.165559 960 1060
20180312T134734.173511 254.063 297.782 111.232 110.72 91.1706 240.893 294.435 261.848 294.234 20180312T134734.173511 960 1060
20180312T134734.186235 960 1060
20180312T134734.194190 960 1060
20180312T134734.206189 254.181 297.563 111.63 110.982 109.478 240.909 294.296 261.879 294.327 20180312T134734.206189 960 1060
20180312T134734.215586 960 1060
20180312T134734.226059 960 1060
20180312T134734.238101 254.233 297.265 112.05 111.268 107.667 240.843 293.833 261.836 294.245 20180312T134734.238101 960 1060
20180312T134734.245741 960 1060
20180312T134734.257538 960 1060
20180312T134734.266356 254.101 296.967 112.946 111.715 92.9127 240.877 293.76 261.715 294.024 20180312T134734.266356 960 1060
20180312T134734.278334 960 1060
20180312T134734.286068 960 1060
20180312T134734.298067 254.03 297.085 112.882 111.444 112.147 240.705 293.857 261.655 293.936 20180312T134734.298067 960 1060
20180312T134734.305966 960 1060
20180312T134734.317845 960 1060
20180312T134734.325839 254.819 299.26 112.595 106.508 154.126 240.384 294.243 261.673 294.253 20180312T134734.325839 960 1060
20180312T134734.337891 960 1060
20180312T134734.345866 960 1060
20180312T134734.357895 253.903 297.179 113.284 111.855 109.812 240.156 294.317 261.633 294.224 20180312T134734.357895 960 1060
20180312T134734.365739 960 1060
20180312T134734.377573 960 1060
20180312T134734.386736 253.687 297.118 113.139 111.942 96.8589 240.156 294.317 261.673 294.253 20180312T134734.386736 960 1060
20180312T134734.398231 960 1060
20180312T134734.406192 960 1060
20180312T134734.418280 253.648 297.574 112.591 111.961 100.82 240.136 294.452 261.57 294.37 20180312T134734.418280 960 1060
20180312T134734.425713 960 1060
20180312T134734.437568 960 1060
20180312T134734.446678 253.689 297.782 112.265 111.928 31.0074 240.218 294.54 261.679 294.384 20180312T134734.446678 960 1060
20180312T134734.458275 960 1060
20180312T134734.466347 960 1060
20180312T134734.478338 253.893 297.843 112.425 111.744 6.56934 240.383 294.65 261.679 294.384 20180312T134734.478338 960 1060
20180312T134734.490362 960 1060
20180312T134734.497586 960 1060
20180312T134734.509515 254.172 297.798 112.221 111.439 143.271 240.437 294.782 261.907 294.444 20180312T134734.509515 960 1060
20180312T134734.518520 960 1060
20180312T134734.529534 960 1060
20180312T134734.538525 254.322 297.697 112.515 111.327 157.06 240.733 294.556 262.047 294.462 20180312T134734.538525 960 1060
20180312T134734.550224 960 1060
20180312T134734.558205 960 1060
20180312T134734.570178 254.086 297.738 112.075 111.025 174.883 240.585 294.552 261.827 294.364 20180312T134734.570178 960 1060
20180312T134734.578499 960 1060
20180312T134734.589560 960 1060
20180312T134734.597518 254.076 297.278 112.488 111.539 149.264 240.519 294.439 261.827 294.364 20180312T134734.597518 960 1060
20180312T134734.609584 960 1060
20180312T134734.617529 960 1060
20180312T134734.629548 254.062 297.359 112.026 111.387 137.336 240.615 294.328 261.827 294.364 20180312T134734.629548 960 1060
20180312T134734.637555 960 1060
20180312T134734.650347 960 1060
20180312T134734.658324 254.167 297.508 112.015 111.046 171.388 240.588 294.401 261.782 294.282 20180312T134734.658324 960 1060
20180312T134734.670207 960 1060
20180312T134734.678208 960 1060
20180312T134734.690320 254.372 297.2 112.063 111.755 104.157 240.667 294.47 261.78 294.302 20180312T134734.690320 960 1060
20180312T134734.698289 960 1060
20180312T134734.710101 960 1060
20180312T134734.718329 254.33 297.517 112.162 111.106 7.99739 240.599 294.333 261.879 294.327 20180312T134734.718329 960 1060
20180312T134734.730373 960 1060
20180312T134734.741516 960 1060
20180312T134734.749529 254.277 297.287 112.118 111.55 141.082 240.531 294.552 261.724 294.34 20180312T134734.749529 960 1060
20180312T134734.761560 960 1060
20180312T134734.769513 960 1060
20180312T134734.783165 254.059 297.643 111.893 111.378 156.74 240.43 294.602 261.679 294.384 20180312T134734.783165 960 1060
20180312T134734.791130 960 1060
20180312T134734.801537 960 1060
20180312T134734.809507 253.801 297.776 111.984 111.214 1.63309 240.136 294.452 261.61 294.459 20180312T134734.809507 960 1060
20180312T134734.823118 960 1060
20180312T134734.830321 960 1060
20180312T134734.842216 253.771 297.772 111.968 111.504 97.2988 240.105 294.526 261.602 294.497 20180312T134734.842216 960 1060
20180312T134734.850352 960 1060
20180312T134734.861840 960 1060
20180312T134734.869845 253.841 298.023 111.728 111.448 162.59 240.136 294.452 261.457 294.593 20180312T134734.869845 960 1060
20180312T134734.882505 960 1060
20180312T134734.889514 960 1060
20180312T134734.901523 253.764 297.936 111.711 111.597 104.876 240.24 294.372 261.457 294.593 20180312T134734.901523 960 1060
20180312T134734.909575 960 1060
20180312T134734.921572 960 1060
20180312T134734.929544 253.82 297.981 111.843 111.163 136.909 240.105 294.526 261.34 294.577 20180312T134734.929544 960 1060
20180312T134734.941599 960 1060
20180312T134734.949502 960 1060
20180312T134736.423799 339.015 286.486 112.193 98.8134 97.4948 282.756 289.194 304.99 289.591 20180312T134736.423799 1900 1060
20180312T134736.433595 1900 1060
20180312T134736.442988 1900 1060
20180312T134736.454516 339.287 285.996 113.403 98.8245 99.79 282.966 289.139 305.297 289.21 20180312T134736.454516 1900 1060
20180312T134736.462705 1900 1060
20180312T134736.473547 1900 1060
20180312T134736.481546 338.576 288.606 107.871 98.807 93.4732 283.145 289.347 305.406 289.885 20180312T134736.481546 1900 1060
20180312T134736.493543 1900 1060
20180312T134736.505498 1900 1060
20180312T134736.513477 338.888 288.022 108.989 98.8429 97.4052 283.147 289.247 305.394 289.308 20180312T134736.513477 1900 1060
20180312T134736.525934 1900 1060
20180312T134736.533904 1900 1060
20180312T134736.545903 338.468 288.26 108.643 98.7461 96.3734 282.835 289.147 305.289 289.129 20180312T134736.545903 1900 1060
20180312T134736.554572 1900 1060
20180312T134736.565529 1900 1060
20180312T134736.573515 338.32 287.952 109.192 99.4654 95.5569 282.66 289.385 304.883 289.778 20180312T134736.573515 1900 1060
20180312T134736.585571 1900 1060
20180312T134736.593480 1900 1060
20180312T134736.605502 338.156 288.009 109.105 99.6122 96.1067 282.684 289.126 304.863 289.415 20180312T134736.605502 1900 1060
20180312T134736.613541 1900 1060
20180312T134736.625509 1900 1060
20180312T134736.633461 339.392 286.017 114.532 99.4049 99.7363 282.69 289.354 304.964 289.723 20180312T134736.633461 1900 1060
20180312T134736.645531 1900 1060
20180312T134736.653472 1900 1060
20180312T134736.665493 340.423 284.644 118.33 99.2853 103.628 282.913 289.237 305.157 289.783 20180312T134736.665493 1900 1060
20180312T134736.677214 1900 1060
20180312T134736.685476 1900 1060
20180312T134736.693443 340.599 294.181 101.908 92.3872 135.995 283.145 289.347 305.387 289.801 20180312T134736.693443 1900 1060
20180312T134736.705501 1900 1060
20180312T134736.713460 1900 1060
20180312T134736.725452 339.023 287.642 111.297 100.058 99.3693 283.117 289.317 305.406 289.885 20180312T134736.725452 1900 1060
20180312T134736.733506 1900 1060
20180312T134736.745471 1900 1060
20180312T134736.757465 339.473 287.917 111.25 99.5348 98.323 283.231 289.32 305.485 289.27 20180312T134736.757465 1900 1060
20180312T134736.765561 1900 1060
20180312T134736.777494 1900 1060
20180312T134736.785449 339.037 285.632 113.424 100.194 99.6423 283.137 288.436 305.766 288.786 20180312T134736.785449 1900 1060
20180312T134736.797546 1900 1060
20180312T134736.805461 1900 1060
20180312T134736.819249 339.127 285.834 113.533 99.9897 99.4094 283.07 288.597 305.682 288.854 20180312T134736.819249 1900 1060
20180312T134736.829575 1900 1060
20180312T134736.838004 1900 1060
20180312T134736.846011 338.613 287.049 110.037 101.09 99.5736 283.137 288.436 305.561 288.739 20180312T134736.846011 1900 1060
20180312T134736.858326 1900 1060
20180312T134736.866277 1900 1060
20180312T134736.877976 339.686 284.73 115.541 100.809 103.554 283.137 288.436 305.596 288.699 20180312T134736.877976 1900 1060
20180312T134736.886522 1900 1060
20180312T134736.898290 1900 1060
20180312T134736.906276 338.579 287.017 110.136 100.457 98.0221 283.137 288.436 305.596 288.699 20180312T134736.906276 1900 1060
20180312T134736.918413 1900 1060
20180312T134736.926104 1900 1060
20180312T134736.938255 338.917 285.809 112.278 100.448 99.1661 282.83 288.326 305.448 288.65 20180312T134736.938255 1900 1060
20180312T134736.946041 1900 1060
20180312T134736.957462 1900 1060
20180312T134736.966684 338.966 286.496 110.948 100.489 100.2 283.109 288.469 305.766 288.786 20180312T134736.966684 1900 1060
20180312T134736.978373 1900 1060
20180312T134736.986463 1900 1060
20180312T134736.997988 338.571 287.361 108.915 100.362 96.7287 283.058 288.561 305.682 288.854 20180312T134736.997988 1900 1060
20180312T134737.009807 1900 1060
20180312T134737.018484 1900 1060
20180312T134737.030459 339.088 285.751 112.345 98.9606 99.1784 282.788 288.448 305.395 288.814 20180312T134737.030459 1900 1060
20180312T134737.038637 1900 1060
20180312T134737.049787 1900 1060
20180312T134737.057759 338.551 287.09 108.816 98.8304 96.5534 282.799 288.688 305.273 288.82 20180312T134737.057759 1900 1060
20180312T134737.069803 1900 1060
20180312T134737.077783 1900 1060
20180312T134737.089756 338.618 286.325 109.886 98.9446 98.8889 282.833 288.61 305.273 288.82 20180312T134737.089756 1900 1060
20180312T134737.098173 1900 1060
20180312T134737.110115 1900 1060
20180312T134737.118449 338.398 287.937 106.636 98.9502 98.7529 283.058 288.789 305.395 288.814 20180312T134737.118449 1900 1060
20180312T134737.130155 1900 1060
20180312T134737.138204 1900 1060
20180312T134737.150784 338.93 288.11 105.599 98.5593 94.2575 283.49 288.714 306.034 288.977 20180312T134737.150784 1900 1060
20180312T134737.159313 1900 1060
20180312T134737.169486 1900 1060
20180312T134737.177429 338.832 288.822 103.975 98.4259 99.7656 283.573 288.688 306.178 288.783 20180312T134737.177429 1900 1060
20180312T134737.189622 1900 1060
20180312T134737.197442 1900 1060
20180312T134737.209439 339.175 286.966 108.318 97.8884 97.8612 283.357 288.684 305.836 288.78 20180312T134737.209439 1900 1060
20180312T134737.219394 1900 1060
20180312T134737.229509 1900 1060
20180312T134737.237508 339.004 286.562 109.118 98.0699 97.7194 283.137 288.478 305.701 288.655 20180312T134737.237508 1900 1060
20180312T134737.249532 1900 1060
20180312T134737.261503 1900 1060
20180312T134737.269443 338.713 287.74 106.282 98.3049 95.0971 283.294 288.588 305.851 288.579 20180312T134737.269443 1900 1060
20180312T134737.281481 1900 1060
20180312T134737.290946 1900 1060
20180312T134737.302460 338.918 287.125 108.082 98.6683 98.5325 283.214 288.446 305.958 288.566 20180312T134737.302460 1900 1060
20180312T134737.312077 1900 1060
20180312T134737.322005 1900 1060
20180312T134737.329977 339.117 286.515 109.25 98.5345 96.881 283.294 288.283 305.751 288.519 20180312T134737.329977 1900 1060
20180312T134737.341508 1900 1060
20180312T134737.349445 1900 1060
20180312T134737.362465 338.958 286.826 108.954 98.4097 97.9223 283.192 288.275 305.561 288.519 20180312T134737.362465 1900 1060
20180312T134737.370703 1900 1060
20180312T134737.381529 1900 1060
20180312T134737.389489 339.387 285.691 112.466 98.3616 100.854 283.022 288.278 305.545 288.63 20180312T134737.389489 1900 1060
20180312T134737.401680 1900 1060
20180312T134737.409494 1900 1060
20180312T134737.422922 338.825 287.434 108.706 99.0904 96.6691 282.789 288.477 305.411 288.689 20180312T134737.422922 1900 1060
20180312T134737.431273 1900 1060
20180312T134737.441887 1900 1060
20180312T134737.449854 338.549 287.888 108.268 99.1945 94.6277 283.095 288.656 305.55 288.756 20180312T134737.449854 1900 1060
20180312T134737.461890 1900 1060
20180312T134737.469861 1900 1060
20180312T134737.481860 340.209 290.74 104.709 95.2524 119.16 283.122 288.625 305.672 288.796 20180312T134737.481860 1900 1060
20180312T134737.490142 1900 1060
20180312T134737.501871 1900 1060
20180312T134737.513851 338.552 287.246 109.65 99.9613 97.4955 282.789 288.477 305.46 288.764 20180312T134737.513851 1900 1060
20180312T134737.522047 1900 1060
20180312T134737.533875 1900 1060
20180312T134737.541859 339.145 286.253 112.66 98.9243 99.202 282.833 288.565 305.596 288.699 20180312T134737.541859 1900 1060
20180312T134737.553899 1900 1060
20180312T134737.561867 1900 1060
20180312T134737.573860 339.255 286.259 112.76 98.6416 99.3308 282.762 288.511 305.444 288.756 20180312T134737.573860 1900 1060
20180312T134737.581935 1900 1060
20180312T134737.593873 1900 1060
20180312T134737.601871 339.122 286.078 113.103 99.6746 98.9288 283.124 288.691 305.766 288.786 20180312T134737.601871 1900 1060
20180312T134737.613907 1900 1060
20180312T134737.621945 1900 1060
20180312T134737.633861 339.469 286.577 112.769 99.5033 97.9748 283.52 288.622 306.108 288.71 20180312T134737.633861 1900 1060
20180312T134737.641939 1900 1060
20180312T134737.653875 1900 1060
20180312T134737.661855 339.068 287.176 110.73 100.105 96.2968 283.5 288.5 306.22 288.634 20180312T134737.661855 1900 1060
20180312T134737.673895 1900 1060
20180312T134737.681847 1900 1060
20180312T134737.693848 339.349 286.614 112.583 99.5699 96.7777 283.612 288.41 306.306 288.565 20180312T134737.693848 1900 1060
20180312T134737.703292 1900 1060
20180312T134737.714672 1900 1060
20180312T134737.722488 339.35 286.306 112.285 99.8057 96.9993 283.896 288.249 306.406 288.547 20180312T134737.722488 1900 1060
20180312T134737.734100 1900 1060
20180312T134737.741450 1900 1060
20180312T134737.753433 339.19 287.393 109.665 99.873 96.6748 283.896 288.249 306.406 288.547 20180312T134737.753433 1900 1060
20180312T134737.765469 1900 1060
20180312T134737.773433 1900 1060
20180312T134737.786916 338.985 287.635 109.392 100.052 96.4161 283.543 288.446 306.306 288.565 20180312T134737.786916 1900 1060
20180312T134737.794824 1900 1060
20180312T134737.805452 1900 1060
20180312T134737.814898 339.362 286.799 111.929 99.725 98.3078 283.556 288.467 306.22 288.634 20180312T134737.814898 1900 1060
20180312T134737.827758 1900 1060
20180312T134737.833466 1900 1060
20180312T134737.845444 339.555 285.539 115.142 99.5641 99.5458 283.319 288.596 306.108 288.71 20180312T134737.845444 1900 1060
20180312T134737.854729 1900 1060
20180312T134737.865467 1900 1060
20180312T134737.873427 338.886 287.191 111.01 99.8436 95.3107 282.905 288.733 305.766 288.786 20180312T134737.873427 1900 1060
20180312T134737.885490 1900 1060
20180312T134737.893433 1900 1060
20180312T134737.906912 339.173 286.508 112.954 99.846 97.9245 283.042 288.866 305.713 288.979 20180312T134737.906912 1900 1060
20180312T134737.914617 1900 1060
