20180507T130642.653328 20 20
20180507T130642.664261 20 20
20180507T130642.672221 191.223 202.486 101.558 85.5942 115.86 232.596 246.019 257.202 247.227 20180507T130642.672221 20 20
20180507T130642.685227 20 20
20180507T130642.692470 20 20
20180507T130642.704527 191.454 201.65 102.205 85.6076 116.199 232.785 245.631 257.762 246.675 20180507T130642.704527 20 20
20180507T130642.714904 20 20
20180507T130642.724479 20 20
20180507T130642.732468 191.801 201.717 102.064 85.9361 116.029 233.212 245.625 258.194 246.73 20180507T130642.732468 20 20
20180507T130642.746631 20 20
20180507T130642.752180 20 20
20180507T130642.764157 192.046 201.901 102.288 85.9604 116.022 233.237 245.936 258.476 247.179 20180507T130642.764157 20 20
20180507T130642.772511 20 20
20180507T130642.784161 20 20
20180507T130642.794226 191.897 202.536 102.638 86.1069 116.59 233.418 246.954 258.521 247.753 20180507T130642.794226 20 20
20180507T130642.804248 20 20
20180507T130642.812165 20 20
20180507T130642.825129 192.22 203.436 103.029 86.4665 115.733 233.45 247.259 258.595 248.712 20180507T130642.825129 20 20
20180507T130642.833220 20 20
20180507T130642.844162 20 20
20180507T130642.852131 192.835 203.506 103.402 86.9288 116.686 234.176 247.62 259.003 248.527 20180507T130642.852131 20 20
20180507T130642.864254 20 20
20180507T130642.876152 20 20
20180507T130642.884137 193.053 203.426 103.731 87.319 115.815 234.284 247.174 259.494 248.802 20180507T130642.884137 20 20
20180507T130642.896186 20 20
20180507T130642.905596 20 20
20180507T130642.916792 193.14 203.862 104.058 87.688 115.575 234.33 247.67 259.333 248.883 20180507T130642.916792 20 20
20180507T130642.924406 20 20
20180507T130642.936164 20 20
20180507T130642.944141 193.229 204.14 104.401 87.7762 115.681 234.337 248.027 257.147 246.871 20180507T130642.944141 20 20
20180507T130642.956179 20 20
20180507T130642.964145 20 20
20180507T130642.976139 193.283 204.468 104.806 87.9004 115.331 234.674 248.5 257.672 247.249 20180507T130642.976139 20 20
20180507T130642.985059 20 20
20180507T130642.996150 20 20
20180507T130643.004135 193.518 204.401 105.404 88.2837 115.912 234.667 248.333 257.681 247.129 20180507T130643.004135 20 20
20180507T130643.016187 20 20
20180507T130643.025117 20 20
20180507T130643.037572 193.632 204.39 105.384 88.58 116.217 234.638 248.308 257.923 247.092 20180507T130643.037572 20 20
20180507T130643.045050 20 20
20180507T130643.056162 20 20
20180507T130643.064125 193.941 204.62 105.445 88.7676 115.253 235.199 248.491 258.231 247.113 20180507T130643.064125 20 20
20180507T130643.076174 20 20
20180507T130643.085853 20 20
20180507T130643.096923 194.536 204.446 105.719 88.5406 116.163 235.746 248.5 258.328 246.611 20180507T130643.096923 20 20
20180507T130643.105061 20 20
20180507T130643.116196 20 20
20180507T130643.128139 194.807 204.177 105.882 88.9396 115.592 236.272 248.07 258.5 246.436 20180507T130643.128139 20 20
20180507T130643.136190 20 20
20180507T130643.148168 20 20
20180507T130643.157120 195.042 203.743 106.126 89.0372 115.463 236.135 247.595 258.545 246.081 20180507T130643.157120 20 20
20180507T130643.170733 20 20
20180507T130643.176158 20 20
20180507T130643.188160 195.112 203.849 106.492 89.0648 115.541 236.079 247.378 258.502 246.046 20180507T130643.188160 20 20
20180507T130643.197646 20 20
20180507T130643.208469 20 20
20180507T130643.216784 195.222 203.938 106.203 89.0906 116.427 236.314 247.709 258.903 246.222 20180507T130643.216784 20 20
20180507T130643.228185 20 20
20180507T130643.236154 20 20
20180507T130643.248155 195.304 203.907 106.352 89.1512 115.982 236.256 247.616 259.149 246.451 20180507T130643.248155 20 20
20180507T130643.256184 20 20
20180507T130643.268156 20 20
20180507T130643.276137 195.798 203.952 106.088 88.9199 116.262 236.464 247.464 259.819 246.456 20180507T130643.276137 20 20
20180507T130643.288237 20 20
20180507T130643.297322 20 20
20180507T130643.309315 196.338 203.652 105.47 88.8621 116.062 237.364 247.452 260.359 246.421 20180507T130643.309315 20 20
20180507T130643.317327 20 20
20180507T130643.328170 20 20
20180507T130643.336132 196.532 203.265 105.138 88.5134 116.385 237.294 247.043 260.295 246.143 20180507T130643.336132 20 20
20180507T130643.348186 20 20
20180507T130643.356140 20 20
20180507T130643.368141 196.458 203.205 105.24 88.5606 115.717 237.252 246.901 260.279 246 20180507T130643.368141 20 20
20180507T130643.380212 20 20
20180507T130643.388152 20 20
20180507T130643.400144 196.497 203.091 105.069 88.1472 116.64 237.252 246.901 260.324 245.978 20180507T130643.400144 20 20
20180507T130643.411218 20 20
20180507T130643.420162 20 20
20180507T130643.428142 196.655 202.95 104.383 88.3077 115.891 237.518 247.212 260.324 245.978 20180507T130643.428142 20 20
20180507T130643.440481 20 20
20180507T130643.448448 20 20
20180507T130643.460450 196.512 202.883 104.236 88.0507 116.552 237.357 247.259 260.303 245.948 20180507T130643.460450 20 20
20180507T130643.469103 20 20
20180507T130643.480466 20 20
20180507T130643.488535 196.302 203.113 103.888 87.8779 116.754 237.181 246.92 260.355 246.013 20180507T130643.488535 20 20
20180507T130643.500219 20 20
20180507T130643.508170 20 20
20180507T130643.520643 196.388 202.67 103.54 87.6995 117.249 237.437 247 260.5 246.436 20180507T130643.520643 20 20
20180507T130643.529104 20 20
20180507T130643.540664 20 20
20180507T130643.548648 196.688 202.637 103.537 87.7492 117.174 237.829 246.94 260.513 246.013 20180507T130643.548648 20 20
20180507T130643.560971 20 20
20180507T130643.568144 20 20
20180507T130643.580140 197.04 202.841 103.768 87.4307 117.049 238.015 246.656 260.859 246.013 20180507T130643.580140 20 20
20180507T130643.588282 20 20
20180507T130643.600144 20 20
20180507T130643.609084 206.254 201.195 103.011 89.84 119.862 242.905 245.877 266.355 246.013 20180507T130643.609084 20 20
20180507T130643.620228 20 20
20180507T130643.632181 20 20
20180507T130643.640126 207.39 201.319 103.543 89.1537 120.246 244.154 246.018 267.329 245.437 20180507T130643.640126 20 20
20180507T130643.652194 20 20
20180507T130643.660128 20 20
20180507T130643.672122 207.959 200.691 103.13 89.338 120.035 244.377 245.554 267.991 245.195 20180507T130643.672122 20 20
20180507T130643.681323 20 20
20180507T130643.692144 20 20
20180507T130643.700127 208.516 199.93 103.148 89.3822 118.679 244.896 245.038 268.725 244.365 20180507T130643.700127 20 20
20180507T130643.712162 20 20
20180507T130643.721292 20 20
20180507T130643.733288 207.876 199.959 104.053 89.2895 119.669 244.404 245.014 268.131 244.646 20180507T130643.733288 20 20
20180507T130643.740324 20 20
20180507T130643.752138 20 20
20180507T130643.760115 196.45 203.657 103.832 87.1027 116.574 238.405 246.5 262.293 246.261 20180507T130643.760115 20 20
20180507T130643.772166 20 20
20180507T130643.780131 20 20
20180507T130643.792116 196.98 203.358 104.127 87.4128 117.959 238.384 246.694 262.313 246.545 20180507T130643.792116 20 20
20180507T130643.802058 20 20
20180507T130643.812764 20 20
20180507T130643.821270 196.982 203.781 104.592 87.8682 116.804 238.378 247.044 262.232 246.744 20180507T130643.821270 20 20
20180507T130643.832934 20 20
20180507T130643.840121 20 20
20180507T130643.852123 196.661 203.615 105.035 87.5083 116.903 238.19 246.857 261.874 246.329 20180507T130643.852123 20 20
20180507T130643.860146 20 20
20180507T130643.872130 20 20
20180507T130643.884149 196.865 203.078 104.887 87.5763 118.358 238.258 246.524 262.014 246.11 20180507T130643.884149 20 20
20180507T130643.893114 20 20
20180507T130643.904420 20 20
20180507T130643.913081 197.093 203.267 105.422 87.507 117.277 238.405 246.5 262.185 245.975 20180507T130643.913081 20 20
20180507T130643.924883 20 20
20180507T130643.932127 20 20
20180507T130643.944143 197.205 203.344 105.31 87.8519 116.939 238.592 246.416 262.224 245.761 20180507T130643.944143 20 20
20180507T130643.952149 20 20
20180507T130643.965084 20 20
20180507T130643.974226 197.378 202.713 105.274 87.8033 117.814 238.603 245.873 262.24 245.964 20180507T130643.974226 20 20
20180507T130643.984157 20 20
20180507T130643.992120 20 20
20180507T130644.004755 197.209 202.552 105.538 87.5657 119.097 238.5 246.008 262.279 246 20180507T130644.004755 20 20
20180507T130644.012933 20 20
20180507T130644.024131 20 20
20180507T130644.032822 196.645 202.72 105.549 87.6023 119.117 238.459 246.573 261.459 245.835 20180507T130644.032822 20 20
20180507T130644.044620 20 20
20180507T130644.052524 20 20
20180507T130644.064508 196.421 203.292 105.68 87.9408 116.847 238.029 246.454 261.105 245.934 20180507T130644.064508 20 20
20180507T130644.073479 20 20
20180507T130644.084132 20 20
20180507T130644.092097 196.59 203.413 105.893 88.0236 116.618 238.056 246.656 261.203 245.959 20180507T130644.092097 20 20
20180507T130644.104154 20 20
20180507T130644.112108 20 20
20180507T130644.124112 198.426 202.713 105.505 88.2444 117.582 238.667 246.489 262.436 246.064 20180507T130644.124112 20 20
20180507T130644.136181 20 20
20180507T130644.144119 20 20
20180507T130645.225253 303.375 171.756 97.648 90.6304 169.292 301.714 224.112 322.769 217.509 20180507T130645.225253 960 20
20180507T130645.237750 960 20
20180507T130645.244251 960 20
20180507T130645.252100 303.497 171.953 97.4958 89.6266 168.776 302.055 225.671 323.691 219.691 20180507T130645.252100 960 20
20180507T130645.264203 960 20
20180507T130645.272232 960 20
20180507T130645.284126 302.994 172.598 97.159 89.4106 167.432 300.646 222.026 323.049 220.797 20180507T130645.284126 960 20
20180507T130645.292152 960 20
20180507T130645.304096 960 20
20180507T130645.312574 301.992 172.579 97.1202 87.9656 169.253 299.926 222.636 322.785 222.167 20180507T130645.312574 960 20
20180507T130645.325050 960 20
20180507T130645.332066 960 20
20180507T130645.344055 301.809 173.266 96.8815 88.7689 167.405 299.879 223.176 321.471 219.863 20180507T130645.344055 960 20
20180507T130645.352084 960 20
20180507T130645.364064 960 20
20180507T130645.372037 301.53 172.796 97.374 88.6825 167.182 300.019 223.833 321.961 222.122 20180507T130645.372037 960 20
20180507T130645.384199 960 20
20180507T130645.396099 960 20
20180507T130645.404052 300.993 172.797 97.69 88.3494 166.168 299.727 224.347 321.818 223.083 20180507T130645.404052 960 20
20180507T130645.416131 960 20
20180507T130645.424065 960 20
20180507T130645.436080 301.34 172.626 97.7502 88.7656 167.525 321.256 219.983 325 230.222 20180507T130645.436080 960 20
20180507T130645.444925 960 20
20180507T130645.456092 960 20
20180507T130645.465019 301.239 173.203 98.1438 89.5496 167.692 301.022 232.071 322.566 224.396 20180507T130645.465019 960 20
20180507T130645.477031 960 20
20180507T130645.484686 960 20
20180507T130645.496675 300.534 174.431 97.964 91.3508 168.245 308.476 105.557 342.238 106.524 20180507T130645.496675 960 20
20180507T130645.504549 960 20
20180507T130645.516055 960 20
20180507T130645.524041 299.985 175.291 98.8925 91.5112 167.089 308.609 106.29 316.926 105.63 20180507T130645.524041 960 20
20180507T130645.536092 960 20
20180507T130645.544683 960 20
20180507T130645.556684 300.219 175.964 99.2551 91.8808 168.357 311.042 106.205 343 107.5 20180507T130645.556684 960 20
20180507T130645.564761 960 20
20180507T130645.576089 960 20
20180507T130645.584090 300.544 176.518 99.283 92.5583 168.785 307.481 243.37 330.134 272.969 20180507T130645.584090 960 20
20180507T130645.596584 960 20
20180507T130645.604082 960 20
20180507T130645.616053 300.44 177.585 99.4283 92.8333 167.386 279.417 111.5 313.628 106.812 20180507T130645.616053 960 20
20180507T130645.624093 960 20
20180507T130645.636060 960 20
20180507T130645.648326 300.212 177.703 100.488 91.1015 169.205 299.943 237.643 321.629 231.006 20180507T130645.648326 960 20
20180507T130645.656381 960 20
20180507T130645.668111 960 20
20180507T130645.676040 299.922 178.096 100.709 91.083 168.358 299.426 237.415 323.5 239 20180507T130645.676040 960 20
20180507T130645.688120 960 20
20180507T130645.696053 960 20
20180507T130645.708072 299.14 179.842 100.425 92.7932 167.008 299.204 238.906 325.946 277.775 20180507T130645.708072 960 20
20180507T130645.718604 960 20
20180507T130645.728196 960 20
20180507T130645.737811 299.041 180.321 100.864 92.622 167.009 299.018 239.147 322.533 240.267 20180507T130645.737811 960 20
20180507T130645.749203 960 20
20180507T130645.756683 960 20
20180507T130645.768656 298.846 181.203 100.717 93.5288 166.028 298.987 240.202 323.111 241.556 20180507T130645.768656 960 20
20180507T130645.778028 960 20
20180507T130645.788449 960 20
20180507T130645.796430 299.27 181.758 101.296 92.7517 170.779 298.965 240.621 323.185 242.259 20180507T130645.796430 960 20
20180507T130645.808088 960 20
20180507T130645.816049 960 20
20180507T130645.828056 299.185 182.258 101.173 93.2355 168.586 299.091 240.771 323.292 242.375 20180507T130645.828056 960 20
20180507T130645.836069 960 20
20180507T130645.848102 960 20
20180507T130645.857202 299.403 182.776 101.696 93.4686 167.741 299.135 241.509 321.649 236.378 20180507T130645.857202 960 20
20180507T130645.868125 960 20
20180507T130645.876138 960 20
20180507T130645.888130 299.256 183.397 101.539 93.2494 169.517 298.022 237.247 300.456 251.222 20180507T130645.888130 960 20
20180507T130645.900202 960 20
20180507T130645.909454 960 20
20180507T130645.922145 299.162 184.012 102.104 93.2523 168.082 297.991 237.776 300.29 252.222 20180507T130645.922145 960 20
20180507T130645.930663 960 20
20180507T130645.940084 960 20
20180507T130645.948029 298.934 184.657 101.853 93.4948 167.978 298.055 238.128 300.291 253.079 20180507T130645.948029 960 20
20180507T130645.961223 960 20
20180507T130645.969201 960 20
20180507T130645.981188 298.93 184.924 101.734 93.1314 168.313 298.004 238.74 321.928 239.689 20180507T130645.981188 960 20
20180507T130645.990956 960 20
20180507T130646.000066 960 20
20180507T130646.008023 299.22 185.496 102.253 93.144 169.13 298.156 239.078 322.064 240.084 20180507T130646.008023 960 20
20180507T130646.020369 960 20
20180507T130646.028329 960 20
20180507T130646.041198 298.868 185.104 101.944 92.5475 170.151 297.962 238.929 322 240.383 20180507T130646.041198 960 20
20180507T130646.052312 960 20
20180507T130646.060088 960 20
20180507T130646.068078 298.696 185.377 102.044 92.1398 169.026 297.62 239.604 321.882 240.882 20180507T130646.068078 960 20
20180507T130646.081464 960 20
20180507T130646.088805 960 20
20180507T130646.100649 298.595 185.348 101.74 91.9352 170.233 297.456 239.406 321.857 241.059 20180507T130646.100649 960 20
20180507T130646.112437 960 20
20180507T130646.120338 960 20
20180507T130646.128313 298.818 185.571 101.637 92.6389 168.942 297.514 239.475 321.934 241.195 20180507T130646.128313 960 20
20180507T130646.140854 960 20
20180507T130646.152071 960 20
20180507T130646.160022 298.724 185.401 101.651 92.6507 168.65 297.427 239.158 322.065 241.258 20180507T130646.160022 960 20
20180507T130646.172101 960 20
20180507T130646.180041 960 20
20180507T130646.193186 298.915 184.9 101.299 93.0536 169.235 297.297 238.584 322.152 240.608 20180507T130646.193186 960 20
20180507T130646.201548 960 20
20180507T130646.212178 960 20
20180507T130646.220018 299.107 183.939 101.192 92.5696 170.174 297.731 237.904 322.526 240.635 20180507T130646.220018 960 20
20180507T130646.232726 960 20
20180507T130646.240029 960 20
20180507T130646.252045 299.241 183.927 101.061 92.6041 170.737 297.765 237.971 322.511 240.624 20180507T130646.252045 960 20
20180507T130646.260560 960 20
20180507T130646.272418 960 20
20180507T130646.280517 298.847 184.266 100.812 92.6916 169.147 297.387 238.177 322.039 240.754 20180507T130646.280517 960 20
20180507T130646.292563 960 20
20180507T130646.300661 960 20
20180507T130646.312644 298.705 185.02 100.764 93.3633 167.653 297.068 238.501 321.868 241.316 20180507T130646.312644 960 20
20180507T130646.320157 960 20
20180507T130646.332031 960 20
20180507T130646.340001 298.645 184.879 100.647 92.8704 167.832 297.012 238.632 321.88 241.479 20180507T130646.340001 960 20
20180507T130646.352052 960 20
20180507T130646.360010 960 20
20180507T130646.373166 298.602 184.948 100.521 92.7785 170.02 297.211 238.771 321.989 241.526 20180507T130646.373166 960 20
20180507T130646.380090 960 20
20180507T130646.392041 960 20
20180507T130646.404049 298.874 185.262 100.64 92.5399 171.876 297.385 239.232 322.037 241.801 20180507T130646.404049 960 20
20180507T130646.412145 960 20
20180507T130646.424050 960 20
20180507T130646.432006 298.971 185.045 100.563 92.315 168.182 297.48 239.199 322.17 241.676 20180507T130646.432006 960 20
20180507T130646.444133 960 20
20180507T130646.452013 960 20
20180507T130646.464030 299.632 184.509 100.347 92.2245 169.82 298.426 238.667 322.675 240.95 20180507T130646.464030 960 20
20180507T130646.472141 960 20
20180507T130646.484056 960 20
20180507T130646.493400 300.388 184.472 100.257 92.5899 168.896 299.188 238.496 323.687 240.874 20180507T130646.493400 960 20
20180507T130646.504178 960 20
20180507T130646.512047 960 20
20180507T130646.524041 300.494 184.604 100.134 92.6034 166.936 298.962 238.722 323.607 240.797 20180507T130646.524041 960 20
20180507T130646.532234 960 20
20180507T130646.544661 960 20
20180507T130646.553176 300.102 184.788 100.002 92.598 167.417 298.5 238.5 323.275 241.383 20180507T130646.553176 960 20
20180507T130646.564060 960 20
20180507T130646.572026 960 20
20180507T130646.584009 299.9 184.661 99.9058 92.5979 167.689 298.179 238.481 323.091 241.164 20180507T130646.584009 960 20
20180507T130646.592134 960 20
20180507T130646.604025 960 20
20180507T130646.612024 300.351 184.502 100.027 92.1736 168.151 298.528 238.426 323.509 241.902 20180507T130646.612024 960 20
20180507T130646.624537 960 20
20180507T130646.632510 960 20
20180507T130646.644951 300.382 184.706 99.9171 92.8188 166.475 298.613 238.571 323.627 242.063 20180507T130646.644951 960 20
20180507T130646.656385 960 20
20180507T130646.664018 960 20
20180507T130646.676035 300.142 184.737 100.405 92.4655 165.095 298.354 238.841 323.407 241.881 20180507T130646.676035 960 20
20180507T130646.684066 960 20
20180507T130646.696535 960 20
20180507T130646.705154 299.806 184.877 100.315 92.5107 167.968 298.454 238.959 323.329 241.929 20180507T130646.705154 960 20
20180507T130646.716546 960 20
20180507T130648.004608 1900 20
20180507T130648.016053 402.815 180.313 96.4358 83.7667 35.0283 358.323 233.607 384.068 233.812 20180507T130648.016053 1900 20
20180507T130648.024650 1900 20
20180507T130648.037387 1900 20
20180507T130648.045227 404.454 178.9 96.5403 83.8442 33.9443 359.956 232.533 385.261 232.762 20180507T130648.045227 1900 20
20180507T130648.056538 1900 20
20180507T130648.064575 1900 20
20180507T130648.076458 404.827 178.185 96.4887 83.5079 33.7605 360.054 232.114 385.628 232.114 20180507T130648.076458 1900 20
20180507T130648.085516 1900 20
20180507T130648.096456 1900 20
20180507T130648.104858 404.451 178.666 96.3799 83.7925 34.8316 359.937 232.297 385.189 232.472 20180507T130648.104858 1900 20
20180507T130648.116958 1900 20
20180507T130648.124433 1900 20
20180507T130648.136430 404.19 178.777 96.1818 84.2547 36.7425 359.695 232.252 385.184 232.589 20180507T130648.136430 1900 20
20180507T130648.144204 1900 20
20180507T130648.155947 1900 20
20180507T130648.168426 404.437 178.52 96.4954 84.0156 34.1626 359.911 232.176 385.221 232.387 20180507T130648.168426 1900 20
20180507T130648.177351 1900 20
20180507T130648.188581 1900 20
20180507T130648.197085 404.601 178.419 96.5901 83.9522 33.8926 360.295 232.173 385.492 232.549 20180507T130648.197085 1900 20
20180507T130648.208047 1900 20
20180507T130648.215953 1900 20
20180507T130648.227965 404.655 178.455 96.3811 84.0091 34.6786 360.298 232.412 385.485 232.848 20180507T130648.227965 1900 20
20180507T130648.235985 1900 20
20180507T130648.247947 1900 20
20180507T130648.255932 404.602 178.524 96.928 84.1992 34.3053 360.259 232.338 385.523 232.697 20180507T130648.255932 1900 20
20180507T130648.268016 1900 20
20180507T130648.275941 1900 20
20180507T130648.288864 404.718 178.41 96.8183 84.2624 34.9948 360.685 232.172 385.801 232.709 20180507T130648.288864 1900 20
20180507T130648.298781 1900 20
20180507T130648.308711 1900 20
20180507T130648.316698 404.595 178.458 96.846 84.4197 34.5424 360.892 232.526 385.602 232.835 20180507T130648.316698 1900 20
20180507T130648.328594 1900 20
20180507T130648.336554 1900 20
20180507T130648.348865 404.618 178.484 96.7123 84.6654 34.378 360.892 232.447 385.452 232.873 20180507T130648.348865 1900 20
20180507T130648.358002 1900 20
20180507T130648.367954 1900 20
20180507T130648.376212 404.464 178.506 96.9556 84.8108 34.4491 360.765 232.423 385.451 232.709 20180507T130648.376212 1900 20
20180507T130648.387974 1900 20
20180507T130648.395931 1900 20
20180507T130648.407930 404.24 178.566 97.3347 84.8804 33.7302 360.454 232.541 385.295 232.889 20180507T130648.407930 1900 20
20180507T130648.419998 1900 20
20180507T130648.427938 1900 20
20180507T130648.439955 404.126 178.692 97.3417 85.3655 33.9355 360.455 232.662 385.469 233.062 20180507T130648.439955 1900 20
20180507T130648.450584 1900 20
20180507T130648.460080 1900 20
20180507T130648.467930 404.059 178.712 97.6692 85.556 34.3631 360.455 232.703 385.365 233.271 20180507T130648.467930 1900 20
20180507T130648.480588 1900 20
20180507T130648.488564 1900 20
20180507T130648.500876 404.108 178.117 97.6458 85.58 33.0572 360.675 232.108 385.506 232.253 20180507T130648.500876 1900 20
20180507T130648.509339 1900 20
20180507T130648.519997 1900 20
20180507T130648.527931 404.562 177.703 98.2599 85.5307 32.0742 361.034 231.9 385.635 231.963 20180507T130648.527931 1900 20
20180507T130648.540596 1900 20
20180507T130648.549321 1900 20
20180507T130648.560544 404.683 177.814 98.2338 85.8607 33.3473 361.301 231.921 385.623 231.926 20180507T130648.560544 1900 20
20180507T130648.569262 1900 20
20180507T130648.580327 1900 20
20180507T130648.588313 404.294 178.131 98.7877 85.7491 34.6031 360.862 232.162 385.286 232.139 20180507T130648.588313 1900 20
20180507T130648.600906 1900 20
20180507T130648.608867 1900 20
20180507T130648.620560 403.795 178.391 98.2791 85.9996 35.2142 360.336 232.398 385.102 232.766 20180507T130648.620560 1900 20
20180507T130648.629497 1900 20
20180507T130648.640424 1900 20
20180507T130648.648405 403.712 178.51 98.7832 85.8476 35.0845 360.151 232.468 385.041 232.959 20180507T130648.648405 1900 20
20180507T130648.659992 1900 20
20180507T130648.671966 1900 20
20180507T130648.679920 403.961 178.465 98.6038 85.9016 35.3433 360.285 232.461 385.392 232.718 20180507T130648.679920 1900 20
20180507T130648.692001 1900 20
20180507T130648.699939 1900 20
20180507T130648.711947 404.302 178.388 98.7602 86.1576 34.0303 360.828 232.57 385.602 232.661 20180507T130648.711947 1900 20
20180507T130648.720028 1900 20
20180507T130648.731972 1900 20
20180507T130648.739927 404.56 178.376 99.0923 85.9823 35.2862 361.025 232.42 385.925 232.446 20180507T130648.739927 1900 20
20180507T130648.751994 1900 20
20180507T130648.759937 1900 20
20180507T130648.771954 404.934 177.857 99.2254 86.1714 34.7909 361.479 231.681 386.118 231.648 20180507T130648.771954 1900 20
20180507T130648.779994 1900 20
20180507T130648.791968 1900 20
20180507T130648.799922 405.125 177.344 98.5874 86.2579 33.2551 361.548 231.553 386.543 231.216 20180507T130648.799922 1900 20
20180507T130648.811987 1900 20
20180507T130648.819942 1900 20
20180507T130648.831919 405.01 177.487 98.9718 86.4909 33.8008 361.285 231.545 386.358 231.277 20180507T130648.831919 1900 20
20180507T130648.839989 1900 20
20180507T130648.851925 1900 20
20180507T130648.859901 404.336 177.693 99.5462 86.5189 34.5542 360.891 232.016 385.716 232.072 20180507T130648.859901 1900 20
20180507T130648.871961 1900 20
20180507T130648.879918 1900 20
20180507T130648.891918 404.368 177.837 99.4457 86.2698 34.5449 360.637 231.932 385.861 232.304 20180507T130648.891918 1900 20
20180507T130648.899966 1900 20
20180507T130648.911928 1900 20
20180507T130648.923949 404.417 177.489 98.9907 86.4569 32.5586 360.862 231.91 386.286 231.969 20180507T130648.923949 1900 20
20180507T130648.931966 1900 20
20180507T130648.944318 1900 20
20180507T130648.952304 405.066 177.632 100.366 86.6738 35.1085 361.279 231.709 386.581 231.584 20180507T130648.952304 1900 20
20180507T130648.963988 1900 20
20180507T130648.971927 1900 20
20180507T130648.983942 405.212 177.862 100.279 86.857 35.3732 361.331 231.886 386.667 231.599 20180507T130648.983942 1900 20
20180507T130648.992766 1900 20
20180507T130649.003958 1900 20
20180507T130649.011917 405.24 177.82 100.256 86.8705 35.5286 361.563 231.959 386.76 231.62 20180507T130649.011917 1900 20
20180507T130649.023987 1900 20
20180507T130649.032029 1900 20
20180507T130649.046037 405.149 177.915 100.592 87.2582 36.0635 361.57 231.441 386.756 232.256 20180507T130649.046037 1900 20
20180507T130649.053606 1900 20
20180507T130649.063967 1900 20
20180507T130649.072014 405.28 177.639 100.451 87.4886 34.8916 361.539 231.987 386.89 231.911 20180507T130649.072014 1900 20
20180507T130649.083985 1900 20
20180507T130649.091920 1900 20
20180507T130649.103909 405.512 177.447 101.078 87.6243 34.9119 361.587 231.858 387.003 231.753 20180507T130649.103909 1900 20
20180507T130649.111932 1900 20
20180507T130649.123922 1900 20
20180507T130649.131896 405.774 177.281 101.305 87.8863 36.5917 361.874 231.368 387.072 231.592 20180507T130649.131896 1900 20
20180507T130649.143949 1900 20
20180507T130649.151903 1900 20
20180507T130649.163904 405.78 177.027 101.211 88.0548 36.3942 362.021 231.254 387.411 231.43 20180507T130649.163904 1900 20
20180507T130649.177336 1900 20
20180507T130649.184867 1900 20
20180507T130649.196678 405.829 177.193 101.405 88.1229 36.1878 361.997 231.408 387.232 231.553 20180507T130649.196678 1900 20
20180507T130649.206098 1900 20
20180507T130649.216226 1900 20
20180507T130649.224216 405.673 177.373 102.331 88.1603 36.6669 361.884 231.28 387.307 231.577 20180507T130649.224216 1900 20
20180507T130649.236247 1900 20
20180507T130649.244209 1900 20
20180507T130649.256193 405.876 177.298 102.137 88.6884 35.8106 362.076 230.979 387.594 232.046 20180507T130649.256193 1900 20
20180507T130649.264245 1900 20
20180507T130649.276202 1900 20
20180507T130649.285278 406.048 176.68 102.405 88.8182 36.4412 362.321 230.644 387.836 231.421 20180507T130649.285278 1900 20
20180507T130649.296014 1900 20
20180507T130649.303919 1900 20
20180507T130649.315937 406.182 176.447 102.528 88.6894 35.6949 362.826 230.465 388.17 230.879 20180507T130649.315937 1900 20
20180507T130649.323947 1900 20
20180507T130649.335939 1900 20
20180507T130649.343893 406.294 176.699 102.541 88.6065 36.4817 362.801 230.659 388.026 230.923 20180507T130649.343893 1900 20
20180507T130649.357317 1900 20
20180507T130649.364845 1900 20
20180507T130649.376519 405.606 177.082 102.385 88.6359 35.9133 362.326 230.827 387.706 231.719 20180507T130649.376519 1900 20
20180507T130649.386423 1900 20
20180507T130649.396966 1900 20
20180507T130649.403897 405.502 177.438 101.991 88.6895 37.2492 362.168 231.084 387.336 231.997 20180507T130649.403897 1900 20
20180507T130649.416230 1900 20
20180507T130649.428198 1900 20
20180507T130649.436189 405.716 177.227 102.18 88.2012 36.5562 362.395 230.894 387.547 231.503 20180507T130649.436189 1900 20
20180507T130649.448230 1900 20
20180507T130649.457359 1900 20
20180507T130649.469351 406.14 176.771 102.066 88.0444 35.3216 362.68 230.615 388.046 231.172 20180507T130649.469351 1900 20
20180507T130649.477342 1900 20
20180507T130649.487946 1900 20
20180507T130649.495892 406.359 177.052 102.004 88.1852 37.2653 362.913 230.7 388.21 231.409 20180507T130649.495892 1900 20
20180507T130650.816703 1900 540
20180507T130650.830331 1900 540
20180507T130650.836676 408.5 222.42 100.812 92.4666 48.714 361.663 253.736 386.601 254.112 20180507T130650.836676 1900 540
20180507T130650.847936 1900 540
20180507T130650.855917 1900 540
20180507T130650.868127 408.578 222.58 100.422 92.8924 50.3808 361.857 253.372 386.783 254.095 20180507T130650.868127 1900 540
20180507T130650.875967 1900 540
20180507T130650.888214 1900 540
20180507T130650.896164 409.314 222.583 100.587 91.0965 49.9941 362.059 253.931 386.983 254.754 20180507T130650.896164 1900 540
20180507T130650.908574 1900 540
20180507T130650.916494 1900 540
20180507T130650.928484 408.984 223.862 99.7303 91.1794 50.4486 361.406 255.499 386.872 255.765 20180507T130650.928484 1900 540
20180507T130650.939947 1900 540
20180507T130650.947864 1900 540
20180507T130650.959876 407.715 225.204 99.9216 91.3553 50.1679 360.672 256.133 385.774 256.959 20180507T130650.959876 1900 540
20180507T130650.967901 1900 540
20180507T130650.979883 1900 540
20180507T130650.987857 405.607 226.011 99.7053 91.2594 48.6838 358.595 257.549 383.745 258.369 20180507T130650.987857 1900 540
20180507T130650.999953 1900 540
20180507T130651.007863 1900 540
20180507T130651.019877 403.74 227.376 99.1503 92.5378 51.5688 356.857 258.111 382.14 258.661 20180507T130651.019877 1900 540
20180507T130651.027892 1900 540
20180507T130651.040258 1900 540
20180507T130651.048247 403.662 227.037 99.1562 91.0042 51.2654 356.646 258.067 381.805 258.669 20180507T130651.048247 1900 540
20180507T130651.059978 1900 540
20180507T130651.067866 1900 540
20180507T130651.079852 404.294 226.875 99.126 90.734 51.6445 356.925 258.042 382.237 258.499 20180507T130651.079852 1900 540
20180507T130651.087885 1900 540
20180507T130651.099856 1900 540
20180507T130651.107843 404.605 226.497 98.6831 91.1684 49.718 357.43 257.632 382.731 258.301 20180507T130651.107843 1900 540
20180507T130651.119959 1900 540
20180507T130651.127850 1900 540
20180507T130651.141235 405.641 225.451 98.4463 90.9253 48.7642 358.752 256.713 384.095 257.474 20180507T130651.141235 1900 540
20180507T130651.153496 1900 540
20180507T130651.159862 1900 540
20180507T130651.167835 406.862 224.684 98.6619 91.0847 51.6872 359.902 255.873 385.041 256.639 20180507T130651.167835 1900 540
20180507T130651.181591 1900 540
20180507T130651.192627 1900 540
20180507T130651.201247 406.9 224.405 98.1524 90.7981 48.2735 360.282 255.565 385.258 256.516 20180507T130651.201247 1900 540
20180507T130651.213723 1900 540
20180507T130651.219862 1900 540
20180507T130651.231872 406.533 224.113 96.7908 90.695 45.0982 359.783 255.892 384.957 256.681 20180507T130651.231872 1900 540
20180507T130651.239888 1900 540
20180507T130651.251888 1900 540
20180507T130651.259842 406.938 224.203 97.6508 89.4226 49.8095 359.872 255.739 384.96 256.384 20180507T130651.259842 1900 540
20180507T130651.273593 1900 540
20180507T130651.280803 1900 540
20180507T130651.292348 406.956 223.739 96.946 90.1156 47.797 360.029 255.368 385.069 255.827 20180507T130651.292348 1900 540
20180507T130651.299951 1900 540
20180507T130651.311887 1900 540
20180507T130651.320134 406.101 224.6 97.1159 91.6402 58.2887 359.543 255.703 384.786 255.802 20180507T130651.320134 1900 540
20180507T130651.332171 1900 540
20180507T130651.340342 1900 540
20180507T130651.352325 398.172 226.088 96.7607 92.2598 50.648 354.546 257.273 379.839 257.221 20180507T130651.352325 1900 540
20180507T130651.360574 1900 540
20180507T130651.371855 1900 540
20180507T130651.379830 397.151 226.367 96.4258 92.5088 49.8528 353.477 257.685 379.032 257.293 20180507T130651.379830 1900 540
20180507T130651.391883 1900 540
20180507T130651.399834 1900 540
20180507T130651.411833 396.77 225.343 96.8111 91.5715 47.6333 352.803 256.518 378.566 256.839 20180507T130651.411833 1900 540
20180507T130651.420566 1900 540
20180507T130651.431839 1900 540
20180507T130651.443844 397.156 223.109 96.5414 90.699 49.4805 353.018 254.126 378.055 254.913 20180507T130651.443844 1900 540
20180507T130651.451851 1900 540
20180507T130651.463847 1900 540
20180507T130651.471811 -1 -1 96.5414 90.699 49.4805 353.018 254.126 378.055 254.913 20180507T130651.471811 1900 540
20180507T130651.484962 1900 540
20180507T130651.493485 1900 540
20180507T130651.504955 -1 -1 96.5414 90.699 49.4805 353.018 254.126 378.055 254.913 20180507T130651.504955 1900 540
20180507T130651.513624 1900 540
20180507T130651.524320 1900 540
20180507T130651.532962 378.832 223.854 86.4627 77.2514 148.436 341.529 248.616 366.329 248.818 20180507T130651.532962 1900 540
20180507T130651.543964 1900 540
20180507T130651.551849 1900 540
20180507T130651.563867 369.934 224.601 88.4826 76.5439 136.508 335.795 250.795 360.226 251.191 20180507T130651.563867 1900 540
20180507T130651.571879 1900 540
20180507T130651.583850 1900 540
20180507T130651.591831 362.572 216.328 100.053 92.7949 55.3774 335.41 250.863 359.917 251.069 20180507T130651.591831 1900 540
20180507T130651.603870 1900 540
20180507T130651.611841 1900 540
20180507T130651.623829 363.753 217.411 96.0315 92.4678 38.5771 334.801 250.612 359.861 250.495 20180507T130651.623829 1900 540
20180507T130651.633082 1900 540
20180507T130651.644467 1900 540
20180507T130651.652971 363.293 216.779 95.6266 92.4811 41.4349 334.052 250.369 359.437 250.143 20180507T130651.652971 1900 540
20180507T130651.663875 1900 540
20180507T130651.671876 1900 540
20180507T130651.683911 362.885 216.786 96.2876 92.8459 30.6009 333.967 250.39 359.369 250.111 20180507T130651.683911 1900 540
20180507T130651.695940 1900 540
20180507T130651.703859 1900 540
20180507T130651.715865 362.485 216.804 95.6192 92.9282 29.4577 333.781 250.367 359.204 250.22 20180507T130651.715865 1900 540
20180507T130651.723879 1900 540
20180507T130651.735874 1900 540
20180507T130651.743835 361.649 217.163 96.2171 92.9732 26.6945 332.833 250.703 358.516 250.565 20180507T130651.743835 1900 540
20180507T130651.757255 1900 540
20180507T130651.764991 1900 540
20180507T130651.776330 360.636 217.18 96.251 94.2013 24.9876 331.974 251 357.761 250.849 20180507T130651.776330 1900 540
20180507T130651.785556 1900 540
20180507T130651.796232 1900 540
20180507T130651.804222 360.891 217.14 97.4575 92.3823 42.7095 331.814 250.705 357.727 250.602 20180507T130651.804222 1900 540
20180507T130651.817022 1900 540
20180507T130651.824614 1900 540
20180507T130651.836449 360.946 217.064 97.2122 95.0396 28.748 332.523 250.523 358.637 250.475 20180507T130651.836449 1900 540
20180507T130651.848321 1900 540
20180507T130651.855925 1900 540
20180507T130651.863829 361.8 216.222 97.5489 93.3537 34.3495 333.089 250.206 358.76 250.033 20180507T130651.863829 1900 540
20180507T130651.875919 1900 540
20180507T130651.883833 1900 540
20180507T130651.895827 361.623 216.132 97.7295 94.8181 25.3667 333.499 249.839 359 249.819 20180507T130651.895827 1900 540
20180507T130651.903895 1900 540
20180507T130651.915844 1900 540
20180507T130651.923819 362.263 215.522 98.6376 94.3095 33.4981 333.598 249.642 359.379 249.541 20180507T130651.923819 1900 540
20180507T130651.936336 1900 540
20180507T130651.947832 1900 540
20180507T130651.955825 361.916 215.197 98.3897 94.7938 23.9326 333.584 249.529 359.291 249.259 20180507T130651.955825 1900 540
20180507T130651.967925 1900 540
20180507T130651.975831 1900 540
20180507T130651.987855 361.541 215.875 98.4786 95.0987 39.8879 333.053 249.625 358.877 249.782 20180507T130651.987855 1900 540
20180507T130651.996005 1900 540
20180507T130652.007863 1900 540
20180507T130652.015825 361.143 215.767 99.0359 95.2436 29.695 332.854 249.965 358.612 249.833 20180507T130652.015825 1900 540
20180507T130652.027943 1900 540
20180507T130652.036613 1900 540
20180507T130652.049040 361.375 215.805 98.8472 96.11 27.2366 333.364 249.615 358.906 249.742 20180507T130652.049040 1900 540
20180507T130652.057287 1900 540
20180507T130652.067866 1900 540
20180507T130652.075822 362.096 215.458 98.9336 95.7428 36.5667 333.612 249.536 359.205 249.352 20180507T130652.075822 1900 540
20180507T130652.087991 1900 540
20180507T130652.095906 1900 540
20180507T130652.107842 362.532 215.318 98.8488 95.2909 36.3803 334.02 249.348 359.977 249.533 20180507T130652.107842 1900 540
20180507T130652.116429 1900 540
20180507T130652.127856 1900 540
20180507T130652.135809 362.489 215.707 98.3819 95.7568 34.7423 334.02 249.348 359.974 249.629 20180507T130652.135809 1900 540
20180507T130652.147862 1900 540
20180507T130652.156585 1900 540
20180507T130652.168962 362.614 215.182 99.5615 94.7569 38.2747 334.02 249.348 359.943 249.601 20180507T130652.168962 1900 540
20180507T130652.175854 1900 540
20180507T130652.187831 1900 540
20180507T130652.199826 362.549 215.323 99.3575 95.0867 40.5837 333.865 249.352 359.77 249.673 20180507T130652.199826 1900 540
20180507T130652.207897 1900 540
20180507T130652.219879 1900 540
20180507T130652.227806 362.544 215.143 98.6992 94.7707 41.8765 333.659 249.588 359.289 249.818 20180507T130652.227806 1900 540
20180507T130652.239877 1900 540
20180507T130652.247814 1900 540
20180507T130652.259836 361.987 215.629 98.6401 96.382 33.8685 333.723 249.384 359.328 249.346 20180507T130652.259836 1900 540
20180507T130652.267845 1900 540
20180507T130652.279847 1900 540
20180507T130652.287802 362.38 215.163 98.8681 95.8044 39.9798 333.993 248.786 359.87 249.242 20180507T130652.287802 1900 540
20180507T130652.300799 1900 540
20180507T130652.308759 1900 540
20180507T130653.540935 305 223.096 94.5133 93.2185 27.2597 301.533 253.172 326.048 253.455 20180507T130653.540935 960 540
20180507T130653.554849 960 540
20180507T130653.559850 960 540
20180507T130653.567975 305.657 223.257 95.5028 92.7772 53.0466 301.783 253.228 326.339 253.309 20180507T130653.567975 960 540
20180507T130653.579905 960 540
20180507T130653.587857 960 540
20180507T130653.599998 305.814 223.297 95.1525 92.745 50.2309 301.791 253.025 326.592 253.103 20180507T130653.599998 960 540
20180507T130653.607887 960 540
20180507T130653.619829 960 540
20180507T130653.627761 305.133 222.739 93.3793 92.5071 170.033 301.484 253.137 326.074 253.361 20180507T130653.627761 960 540
20180507T130653.641504 960 540
20180507T130653.648905 960 540
20180507T130653.660063 305.478 223.439 95.5461 92.5122 42.6779 301.305 253.198 325.774 253.526 20180507T130653.660063 960 540
20180507T130653.668956 960 540
20180507T130653.680926 960 540
20180507T130653.688895 305.225 223.446 94.6939 92.5627 52.3972 301.358 253.244 325.774 253.526 20180507T130653.688895 960 540
20180507T130653.699868 960 540
20180507T130653.711786 960 540
20180507T130653.720915 304.961 223.448 93.9371 92.338 53.5899 301.3 253.4 325.721 253.566 20180507T130653.720915 960 540
20180507T130653.733212 960 540
20180507T130653.740399 960 540
20180507T130653.752397 304.866 223.001 93.0176 92.1633 50.0146 301.254 253.284 325.774 253.526 20180507T130653.752397 960 540
20180507T130653.759879 960 540
20180507T130653.771806 960 540
20180507T130653.779761 305.109 223.257 93.7401 92.2861 47.0549 301.358 253.244 325.846 253.535 20180507T130653.779761 960 540
20180507T130653.791901 960 540
20180507T130653.799780 960 540
20180507T130653.811793 305.173 223.241 93.5517 92.0806 47.9323 301.358 253.244 325.979 253.462 20180507T130653.811793 960 540
20180507T130653.819820 960 540
20180507T130653.831779 960 540
20180507T130653.840543 305.017 223.466 93.4272 91.5783 48.9153 301.255 253.501 325.602 253.289 20180507T130653.840543 960 540
20180507T130653.852580 960 540
20180507T130653.860407 960 540
20180507T130653.872393 304.813 223.513 92.5686 91.7826 49.7628 301.094 253.617 325.574 253.739 20180507T130653.872393 960 540
20180507T130653.880193 960 540
20180507T130653.891774 960 540
20180507T130653.899864 304.733 223.007 92.0817 91.4554 27.3687 301.193 253.395 325.696 253.64 20180507T130653.899864 960 540
20180507T130653.911800 960 540
20180507T130653.919770 960 540
20180507T130653.931761 304.907 223.282 93.0212 91.1432 45.6062 301.328 253.262 325.721 253.566 20180507T130653.931761 960 540
20180507T130653.940183 960 540
20180507T130653.952148 960 540
20180507T130653.964144 304.655 223.618 92.7634 91.2589 59.1835 300.82 253.658 325.228 253.815 20180507T130653.964144 960 540
20180507T130653.973187 960 540
20180507T130653.983801 960 540
20180507T130653.991757 304.039 224.251 92.0558 90.9905 49.5066 300.397 254.627 325.008 254.454 20180507T130653.991757 960 540
20180507T130654.003915 960 540
20180507T130654.011773 960 540
20180507T130654.024137 303.544 224.501 91.1371 90.7692 0.359863 299.935 255.112 324.686 255.142 20180507T130654.024137 960 540
20180507T130654.032186 960 540
20180507T130654.043807 960 540
20180507T130654.051763 303.561 224.82 91.1743 90.6755 97.3167 300.12 255.235 324.837 255.108 20180507T130654.051763 960 540
20180507T130654.063830 960 540
20180507T130654.071770 960 540
20180507T130654.083781 304.173 224.574 91.1059 90.2813 31.6647 300.51 254.988 325.072 255 20180507T130654.083781 960 540
20180507T130654.091803 960 540
20180507T130654.103796 960 540
20180507T130654.111751 304.61 224.699 91.134 90.4475 48.345 301.016 255.287 325.517 255.169 20180507T130654.111751 960 540
20180507T130654.123824 960 540
20180507T130654.131762 960 540
20180507T130654.143756 304.414 224.747 90.9545 90.5158 3.79474 300.88 255.278 325.322 255.353 20180507T130654.143756 960 540
20180507T130654.151784 960 540
20180507T130654.164263 960 540
20180507T130654.172372 304.534 224.672 90.7692 90.5218 21.8564 300.991 254.968 325.5 255.036 20180507T130654.172372 960 540
20180507T130654.184174 960 540
20180507T130654.192141 960 540
20180507T130654.204147 304.833 224.514 91.0148 90.1579 28.4755 301.172 254.803 325.563 254.789 20180507T130654.204147 960 540
20180507T130654.215868 960 540
20180507T130654.223818 960 540
20180507T130654.236145 304.373 224.479 90.6776 90.082 8.614 300.92 255.021 325.254 254.903 20180507T130654.236145 960 540
20180507T130654.247840 960 540
20180507T130654.256570 960 540
20180507T130654.263753 303.905 224.71 90.5955 90.3536 36.1607 300.17 255.245 324.661 254.963 20180507T130654.263753 960 540
20180507T130654.276285 960 540
20180507T130654.284258 960 540
20180507T130654.296248 303.541 224.669 90.4331 89.6487 141.521 300.091 255.02 324.467 255.152 20180507T130654.296248 960 540
20180507T130654.304275 960 540
20180507T130654.316259 960 540
20180507T130654.324888 303.794 224.625 90.4369 90.2718 93.0795 300.212 255.143 324.597 255.005 20180507T130654.324888 960 540
20180507T130654.335896 960 540
20180507T130654.343754 960 540
20180507T130654.356367 303.928 224.228 90.5425 89.947 26.588 300.147 254.95 324.704 254.524 20180507T130654.356367 960 540
20180507T130654.364411 960 540
20180507T130654.376387 960 540
20180507T130654.384380 303.772 224.077 90.2904 90.1208 34.4622 299.983 254.716 324.524 254.46 20180507T130654.384380 960 540
20180507T130654.396725 960 540
20180507T130654.404123 960 540
20180507T130654.416361 303.655 223.584 90.7585 88.8153 162.179 300.008 254.824 324.499 254.485 20180507T130654.416361 960 540
20180507T130654.425168 960 540
20180507T130654.436703 960 540
20180507T130654.445122 303.8 224.056 90.5764 89.7692 25.5462 299.889 254.835 324.459 254.549 20180507T130654.445122 960 540
20180507T130654.455965 960 540
20180507T130654.468142 960 540
20180507T130654.476119 303.517 223.942 90.1932 89.8234 133.068 299.732 254.574 324.459 254.549 20180507T130654.476119 960 540
20180507T130654.488161 960 540
20180507T130654.496692 960 540
20180507T130654.509171 303.267 223.708 91.0269 89.0887 157.925 299.525 254.525 324.276 254.68 20180507T130654.509171 960 540
20180507T130654.516601 960 540
20180507T130654.527780 960 540
20180507T130654.535734 303.285 223.998 91.0083 90.4372 41.3747 299.457 254.5 324.256 254.692 20180507T130654.535734 960 540
20180507T130654.547832 960 540
20180507T130654.555749 960 540
20180507T130654.567762 303.137 223.836 91.0089 90.5605 103.971 299.476 254.464 324.244 254.728 20180507T130654.567762 960 540
20180507T130654.575887 960 540
20180507T130654.587776 960 540
20180507T130654.595727 303.28 223.854 91.11 90.5364 162.917 299.457 254.5 324.265 254.801 20180507T130654.595727 960 540
20180507T130654.607806 960 540
20180507T130654.615741 960 540
20180507T130654.627759 303.52 223.835 91.4884 90.9217 19.925 299.457 254.5 324.319 254.669 20180507T130654.627759 960 540
20180507T130654.636023 960 540
20180507T130654.647780 960 540
20180507T130654.656493 303.641 223.705 92.1467 91.0955 49.6152 299.656 254.409 324.448 254.393 20180507T130654.656493 960 540
20180507T130654.668544 960 540
20180507T130654.676512 960 540
20180507T130654.688504 303.812 223.927 92.6878 91.6536 73.5172 299.621 254.456 324.356 254.475 20180507T130654.688504 960 540
20180507T130654.696024 960 540
20180507T130654.707756 960 540
20180507T130654.719740 303.476 224.023 92.7966 91.6611 157.457 299.796 254.891 324.299 254.778 20180507T130654.719740 960 540
20180507T130654.727896 960 540
20180507T130654.739752 960 540
20180507T130654.748027 301.94 224.957 92.9152 91.6889 139.007 298.333 255.469 322.964 255.456 20180507T130654.748027 960 540
20180507T130654.759772 960 540
20180507T130654.767742 960 540
20180507T130654.779755 301.245 225.76 93.5081 92.0905 136.281 298.14 255.81 322.872 255.883 20180507T130654.779755 960 540
20180507T130654.787770 960 540
20180507T130654.799776 960 540
20180507T130654.807725 301.84 225.457 93.2989 92.9696 173.619 298.444 255.725 322.945 255.9 20180507T130654.807725 960 540
20180507T130654.819803 960 540
20180507T130654.827743 960 540
20180507T130654.839759 302.083 225.342 93.2758 93.0346 119.11 298.877 255.67 323.5 255.885 20180507T130654.839759 960 540
20180507T130654.847775 960 540
20180507T130654.859774 960 540
20180507T130654.867729 302.097 225.594 94.0016 93.317 21.7826 298.877 255.67 323.359 255.811 20180507T130654.867729 960 540
20180507T130654.879796 960 540
20180507T130654.887771 960 540
20180507T130654.899747 302.071 225.211 93.7177 92.9903 161.464 298.914 255.382 323.331 255.405 20180507T130654.899747 960 540
20180507T130654.907803 960 540
20180507T130654.919766 960 540
20180507T130654.928215 302.461 225.084 93.8733 93.5957 167.713 299.04 255.318 323.67 255.559 20180507T130654.928215 960 540
20180507T130654.939790 960 540
20180507T130654.947731 960 540
20180507T130654.959725 302.572 225.059 94.072 93.7175 81.7847 299.103 255.276 323.516 255.401 20180507T130654.959725 960 540
20180507T130654.971767 960 540
20180507T130654.979739 960 540
20180507T130654.991733 301.914 225.115 94.0159 93.8708 140.575 298.692 255.558 322.962 255.468 20180507T130654.991733 960 540
20180507T130654.999814 960 540
20180507T130655.011742 960 540
20180507T130655.019721 301.799 225.617 94.1985 93.5377 75.9638 298.325 255.641 322.78 255.672 20180507T130655.019721 960 540
20180507T130656.069156 20 540
20180507T130656.081074 20 540
20180507T130656.088927 209.181 240.161 95.8328 85.0732 100.969 250.085 262.348 274.092 261.593 20180507T130656.088927 20 540
20180507T130656.100192 20 540
20180507T130656.108152 20 540
20180507T130656.120732 209.443 239.911 95.2671 85.4317 97.3533 250.397 262.205 274.443 261.214 20180507T130656.120732 20 540
20180507T130656.129103 20 540
20180507T130656.140159 20 540
20180507T130656.148118 209.603 239.248 95.6413 85.2769 98.9554 250.768 261.508 274.602 261.121 20180507T130656.148118 20 540
20180507T130656.160153 20 540
20180507T130656.168107 20 540
20180507T130656.180102 209.435 239.253 95.6477 84.9926 100.069 250.581 261.63 274.602 261.121 20180507T130656.180102 20 540
20180507T130656.189509 20 540
20180507T130656.200515 20 540
20180507T130656.208474 209.046 239.88 95.4533 85.6338 99.9718 249.979 262.008 274.061 261.408 20180507T130656.208474 20 540
20180507T130656.220259 20 540
20180507T130656.231708 20 540
20180507T130656.239698 208.925 240.16 95.3042 85.9795 99.3257 249.566 262.24 273.657 261.675 20180507T130656.239698 20 540
20180507T130656.251777 20 540
20180507T130656.259705 20 540
20180507T130656.271727 209.018 240.394 95.5416 85.9666 98.7473 249.66 262.258 273.924 261.958 20180507T130656.271727 20 540
20180507T130656.279813 20 540
20180507T130656.291743 20 540
20180507T130656.299696 209.129 239.96 95.4332 85.9093 98.4199 249.751 262.021 274.065 261.635 20180507T130656.299696 20 540
20180507T130656.312574 20 540
20180507T130656.319715 20 540
20180507T130656.331724 209.575 240.003 95.7277 85.9129 97.3769 250.631 261.995 274.524 261.39 20180507T130656.331724 20 540
20180507T130656.339807 20 540
20180507T130656.351734 20 540
20180507T130656.359690 209.744 239.97 95.4292 85.8565 98.6033 250.828 262.091 274.586 261.397 20180507T130656.359690 20 540
20180507T130656.371764 20 540
20180507T130656.380346 20 540
20180507T130656.392328 209.419 239.529 95.4429 85.4807 99.2079 250.672 261.835 274.535 261.363 20180507T130656.392328 20 540
20180507T130656.399862 20 540
20180507T130656.411742 20 540
20180507T130656.419680 209.687 239.493 95.6197 86.0317 97.5848 250.774 261.608 274.521 261.197 20180507T130656.419680 20 540
20180507T130656.431733 20 540
20180507T130656.439694 20 540
20180507T130656.451686 209.634 239.402 96.0044 85.6977 97.6318 250.528 261.447 274.569 261.166 20180507T130656.451686 20 540
20180507T130656.459805 20 540
20180507T130656.471710 20 540
20180507T130656.483699 209.119 239.702 95.531 86.1782 98.4014 249.598 261.689 273.989 261.327 20180507T130656.483699 20 540
20180507T130656.491735 20 540
20180507T130656.504350 20 540
20180507T130656.512345 208.709 239.864 95.2521 85.9985 98.5865 249.507 262.05 273.62 261.52 20180507T130656.512345 20 540
20180507T130656.523807 20 540
20180507T130656.531699 20 540
20180507T130656.543728 208.977 240.026 96.0807 85.7211 97.4789 249.615 261.99 273.767 261.512 20180507T130656.543728 20 540
20180507T130656.551732 20 540
20180507T130656.563737 20 540
20180507T130656.571686 209.465 239.661 95.5951 85.8729 97.5353 250.229 261.522 274.136 261.333 20180507T130656.571686 20 540
20180507T130656.584809 20 540
20180507T130656.591709 20 540
20180507T130656.603718 209.597 239.424 95.6611 85.6852 97.106 250.591 261.361 274.569 261.166 20180507T130656.603718 20 540
20180507T130656.612112 20 540
20180507T130656.623731 20 540
20180507T130656.631685 209.612 239.181 95.674 85.1942 101.37 250.842 261.407 274.569 261.166 20180507T130656.631685 20 540
20180507T130656.643754 20 540
20180507T130656.651696 20 540
20180507T130656.663714 209.84 239.477 95.9514 85.892 96.4083 250.769 261.359 274.521 261.07 20180507T130656.663714 20 540
20180507T130656.671873 20 540
20180507T130656.683698 20 540
20180507T130656.691675 209.497 239.482 95.6258 85.3271 96.3556 250.438 261.313 274.355 261.01 20180507T130656.691675 20 540
20180507T130656.703772 20 540
20180507T130656.711970 20 540
20180507T130656.723686 209.514 239.468 96.052 85.2432 98.2271 250.646 261.407 274.521 261.07 20180507T130656.723686 20 540
20180507T130656.736366 20 540
20180507T130656.744331 20 540
20180507T130656.756479 209.608 239.486 95.8615 85.63 98.2717 250.583 261.278 274.555 261.113 20180507T130656.756479 20 540
20180507T130656.765667 20 540
20180507T130656.776333 20 540
20180507T130656.784329 209.502 239.378 96.0109 85.2619 99.5633 250.646 261.407 274.347 261.073 20180507T130656.784329 20 540
20180507T130656.795754 20 540
20180507T130656.803703 20 540
20180507T130656.815721 209.782 239.394 96.0462 85.9249 100.005 250.553 261.088 274.345 260.958 20180507T130656.815721 20 540
20180507T130656.823736 20 540
20180507T130656.835725 20 540
20180507T130656.843689 209.757 239.466 96.4099 85.8826 98.637 250.544 261.175 274.388 261.002 20180507T130656.843689 20 540
20180507T130656.855922 20 540
20180507T130656.863748 20 540
20180507T130656.875701 209.675 239.233 96.577 85.971 98.9149 250.449 260.983 274.338 260.903 20180507T130656.875701 20 540
20180507T130656.883920 20 540
20180507T130656.895728 20 540
20180507T130656.903685 209.784 238.685 96.526 86.2159 98.9956 250.838 260.554 274.332 260.315 20180507T130656.903685 20 540
20180507T130656.915750 20 540
20180507T130656.923683 20 540
20180507T130656.937099 209.987 238.229 96.9619 86.2975 98.7571 250.71 260.313 274.54 259.987 20180507T130656.937099 20 540
20180507T130656.945869 20 540
20180507T130656.955698 20 540
20180507T130656.963772 209.686 238.131 97.4115 86.0328 99.3396 250.39 260.274 274.233 260.115 20180507T130656.963772 20 540
20180507T130656.975719 20 540
20180507T130656.987693 20 540
20180507T130656.995664 209.027 238.811 97.0435 86.5621 99.4108 249.781 260.71 273.529 260.595 20180507T130656.995664 20 540
20180507T130657.007720 20 540
20180507T130657.015691 20 540
20180507T130657.027672 208.589 239.145 97.0614 86.6089 98.1514 249.41 261.092 273.013 260.809 20180507T130657.027672 20 540
20180507T130657.035739 20 540
20180507T130657.048192 20 540
20180507T130657.056640 208.495 239.101 97.265 86.582 98.7992 249.351 261.08 273.023 260.752 20180507T130657.056640 20 540
20180507T130657.068729 20 540
20180507T130657.076392 20 540
20180507T130657.088320 208.695 238.956 97.6979 86.6876 99.6256 249.47 261.063 273.236 260.793 20180507T130657.088320 20 540
20180507T130657.095849 20 540
20180507T130657.107716 20 540
20180507T130657.115665 209.299 238.97 97.9101 86.9098 100.1 249.94 260.776 273.902 260.747 20180507T130657.115665 20 540
20180507T130657.127773 20 540
20180507T130657.135685 20 540
20180507T130657.147694 210.09 239.381 98.2074 87.1319 98.8293 250.839 261.402 274.476 261.106 20180507T130657.147694 20 540
20180507T130657.156089 20 540
20180507T130657.167706 20 540
20180507T130657.175649 209.575 239.389 98.4736 87.2605 99.2672 250.448 261.56 274.058 261.07 20180507T130657.175649 20 540
20180507T130657.187727 20 540
20180507T130657.195674 20 540
20180507T130657.208455 208.338 239.231 98.8377 87.2401 99.7767 249.341 261.301 272.724 261.11 20180507T130657.208455 20 540
20180507T130657.216488 20 540
20180507T130657.227685 20 540
20180507T130657.239659 207.11 239.16 99.6471 87.3652 98.3564 247.547 260.946 271.871 260.997 20180507T130657.239659 20 540
20180507T130657.247705 20 540
20180507T130657.259648 20 540
20180507T130657.267630 208.913 236.08 98.8124 87.9151 90.4588 249.765 257.51 274.396 258.045 20180507T130657.267630 20 540
20180507T130657.279678 20 540
20180507T130657.288580 20 540
20180507T130657.301293 -1 -1 98.8124 87.9151 90.4588 249.765 257.51 274.396 258.045 20180507T130657.301293 20 540
20180507T130657.309025 20 540
20180507T130657.320129 20 540
20180507T130657.328117 -1 -1 98.8124 87.9151 90.4588 249.765 257.51 274.396 258.045 20180507T130657.328117 20 540
20180507T130657.339660 20 540
20180507T130657.347625 20 540
20180507T130657.359657 -1 -1 98.8124 87.9151 90.4588 249.765 257.51 274.396 258.045 20180507T130657.359657 20 540
20180507T130657.367646 20 540
20180507T130657.379671 20 540
20180507T130657.387640 205.2 254.706 70.0159 53.5268 178.067 247.379 253.987 270.571 253.182 20180507T130657.387640 20 540
20180507T130657.399758 20 540
20180507T130657.407658 20 540
20180507T130657.419679 205.207 234.059 98.001 87.1137 96.322 247.833 254.745 270.136 254.706 20180507T130657.419679 20 540
20180507T130657.429267 20 540
20180507T130657.439700 20 540
20180507T130657.447656 205.276 232.807 101.37 88.2148 91.3992 247.142 255.19 270.274 254.907 20180507T130657.447656 20 540
20180507T130657.459735 20 540
20180507T130657.467663 20 540
20180507T130657.479657 206.099 234.299 98.3178 88.4304 99.4274 247.371 255.629 270.085 254.935 20180507T130657.479657 20 540
20180507T130657.491701 20 540
20180507T130657.499674 20 540
20180507T130657.511662 205.96 233.99 99.1751 88.0449 100.065 246.939 255.5 270.017 254.827 20180507T130657.511662 20 540
20180507T130657.522210 20 540
20180507T130657.532516 20 540
20180507T130657.539664 205.557 233.808 99.447 87.6758 99.5814 246.43 255.489 269.535 254.705 20180507T130657.539664 20 540
20180507T130657.552795 20 540
20180507T130657.560183 20 540
20180507T130658.792832 213.868 277.146 99.5663 87.7786 79.6902 249.737 276.638 273.532 276.5 20180507T130658.792832 20 1060
20180507T130658.800109 20 1060
20180507T130658.811816 20 1060
20180507T130658.819717 213.709 277.172 98.8248 87.4062 79.7308 249.815 276.592 273.344 276.355 20180507T130658.819717 20 1060
20180507T130658.831707 20 1060
20180507T130658.839717 20 1060
20180507T130658.851676 213.787 277.297 98.4055 87.6446 79.3314 249.61 276.574 273.224 276.344 20180507T130658.851676 20 1060
20180507T130658.859754 20 1060
20180507T130658.871660 20 1060
20180507T130658.879626 213.643 277.871 97.4051 88.5814 78.3548 249.385 276.615 272.901 276.491 20180507T130658.879626 20 1060
20180507T130658.891669 20 1060
20180507T130658.900596 20 1060
20180507T130658.912577 212.735 277.509 98.8434 87.144 79.0862 249.034 276.728 272.624 276.678 20180507T130658.912577 20 1060
20180507T130658.920489 20 1060
20180507T130658.931645 20 1060
20180507T130658.939607 213.277 277.463 98.4159 87.871 80.1652 249.397 276.735 272.723 276.503 20180507T130658.939607 20 1060
20180507T130658.951666 20 1060
20180507T130658.959636 20 1060
20180507T130658.971615 213.567 277.138 99.2536 87.1561 78.7954 249.471 276.717 273.224 276.344 20180507T130658.971615 20 1060
20180507T130658.979792 20 1060
20180507T130658.991641 20 1060
20180507T130659.003647 213.652 276.798 98.9153 87.0757 81.457 249.768 276.605 273.512 276.229 20180507T130659.003647 20 1060
20180507T130659.012323 20 1060
20180507T130659.023659 20 1060
20180507T130659.031615 213.489 276.734 99.1116 87.0283 79.3341 249.592 276.521 273.318 276.195 20180507T130659.031615 20 1060
20180507T130659.043691 20 1060
20180507T130659.051633 20 1060
20180507T130659.063642 213.382 276.935 99.1574 87.4461 79.8576 249.45 276.657 272.953 276.358 20180507T130659.063642 20 1060
20180507T130659.071656 20 1060
20180507T130659.083654 20 1060
20180507T130659.091608 213.398 277.224 98.3184 87.6884 79.4611 249.45 276.657 272.888 276.365 20180507T130659.091608 20 1060
20180507T130659.103648 20 1060
20180507T130659.111626 20 1060
20180507T130659.123611 213.099 276.835 99.5455 87.093 78.4601 249.415 276.599 272.771 276.147 20180507T130659.123611 20 1060
20180507T130659.132113 20 1060
20180507T130659.143618 20 1060
20180507T130659.151610 213.036 276.942 99.2189 87.1343 76.9829 249.415 276.599 272.798 276.013 20180507T130659.151610 20 1060
20180507T130659.163654 20 1060
20180507T130659.171624 20 1060
20180507T130659.183610 213.437 276.807 99.1635 87.6281 78.4843 249.58 276.326 273.258 275.829 20180507T130659.183610 20 1060
20180507T130659.191633 20 1060
20180507T130659.203663 20 1060
20180507T130659.213346 213.961 277.376 97.6273 88.1284 78.5749 249.806 276.289 273.398 275.763 20180507T130659.213346 20 1060
20180507T130659.224494 20 1060
20180507T130659.231616 20 1060
20180507T130659.243609 213.428 277.165 99.143 87.5527 77.769 249.58 276.237 273.306 275.842 20180507T130659.243609 20 1060
20180507T130659.255678 20 1060
20180507T130659.263619 20 1060
20180507T130659.275636 213.433 277.279 98.5875 88.4887 78.6606 249.506 276.326 273.027 275.944 20180507T130659.275636 20 1060
20180507T130659.285865 20 1060
20180507T130659.296019 20 1060
20180507T130659.304011 213.607 277.192 98.8033 88.1455 78.8529 249.556 276.251 273.29 275.932 20180507T130659.304011 20 1060
20180507T130659.316591 20 1060
20180507T130659.324261 20 1060
20180507T130659.336395 213.26 276.064 102.462 86.914 77.4757 250.056 276.019 273.621 275.464 20180507T130659.336395 20 1060
20180507T130659.346967 20 1060
20180507T130659.355651 20 1060
20180507T130659.363607 213.645 275.793 101.833 87.5449 76.3337 250.093 275.556 274.14 275.188 20180507T130659.363607 20 1060
20180507T130659.377067 20 1060
20180507T130659.384406 20 1060
20180507T130659.396771 213.808 276.845 100.454 87.6612 78.6289 249.973 275.813 273.692 275.381 20180507T130659.396771 20 1060
20180507T130659.406409 20 1060
20180507T130659.415619 20 1060
20180507T130659.423605 213.278 276.779 100.841 88.2678 77.8632 249.453 276.174 273.055 275.919 20180507T130659.423605 20 1060
20180507T130659.436337 20 1060
20180507T130659.443599 20 1060
20180507T130659.455597 212.925 277.123 100.968 88.0242 77.023 249.287 276.395 272.882 276.164 20180507T130659.455597 20 1060
20180507T130659.465402 20 1060
20180507T130659.476129 20 1060
20180507T130659.484378 213.391 277.736 100.619 88.4879 77.3825 249.433 276.418 272.918 276.214 20180507T130659.484378 20 1060
20180507T130659.495760 20 1060
20180507T130659.507640 20 1060
20180507T130659.515594 213.599 277.416 100.917 87.893 76.3585 249.878 276.221 273.673 276.077 20180507T130659.515594 20 1060
20180507T130659.527671 20 1060
20180507T130659.535649 20 1060
20180507T130659.548568 214.17 277.617 99.6822 88.1951 77.9384 250.089 276.217 274.086 276.094 20180507T130659.548568 20 1060
20180507T130659.555654 20 1060
20180507T130659.567646 20 1060
20180507T130659.575595 214.069 277.716 99.9747 88.4762 78.2869 249.7 276.24 273.64 276.083 20180507T130659.575595 20 1060
20180507T130659.587672 20 1060
20180507T130659.595611 20 1060
20180507T130659.607594 213.897 278.034 99.3145 89.0044 77.5663 249.64 276.175 273.345 276.215 20180507T130659.607594 20 1060
20180507T130659.616151 20 1060
20180507T130659.627613 20 1060
20180507T130659.635599 213.815 277.345 100.197 88.4023 77.5099 249.604 275.818 273.59 276.078 20180507T130659.635599 20 1060
20180507T130659.647644 20 1060
20180507T130659.655611 20 1060
20180507T130659.667591 213.974 277.433 99.4631 89.2309 76.4992 249.572 275.795 273.506 275.937 20180507T130659.667591 20 1060
20180507T130659.676152 20 1060
20180507T130659.687603 20 1060
20180507T130659.695581 213.62 277.501 100.93 88.551 77.0289 249.454 276.008 273.352 276.142 20180507T130659.695581 20 1060
20180507T130659.707647 20 1060
20180507T130659.715610 20 1060
20180507T130659.727594 213.424 277.037 102.28 88.1763 76.8628 249.452 275.871 273.489 276.164 20180507T130659.727594 20 1060
20180507T130659.735849 20 1060
20180507T130659.747596 20 1060
20180507T130659.759613 213.925 277.207 101.497 88.7985 76.3935 249.717 275.815 273.582 276.186 20180507T130659.759613 20 1060
20180507T130659.767807 20 1060
20180507T130659.779635 20 1060
20180507T130659.787595 213.98 276.436 103.828 88.3065 76.33 249.792 275.891 274.038 276.165 20180507T130659.787595 20 1060
20180507T130659.799678 20 1060
20180507T130659.807609 20 1060
20180507T130659.819614 214.297 277.229 101.718 88.5715 76.1619 249.981 275.755 274.283 276.246 20180507T130659.819614 20 1060
20180507T130659.827631 20 1060
20180507T130659.839629 20 1060
20180507T130659.847590 214.526 277.635 100.794 89.0922 75.4648 249.971 275.825 274.1 276.425 20180507T130659.847590 20 1060
20180507T130659.859659 20 1060
20180507T130659.867603 20 1060
20180507T130659.879615 214.153 277.878 100.381 89.4546 75.7489 249.622 276.066 273.838 276.408 20180507T130659.879615 20 1060
20180507T130659.887677 20 1060
20180507T130659.899629 20 1060
20180507T130659.907588 213.777 277.418 101.772 89.0024 76.7895 249.651 276.003 273.591 276.398 20180507T130659.907588 20 1060
20180507T130659.919651 20 1060
20180507T130659.927598 20 1060
20180507T130659.939586 213.711 277.051 102.122 88.8354 75.0571 249.841 275.833 273.837 276.329 20180507T130659.939586 20 1060
20180507T130659.947997 20 1060
20180507T130659.959612 20 1060
20180507T130659.967585 214.075 277.326 100.622 89.4034 75.5485 249.908 275.661 273.928 276.343 20180507T130659.967585 20 1060
20180507T130659.979624 20 1060
20180507T130659.987578 20 1060
20180507T130659.999587 214.188 276.718 102.332 89.5599 73.852 249.98 275.538 274.206 276.236 20180507T130659.999587 20 1060
20180507T130700.012816 20 1060
20180507T130700.020787 20 1060
20180507T130700.032106 214.025 276.572 102.559 89.4588 75.7564 250.107 275.569 274.21 276.174 20180507T130700.032106 20 1060
20180507T130700.042569 20 1060
20180507T130700.051739 20 1060
20180507T130700.059591 214.115 276.806 102.202 89.6511 75.1521 249.903 275.818 274.185 276.499 20180507T130700.059591 20 1060
20180507T130700.071645 20 1060
20180507T130700.079623 20 1060
20180507T130700.091606 214.43 277.231 101.678 90.2532 76.7732 250.066 275.83 274.228 276.444 20180507T130700.091606 20 1060
20180507T130700.099634 20 1060
20180507T130700.111616 20 1060
20180507T130700.119574 214.562 277.033 101.494 90.363 73.672 250.203 275.66 274.468 276.065 20180507T130700.119574 20 1060
20180507T130700.131698 20 1060
20180507T130700.139588 20 1060
20180507T130700.151603 214.306 275.782 104.432 90.2656 74.6834 250.42 275.47 274.453 275.858 20180507T130700.151603 20 1060
20180507T130700.159685 20 1060
20180507T130700.171621 20 1060
20180507T130700.179570 214.573 276.117 102.826 90.527 75.4931 250.224 275.449 274.313 275.9 20180507T130700.179570 20 1060
20180507T130700.192268 20 1060
20180507T130700.200210 20 1060
20180507T130700.212232 214.234 276.882 101.675 91.3663 76.157 249.753 275.472 273.823 276.04 20180507T130700.212232 20 1060
20180507T130700.220499 20 1060
20180507T130700.232224 20 1060
20180507T130700.240193 213.395 276.669 104.05 90.5097 77.4294 249.34 276.204 273.305 276.702 20180507T130700.240193 20 1060
20180507T130700.252586 20 1060
20180507T130700.264371 20 1060
20180507T130700.272755 213.431 276.723 104.019 91.2245 74.2693 249.212 276.124 273.354 276.758 20180507T130700.272755 20 1060
20180507T130700.285088 20 1060
20180507T130701.472716 960 1060
20180507T130701.481280 305.467 268.053 92.2875 90.3413 70.2432 299.741 272.276 324.324 272.098 20180507T130701.481280 960 1060
20180507T130701.491627 960 1060
20180507T130701.499662 960 1060
20180507T130701.511587 305.272 268.36 92.202 90.7175 83.7483 299.491 272.318 324.368 272.626 20180507T130701.511587 960 1060
20180507T130701.523646 960 1060
20180507T130701.531548 960 1060
20180507T130701.543686 305.175 268.47 91.785 90.7146 62.2371 299.409 272.555 324.162 272.642 20180507T130701.543686 960 1060
20180507T130701.552014 960 1060
20180507T130701.563932 960 1060
20180507T130701.572933 305.12 268.544 91.4629 90.6823 65.5293 299.419 272.7 324.211 272.901 20180507T130701.572933 960 1060
20180507T130701.583680 960 1060
20180507T130701.591530 960 1060
20180507T130701.603538 305.3 268.532 91.6678 90.2725 55.2373 299.363 272.98 324.245 272.923 20180507T130701.603538 960 1060
20180507T130701.611557 960 1060
20180507T130701.623553 960 1060
20180507T130701.631503 305.5 268.761 91.168 90.2267 58.8715 299.473 272.975 324.357 272.917 20180507T130701.631503 960 1060
20180507T130701.643580 960 1060
20180507T130701.651528 960 1060
20180507T130701.663508 305.244 268.665 91.4105 89.9869 66.4895 299.305 272.962 324.086 273.069 20180507T130701.663508 960 1060
20180507T130701.671549 960 1060
20180507T130701.683519 960 1060
20180507T130701.691500 305.468 268.531 91.4655 89.8353 61.3549 299.492 272.777 324.342 272.881 20180507T130701.691500 960 1060
20180507T130701.704701 960 1060
20180507T130701.712146 960 1060
20180507T130701.724168 305.798 268.328 91.2368 89.2454 59.2806 299.789 272.521 324.598 272.327 20180507T130701.724168 960 1060
20180507T130701.732976 960 1060
20180507T130701.743932 960 1060
20180507T130701.751891 305.846 268.224 91.4275 89.0172 52.9243 299.82 272.378 324.752 272.194 20180507T130701.751891 960 1060
20180507T130701.763568 960 1060
20180507T130701.775560 960 1060
20180507T130701.783510 305.586 268.673 90.9047 89.4313 61.7066 299.642 272.784 324.42 272.696 20180507T130701.783510 960 1060
20180507T130701.795575 960 1060
20180507T130701.803524 960 1060
20180507T130701.815536 305.186 269.137 90.6545 88.7994 57.8621 299.346 273.394 323.766 273.123 20180507T130701.815536 960 1060
20180507T130701.824050 960 1060
20180507T130701.836006 960 1060
20180507T130701.844001 305.275 269.257 90.7935 89.1573 67.4465 299.433 273.548 323.627 273.285 20180507T130701.844001 960 1060
20180507T130701.856045 960 1060
20180507T130701.863554 960 1060
20180507T130701.875540 305.329 269.316 90.1084 89.009 52.4517 299.418 273.403 323.754 273.56 20180507T130701.875540 960 1060
20180507T130701.883546 960 1060
20180507T130701.895542 960 1060
20180507T130701.903531 305.582 269.182 90.511 89.0548 63.7191 299.538 273.48 324.377 273.171 20180507T130701.903531 960 1060
20180507T130701.915841 960 1060
20180507T130701.923812 960 1060
20180507T130701.935801 305.977 269.525 89.8727 89.3679 62.2422 299.968 273.484 324.612 273.162 20180507T130701.935801 960 1060
20180507T130701.943838 960 1060
20180507T130701.955805 960 1060
20180507T130701.963781 305.832 269.433 90.6455 89.0571 71.3445 299.838 273.703 324.48 273.437 20180507T130701.963781 960 1060
20180507T130701.977649 960 1060
20180507T130701.984015 960 1060
20180507T130701.996000 306.024 269.484 90.3676 88.6536 49.7645 299.841 273.372 324.447 273.202 20180507T130701.996000 960 1060
20180507T130702.003577 960 1060
20180507T130702.015516 960 1060
20180507T130702.027525 305.948 268.897 89.9476 89.0397 40.9091 299.905 273.164 324.598 273.185 20180507T130702.027525 960 1060
20180507T130702.035599 960 1060
20180507T130702.048017 960 1060
20180507T130702.056010 305.928 269.334 90.3708 88.6349 57.5285 299.654 273.394 324.473 273.14 20180507T130702.056010 960 1060
20180507T130702.068030 960 1060
20180507T130702.076128 960 1060
20180507T130702.088132 305.43 269.6 90.2517 89.0927 60.2606 299.298 273.731 323.9 273.623 20180507T130702.088132 960 1060
20180507T130702.096404 960 1060
20180507T130702.107905 960 1060
20180507T130702.116670 305.507 269.808 89.8891 89.3072 44.1887 299.389 274.147 323.672 273.846 20180507T130702.116670 960 1060
20180507T130702.127591 960 1060
20180507T130702.135531 960 1060
20180507T130702.147530 305.915 269.791 90.1068 88.9305 59.7516 299.606 274.051 324.358 273.711 20180507T130702.147530 960 1060
20180507T130702.155595 960 1060
20180507T130702.167563 960 1060
20180507T130702.175502 306.246 269.589 90.0215 88.835 52.2516 300.189 273.745 325.095 273.692 20180507T130702.175502 960 1060
20180507T130702.187527 960 1060
20180507T130702.195505 960 1060
20180507T130702.207538 306.413 269.718 89.7082 88.5998 55.4357 300.423 273.676 325.131 273.632 20180507T130702.207538 960 1060
20180507T130702.215649 960 1060
20180507T130702.227505 960 1060
20180507T130702.235494 306.487 269.741 89.8595 88.6181 58.1122 300.532 274.104 325.224 273.873 20180507T130702.235494 960 1060
20180507T130702.247529 960 1060
20180507T130702.255491 960 1060
20180507T130702.267489 306.573 269.554 89.0391 88.726 24.3951 300.579 274.188 325.295 273.923 20180507T130702.267489 960 1060
20180507T130702.280681 960 1060
20180507T130702.288915 960 1060
20180507T130702.300129 306.946 269.911 89.4083 88.6144 56.6248 300.932 274.094 325.336 274.057 20180507T130702.300129 960 1060
20180507T130702.308955 960 1060
20180507T130702.319533 960 1060
20180507T130702.327515 306.986 270.108 89.856 88.9505 62.5945 301.048 274.258 325.349 274.368 20180507T130702.327515 960 1060
20180507T130702.339528 960 1060
20180507T130702.347495 960 1060
20180507T130702.359481 306.96 270.16 89.8736 88.5239 54.5323 300.826 274.414 325.212 274.249 20180507T130702.359481 960 1060
20180507T130702.367516 960 1060
20180507T130702.379522 960 1060
20180507T130702.387482 306.675 270.073 89.8506 88.6215 55.0656 300.785 275.006 325.307 274.739 20180507T130702.387482 960 1060
20180507T130702.399549 960 1060
20180507T130702.408893 960 1060
20180507T130702.420899 306.708 270.35 89.5123 88.719 49.7709 300.688 274.815 325.214 274.807 20180507T130702.420899 960 1060
20180507T130702.428937 960 1060
20180507T130702.439550 960 1060
20180507T130702.447485 306.486 270.657 89.3782 88.7481 62.3164 300.357 275.038 325.168 275.04 20180507T130702.447485 960 1060
20180507T130702.459916 960 1060
20180507T130702.467875 960 1060
20180507T130702.479872 306.416 270.445 89.675 88.8454 58.6568 300.345 275.102 325.233 275.175 20180507T130702.479872 960 1060
20180507T130702.489227 960 1060
20180507T130702.499507 960 1060
20180507T130702.507481 306.632 270.389 90.0512 88.7938 65.5417 300.829 274.853 325.233 274.717 20180507T130702.507481 960 1060
20180507T130702.520325 960 1060
20180507T130702.531623 960 1060
20180507T130702.539605 307.126 269.871 89.7644 88.647 42.5514 301.257 274.192 325.297 274.217 20180507T130702.539605 960 1060
20180507T130702.551542 960 1060
20180507T130702.559493 960 1060
20180507T130702.571512 306.839 270.053 90.0879 88.9359 59.057 300.883 274.76 325.264 274.525 20180507T130702.571512 960 1060
20180507T130702.579523 960 1060
20180507T130702.591522 960 1060
20180507T130702.599483 306.303 270.458 90.084 89.0416 63.3504 300.119 275.059 324.769 275.111 20180507T130702.599483 960 1060
20180507T130702.611670 960 1060
20180507T130702.619496 960 1060
20180507T130702.631505 305.971 270.795 90.1446 89.4308 55.6386 299.673 275.399 324.162 275.368 20180507T130702.631505 960 1060
20180507T130702.639593 960 1060
20180507T130702.651518 960 1060
20180507T130702.659472 305.685 270.978 90.4423 89.3134 61.6652 299.599 275.428 323.847 275.399 20180507T130702.659472 960 1060
20180507T130702.671547 960 1060
20180507T130702.679495 960 1060
20180507T130702.691506 305.837 270.639 90.6591 89.6392 37.1362 299.753 275.321 324.099 275.123 20180507T130702.691506 960 1060
20180507T130702.699561 960 1060
20180507T130702.711528 960 1060
20180507T130702.720104 306.068 270.425 90.5818 89.7773 69.8218 299.873 275.102 324.419 275.067 20180507T130702.720104 960 1060
20180507T130702.732144 960 1060
20180507T130702.740427 960 1060
20180507T130702.752431 306.231 270.549 90.8478 90.3262 39.8338 299.821 275.25 324.479 275.042 20180507T130702.752431 960 1060
20180507T130702.760680 960 1060
20180507T130702.771490 960 1060
20180507T130702.783471 306.062 270.291 91.1119 90.1038 63.6595 299.548 274.938 324.357 274.917 20180507T130702.783471 960 1060
20180507T130702.791608 960 1060
20180507T130702.803487 960 1060
20180507T130702.811464 306.045 269.997 90.8014 90.0624 62.4837 299.706 274.621 324.661 274.606 20180507T130702.811464 960 1060
20180507T130702.823531 960 1060
20180507T130702.831473 960 1060
20180507T130702.843500 306.321 269.738 91.0897 90.7606 97.4669 299.706 274.621 324.641 274.519 20180507T130702.843500 960 1060
20180507T130702.851548 960 1060
20180507T130702.863508 960 1060
20180507T130702.871458 306.062 270.208 91.9954 90.6233 61.3657 299.548 274.938 324.093 274.907 20180507T130702.871458 960 1060
20180507T130702.883539 960 1060
20180507T130702.891586 960 1060
20180507T130702.903499 305.75 270.62 92.1761 90.2839 51.4259 299.581 275.139 324.033 275.252 20180507T130702.903499 960 1060
20180507T130702.911544 960 1060
20180507T130702.923514 960 1060
20180507T130702.931471 306.128 270.557 92.1705 90.909 64.9158 299.608 275.204 324.167 275.07 20180507T130702.931471 960 1060
20180507T130702.943569 960 1060
20180507T130702.951509 960 1060
20180507T130702.963523 306.399 270.39 92.0123 90.8586 61.8654 299.836 274.879 324.693 274.845 20180507T130702.963523 960 1060
20180507T130704.337169 1900 1060
20180507T130704.343599 1900 1060
20180507T130704.355495 405.609 257.377 91.0952 87.0148 103.83 357.07 264.216 381.752 265.168 20180507T130704.355495 1900 1060
20180507T130704.365235 1900 1060
20180507T130704.375857 1900 1060
20180507T130704.384429 405.136 257.126 90.9721 88.6664 103.697 356.928 264.063 381.654 264.994 20180507T130704.384429 1900 1060
20180507T130704.395884 1900 1060
20180507T130704.403490 1900 1060
20180507T130704.415546 404.934 256.696 91.2962 89.5169 101.756 357.128 264.006 381.772 264.558 20180507T130704.415546 1900 1060
20180507T130704.424800 1900 1060
20180507T130704.435419 1900 1060
20180507T130704.443404 405.053 257.052 92.0631 87.933 97.7654 356.686 264.005 381.519 264.914 20180507T130704.443404 1900 1060
20180507T130704.456595 1900 1060
20180507T130704.464573 1900 1060
20180507T130704.475801 404.789 257.441 92.6344 87.7647 101.073 356.04 264.613 381.353 265.126 20180507T130704.475801 1900 1060
20180507T130704.484972 1900 1060
20180507T130704.495798 1900 1060
20180507T130704.504112 404.595 257.47 92.906 87.6916 100.392 355.745 264.464 381.207 265.194 20180507T130704.504112 1900 1060
20180507T130704.515448 1900 1060
20180507T130704.523406 1900 1060
20180507T130704.535402 403.462 257.207 92.6394 92.0319 106.038 356.237 264.456 381.471 265.07 20180507T130704.535402 1900 1060
20180507T130704.548079 1900 1060
20180507T130704.556043 1900 1060
20180507T130704.568353 404.32 256.544 93.4295 91.171 77.314 356.875 263.895 381.642 264.784 20180507T130704.568353 1900 1060
20180507T130704.578756 1900 1060
20180507T130704.587424 1900 1060
20180507T130704.595408 405.508 257.031 93.74 88.8268 99.3026 357.158 263.857 381.895 264.622 20180507T130704.595408 1900 1060
20180507T130704.607447 1900 1060
20180507T130704.615421 1900 1060
20180507T130704.627408 403.929 257.105 93.7966 91.7874 138.017 357.124 264.13 381.817 264.829 20180507T130704.627408 1900 1060
20180507T130704.635449 1900 1060
20180507T130704.647408 1900 1060
20180507T130704.655404 404.053 257.537 94.5821 92.4965 103.737 357.08 264.593 381.744 265.188 20180507T130704.655404 1900 1060
20180507T130704.667445 1900 1060
20180507T130704.675414 1900 1060
20180507T130704.687387 404.06 257.652 94.7327 92.0221 107.154 356.675 264.785 381.713 265.333 20180507T130704.687387 1900 1060
20180507T130704.697179 1900 1060
20180507T130704.708185 1900 1060
20180507T130704.716188 379.535 261.511 98.4753 92.8279 157.753 342.829 267.77 367.858 267.974 20180507T130704.716188 1900 1060
20180507T130704.728212 1900 1060
20180507T130704.735965 1900 1060
20180507T130704.748161 367.371 259.851 96.1008 93.0177 165.425 335.29 267.321 359.984 267.399 20180507T130704.748161 1900 1060
20180507T130704.757153 1900 1060
20180507T130704.768158 1900 1060
20180507T130704.776138 353.894 255.445 103.906 97.0823 71.7096 329.235 265.696 353.534 265.779 20180507T130704.776138 1900 1060
20180507T130704.788087 1900 1060
20180507T130704.799442 1900 1060
20180507T130704.807384 337.639 252.787 114.137 99.6054 74.8438 319.254 266.799 343.712 267.328 20180507T130704.807384 1900 1060
20180507T130704.819478 1900 1060
20180507T130704.827405 1900 1060
20180507T130704.839384 338.432 258.4 106.308 96.1849 66.4337 319.396 267.783 344.654 267.996 20180507T130704.839384 1900 1060
20180507T130704.848654 1900 1060
20180507T130704.859416 1900 1060
20180507T130704.867391 341.067 261.65 99.6437 94.7759 67.7568 320.17 268.944 344.796 269.214 20180507T130704.867391 1900 1060
20180507T130704.879456 1900 1060
20180507T130704.887404 1900 1060
20180507T130704.899402 341.526 263.106 97.6145 93.2024 63.8748 320.613 269.258 345 269.5 20180507T130704.899402 1900 1060
20180507T130704.908193 1900 1060
20180507T130704.919416 1900 1060
20180507T130704.927439 342.091 265.817 95.1866 89.6548 11.795 320.606 269.314 345.098 269.418 20180507T130704.927439 1900 1060
20180507T130704.939435 1900 1060
20180507T130704.947405 1900 1060
20180507T130704.959392 342.119 264.89 95.4697 91.7933 20.0235 320.606 269.314 344.902 269.582 20180507T130704.959392 1900 1060
20180507T130704.967479 1900 1060
20180507T130704.979409 1900 1060
20180507T130704.987388 341.633 264.189 95.2547 93.2694 67.5649 320.304 269.608 344.759 270.273 20180507T130704.987388 1900 1060
20180507T130704.999473 1900 1060
20180507T130705.007408 1900 1060
20180507T130705.019398 341.012 263.982 96.2029 93.8441 71.254 319.632 270.086 344.199 270.581 20180507T130705.019398 1900 1060
20180507T130705.027431 1900 1060
20180507T130705.039411 1900 1060
20180507T130705.051430 340.898 264.475 95.2878 93.7771 58.6021 319.5 270 343.787 270.679 20180507T130705.051430 1900 1060
20180507T130705.062424 1900 1060
20180507T130705.071801 1900 1060
20180507T130705.079789 340.831 264.061 95.4 93.6515 61.4526 319.583 269.935 343.951 270.545 20180507T130705.079789 1900 1060
20180507T130705.092204 1900 1060
20180507T130705.100173 1900 1060
20180507T130705.112535 341.078 263.585 95.8307 93.3306 69.3367 319.71 269.66 344.604 270.288 20180507T130705.112535 1900 1060
20180507T130705.122866 1900 1060
20180507T130705.131398 1900 1060
20180507T130705.139387 341.232 263.639 95.8703 93.196 77.8874 320.547 269.78 344.875 270.434 20180507T130705.139387 1900 1060
20180507T130705.151421 1900 1060
20180507T130705.159390 1900 1060
20180507T130705.171378 341.262 263.809 95.1011 93.1729 55.6414 320.323 269.69 344.749 270.364 20180507T130705.171378 1900 1060
20180507T130705.179461 1900 1060
20180507T130705.191400 1900 1060
20180507T130705.199385 341.163 263.505 94.7044 93.0093 60.4062 320.265 269.421 344.867 270.102 20180507T130705.199385 1900 1060
20180507T130705.211809 1900 1060
20180507T130705.220559 1900 1060
20180507T130705.232343 341.144 264.189 94.5458 92.4532 28.204 320.067 269.452 344.667 270.241 20180507T130705.232343 1900 1060
20180507T130705.240836 1900 1060
20180507T130705.251398 1900 1060
20180507T130705.259383 340.836 263.996 94.8026 92.7932 54.7642 319.593 269.811 344.249 270.343 20180507T130705.259383 1900 1060
20180507T130705.271711 1900 1060
20180507T130705.279668 1900 1060
20180507T130705.291675 340.275 264.223 94.4016 93.5145 31.3761 319.452 269.913 343.683 270.784 20180507T130705.291675 1900 1060
20180507T130705.303710 1900 1060
20180507T130705.311683 1900 1060
20180507T130705.323671 340.472 264.368 94.5531 93.3518 55.2236 319.396 270.062 343.71 271.053 20180507T130705.323671 1900 1060
20180507T130705.331713 1900 1060
20180507T130705.343682 1900 1060
20180507T130705.351671 340.939 264.521 93.9411 93.33 0.170013 319.809 270.142 344.473 270.621 20180507T130705.351671 1900 1060
20180507T130705.363592 1900 1060
20180507T130705.371451 1900 1060
20180507T130705.383400 341.47 264.286 94.3208 93.4864 45.9001 319.976 270.257 344.905 270.905 20180507T130705.383400 1900 1060
20180507T130705.391450 1900 1060
20180507T130705.403386 1900 1060
20180507T130705.411366 341.642 264.128 94.4222 93.3973 46.334 320.582 269.799 345.024 270.495 20180507T130705.411366 1900 1060
20180507T130705.424328 1900 1060
20180507T130705.432273 1900 1060
20180507T130705.443921 -1 -1 94.4222 93.3973 46.334 320.582 269.799 345.024 270.495 20180507T130705.443921 1900 1060
20180507T130705.452418 1900 1060
20180507T130705.464405 1900 1060
20180507T130705.472648 -1 -1 94.4222 93.3973 46.334 320.582 269.799 345.024 270.495 20180507T130705.472648 1900 1060
20180507T130705.484428 1900 1060
20180507T130705.491783 1900 1060
20180507T130705.504003 -1 -1 94.4222 93.3973 46.334 320.582 269.799 345.024 270.495 20180507T130705.504003 1900 1060
20180507T130705.512698 1900 1060
20180507T130705.524687 1900 1060
20180507T130705.531357 -1 -1 94.4222 93.3973 46.334 320.582 269.799 345.024 270.495 20180507T130705.531357 1900 1060
20180507T130705.543349 1900 1060
20180507T130705.556675 1900 1060
20180507T130705.564222 -1 -1 94.4222 93.3973 46.334 320.582 269.799 345.024 270.495 20180507T130705.564222 1900 1060
20180507T130705.575798 1900 1060
20180507T130705.584408 1900 1060
20180507T130705.596403 -1 -1 94.4222 93.3973 46.334 320.582 269.799 345.024 270.495 20180507T130705.596403 1900 1060
20180507T130705.603436 1900 1060
20180507T130705.615345 1900 1060
20180507T130705.623318 -1 -1 94.4222 93.3973 46.334 320.582 269.799 345.024 270.495 20180507T130705.623318 1900 1060
20180507T130705.635363 1900 1060
20180507T130705.643319 1900 1060
20180507T130705.655317 -1 -1 94.4222 93.3973 46.334 320.582 269.799 345.024 270.495 20180507T130705.655317 1900 1060
20180507T130705.663338 1900 1060
20180507T130705.675725 1900 1060
20180507T130705.683727 399.13 249.496 98.256 92.2184 76.6918 355.529 259.438 380.275 260.275 20180507T130705.683727 1900 1060
20180507T130705.696517 1900 1060
20180507T130705.704505 1900 1060
20180507T130705.716513 400.438 252.34 95.3879 93.7338 88.697 355.982 261.457 380.907 261.911 20180507T130705.716513 1900 1060
20180507T130705.723497 1900 1060
20180507T130705.735393 1900 1060
20180507T130705.743360 400.663 253.1 95.6838 92.9251 89.8279 355.785 262.329 380.816 262.808 20180507T130705.743360 1900 1060
20180507T130705.755410 1900 1060
20180507T130705.763380 1900 1060
20180507T130705.775359 400.562 253.461 95.4243 92.5484 93.3243 355.625 262.478 380.441 262.843 20180507T130705.775359 1900 1060
20180507T130705.783547 1900 1060
20180507T130705.795402 1900 1060
20180507T130705.807395 400.125 253.33 95.2217 92.0562 100.943 355.206 262.363 380.141 262.707 20180507T130705.807395 1900 1060
20180507T130705.815465 1900 1060
20180507T130705.827409 1900 1060
