29135007162 386.271 313.526 62.2945 61.2885 129.221 376.874 318.403 394.399 318.695 29135007162 255 0
29135007174 386.126 313.604 62.1348 61.3204 127.94 377.04 318.58 394.483 318.744 29135007174 255 0
29135007182 386.343 313.517 62.0361 61.4649 114.294 377 318.388 394.576 318.631 29135007182 255 0
29135007194 386.208 313.553 62.4267 61.2681 124.918 377 318.388 394.529 318.716 29135007194 255 0
29135007202 386.155 313.643 62.2655 61.6381 124.023 376.926 318.426 394.483 318.744 29135007202 255 0
29135007214 386.246 313.617 62.1653 61.4765 140.894 377.095 318.605 394.529 318.857 29135007214 255 0
29135007222 386.093 313.729 62.193 61.7152 111.052 377.115 318.654 394.498 318.822 29135007222 255 0
29135007234 386.163 313.79 62.1192 61.7272 107.82 377.17 318.68 394.498 318.822 29135007234 255 0
29135007246 386.121 313.607 62.301 61.57 111.167 377.04 318.58 394.529 318.857 29135007246 255 0
29135007254 386.159 313.704 62.4978 61.6931 137.34 377.222 318.582 394.498 318.822 29135007254 255 0
29135007266 386.233 313.471 62.3189 61.7145 129.255 377 318.388 394.529 318.716 29135007266 255 0
29135007274 386.182 313.403 62.1637 61.6991 87.9954 377.094 318.327 394.527 318.662 29135007274 255 0
29135007286 386.102 313.371 62.6186 61.6305 127.113 377.186 318.538 394.485 318.583 29135007286 255 0
29135007294 386.156 313.292 62.6511 61.68 112.097 377 318.388 394.44 318.614 29135007294 255 0
29135007306 386.122 313.32 62.3396 61.9914 130.744 376.967 318.34 394.453 318.532 29135007306 255 0
29135007314 386.136 313.505 62.2455 61.727 120.334 376.986 318.558 394.453 318.532 29135007314 255 0
29135007326 386.052 313.338 62.5118 61.7314 113.308 376.83 318.32 394.453 318.532 29135007326 255 0
29135007334 386.029 313.366 62.6457 61.6526 113.481 377.083 318.368 394.323 318.453 29135007334 255 0
29135007346 385.962 313.218 62.2798 61.7671 83.1334 377.043 318.275 394.5 318.5 29135007346 255 0
29135007354 386.065 313.28 62.5565 61.6222 108.092 377.043 318.275 394.359 318.333 29135007354 255 0
29135007366 386.17 313.042 62.4488 61.8292 112.547 377.144 318.118 394.378 318.249 29135007366 255 0
29135007374 386.192 313.104 62.562 61.6343 112.897 377.17 317.933 394.258 318.117 29135007374 255 0
29135007386 386.451 312.883 62.4414 61.5901 92.0255 377.233 317.597 394.644 318.041 29135007386 255 0
29135007394 386.524 312.669 62.1822 61.6397 89.4692 377.693 317.44 394.765 317.948 29135007394 255 0
29135007406 386.71 312.47 62.4458 61.3276 113.186 377.741 317.395 395.013 317.671 29135007406 255 0
29135007414 386.659 312.498 62.1467 61.3781 114.778 377.985 317.207 395.147 317.995 29135007414 255 0
29135007426 386.614 312.391 62.0895 60.9807 124.097 377.941 317.037 395.419 317.859 29135007426 255 0
29135007434 386.617 312.257 61.6978 60.4387 134.694 377.986 316.837 395.247 317.511 29135007434 255 0
29135007446 386.603 312.234 60.8676 60.3872 130.55 377.938 316.757 395.237 317.338 29135007446 255 0
29135007454 386.724 312.117 60.4301 59.6792 122.69 377.901 316.716 395.1 317.167 29135007454 255 0
29135007466 386.356 312.078 59.741 58.786 128.939 377.847 316.688 395 317.162 29135007466 255 0
29135007474 386.369 312.089 59.4811 58.3224 121.688 377.884 316.728 394.806 317.162 29135007474 255 0
29135007486 386.217 311.909 58.7443 57.7887 121.59 377.66 316.687 394.806 317.162 29135007486 255 0
29135007498 386.317 311.934 57.8542 57.3041 123.348 377.536 316.699 394.662 317.145 29135007498 255 0
29135007506 386.244 311.867 57.0938 56.5952 140.09 377.536 316.699 394.725 317.074 29135007506 255 0
29135007518 386.145 311.847 56.6956 56.1833 126.246 377.744 316.519 394.794 317 29135007518 255 0
29135007526 386.193 311.733 56.1057 55.4405 113.123 377.808 316.577 394.86 316.947 29135007526 255 0
29135007538 386.149 311.551 55.6359 55.0919 155.573 377.824 316.459 394.913 316.79 29135007538 255 0
29135007546 386.215 311.451 55.1603 54.3519 130.588 377.824 316.459 394.889 316.802 29135007546 255 0
29135007558 386.226 311.556 54.3292 53.8687 168.182 377.824 316.459 394.889 316.802 29135007558 255 0
29135007566 386.136 311.511 53.6901 53.4221 118.67 377.778 316.5 394.889 316.802 29135007566 255 0
29135007578 386.096 311.385 53.1496 52.7456 116.47 377.778 316.5 394.9 316.91 29135007578 255 0
29135007586 386.118 311.387 52.8251 52.3725 153.495 377.778 316.5 394.889 316.802 29135007586 255 0
29135007598 386.228 311.685 52.4154 52.0994 177.355 377.847 316.688 394.86 316.947 29135007598 255 0
29135007606 386.171 311.621 52.2092 52.0202 144.556 377.933 316.6 394.86 316.947 29135007606 255 0
29135007618 386.145 311.701 51.6273 51.5521 11.6182 377.72 316.66 394.86 316.947 29135007618 255 0
29135007626 386.085 311.71 51.1398 50.9182 169.247 377.63 316.5 394.86 316.947 29135007626 255 0
29135007638 386.169 311.621 51.2557 50.7791 166.666 377.574 316.593 394.751 316.975 29135007638 255 0
29135007646 386.01 311.306 51.1693 49.934 142.815 377.661 316.518 394.622 316.901 29135007646 255 0
29135007658 385.883 311.398 50.5081 50.0972 28.1572 377.54 316.48 394.61 316.667 29135007658 255 0
29135007666 385.767 311.295 50.0879 49.7335 136.614 377.458 316.399 394.61 316.667 29135007666 255 0
29135007678 385.754 311.218 50.0264 49.2148 164.437 377.346 316.459 394.562 316.751 29135007678 255 0
29135007686 385.708 311.288 49.8881 49.0139 2.60486 376.874 316.403 394.543 316.795 29135007686 255 0
29135007698 385.604 311.475 49.5021 49.1105 9.93286 377.04 316.58 394.543 316.795 29135007698 255 0
29135007706 385.583 311.342 49.1756 48.7617 141.178 376.986 316.558 394.416 316.772 29135007706 255 0
29135007718 385.488 311.079 49.1082 48.605 137.813 376.874 316.403 394.5 316.5 29135007718 255 0
29135007726 385.586 311.124 48.959 48.4965 176.585 377.092 316.496 394.5 316.5 29135007726 255 0
29135007738 385.643 311.179 48.673 48.1314 18.2975 376.986 316.558 394.529 316.716 29135007738 255 0
29135007750 385.599 311.417 48.4856 47.6892 164.634 377.173 316.56 394.483 316.744 29135007750 255 0
29135007758 385.655 311.346 48.5876 47.8105 9.5352 377.042 316.583 394.498 316.822 29135007758 255 0
29135007770 385.58 311.517 48.4154 47.5872 172.535 377.17 316.68 394.498 316.822 29135007770 255 0
29135007778 385.648 311.491 48.3057 47.436 0.669891 377.095 316.605 394.498 316.822 29135007778 255 0
29135007790 385.347 311.408 48.082 47.4398 150.954 376.986 316.558 394.498 316.822 29135007790 255 0
29135007798 385.44 311.33 47.8981 47.04 147.714 376.986 316.558 394.399 316.695 29135007798 255 0
29135007810 385.468 311.306 47.6675 47.1169 154.716 376.986 316.558 394.416 316.772 29135007810 255 0
29135007818 385.134 311.411 47.5331 46.8284 7.10056 376.986 316.558 394.399 316.695 29135007818 255 0
29135007830 385.219 311.353 47.6945 46.8293 3.47806 376.986 316.558 394.416 316.772 29135007830 255 0
29135007838 385.342 311.346 47.5506 46.5186 158.276 376.808 316.615 394.416 316.772 29135007838 255 0
29135007850 385.429 311.476 47.0948 46.6215 177.969 376.808 316.615 394.416 316.772 29135007850 255 0
29135007858 385.272 311.493 47.0821 46.4898 175.864 376.808 316.615 394.416 316.772 29135007858 255 0
29135007870 385.35 311.428 47.0596 46.0566 171.126 376.907 316.6 394.416 316.772 29135007870 255 0
29135007878 385.361 311.467 46.8881 46.1408 169.058 376.933 316.6 394.416 316.772 29135007878 255 0
29135007890 385.224 311.397 46.8071 46.0715 171.419 376.808 316.615 394.416 316.772 29135007890 255 0
29135007898 385.099 311.38 46.4308 46.1351 143.89 376.808 316.615 394.309 316.657 29135007898 255 0
29135007910 385.144 311.513 46.7437 45.7745 0.389252 376.685 316.667 394.351 316.844 29135007910 255 0
29135007918 385.081 311.562 46.3149 45.8187 170.063 376.661 316.518 394.399 316.695 29135007918 255 0
29135007930 384.988 311.396 46.0803 45.4508 178.618 376.661 316.518 394.295 316.71 29135007930 255 0
29135007938 384.937 311.359 46.0788 45.4075 159.333 376.552 316.569 394.275 316.627 29135007938 255 0
29135007950 384.854 311.381 46.0715 45.2393 2.93585 376.5 316.5 394.275 316.627 29135007950 255 0
29135007958 384.984 311.313 45.854 45.2174 2.68596 376.603 316.448 394.275 316.627 29135007958 255 0
29135007970 384.793 311.417 45.6699 45.075 179.411 376.412 316.395 394.275 316.627 29135007970 255 0
29135007978 384.831 311.241 45.9377 44.814 172.609 376.412 316.395 394.275 316.627 29135007978 255 0
29135007990 384.735 311.322 45.6186 44.9094 172.476 376.209 316.328 394.232 316.594 29135007990 255 0
29135008002 384.667 311.319 45.5949 44.9872 168.667 376.209 316.328 394.232 316.594 29135008002 255 0
29135008010 384.695 311.237 45.2993 44.7153 154.536 376.209 316.328 394.031 316.631 29135008010 255 0
29135008022 384.707 311.177 45.2975 44.7755 5.89694 376.167 316.305 394.032 316.54 29135008022 255 0
29135008030 384.6 311.219 45.21 44.8342 13.3254 376.167 316.305 393.729 316.58 29135008030 255 0
29135008042 384.698 311.268 45.049 44.5721 150.631 376.167 316.305 393.73 316.716 29135008042 255 0
29135008050 384.527 311.345 44.8799 44.6024 160.525 376.209 316.328 393.69 316.822 29135008050 255 0
29135008062 384.666 311.341 45.087 44.4855 174.872 376.209 316.328 394.062 316.838 29135008062 255 0
29135008070 384.598 311.55 44.7711 44.5168 9.46945 376.304 316.374 394.075 316.796 29135008070 255 0
29135008082 384.727 311.369 44.5865 44.3117 171.724 376.464 316.464 394.101 316.874 29135008082 255 0
29135008090 384.773 311.478 44.7269 44.1986 21.1818 376.5 316.5 394.101 316.874 29135008090 255 0
29135008102 384.755 311.469 44.8119 44.0336 142.632 376.5 316.5 394.101 316.874 29135008102 255 0
29135008110 384.673 311.422 44.8716 44.1257 159.439 376.5 316.5 394.138 316.9 29135008110 255 0
29135008122 384.787 311.442 44.6716 44.282 179.34 376.571 316.643 394.138 316.9 29135008122 255 0
29135008130 384.642 311.621 44.6082 44.1776 20.6421 376.552 316.569 394.099 316.939 29135008130 255 0
29135008142 384.753 311.519 44.7064 43.8764 0.584534 376.5 316.5 394.101 316.874 29135008142 255 0
29135008150 384.623 311.462 44.7332 43.9365 173.294 376.5 316.5 394.101 316.874 29135008150 255 0
29135008162 384.505 311.505 44.5914 43.8424 14.2769 376.304 316.374 393.829 316.861 29135008162 255 0
29135008170 384.689 311.442 44.4326 43.5783 7.18884 376.167 316.305 393.685 317 29135008170 255 0
29135008182 384.587 311.455 44.77 43.2233 6.01259 376.209 316.328 393.831 316.906 29135008182 255 0
29135008190 384.548 311.514 44.3272 43.6524 10.7537 376.042 316.461 393.606 316.972 29135008190 255 0
29135008202 384.333 311.585 44.8359 43.8322 2.00186 375.882 316.536 393.542 317.069 29135008202 255 0
29135008210 384.199 311.668 44.1382 43.653 4.01562 375.936 316.558 393.471 316.964 29135008210 255 0
29135008222 384.212 311.744 44.2589 43.5422 19.0166 376.095 316.605 393.402 317.032 29135008222 255 0
29135008230 384.155 311.711 44.3075 43.7574 40.2831 376.042 316.583 393.382 317.048 29135008230 255 0
29135008242 384.095 311.681 43.9889 43.5901 165.188 376.042 316.583 393.289 317.02 29135008242 255 0
29135008254 384.047 311.737 44.1948 43.5718 24.4293 376.042 316.583 393.237 317.045 29135008254 255 0
29135008262 383.947 311.746 43.8589 43.6891 155.751 375.933 316.6 393.029 317.071 29135008262 255 0
29135008274 384.02 311.611 43.9282 43.7974 86.7862 375.847 316.688 393.029 317.071 29135008274 255 0
29135008282 383.947 311.395 43.9767 43.3603 17.0184 375.986 316.558 393.029 317.071 29135008282 255 0
29135008294 384.019 311.562 44.0827 43.4832 13.0382 375.986 316.558 392.99 317.048 29135008294 255 0
29135008302 383.906 311.462 44.2717 43.3984 0.461487 375.986 316.558 392.892 317.019 29135008302 255 0
29135008314 383.799 311.363 44.1852 43.1707 173.749 375.948 316.477 392.86 316.947 29135008314 255 0
29135008322 383.763 311.465 43.974 43.2125 1.33795 375.856 316.536 392.794 317 29135008322 255 0
29135008334 383.644 311.585 43.8552 43.2885 16.339 375.72 316.66 392.725 317.074 29135008334 255 0
29135008342 383.796 311.642 44.0667 43.2999 15.8844 375.72 316.66 392.682 317.05 29135008342 255 0
29135008354 383.629 311.685 43.9865 43.301 10.6447 375.66 316.687 392.725 317.074 29135008354 255 0
29135008362 383.77 311.733 43.884 43.1897 177.769 375.66 316.687 392.705 317.167 29135008362 255 0
29135008374 383.678 311.541 43.8485 43.1805 13.3828 375.708 316.75 392.725 317.074 29135008374 255 0
29135008382 383.835 311.655 44.0118 43.2948 8.69092 375.847 316.688 392.829 317.071 29135008382 255 0
29135008394 383.828 311.627 43.8045 42.9353 8.54471 375.847 316.688 392.931 317.042 29135008394 255 0
29135008402 383.829 311.499 43.8331 42.9728 14.1999 375.847 316.688 393.132 317.074 29135008402 255 0
29135008414 383.925 311.655 43.7263 42.8939 172.699 375.986 316.558 393.237 317.045 29135008414 255 0
29135008422 384.093 311.449 43.9428 42.8075 12.3333 376.173 316.56 393.266 316.932 29135008422 255 0
29135008434 384.123 311.456 43.679 42.8226 165.645 375.925 316.459 393.357 316.962 29135008434 255 0
29135008442 384.11 311.425 43.4361 42.9653 2.96342 376 316.388 393.5 317 29135008442 255 0
29135008454 384.152 311.395 43.6628 42.8164 177.184 376 316.388 393.485 316.926 29135008454 255 0
29135008462 384.102 311.255 43.5004 42.7265 175.897 375.874 316.403 393.44 316.903 29135008462 255 0
29135008474 384.079 311.33 43.5336 42.8231 8.23267 376 316.388 393.421 316.79 29135008474 255 0
29135008482 383.97 311.266 43.6087 42.6695 16.3581 376 316.388 393.481 316.617 29135008482 255 0
29135008494 383.831 311.248 43.5506 42.6905 14.7886 375.874 316.403 393.1 316.824 29135008494 255 0
29135008506 383.834 311.242 43.457 42.5424 20.5965 375.962 316.308 392.889 316.856 29135008506 255 0
29135008514 383.689 311.095 43.25 42.5998 33.401 375.83 316.32 392.973 316.793 29135008514 255 0
29135008526 383.621 311.263 43.5236 42.6293 32.209 375.83 316.32 392.943 316.781 29135008526 255 0
29135008534 383.531 311.252 43.2453 42.5264 39.5989 375.948 316.477 393.037 316.881 29135008534 255 0
29135008546 383.676 311.429 43.3259 42.5679 6.93848 375.948 316.477 392.876 316.818 29135008546 255 0
29135008554 383.78 311.451 43.1912 42.6782 7.46976 375.986 316.558 393.074 316.797 29135008554 255 0
29135008566 383.9 311.481 43.2506 42.8308 33.1118 376.042 316.583 393.188 316.878 29135008566 255 0
29135008574 384.485 311.494 42.9434 42.3559 175.569 376.042 316.461 393.5 317 29135008574 255 0
29135008586 385.458 311.309 43.2499 42.5667 8.99791 376.603 316.374 394.21 316.71 29135008586 255 0
29135008594 385.162 311.2 43.095 42.612 167.507 376.304 316.374 394.323 316.453 29135008594 255 0
29135008606 385.06 311.293 43.1776 42.4646 28.8883 376.362 316.446 393.969 316.79 29135008606 255 0
29135008614 384.96 311.294 43.2322 42.5665 5.07492 376.464 316.464 393.969 316.79 29135008614 255 0
29135008626 385.099 311.359 42.9461 42.4207 11.4959 376.209 316.328 393.833 316.868 29135008626 255 0
29135008634 384.803 311.417 43.0669 42.5195 12.5736 376.209 316.328 393.852 316.929 29135008634 255 0
29135008646 384.839 311.271 43.061 42.6294 174.418 376.167 316.305 393.773 316.831 29135008646 255 0
29135008654 384.901 311.335 42.8981 42.3561 0.958038 376.167 316.305 393.638 316.643 29135008654 255 0
29135008666 384.739 311.246 43.082 42.375 177.614 376.167 316.305 393.754 316.579 29135008666 0 0
29135008674 384.726 311.061 42.8938 42.1368 179.581 376.137 316.226 393.45 316.534 29135008674 0 0
29135008686 384.585 311.075 42.9564 41.9752 8.25024 376.137 316.226 393.45 316.534 29135008686 0 0
29135008694 384.657 311.197 42.7975 42.2801 9.61963 376.167 316.305 393.45 316.534 29135008694 0 0
29135008706 384.441 311.171 42.9734 41.9867 174.623 376.167 316.305 393.45 316.534 29135008706 0 0
29135008714 384.646 311.15 42.8799 42.0888 175.621 376.137 316.226 393.569 316.518 29135008714 0 0
29135008726 384.701 311.025 42.9354 42.171 168.41 376.012 316.235 393.45 316.534 29135008726 0 0
29135008734 384.705 310.966 42.8906 42.0582 2.371 376.144 316.118 393.45 316.534 29135008734 0 0
29135008746 384.791 310.907 42.5858 42.0368 2.31946 376.144 316.118 393.767 316.466 29135008746 0 0
29135008758 384.753 310.908 42.7114 42.1203 10.7007 376.27 316.113 393.55 316.466 29135008758 0 0
29135008766 384.841 310.887 43.0242 41.9343 5.2668 376.27 316.113 393.767 316.466 29135008766 0 0
29135008778 384.836 310.896 42.7542 41.9323 1.21487 376.144 316.118 393.62 316.484 29135008778 0 0
29135008786 384.81 310.964 43.0118 41.9244 8.13934 376.144 316.118 393.882 316.421 29135008786 0 0
29135008798 384.894 310.824 42.4271 42.052 150.9 376.27 316.113 393.65 316.415 29135008798 0 0
29135008806 384.947 310.852 42.9707 41.89 6.56175 376.27 316.113 394.098 316.35 29135008806 0 0
29135008818 385.132 310.819 42.7741 42.0287 7.61154 376.32 316.02 394.098 316.35 29135008818 0 0
29135008826 384.973 310.818 42.7334 42.0119 179.645 376.144 316.118 393.866 316.409 29135008826 0 0
29135008838 385.026 310.853 42.7142 41.7987 26.1533 376.27 316.113 394.175 316.402 29135008838 0 0
29135008846 385.028 310.857 42.4958 41.8307 15.9071 376.32 316.02 394.175 316.402 29135008846 0 0
29135008858 385.101 310.77 42.624 41.8838 169.343 376.32 316.02 394.098 316.35 29135008858 0 0
29135008866 385.243 310.826 42.9349 41.9327 3.40512 376.479 315.944 394.098 316.35 29135008866 0 0
29135008878 385.172 310.904 42.7659 41.8783 166.224 376.479 315.944 394.175 316.402 29135008878 0 0
29135008886 385.164 310.858 42.7553 41.9868 179.803 376.435 315.98 394.175 316.402 29135008886 0 0
29135008898 385.254 310.837 42.8986 42.0042 5.45386 376.27 316.113 394.175 316.402 29135008898 0 0
29135008906 385.165 311.007 42.5395 41.621 9.57663 376.27 316.113 394.175 316.402 29135008906 0 0
29135008918 384.965 310.933 42.6549 41.7825 29.3866 376.27 316.113 394.175 316.402 29135008918 0 0
29135008926 384.92 310.718 42.4012 41.9569 13.452 376.261 315.842 394.098 316.35 29135008926 0 0
29135008938 384.906 310.558 42.8146 41.7033 174.55 376.252 315.959 394.098 316.35 29135008938 0 0
29135008946 384.711 310.59 42.6448 41.6786 9.62915 376.262 315.858 393.662 316.167 29135008946 0 0
29135008958 384.623 310.702 42.686 41.8912 2.66101 376.262 315.858 393.569 316.132 29135008958 0 0
29135008966 384.56 310.615 42.7734 41.7237 12.5413 376.173 315.673 393.481 316.186 29135008966 0 0
29135008978 384.405 310.623 42.8533 41.8427 7.24498 376.147 315.654 393.431 316.069 29135008978 0 0
29135008986 384.444 310.713 42.9273 41.8138 13.867 376.262 315.858 393.593 316.181 29135008986 0 0
29135008998 384.612 310.634 43.0113 42.0533 174.143 376.23 315.785 393.69 316.056 29135008998 0 0
29135009010 384.557 309.581 44.0215 42.5319 73.7875 373.389 283.994 397.745 283.164 29135009010 0 0
29135009018 -1 -1 44.0215 42.5319 73.7875 373.389 283.994 397.745 283.164 29135009018 0 0
29135009030 -1 -1 44.0215 42.5319 73.7875 373.389 283.994 397.745 283.164 29135009030 0 0
29135009038 384.879 310.249 43.5291 42.324 13.1949 376.5 313.542 393.5 313.542 29135009038 0 0
29135009050 384.957 310.236 43.4577 42.5119 8.14743 376.442 315.423 393.938 315.944 29135009050 0 0
29135009058 384.968 310.292 43.5146 42.5239 14.3024 376.579 315.252 394 315.871 29135009058 0 0
29135009070 384.957 310.167 43.7715 42.6373 173.522 376.589 314.946 394.138 315.838 29135009070 0 0
29135009078 384.955 310.156 44.0147 42.6997 2.42465 376.738 315.142 394.038 315.571 29135009078 0 0
29135009090 384.844 310.089 44.0527 42.6738 10.1718 376.589 314.946 394.075 315.796 29135009090 0 0
29135009098 384.82 310.276 44.0826 43.2871 17.5763 376.426 315.364 393.938 315.944 29135009098 0 0
29135009110 384.67 310.39 44.3436 43.3552 179.279 376.305 315.695 393.781 316.086 29135009110 0 0
29135009118 384.47 310.583 44.8882 43.7327 3.63409 376.193 315.927 393.5 316.25 29135009118 0 0
29135009130 384.45 310.685 44.9217 43.8433 0.665802 376.203 316.059 393.54 316.374 29135009130 0 0
29135009138 384.524 310.613 45.1628 44.0464 7.79515 376.262 315.858 393.514 316.014 29135009138 0 0
29135009150 384.569 310.486 45.1315 44.5063 0.853668 375.972 315.396 393.652 315.986 29135009150 0 0
29135009158 384.53 310.239 45.6814 44.4463 9.64247 376.216 315.278 393.549 315.878 29135009158 0 0
29135009170 384.64 310.067 45.5481 45.0065 171.431 376.284 315.128 393.581 315.724 29135009170 0 0
29135009178 384.555 310.144 45.7055 45.4553 12.8079 376.183 315.124 393.581 315.724 29135009178 0 0
29135009190 384.485 310.025 46.3381 45.6653 169.574 376.275 315.304 393.495 315.676 29135009190 0 0
29135009198 384.307 310.176 46.8001 46.0165 0.34845 376.039 315.222 393.392 315.775 29135009198 0 0
29135009210 384.31 310.219 46.8096 46.5295 4.83568 375.816 315.305 393.363 315.856 29135009210 0 0
29135009218 384.303 310.204 47.2515 46.758 5.4043 375.763 315.385 393.31 315.724 29135009218 0 0
29135009230 384.131 310.307 47.6061 46.9512 165.831 375.688 315.475 393.216 315.892 29135009230 0 0
29135009238 384.225 310.382 48.0808 47.2863 170.451 375.674 315.563 393.005 315.878 29135009238 0 0
29135009250 384.043 310.464 48.2089 47.6441 0.637314 375.674 315.563 393.005 315.878 29135009250 0 0
29135009262 384.28 310.404 48.5066 47.9363 169.178 375.688 315.475 392.947 315.947 29135009262 0 0
29135009270 384.302 310.205 48.9263 48.1474 148.583 375.763 315.385 393.31 315.724 29135009270 0 0
29135009282 384.352 310.155 49.2469 48.5467 162.804 376.085 315.273 393.339 315.932 29135009282 0 0
29135009290 384.416 310.005 49.4692 48.8091 171.458 376.074 315 393.402 315.511 29135009290 0 0
29135009302 384.5 310.054 49.666 49.1497 9.42319 375.941 315.037 393.402 315.511 29135009302 0 0
29135009310 384.707 310.153 50.1076 49.4298 159.9 376.133 315.16 393.549 315.765 29135009310 0 0
29135009322 384.855 310.339 50.3537 49.8695 173.285 376.201 315.5 393.745 316.015 29135009322 0 0
29135009330 384.833 310.649 50.5179 50.317 55.8754 376.363 315.785 394.038 316.226 29135009330 0 0
29135009342 385.075 310.644 50.9795 50.4539 172.044 376.354 315.583 394.098 316.35 29135009342 0 0
29135009350 385.218 310.598 51.3131 50.5081 179.611 376.38 315.5 394.098 316.35 29135009350 0 0
29135009362 385.328 310.392 51.494 50.8534 155.892 376.432 315.765 394.119 316.271 29135009362 0 0
29135009370 385.271 310.317 51.6126 51.103 160.725 376.594 315.333 394 315.871 29135009370 0 0
29135009382 385.084 310.188 51.8634 51.2474 9.42142 376.748 315.041 394.289 315.706 29135009382 0 0
29135009390 385.331 310.077 52.0575 51.8909 3.69725 376.568 315.068 394.287 315.319 29135009390 0 0
29135009402 385.168 309.884 52.3213 52.0683 171.053 376.5 315 394.195 315.3 29135009402 0 0
29135009410 385.108 309.857 52.4813 52.1157 161.489 376.5 315 394.155 315.329 29135009410 0 0
29135009422 384.904 309.793 52.7876 52.3823 165.019 376.333 314.925 394 315.393 29135009422 0 0
29135009430 384.973 309.969 53.1485 52.4825 169.203 376.421 314.748 394.142 315.441 29135009430 0 0
29135009442 384.963 309.983 53.1019 52.6719 162.279 376.421 314.748 393.98 315.515 29135009442 0 0
29135009450 384.897 310.096 53.4613 52.9648 3.32593 376.375 314.965 393.94 315.547 29135009450 0 0
29135009462 384.927 310.278 53.8206 53.0488 170.882 376.199 315.035 393.905 315.735 29135009462 0 0
29135009470 384.86 310.419 53.9342 53.1825 177.859 376.365 315.128 393.878 315.836 29135009470 0 0
29135009482 384.821 310.306 53.9804 53.1949 173.102 376.139 315.097 393.805 315.744 29135009482 0 0
29135009490 384.889 310.203 54.1682 53.7341 4.30984 376.415 315.081 393.94 315.547 29135009490 0 0
29135009502 384.985 309.927 54.3127 53.9508 24.266 376.421 314.748 393.879 315.53 29135009502 0 0
29135009514 384.946 309.872 54.1326 53.9464 15.9112 376.333 314.925 394.101 315.411 29135009514 0 0
29135009522 384.88 309.957 54.457 54.0447 157.186 376.333 314.925 394.155 315.329 29135009522 0 0
29135009534 384.959 309.739 54.596 54.2216 162.102 376.333 314.925 394 315.393 29135009534 0 0
29135009542 385.13 309.951 54.6539 54.3793 173.279 376.406 314.667 394.04 315.424 29135009542 0 0
29135009554 385.034 310.051 55.0498 54.3345 163.263 376.406 314.667 394.04 315.424 29135009554 0 0
29135009562 385.042 309.919 55.0718 54.4497 163.664 376.301 314.778 394.104 315.497 29135009562 0 0
29135009574 385.183 309.978 55.1644 54.7316 51.1667 376.333 314.925 394.04 315.424 29135009574 0 0
29135009582 385.12 309.77 55.31 54.7727 134.382 376.333 314.925 394.159 315.01 29135009582 0 0
29135009594 385.08 309.724 55.5558 54.9447 141.141 376.333 314.925 394.061 315.038 29135009594 0 0
29135009602 385.044 309.728 55.7968 55.1827 130.732 376.333 314.925 394.051 315.192 29135009602 0 0
29135009614 384.925 309.904 55.7515 55.4522 15.501 376.333 314.925 393.726 315.229 29135009614 0 0
29135009622 385.033 309.905 55.7643 55.5592 162.027 376.333 314.925 394.058 315.309 29135009622 0 0
29135009634 385.096 309.934 55.9647 55.8718 49.9567 376.333 314.925 394.058 315.309 29135009634 0 0
29135009642 385.056 309.788 56.0499 55.8963 133.263 376.333 314.925 394.169 315.189 29135009642 0 0
29135009654 385.217 309.805 56.3883 56.0868 130.38 376.556 314.722 394.157 314.926 29135009654 0 0
29135009662 385.214 309.663 56.3396 55.8281 147.006 376.571 314.643 394.157 314.926 29135009662 0 0
29135009674 385.131 309.746 56.4633 56.1704 141.008 376.5 314.5 394.113 314.824 29135009674 0 0
29135009682 385.212 309.716 56.772 56.0839 158.102 376.448 314.431 394.075 314.796 29135009682 0 0
29135009694 385.143 309.742 56.6423 56.271 170.404 376.135 314.787 394.075 314.796 29135009694 0 0
29135009702 385.089 309.611 56.6795 56.4123 3.4296 376.138 314.516 393.819 314.853 29135009702 0 0
29135009714 385.08 309.561 56.6477 56.3433 148.643 376.167 314.305 393.871 314.826 29135009714 0 0
29135009722 385.081 309.442 56.998 56.3502 110.183 376.167 314.305 394.075 314.796 29135009722 0 0
29135009734 385.094 309.51 56.9582 56.514 141.859 376.304 314.374 394.032 314.704 29135009734 0 0
29135009742 385.215 309.511 57.0447 56.6905 142.546 376.304 314.374 393.871 314.826 29135009742 0 0
29135009754 385.169 309.591 56.9725 56.836 128.813 376.339 314.411 393.969 314.79 29135009754 0 0
29135009766 385.054 309.852 57.0359 56.8473 131.171 376.4 314.893 394.117 315.075 29135009766 0 0
29135009774 385.399 309.867 57.1971 56.8842 123.433 376.5 314.951 394.269 315.04 29135009774 0 0
29135009786 385.352 309.744 57.3668 57.0279 28.8718 376.556 314.722 394.056 314.894 29135009786 0 0
29135009794 385.454 309.832 57.3931 56.8132 145.672 376.556 314.722 394.113 314.824 29135009794 0 0
29135009806 385.446 309.84 57.4607 57.0437 8.32928 376.685 314.667 394.157 314.926 29135009806 0 0
29135009814 385.403 309.807 57.5904 57.1326 128.602 376.673 314.75 394.157 315.074 29135009814 0 0
29135009826 385.331 309.895 57.3452 57.1319 82.1538 376.673 314.75 394.128 315.313 29135009826 0 0
29135009834 385.186 310.115 57.4802 57.2174 165.904 376.454 314.965 394.247 315.292 29135009834 0 0
29135009846 385.142 310.079 57.6842 57.4857 158.244 376.5 315 394.232 315.135 29135009846 0 0
29135009854 385.205 309.927 57.8935 57.1719 139.869 376.333 314.925 394.313 315.066 29135009854 0 0
29135009866 385.039 309.796 57.7462 57.6371 153.434 376.556 314.722 394.157 314.926 29135009866 0 0
29135009874 385.119 309.724 57.722 57.534 46.2426 376.448 314.431 394.113 314.824 29135009874 0 0
29135009886 385.136 309.812 57.9302 57.7827 161.368 376.448 314.431 394.075 314.796 29135009886 0 0
29135009894 385.055 309.775 58.0062 57.5901 175.671 376.173 314.558 393.99 314.906 29135009894 0 0
29135009906 384.978 309.874 58.1235 57.8875 50.2773 376.333 314.925 393.911 315.017 29135009906 0 0
29135009914 385.021 309.907 58.3884 57.8543 144.882 376.333 314.925 394.031 315.144 29135009914 0 0
29135009926 384.922 309.917 58.3555 58.1443 53.579 376.333 314.925 394.063 315.042 29135009926 0 0
29135009934 385.125 309.92 58.3339 58.2076 146.386 376.333 314.925 394.134 314.935 29135009934 0 0
29135009946 385.09 309.862 58.4144 58.1389 5.1362 376.333 314.925 394.232 314.966 29135009946 0 0
29135009954 385.061 309.8 58.4489 58.2213 162.257 376.333 314.925 394.169 315.01 29135009954 0 0
29135009966 385.089 310.081 58.7424 58.268 125.012 376.433 314.986 394.313 315.066 29135009966 0 0
29135009974 385.028 309.979 58.5925 58.1827 88.2678 376.333 314.925 394.011 315.258 29135009974 0 0
29135009986 385.07 310.21 58.7262 58.6668 96.297 376.661 314.774 394.104 315.497 29135009986 0 0
29135009994 385.223 310.298 58.7018 58.6053 131.703 376.73 314.887 394.268 315.5 29135009994 0 0
29135010006 385.327 310.129 59.1613 58.7738 139.403 376.621 314.843 394.268 315.5 29135010006 0 0
29135010018 385.452 310.167 59.0923 58.7547 140.997 376.643 315.178 394.404 315.515 29135010018 0 0
29135010026 385.377 310.109 59.2688 58.8865 117.262 376.703 314.8 394.404 315.515 29135010026 0 0
29135010038 385.417 310.195 59.3806 59.0805 134.959 376.76 315.295 394.307 315.562 29135010038 0 0
29135010046 385.291 310.333 59.1726 59.0148 19.372 376.611 314.858 394.083 315.618 29135010046 0 0
29135010058 385.249 310.368 59.3955 59.0432 37.2092 376.481 314.907 394.113 315.76 29135010058 0 0
29135010066 385.213 310.335 59.4174 58.9209 42.4059 376.611 314.858 394.113 315.76 29135010066 0 0
29135010078 385.227 310.283 59.5102 59.1275 43.4257 376.615 315.104 393.98 315.515 29135010078 0 0
29135010086 385.251 310.335 59.4664 59.2649 155.493 376.748 315.041 394.134 315.583 29135010086 0 0
29135010098 385.266 310.288 59.7147 59.2313 130.017 376.687 314.898 394.142 315.441 29135010098 0 0
29135010106 385.28 310.379 59.6328 59.4333 102.924 376.615 315.104 394.081 315.529 29135010106 0 0
29135010118 385.298 310.326 59.679 59.4143 137.306 376.615 315.104 394.134 315.583 29135010118 0 0
29135010126 385.198 310.364 60.1771 59.8138 157.27 376.738 315.142 394.038 315.571 29135010126 0 0
29135010138 385.153 310.314 60.0389 59.8785 95.9199 376.687 314.898 394.142 315.441 29135010138 0 0
29135010146 385.281 310.296 60.2809 59.6354 156.422 376.797 314.941 394.201 315.441 29135010146 0 0
29135010158 385.043 310.299 60.1686 59.8685 80.4551 376.565 314.939 394.12 315.62 29135010158 0 0
29135010166 385.073 310.342 60.3556 60.1035 109.445 376.748 315.041 393.98 315.515 29135010166 255 0
29135010178 385.084 310.303 60.6354 60.1115 120.706 376.738 315.142 394.083 315.618 29135010178 255 0
29135010186 385.051 310.324 60.5843 60.175 138.142 376.738 315.142 394.054 315.618 29135010186 255 0
29135010198 385.086 310.38 60.701 60.1011 120.311 376.707 315.231 394.01 315.662 29135010198 255 0
29135010206 384.964 310.372 60.8821 60.4105 124.557 376.76 315.295 394.081 315.529 29135010206 255 0
29135010218 384.983 310.341 60.8984 60.3624 118.121 376.615 315.104 394.083 315.618 29135010218 255 0
29135010226 384.948 310.407 60.9754 60.388 117.191 376.615 315.104 393.948 315.698 29135010226 255 0
29135010238 384.972 310.508 61.31 60.5161 100.798 376.738 315.142 394.056 315.707 29135010238 255 0
29135010246 384.924 310.395 61.4358 60.5404 94.7558 376.738 315.142 394.079 315.815 29135010246 255 0
29135010258 384.901 310.49 61.5163 60.7068 134.033 376.738 315.142 393.98 315.515 29135010258 255 0
29135010270 384.782 310.436 61.6509 60.9544 87.2097 376.631 315 394.056 315.707 29135010270 255 0
29135010278 384.875 310.312 61.5874 61.2616 98.7023 376.463 314.784 394.081 315.529 29135010278 255 0
29135010290 384.822 310.224 61.8828 61.0117 133.148 376.406 314.667 394.073 315.391 29135010290 255 0
29135010298 384.674 310.147 61.6986 61.5329 136.285 376.406 314.667 394.077 315.251 29135010298 255 0
29135010310 384.726 310.257 61.7516 61.7083 169.215 376.578 314.85 393.958 315.276 29135010310 255 0
29135010318 384.662 310.343 61.7952 61.5601 98.3242 376.326 314.881 393.862 315.41 29135010318 255 0
29135010330 384.726 310.408 61.9524 61.7235 137.826 376.435 315.029 393.902 315.515 29135010330 255 0
29135010338 384.779 310.368 62.1001 61.6947 124.112 376.558 314.833 394.081 315.529 29135010338 255 0
29135010350 384.905 310.259 62.4706 61.3767 111.926 376.516 314.692 394.159 315.411 29135010350 255 0
29135010358 385.119 310.225 62.4785 61.9334 113.437 376.568 315.068 394.324 315.229 29135010358 255 0
29135010370 385.263 310.105 62.5607 62.02 112.042 376.929 314.78 394.317 315.35 29135010370 255 0
29135010378 385.41 309.926 62.2396 62.0638 123.648 376.932 314.687 394.443 314.857 29135010378 255 0
29135010390 385.613 309.891 62.2811 62.1215 100.806 377.13 314.63 394.622 314.901 29135010390 255 0
29135010398 385.529 309.916 62.3622 62.1122 77.1731 376.986 314.558 394.574 314.926 29135010398 255 0
29135010410 385.557 309.842 62.2839 61.864 86.949 376.986 314.558 394.575 314.831 29135010410 255 0
29135010418 385.576 309.674 61.978 61.7091 8.60986 376.986 314.558 394.543 314.795 29135010418 255 0
29135010430 385.471 309.602 61.825 61.0856 89.5898 376.943 314.475 394.443 314.667 29135010430 255 0
29135010438 385.391 309.539 61.1292 60.7774 113.291 376.905 314.395 394.359 314.508 29135010438 255 0
29135010450 385.258 309.471 60.7932 60.1239 94.246 376.905 314.395 394.313 314.54 29135010450 255 0
29135010458 385.187 309.442 59.901 59.6267 102.43 376.778 314.418 394.275 314.627 29135010458 255 0
29135010470 385.145 309.692 59.4343 58.4852 134.612 376.594 314.333 394.275 314.627 29135010470 255 0
29135010478 385.045 309.654 58.208 57.7393 138.231 376.703 314.479 394.275 314.627 29135010478 255 0
29135010490 384.987 309.567 57.712 57.0039 156.556 376.594 314.333 394.309 314.657 29135010490 255 0
29135010498 385.216 309.568 56.7267 56.5758 149.001 376.654 314.403 394.399 314.695 29135010498 255 0
29135010510 385.289 309.668 56.1683 55.9635 161.597 376.856 314.575 394.399 314.695 29135010510 255 0
29135010522 385.458 309.564 55.5309 54.9028 145.954 376.986 314.558 394.416 314.772 29135010522 255 0
29135010530 385.325 309.687 54.9569 54.4406 158.662 376.986 314.558 394.575 314.831 29135010530 255 0
29135010542 385.553 309.468 54.5281 53.5176 150.289 376.986 314.558 394.575 314.831 29135010542 255 0
29135010550 385.533 309.424 53.3921 52.9041 4.43082 376.986 314.558 394.543 314.795 29135010550 255 0
29135010562 385.604 309.45 52.9146 52.4407 163.007 376.986 314.558 394.575 314.831 29135010562 255 0
29135010570 385.838 309.589 52.4067 51.9828 163.351 376.83 314.32 394.562 314.751 29135010570 255 0
29135010582 385.669 309.397 51.9925 51.1186 175.955 377.285 314.5 394.529 314.716 29135010582 255 0
29135010590 385.528 309.274 51.4003 50.7092 164.178 376.986 314.558 394.543 314.795 29135010590 255 0
29135010602 385.569 309.647 50.8444 50.0363 9.67749 376.986 314.558 394.543 314.795 29135010602 255 0
29135010610 385.476 309.477 50.248 49.5997 172.641 376.986 314.558 394.575 314.831 29135010610 255 0
29135010622 385.278 309.475 49.9332 49.4249 148.307 376.986 314.558 394.416 314.772 29135010622 255 0
29135010630 385.391 309.334 49.1961 49.0822 157.358 376.943 314.475 394.394 314.54 29135010630 255 0
29135010642 385.404 309.287 49.1905 48.409 157.479 376.905 314.395 394.353 314.627 29135010642 255 0
29135010650 385.367 309.233 48.684 48.2198 10.2505 376.905 314.395 394.318 314.597 29135010650 255 0
29135010662 385.199 309.318 48.4045 47.2993 174.189 376.794 314.369 394.443 314.667 29135010662 255 0
29135010670 385.184 309.358 48.0371 47.1214 8.25403 376.943 314.475 394.399 314.695 29135010670 255 0
29135010682 385.234 309.206 47.4644 47.0784 165.802 376.83 314.452 394.399 314.695 29135010682 255 0
29135010690 385.182 309.304 47.2037 46.9323 161.096 376.794 314.369 394.44 314.614 29135010690 255 0
29135010702 385.289 309.139 47.2142 46.3891 16.0251 376.807 314.133 394.359 314.508 29135010702 255 0
29135010710 385.291 308.911 46.8537 46.0385 164.503 376.798 314.023 394.37 314.418 29135010710 255 0
29135010722 385.257 308.835 46.959 45.5797 169.849 376.807 313.919 394.359 314.333 29135010722 255 0
29135010730 385.103 308.823 46.5222 45.5014 161.269 376.798 314.023 394.37 314.418 29135010730 255 0
29135010742 385.061 308.956 46.2623 45.2284 172.655 376.798 314.023 394.37 314.418 29135010742 255 0
29135010750 385.052 308.976 46.182 45.4051 179.522 376.625 314.09 394.37 314.418 29135010750 255 0
29135010762 385.098 309.032 46.2578 44.7339 166.075 376.798 314.023 394.37 314.418 29135010762 255 0
29135010774 385.063 309.034 45.9891 44.7365 5.63412 376.798 314.023 394.37 314.418 29135010774 255 0
29135010782 385.146 308.967 45.5317 44.6201 2.49619 376.837 313.911 394.378 314.249 29135010782 255 0
29135010794 385.264 308.874 45.1924 44.488 170.938 376.909 313.773 394.295 314.143 29135010794 255 0
29135010802 385.553 308.762 45.2878 44.2533 172.511 376.969 313.891 394.378 314.249 29135010802 255 0
29135010814 385.615 308.982 45.0193 44.4079 163.938 377.156 314.128 394.37 314.418 29135010814 255 0
29135010822 385.646 309.071 45.0426 44.0892 161.128 377.144 314.118 394.594 314.547 29135010822 255 0
29135010834 385.588 309.062 44.6996 43.877 3.90189 376.958 314.201 394.576 314.631 29135010834 255 0
29135010842 385.604 309.045 44.7444 43.9029 2.72768 377.284 314.298 394.594 314.547 29135010842 255 0
29135010854 385.629 309.032 44.5552 43.7558 171.908 377.148 314.311 394.594 314.547 29135010854 255 0
29135010862 385.829 309.003 44.3331 43.7275 14.6502 377.148 314.311 394.594 314.547 29135010862 255 0
29135010874 385.634 309.083 44.2528 43.5765 30.1904 376.958 314.201 394.37 314.418 29135010874 255 0
29135010882 385.626 309.148 44.2897 43.4334 12.9612 377.091 314.356 394.359 314.508 29135010882 255 0
29135010893 385.284 309.098 44.1885 43.472 5.22919 377.091 314.356 394.37 314.418 29135010893 255 0
29135010901 385.385 309.156 43.9197 43.3359 9.27789 376.807 314.133 394.37 314.418 29135010901 255 0
29135010913 385.223 308.935 43.9632 43.0976 176.256 376.798 314.023 394.37 314.418 29135010913 255 0
29135010921 385.226 308.905 43.9733 43.1669 177.679 376.798 314.023 394.37 314.418 29135010921 255 0
29135010933 385.189 308.893 43.8956 43.022 174.555 376.742 313.985 394.37 314.418 29135010933 255 0
29135010941 385.14 309.002 43.9458 42.7922 16.4262 376.742 313.985 394.37 314.418 29135010941 255 0
29135010953 385.07 309.053 43.7287 42.8732 11.2 376.625 314.16 394.323 314.453 29135010953 255 0
29135010961 385.07 309.085 43.7431 42.7899 11.7474 376.609 313.986 394.323 314.453 29135010961 255 0
29135010973 385.052 308.996 43.717 42.7561 7.0966 376.609 313.986 394.323 314.453 29135010973 255 0
29135010981 384.636 308.891 43.8973 42.5164 12.3395 376.32 314.02 394.277 314.421 29135010981 255 0
29135010993 384.762 308.865 43.8247 42.4014 7.0618 376.481 313.763 394.115 314.333 29135010993 255 0
29135011001 385.152 308.885 43.9851 42.1742 9.75108 376.798 314.023 394.37 314.418 29135011001 255 0
29135011013 385.083 309.108 43.743 42.4168 26.7535 376.932 314.242 394.409 314.525 29135011013 255 0
29135011025 385.191 309.334 43.3194 42.5058 26.9579 376.905 314.395 394.443 314.667 29135011025 255 0
29135011033 385.265 309.331 43.3341 42.8097 7.9715 376.943 314.475 394.443 314.667 29135011033 255 0
29135011045 385.247 309.411 43.302 42.5127 16.0884 376.943 314.475 394.443 314.667 29135011045 255 0
29135011053 -1 -1 43.302 42.5127 16.0884 376.943 314.475 394.443 314.667 29135011053 255 0
29135011065 -1 -1 43.302 42.5127 16.0884 376.943 314.475 394.443 314.667 29135011065 255 0
29135011073 -1 -1 43.302 42.5127 16.0884 376.943 314.475 394.443 314.667 29135011073 255 0
29135011085 -1 -1 43.302 42.5127 16.0884 376.943 314.475 394.443 314.667 29135011085 255 0
29135011094 -1 -1 43.302 42.5127 16.0884 376.943 314.475 394.443 314.667 29135011094 255 0
29135011105 384.916 309.475 43.5839 42.3467 169.317 391.571 280.333 398 284.741 29135011105 255 0
29135011113 384.947 309.716 43.6629 41.6805 7.57889 393.869 282.535 404.669 283.013 29135011113 255 0
29135011126 384.893 309.316 43.6513 42.578 161.503 393.94 281.657 407.807 284.638 29135011126 255 0
29135011134 -1 -1 43.6513 42.578 161.503 393.94 281.657 407.807 284.638 29135011134 255 0
29135011146 -1 -1 43.6513 42.578 161.503 393.94 281.657 407.807 284.638 29135011146 255 0
29135011153 -1 -1 43.6513 42.578 161.503 393.94 281.657 407.807 284.638 29135011153 255 0
29135011165 -1 -1 43.6513 42.578 161.503 393.94 281.657 407.807 284.638 29135011165 255 0
29135011174 -1 -1 43.6513 42.578 161.503 393.94 281.657 407.807 284.638 29135011174 255 0
29135011186 -1 -1 43.6513 42.578 161.503 393.94 281.657 407.807 284.638 29135011186 255 0
29135011193 -1 -1 43.6513 42.578 161.503 393.94 281.657 407.807 284.638 29135011193 255 0
29135011206 -1 -1 43.6513 42.578 161.503 393.94 281.657 407.807 284.638 29135011206 255 0
29135011214 384.972 309.115 43.5216 41.6138 12.2261 369.664 286.149 393.618 281.741 29135011214 255 0
29135011226 385.136 309.503 43.4377 40.9079 6.12759 370.154 285.964 394.824 281.217 29135011226 255 0
29135011234 385.214 309.333 43.6737 41.8551 40.9056 375.153 284.3 396.83 281.678 29135011234 255 0
29135011246 385.132 308.914 43.3647 42.2166 18.9046 376.537 283.582 398.645 281.891 29135011246 255 0
29135011254 385.147 309.17 42.8503 42.0257 22.902 379.11 282.292 400.972 281.951 29135011254 255 0
29135011266 -1 -1 42.8503 42.0257 22.902 379.11 282.292 400.972 281.951 29135011266 255 0
29135011278 -1 -1 42.8503 42.0257 22.902 379.11 282.292 400.972 281.951 29135011278 255 0
29135011286 -1 -1 42.8503 42.0257 22.902 379.11 282.292 400.972 281.951 29135011286 255 0
29135011298 -1 -1 42.8503 42.0257 22.902 379.11 282.292 400.972 281.951 29135011298 255 0
29135011306 -1 -1 42.8503 42.0257 22.902 379.11 282.292 400.972 281.951 29135011306 255 0
29135011318 384.539 309.221 43.0802 41.6286 177.118 376.045 283.511 392.397 280.794 29135011318 255 0
29135011326 384.653 308.839 43.1223 42.4731 3.32544 376.631 283.241 395.012 281.514 29135011326 255 0
29135011338 -1 -1 43.1223 42.4731 3.32544 376.631 283.241 395.012 281.514 29135011338 255 0
29135011346 -1 -1 43.1223 42.4731 3.32544 376.631 283.241 395.012 281.514 29135011346 255 0
29135011358 -1 -1 43.1223 42.4731 3.32544 376.631 283.241 395.012 281.514 29135011358 255 0
29135011366 384.613 308.749 43.1417 42.2724 165.346 373.909 284.293 390.512 280.664 29135011366 255 0
29135011378 -1 -1 43.1417 42.2724 165.346 373.909 284.293 390.512 280.664 29135011378 255 0
29135011386 -1 -1 43.1417 42.2724 165.346 373.909 284.293 390.512 280.664 29135011386 255 0
29135011398 -1 -1 43.1417 42.2724 165.346 373.909 284.293 390.512 280.664 29135011398 255 0
29135011406 -1 -1 43.1417 42.2724 165.346 373.909 284.293 390.512 280.664 29135011406 255 0
29135011418 -1 -1 43.1417 42.2724 165.346 373.909 284.293 390.512 280.664 29135011418 255 0
29135011426 -1 -1 43.1417 42.2724 165.346 373.909 284.293 390.512 280.664 29135011426 255 0
29135011438 -1 -1 43.1417 42.2724 165.346 373.909 284.293 390.512 280.664 29135011438 255 0
29135011446 -1 -1 43.1417 42.2724 165.346 373.909 284.293 390.512 280.664 29135011446 255 0
29135011458 -1 -1 43.1417 42.2724 165.346 373.909 284.293 390.512 280.664 29135011458 255 0
29135011466 -1 -1 43.1417 42.2724 165.346 373.909 284.293 390.512 280.664 29135011466 255 0
29135011478 385.541 308.85 42.8257 42.0655 174.938 376.507 283.709 391.995 280.061 29135011478 255 0
29135011486 385.312 308.71 42.9578 41.9878 175.389 393.556 281.222 399.417 283.5 29135011486 255 0
29135011498 385.291 308.582 43.0361 41.8761 19.2903 395.005 281.559 405.752 283.092 29135011498 255 0
29135011506 385.259 308.287 42.8185 41.8736 15.5309 395.426 281.491 408.661 283.997 29135011506 255 0
29135011518 385.094 308.454 42.7032 42.083 6.72604 396.023 281.965 409.958 285.23 29135011518 255 0
29135011530 385.122 308.766 42.8919 42.0621 169.623 395.713 281.828 410.375 286.538 29135011530 255 0
29135011538 385.002 308.617 43.1166 41.8809 2.59485 398.13 282.853 411.261 288.695 29135011538 255 0
29135011550 385.249 308.661 42.8452 41.8909 14.5648 395.898 280.718 412.986 288.159 29135011550 255 0
29135011558 385.299 308.209 43.0071 42.5278 159.069 395.167 281.048 412.519 288.858 29135011558 255 0
29135011570 385.261 308.7 43.1477 41.5865 19.6636 397.306 281.998 412.63 289.636 29135011570 255 0
29135011578 385.112 308.523 42.9853 42.4187 28.8218 397.535 282.121 412.931 290.436 29135011578 255 0
29135011590 -1 -1 42.9853 42.4187 28.8218 397.535 282.121 412.931 290.436 29135011590 255 0
29135011598 385.183 308.613 43.1319 42.3753 19.2905 390.333 278.667 398.032 283.127 29135011598 255 0
29135011610 -1 -1 43.1319 42.3753 19.2905 390.333 278.667 398.032 283.127 29135011610 255 0
29135011618 -1 -1 43.1319 42.3753 19.2905 390.333 278.667 398.032 283.127 29135011618 255 0
29135011630 385.333 308.415 43.4068 42.5761 24.4677 375.405 283.956 393.427 280.744 29135011630 255 0
29135011638 385.39 308.41 43.3648 42.5495 26.4776 375.892 283.474 396.146 281.296 29135011638 255 0
29135011650 385.338 308.053 43.6902 42.5363 58.1119 376.761 282.821 398.769 281.473 29135011650 255 0
29135011658 385.392 307.681 44.2791 42.7507 81.9407 381.23 280.93 401.519 281.455 29135011658 255 0
29135011670 385.374 308.325 43.1444 42.6102 19.7001 383.88 280.299 404.202 281.484 29135011670 0 0
29135011678 -1 -1 43.1444 42.6102 19.7001 383.88 280.299 404.202 281.484 29135011678 0 0
29135011690 -1 -1 43.1444 42.6102 19.7001 383.88 280.299 404.202 281.484 29135011690 0 0
29135011698 385.224 308.574 43.3138 42.9401 13.1191 391.533 278.733 397.933 282.467 29135011698 0 0
29135011710 385.21 308.597 43.6687 42.5255 173.657 393.342 280.128 404.206 283.715 29135011710 0 0
29135011718 385.195 308.719 43.7301 42.2735 179.451 395.296 281.627 408.736 284.225 29135011718 0 0
29135011730 385.209 308.723 43.4828 42.4963 20.719 396.863 282.512 410.575 286.933 29135011730 0 0
29135011738 385.203 308.509 43.7102 43.0221 171.829 394.178 280.66 411.018 286.829 29135011738 0 0
29135011750 385.369 308.475 43.4117 42.7367 174.975 397.445 282.567 412.179 289.287 29135011750 0 0
29135011758 -1 -1 43.4117 42.7367 174.975 397.445 282.567 412.179 289.287 29135011758 0 0
29135011770 -1 -1 43.4117 42.7367 174.975 397.445 282.567 412.179 289.287 29135011770 0 0
29135011782 385.317 308.248 43.29 42.7871 28.9072 377.351 312.105 394.778 312.4 29135011782 0 0
29135011790 385.337 308.297 43.3514 42.8483 178.625 376.818 313.591 394.37 314.418 29135011790 0 0
29135011802 385.175 308.387 43.7733 42.8601 1.35687 376.85 313.792 394.37 314.418 29135011802 0 0
29135011810 385.083 308.421 43.6413 42.7244 3.90767 376.807 313.741 394.37 314.418 29135011810 0 0
29135011822 385.148 308.461 44.002 42.7864 10.6354 376.741 313.395 394.268 314.399 29135011822 0 0
29135011830 385.331 308.293 43.7509 42.7151 0.478333 376.688 313.475 394.333 314.144 29135011830 0 0
29135011842 385.211 308.377 43.7065 42.7799 10.1427 376.905 313.395 394.343 314.303 29135011842 0 0
29135011850 385.344 308.466 43.649 43.1134 12.6503 376.969 313.891 394.422 314.385 29135011850 0 0
29135011862 385.465 308.574 43.5792 43.0006 21.3463 377.119 313.852 394.338 314.169 29135011862 0 0
29135011870 385.382 308.752 43.6208 43.1159 16.8753 377.19 314.02 394.515 314.308 29135011870 0 0
29135011882 385.306 308.72 44.0161 42.7001 9.85217 377.359 314.176 394.516 314.484 29135011882 0 0
29135011890 385.508 308.767 43.7231 42.8048 11.0437 377.359 314.176 394.635 314.469 29135011890 0 0
29135011902 385.531 308.691 43.7006 42.8153 10.0311 377.475 314.149 394.897 314.485 29135011902 0 0
29135011910 385.506 308.593 43.7591 42.7216 16.2704 377.415 314.082 394.737 314.333 29135011910 0 0
29135011922 385.54 308.595 43.6289 43.0382 3.71512 377.333 313.925 394.515 314.308 29135011922 0 0
29135011930 385.387 308.662 43.6771 42.7691 2.81001 377.199 313.922 394.378 314.249 29135011930 0 0
29135011942 385.231 308.587 43.887 42.9543 25.8841 377.199 313.922 394.359 314.333 29135011942 0 0
29135011950 385.198 308.589 43.9543 42.8823 0.705734 376.969 313.891 394.378 314.249 29135011950 0 0
29135011962 385.045 308.513 43.9141 43.1311 6.17993 376.909 313.773 394.333 314.221 29135011962 0 0
29135011970 385.041 308.569 44.1737 42.9719 177.146 376.917 313.583 394.295 314.143 29135011970 0 0
29135011982 385.11 308.486 44.3001 42.8504 164.235 376.917 313.583 394.231 314.069 29135011982 0 0
29135011990 385.131 308.543 44.2029 43.1342 172.223 376.917 313.583 394.295 314.143 29135011990 0 0
29135012002 385.07 308.651 44.1445 43.2541 0.720963 376.87 313.674 394.333 314.221 29135012002 0 0
29135012010 385.072 308.738 44.1108 43.7798 1.46518 376.905 313.873 394.359 314.333 29135012010 0 0
29135012022 385.054 308.74 44.1935 43.5889 38.9814 376.905 313.929 394.37 314.418 29135012022 0 0
29135012034 385.188 308.685 44.4192 43.83 174.846 376.969 313.891 394.378 314.249 29135012034 0 0
29135012042 385.225 308.645 44.4432 43.5884 3.81427 376.97 313.793 394.338 314.169 29135012042 0 0
29135012054 385.279 308.563 44.9224 43.76 12.7791 377.053 313.56 394.378 314.249 29135012054 0 0
29135012062 385.345 308.607 44.9367 43.9733 168.737 377.119 313.852 394.338 314.169 29135012062 0 0
29135012074 385.445 308.853 45.2087 44.0728 7.75681 377.119 313.852 394.338 314.169 29135012074 0 0
29135012082 385.344 308.752 45.0919 44.3788 178.444 377.231 314.184 394.422 314.438 29135012082 0 0
29135012094 385.369 308.956 45.1802 44.6986 30.6834 377.231 314.184 394.594 314.547 29135012094 0 0
29135012102 385.496 308.845 45.6725 45.1922 23.6313 377.415 314.245 394.594 314.547 29135012102 0 0
29135012114 385.585 308.775 46.048 45.0631 15.9001 377.415 314.245 394.788 314.53 29135012114 0 0
29135012122 385.437 308.847 46.4367 45.4615 5.73053 377.479 314.264 394.744 314.564 29135012122 0 0
29135012134 385.495 308.827 47.0464 45.6584 1.48068 377.479 314.264 394.63 314.582 29135012134 0 0
29135012142 385.434 308.928 46.6595 45.7786 175.757 377.357 314.208 394.683 314.65 29135012142 0 0
29135012154 385.432 309.333 47.0366 46.0952 170.368 377.503 314.403 394.63 314.894 29135012154 0 0
29135012162 385.611 309.417 47.34 46.3789 1.70961 377.63 314.5 394.641 314.974 29135012162 0 0
29135012174 385.516 309.422 47.277 46.8725 24.875 377.733 314.607 394.86 314.947 29135012174 0 0
29135012182 385.629 309.389 47.9377 46.9626 176.43 377.841 314.783 394.96 314.975 29135012182 0 0
29135012194 385.793 309.42 48.2712 47.4889 173.423 377.948 314.477 395.214 314.969 29135012194 0 0
29135012202 385.773 309.44 48.5359 47.8342 13.1015 377.948 314.477 395.214 314.969 29135012202 0 0
29135012214 385.629 309.502 48.9916 48.1056 169.994 377.874 314.403 394.96 314.975 29135012214 0 0
29135012222 385.621 309.415 49.0134 48.5089 178.126 377.744 314.519 394.86 314.947 29135012222 0 0
29135012234 385.646 309.337 49.3237 48.6971 174.624 377.693 314.44 394.641 314.974 29135012234 0 0
29135012242 385.592 309.234 49.744 48.7354 0.0496216 377.503 314.403 394.683 314.809 29135012242 0 0
29135012254 385.993 309.204 50.1723 49.1223 169.451 377.83 314.32 395.203 314.578 29135012254 0 0
29135012262 386.235 309.098 50.2619 49.2913 173.437 377.962 314.308 395.444 314.583 29135012262 0 0
29135012274 386.017 309.058 50.2515 49.8913 167.643 377.905 314.395 395.167 314.662 29135012274 0 0
29135012286 386.097 309.345 50.5764 50.0552 18.2079 377.943 314.475 395.021 314.836 29135012286 0 0
29135012294 386.152 309.402 50.8426 50.4901 132.007 377.986 314.558 395.175 314.942 29135012294 0 0
29135012306 386.311 309.445 51.1511 50.651 160.788 378.042 314.583 395.22 314.968 29135012306 0 0
29135012314 386.538 309.43 51.3611 50.8755 171.007 378.042 314.583 395.338 314.889 29135012314 0 0
29135012326 386.454 309.481 51.5735 51.2103 141.403 377.846 314.5 395.333 314.772 29135012326 0 0
29135012334 386.561 309.408 52.0451 51.5332 176.139 377.975 314.481 395.61 314.821 29135012334 0 0
29135012346 386.727 309.511 52.2707 51.8294 25.9484 378.146 314.398 396.033 314.612 29135012346 0 0
29135012354 386.747 309.454 52.3584 51.8589 152.102 378.209 314.328 395.927 314.667 29135012354 0 0
29135012366 386.795 309.458 52.9115 52.1492 179.543 378.339 314.411 396.032 314.704 29135012366 0 0
29135012374 386.856 309.413 52.8529 52.3347 4.25528 378.167 314.305 396.032 314.704 29135012374 0 0
29135012386 386.744 309.403 53.0055 52.4436 162.069 377.933 314.64 395.969 314.79 29135012386 0 0
29135012394 386.775 309.378 53.3302 52.6622 165.715 378.113 314.74 396.098 314.776 29135012394 0 0
29135012406 386.889 309.66 53.8706 53.2058 145.909 378.119 314.852 395.882 314.935 29135012406 0 0
29135012414 386.791 309.562 53.7826 53.2526 12.4967 378.333 314.925 395.93 314.995 29135012414 0 0
29135012426 386.788 309.682 53.9428 53.4823 162.44 378.406 314.667 395.956 315.1 29135012426 0 0
29135012434 386.789 309.76 53.74 53.6035 15.8007 378.406 314.667 395.894 315.153 29135012434 0 0
29135012446 386.841 309.923 54.2904 54.0671 1.9834 378.326 314.881 396 315.126 29135012446 0 0
29135012454 386.886 309.907 54.2462 54.1045 31.3255 378.289 314.654 395.781 315.158 29135012454 0 0
29135012466 386.803 309.845 54.791 54.1313 179.924 378.059 314.963 395.811 315.017 29135012466 0 0
29135012474 386.843 309.691 55.0905 54.1817 174.237 378.207 314.811 395.929 315.089 29135012474 0 0
29135012486 386.822 309.654 55.4272 54.2484 1.23572 378.262 314.858 396.032 314.894 29135012486 0 0
29135012494 386.878 309.555 55.6227 54.5582 168.9 378.058 314.819 395.871 314.826 29135012494 0 0
29135012506 386.927 309.574 55.7349 54.4684 166.229 378.209 314.328 396.032 314.704 29135012506 0 0
29135012514 386.779 309.341 55.625 54.8677 174.289 378.167 314.305 395.908 314.5 29135012514 0 0
29135012526 386.804 309.147 55.6537 55.0517 2.47009 378.27 314.113 395.682 314.436 29135012526 0 0
29135012538 386.757 308.829 55.921 55.0765 165.128 378.211 313.959 395.54 314.343 29135012538 0 0
29135012546 386.637 308.623 55.9799 55.2647 9.7029 378.015 313.742 395.406 314.094 29135012546 0 0
29135012558 386.352 308.426 56.293 55.2191 159.579 377.688 313.475 395.363 313.856 29135012558 0 0
29135012566 386.197 308.319 55.9948 55.3508 150.067 377.741 313.395 395.171 313.757 29135012566 0 0
29135012578 386.037 308.453 56.2081 55.4896 157.156 377.624 313.369 394.932 313.763 29135012578 0 0
29135012586 386.01 308.511 56.3069 55.619 171.958 377.585 313.231 394.864 313.826 29135012586 0 0
29135012598 385.953 308.406 56.2895 55.7571 155.233 377.438 313.264 394.831 313.749 29135012598 0 0
29135012606 386.082 308.347 56.5346 56.1574 159.218 377.667 313.025 394.908 313.541 29135012606 0 0
29135012618 386.195 308.315 56.8131 56.0936 175.037 377.754 313.105 395.118 313.785 29135012618 0 0
29135012626 386.444 308.153 56.8446 56.507 169.85 377.941 313.037 395.318 313.738 29135012626 0 0
29135012638 386.49 308.186 56.9067 56.5656 154.926 377.941 313.037 395.408 313.746 29135012638 0 0
29135012646 386.616 308.258 57.0676 56.5855 6.04742 377.941 313.037 395.4 313.828 29135012646 0 0
29135012658 386.558 308.318 57.2681 56.3094 11.6577 377.905 313.231 395.5 313.839 29135012658 0 0
29135012666 386.613 308.393 57.1849 56.9581 154.573 377.943 313.135 395.51 313.789 29135012666 0 0
29135012678 386.512 308.386 57.1481 56.7431 174.56 377.943 313.135 395.581 313.724 29135012678 0 0
29135012686 386.511 308.507 57.2697 57.0613 164.486 377.816 313.305 395.375 313.729 29135012686 0 0
29135012698 386.437 308.363 57.1668 57.0817 132.165 377.816 313.305 395.279 313.588 29135012698 0 0
29135012706 386.44 308.493 57.3262 57.1599 155.288 377.688 313.475 395.386 313.695 29135012706 0 0
29135012718 386.438 308.653 57.3046 57.2109 159.98 377.688 313.475 395.164 313.793 29135012718 0 0
29135012726 386.369 308.608 57.6418 57.1198 130.328 377.688 313.475 395.176 313.848 29135012726 0 0
29135012738 386.166 308.512 57.4913 57.3016 145.107 377.763 313.207 394.995 313.686 29135012738 0 0
29135012746 386.2 308.435 58.0236 57.2905 105.712 377.473 313.031 394.883 313.455 29135012746 0 0
29135012758 385.966 308.383 57.943 57.3497 163.318 377.429 313.119 394.821 313.396 29135012758 0 0
29135012766 385.848 308.469 57.996 57.6095 117.801 377.254 313.043 394.676 313.481 29135012766 0 0
29135012778 385.958 308.399 58.028 57.6395 135.992 376.98 313.333 394.589 313.56 29135012778 0 0
29135012790 385.829 308.557 57.9741 57.7766 100.581 377.059 313.359 394.575 313.831 29135012790 0 0
29135012798 385.981 308.775 58.0212 57.7449 129.99 377.028 313.589 394.662 313.976 29135012798 0 0
29135012810 385.935 308.681 58.0724 57.8456 146.375 377.516 313.484 394.721 314.095 29135012810 0 0
29135012818 385.963 308.702 58.1192 57.893 62.5504 377.456 313.565 394.894 314.286 29135012818 0 0
29135012830 386.069 308.798 58.1762 57.563 152.341 377.73 313.802 394.906 314.234 29135012830 0 0
29135012838 386.252 308.976 58.3409 57.7564 120.378 377.788 313.879 395.044 314.108 29135012838 0 0
29135012850 386.306 308.951 58.4253 57.878 4.10779 377.754 313.986 394.939 314.293 29135012850 0 0
29135012858 386.249 308.926 58.0901 57.7017 125.91 377.816 314 395.103 314.456 29135012858 0 0
29135012870 386.328 309.038 58.1963 57.7223 150.989 377.959 313.959 395.249 314.323 29135012870 0 0
29135012878 386.422 308.935 58.3468 57.7042 162.999 378 313.858 395.317 314.35 29135012878 0 0
29135012890 386.408 308.936 58.3634 57.9402 9.21043 378.201 313.826 395.37 314.418 29135012890 0 0
29135012898 386.614 309.022 58.6136 57.8872 158.352 378.262 313.858 395.422 314.385 29135012898 0 0
29135012910 386.814 309.242 58.4327 57.9816 154.378 378.216 314.142 395.37 314.418 29135012910 0 0
29135012918 386.767 309.394 58.4425 57.8189 155.225 378.137 314.226 395.464 314.464 29135012918 0 0
29135012930 386.696 309.612 58.4587 57.9803 159.383 377.926 314.364 395.594 314.547 29135012930 0 0
29135012938 386.894 309.701 58.2751 58.0512 160.889 377.936 314.558 395.754 314.579 29135012938 0 0
29135012950 386.942 309.814 58.5527 58.0743 162.392 378.032 314.519 396.138 314.713 29135012950 0 0
29135012958 386.917 309.775 58.6294 57.7271 136.465 378.209 314.469 396.032 314.704 29135012958 0 0
29135012970 386.876 309.848 58.2426 58.1885 161.286 378.167 314.305 395.99 314.667 29135012970 0 0
29135012978 386.889 309.778 58.4923 57.9567 151.438 377.936 314.558 395.826 314.841 29135012978 0 0
29135012990 386.76 309.862 58.6949 57.8814 146.051 377.975 314.481 395.622 314.901 29135012990 0 0
29135012998 386.63 309.782 58.7964 58.1325 137.688 377.882 314.536 395.574 314.926 29135012998 0 0
29135013010 386.47 309.876 58.734 58.2721 148.371 377.925 314.459 395.483 314.744 29135013010 0 0
29135013018 386.483 309.87 58.7921 58.4566 145.405 378.042 314.583 395.357 314.962 29135013018 0 0
29135013030 386.51 309.99 58.8387 58.5478 165.79 378.042 314.583 395.244 314.737 29135013030 0 0
29135013042 386.431 310.019 58.9737 58.5131 135.581 378.042 314.583 395.214 314.969 29135013042 0 0
29135013050 386.381 309.983 59.3585 58.3645 150.017 377.957 314.674 395.237 315.045 29135013050 0 0
29135013062 386.196 310.089 59.5601 58.497 134.236 377.787 314.716 394.924 315.182 29135013062 0 0
29135013070 386.062 310.188 59.2781 58.9925 149.974 377.787 314.716 394.921 315.185 29135013070 0 0
29135013082 385.958 310.301 59.3759 58.7788 146.798 377.66 314.687 394.833 315.172 29135013082 0 0
29135013090 385.9 310.168 59.5333 58.7114 146.45 377.536 314.699 394.725 315.021 29135013090 0 0
29135013102 385.971 309.966 59.8548 58.5677 143.555 377.536 314.699 394.641 314.974 29135013102 0 0
29135013110 386.023 309.944 59.76 59.1851 143.682 377.577 314.423 394.661 314.735 29135013110 0 0
29135013122 385.962 309.76 59.9287 59.3082 144.059 377.56 314.4 394.683 314.65 29135013122 0 0
29135013130 385.805 309.674 60.3285 58.7491 146.917 377.301 314.34 394.61 314.667 29135013130 0 0
29135013142 385.998 309.652 60.3034 59.1358 150.536 377.326 314.454 394.63 314.582 29135013142 0 0
29135013150 385.869 309.575 60.1673 59.2997 155.484 377.348 314.319 394.63 314.582 29135013150 0 0
29135013162 385.917 309.308 60.3028 59.28 144.75 377.433 313.986 394.515 314.308 29135013162 0 0
29135013170 385.957 308.943 60.589 59.8457 142.857 377.016 313.754 394.662 313.976 29135013170 255 0
29135013182 385.844 308.69 60.6633 59.8443 145.266 377.091 313.015 394.608 313.422 29135013182 255 0
29135013190 385.691 308.405 60.6335 59.8584 132.529 377.081 313.187 394.413 313.258 29135013190 255 0
29135013202 385.35 308.383 60.8569 60.023 142.989 376.73 312.887 394.408 313.423 29135013202 255 0
29135013210 384.976 308.339 60.947 60.0154 138.917 376.615 313.104 394.104 313.473 29135013210 255 0
29135013222 384.606 308.529 61.2887 60.062 150.77 376.19 313.034 393.69 313.731 29135013222 255 0
29135013230 384.337 308.554 61.5519 60.3556 141.534 376.031 313.109 393.339 313.603 29135013230 255 0
29135013242 384.432 308.527 61.3051 60.4961 152.309 375.986 312.837 393.295 313.338 29135013242 255 0
29135013250 384.357 308.471 61.535 60.4868 130.599 375.879 312.787 393.338 313.367 29135013250 255 0
29135013262 384.53 308.521 61.7951 60.5594 137.158 376.04 312.807 393.385 313.427 29135013262 255 0
29135013270 384.587 308.661 61.9368 60.7126 128.188 376.081 313.187 393.581 313.724 29135013270 255 0
29135013282 384.715 308.766 62.1273 60.6288 135.34 376.133 313.16 393.581 313.724 29135013282 255 0
29135013294 384.699 308.817 62.2301 60.6393 137.856 376.113 313.42 393.723 313.878 29135013294 255 0
29135013302 384.626 308.751 62.1556 61.0335 143.435 376.147 313.346 393.781 313.915 29135013302 255 0
29135013314 384.801 308.896 62.3479 60.8672 137.537 376.09 313.25 393.614 313.874 29135013314 255 0
29135013322 384.635 308.758 62.5351 61.0963 135.919 376.013 313.32 393.542 313.826 29135013322 255 0
29135013334 384.414 308.935 62.2601 61.1387 138.91 375.688 313.475 393.424 313.934 29135013334 255 0
29135013342 384.231 309.084 62.5335 61.1656 137.914 375.697 313.705 393.159 314.174 29135013342 255 0
29135013354 383.977 309.553 62.6929 61.5269 142.724 375.609 314.232 393 314.439 29135013354 255 0
29135013362 383.998 309.599 62.3717 61.4482 156.03 375.609 314.232 392.744 314.564 29135013362 255 0
29135013374 384.067 309.518 62.7738 61.3848 135.823 375.609 314.232 392.788 314.53 29135013374 255 0
29135013382 384.18 309.338 62.7509 61.2515 138.682 375.689 314.022 393 314.439 29135013382 255 0
29135013394 384.277 309.085 62.5972 61.4072 143.469 375.788 313.879 393.093 314.317 29135013394 255 0
29135013402 384.47 309.072 62.6738 61.4919 132.578 376.014 313.729 393.338 314.074 29135013402 255 0
29135013414 384.579 309.003 62.2102 60.949 139.039 376.058 313.819 393.422 314.385 29135013414 255 0
29135013422 384.51 309.165 61.9056 60.5002 141.383 376.211 313.959 393.492 314.405 29135013422 255 0
29135013434 384.449 309.142 61.3643 59.7732 142.839 376.153 313.993 393.37 314.418 29135013434 255 0
29135013442 384.546 309.343 60.7794 59.2815 144.671 376.224 314.051 393.37 314.418 29135013442 255 0
29135013454 384.534 309.263 59.9119 58.5668 142.273 376.211 313.959 393.516 314.43 29135013454 255 0
29135013462 384.61 309.01 58.5952 57.9897 148.417 376.211 313.959 393.635 314.323 29135013462 255 0
29135013474 384.569 309.207 58.1357 56.9075 148.675 376.216 314.142 393.492 314.405 29135013474 255 0
29135013482 384.356 309.326 57.5849 56.2385 149.571 376.012 314.272 393.464 314.464 29135013482 255 0
29135013494 384.454 309.568 56.4475 55.5899 149.417 376 314.388 393.577 314.661 29135013494 255 0
29135013502 384.532 309.65 55.6653 54.9528 154.461 375.882 314.536 393.561 314.848 29135013502 255 0
29135013514 384.454 309.608 54.9047 54.3661 133.348 375.925 314.459 393.561 314.848 29135013514 255 0
29135013522 384.619 309.483 54.3889 53.6772 151.834 376.167 314.305 393.908 314.5 29135013522 255 0
29135013534 384.734 309.428 53.4497 52.8659 170.802 376.167 314.305 394.134 314.5 29135013534 255 0
29135013546 384.765 309.372 52.6892 52.3491 134.078 376.406 314.315 394.22 314.5 29135013546 255 0
29135013554 384.757 309.736 52.351 51.4638 139.655 376.339 314.411 394.138 314.713 29135013554 255 0
29135013566 384.722 309.742 51.8091 51.0372 163.219 376.556 314.722 394.177 314.894 29135013566 255 0
29135013574 384.712 309.937 51.135 50.3081 164.308 376.333 314.925 394.108 315 29135013574 255 0
29135013586 384.744 309.897 50.5228 49.6668 161.999 376.406 314.667 394.111 315.153 29135013586 255 0
29135013594 384.462 310.029 49.8135 49.3945 133.37 376.289 314.654 394.077 315.251 29135013594 255 0
29135013606 384.604 309.907 49.7257 48.8857 158.448 376.406 314.667 394 315.126 29135013606 255 0
29135013614 384.597 309.785 48.9585 48.254 163.366 376.289 314.654 393.968 315.042 29135013614 255 0
29135013626 384.531 309.878 48.5139 48.0414 160.322 376.454 314.844 393.839 315.103 29135013626 255 0
29135013634 384.359 309.931 48.5382 47.4788 159.633 376.177 314.769 393.481 315.217 29135013634 255 0
29135013646 384.252 310.062 47.9259 46.9485 156.539 376.099 314.695 393.378 315.099 29135013646 255 0
29135013654 384.219 310.045 47.3641 46.8573 174.388 375.901 314.716 393.378 315.099 29135013654 255 0
29135013666 384.181 309.858 47.112 46.5619 164.771 375.901 314.716 393.282 315.072 29135013666 255 0
29135013674 384.156 309.884 46.9017 46.0669 1.53436 376.043 314.674 393.237 315.045 29135013674 255 0
29135013686 384.19 309.954 46.4765 45.8336 171.727 375.958 314.736 393.39 315.179 29135013686 255 0
29135013694 384.095 309.969 46.2384 45.6251 158.323 375.886 314.955 393.338 315.367 29135013694 255 0
29135013706 384.05 310.146 46.1137 45.2604 177.988 376.042 314.903 393.5 315.574 29135013706 255 0
29135013714 384.222 310.233 45.862 44.8359 168.804 376 315 393.69 315.731 29135013714 255 0
29135013726 384.428 310.307 45.4609 45.0503 3.57224 376.296 315.03 393.81 315.529 29135013726 255 0
29135013734 384.495 310.187 45.4127 44.5549 178.822 376.296 315.03 394.066 315.53 29135013734 255 0
29135013746 384.514 310.183 45.3132 44.2595 2.36421 376.27 314.823 394.104 315.473 29135013746 255 0
29135013754 384.619 310.047 45.142 44.3163 164.47 376.383 314.872 394.104 315.473 29135013754 255 0
29135013766 384.547 310.041 45.0064 43.8951 170.833 376.481 315.155 393.975 315.707 29135013766 255 0
29135013774 384.41 310.059 44.993 43.7314 169 376.479 315.273 393.865 315.698 29135013774 255 0
29135013786 384.402 310.036 44.9699 43.8233 165.152 376.348 315.065 393.902 315.544 29135013786 255 0
29135013798 384.468 310.016 44.7868 43.2662 173.698 376.319 314.861 393.958 315.516 29135013798 255 0
29135013806 384.456 309.979 44.7501 43.3284 177.352 376.227 314.807 394.182 315.255 29135013806 255 0
29135013818 384.587 309.966 44.4476 43.5051 5.79182 376.291 314.801 394.104 315.497 29135013818 255 0
29135013826 384.667 310.055 44.5894 43.5516 172.819 376.687 314.98 394.11 315.357 29135013826 255 0
29135013838 384.537 310.324 44.4533 43.1199 171.584 376.48 315.173 394.034 315.76 29135013838 255 0
29135013846 384.569 310.314 44.3691 43.1419 172.957 376.464 315.301 393.905 315.862 29135013846 255 0
29135013858 384.583 310.449 44.2597 43.0464 2.60577 376.464 315.301 393.905 315.862 29135013858 255 0
29135013866 384.753 310.152 44.0407 42.8913 6.84558 376.641 315.163 394.075 315.796 29135013866 255 0
29135013878 384.791 310.272 44.0664 42.9083 17.4966 376.797 314.941 394.142 315.441 29135013878 255 0
29135013886 384.79 310.065 43.9417 42.8753 5.35065 376.73 314.887 394.159 315.411 29135013886 255 0
29135013898 384.561 310.049 43.6799 42.8181 0.750854 376.516 314.692 394.159 315.411 29135013898 255 0
29135013906 384.46 310.06 44.2346 42.8817 1.4039 376.605 314.939 394.11 315.357 29135013906 255 0
29135013918 384.304 310.142 43.9754 42.8548 1.25514 376.546 315.035 394.104 315.473 29135013918 255 0
29135013926 384.325 310.127 44.0249 42.4804 10.2156 376.341 315.163 394.064 315.441 29135013926 255 0
29135013938 384.259 309.984 43.9128 42.7343 11.5327 376.319 314.861 394.104 315.473 29135013938 255 0
29135013946 384.358 309.911 43.7642 42.7969 4.8429 376.421 314.748 393.858 315.235 29135013946 255 0
29135013958 384.28 309.878 43.7683 42.4469 8.55266 376.421 314.748 393.968 315.228 29135013958 255 0
29135013966 384.315 309.951 43.3868 42.5556 23.5474 376.177 314.769 393.896 315.322 29135013966 255 0
29135013978 384.299 309.957 43.8567 42.7351 16.055 376.567 314.936 394.104 315.473 29135013978 255 0
29135013986 384.258 310.178 43.5542 42.7165 8.40045 376.212 315.068 394.036 315.62 29135013986 255 0
29135013998 384.257 310.218 43.4688 42.6736 9.20412 376.341 315.163 393.975 315.707 29135013998 255 0
29135014006 384.463 310.171 43.2901 42.5829 12.4574 376.615 315.104 394.036 315.62 29135014006 255 0
29135014018 385.267 309.936 43.7371 42.4232 9.47083 376.985 315.136 394.408 315.423 29135014018 255 0
29135014026 384.929 309.719 43.5363 42.2869 7.21143 376.738 314.929 394.378 315.099 29135014026 255 0
29135014038 384.911 309.778 43.6435 42.3912 15.9288 376.637 315.03 394.333 315.074 29135014038 255 0
29135014050 384.9 309.903 43.7179 42.4411 17.0222 376.595 315.143 394.367 315.193 29135014050 255 0
29135014058 384.935 309.995 43.683 42.4343 5.78836 376.797 314.941 394.363 315.456 29135014058 255 0
29135014070 384.763 310.121 43.2568 42.7777 6.46323 376.62 315.04 394.142 315.441 29135014070 255 0
29135014078 384.921 310.184 43.6312 42.6699 17.9465 376.641 315.163 394.275 315.627 29135014078 255 0
29135014090 384.784 310.204 43.8464 42.6938 17.0689 376.524 315.129 393.969 315.79 29135014090 255 0
29135014098 384.743 310.224 43.3763 42.6071 0.732758 376.464 315.222 394.075 315.796 29135014098 255 0
29135014110 384.858 310.349 43.6862 42.6705 13.2453 376.579 315.252 394.075 315.796 29135014110 255 0
29135014118 -1 -1 43.6862 42.6705 13.2453 376.579 315.252 394.075 315.796 29135014118 255 0
29135014130 384.756 310.354 43.5991 42.5716 160.906 391.333 283.333 397.778 286.074 29135014130 255 0
29135014138 -1 -1 43.5991 42.5716 160.906 391.333 283.333 397.778 286.074 29135014138 255 0
29135014150 384.803 310.098 43.5388 42.5777 19.3755 376.714 313.845 394.5 314.051 29135014150 255 0
29135014158 384.944 309.987 43.5127 42.5998 4.38422 376.73 314.887 394.408 315.423 29135014158 255 0
29135014170 385.012 309.88 43.4599 42.2638 5.70084 376.833 315.174 394.367 315.193 29135014170 255 0
29135014178 385.049 309.876 43.6395 42.4918 4.87534 377.143 315.143 394.329 315.286 29135014178 255 0
29135014190 385.17 310.037 43.8402 42.4421 22.9036 377.143 315.143 394.367 315.193 29135014190 255 0
29135014198 385.1 309.963 43.7091 42.2977 7.26811 377.182 315.03 394.367 315.193 29135014198 255 0
29135014210 385.404 309.919 43.2727 42.5545 20.3098 377.261 314.92 394.367 315.193 29135014210 255 0
29135014218 385.403 309.856 43.4841 42.6732 0.500916 377.261 314.92 394.435 315.344 29135014218 255 0
29135014230 385.335 309.837 43.5091 42.8258 18.3141 377.326 314.881 394.63 315.053 29135014230 255 0
29135014238 385.327 309.721 43.2667 42.4779 23.3328 377.177 314.769 394.63 315.053 29135014238 255 0
29135014250 385.405 309.704 43.4038 42.44 173.638 377.177 314.769 394.641 314.974 29135014250 255 0
29135014258 385.402 309.744 43.5018 42.4858 4.35199 377.177 314.769 394.622 315.075 29135014258 255 0
29135014270 385.434 309.887 43.4879 42.759 5.28415 377.326 314.881 394.503 315.22 29135014270 255 0
29135014278 385.416 309.939 43.5408 42.5183 15.4966 377.365 315.008 394.672 315.52 29135014278 255 0
29135014290 385.508 309.997 43.2823 42.8774 165.335 377.365 315.008 394.529 315.172 29135014290 255 0
29135014302 385.639 310.038 43.3758 42.677 2.11096 377.319 314.919 394.575 315.193 29135014302 255 0
29135014310 385.72 309.989 43.6101 42.7367 177.678 377.721 314.915 394.896 315.541 29135014310 255 0
29135014322 385.602 310.125 43.4784 42.6539 8.5249 377.778 314.952 394.896 315.541 29135014322 255 0
29135014330 385.853 310.138 43.8672 42.6269 3.3338 377.822 314.992 394.952 315.801 29135014330 255 0
29135014342 385.834 310.128 43.6338 42.6715 0.968506 377.778 314.952 394.913 315.374 29135014342 255 0
29135014350 385.776 310.241 43.5248 42.752 19.0815 377.765 314.955 394.913 315.374 29135014350 255 0
29135014362 385.854 310.047 43.9679 42.5192 24.876 377.822 314.992 395.011 315.623 29135014362 255 0
29135014370 385.923 310.175 43.9994 42.5253 22.4095 377.841 314.746 394.896 315.541 29135014370 255 0
29135014382 385.927 310.018 43.6919 42.6235 179.17 377.841 314.746 395.164 315.576 29135014382 255 0
29135014390 385.826 310.103 43.5686 42.977 2.64975 377.841 314.746 395.044 315.557 29135014390 255 0
29135014402 385.863 310.213 43.6636 42.581 12.6953 377.822 314.992 394.929 315.705 29135014402 255 0
29135014410 -1 -1 43.6636 42.581 12.6953 377.822 314.992 394.929 315.705 29135014410 255 0
29135014422 385.79 309.918 44.092 42.8768 40.5711 374.372 285.628 392.371 281.864 29135014422 255 0
29135014430 -1 -1 44.092 42.8768 40.5711 374.372 285.628 392.371 281.864 29135014430 255 0
29135014442 -1 -1 44.092 42.8768 40.5711 374.372 285.628 392.371 281.864 29135014442 255 0
29135014450 385.718 309.99 43.5512 42.7307 175.348 377.912 314.298 395.214 314.468 29135014450 255 0
29135014462 385.609 309.973 43.6947 42.7558 19.9304 377.841 314.746 394.995 315.274 29135014462 255 0
29135014470 385.877 310.028 43.7308 42.7911 0.392899 377.841 314.746 395.129 315.544 29135014470 255 0
29135014482 385.884 310.069 43.9276 42.7843 18.299 377.833 314.848 395.39 315.662 29135014482 255 0
29135014490 385.922 310.105 43.951 42.8149 13.6231 377.986 314.936 395.39 315.662 29135014490 255 0
29135014502 385.986 310.173 43.6834 42.9176 4.4429 377.986 314.837 395.295 315.338 29135014502 255 0
29135014510 386.05 310.08 43.7607 43.0516 8.32019 378.04 314.807 395.329 315.286 29135014510 255 0
29135014522 386.11 310.003 43.8087 42.6299 17.6486 378.042 314.903 395.39 315.179 29135014522 255 0
29135014530 386.041 310.129 43.8316 42.8728 10.5355 378.12 314.807 395.378 315.274 29135014530 255 0
29135014542 386.349 309.914 44.3581 42.6117 1.91907 378.326 314.881 395.39 315.179 29135014542 255 0
29135014554 386.238 309.671 43.4804 43.1195 8.48358 378.099 314.695 395.378 315.099 29135014554 255 0
29135014562 386.134 309.557 44.0485 42.8256 14.5435 378.042 314.583 395.378 315.099 29135014562 255 0
29135014574 386.02 309.631 44.0205 42.8304 8.79144 377.986 314.626 395.237 315.045 29135014574 255 0
29135014582 386.028 309.807 43.7149 43.1793 13.2868 378.095 314.605 395.378 315.099 29135014582 255 0
29135014594 386.034 309.777 44.1716 43.1804 179.473 378.04 314.807 395.378 315.099 29135014594 255 0
29135014602 386.107 310.07 44.2599 42.9362 179.479 378.04 314.807 395.338 315.367 29135014602 255 0
29135014614 386.123 310.048 44.4867 42.9432 5.91989 378.081 315.187 395.503 315.781 29135014614 255 0
29135014622 386.158 310.138 44.5389 43.0953 7.0714 378 315.097 395.662 315.826 29135014622 255 0
29135014634 386.249 310.079 44.2882 43.0158 167.399 378.116 315 395.589 315.539 29135014634 255 0
29135014642 386.274 310.04 44.6723 43.41 22.7668 378.177 314.769 395.631 315.23 29135014642 255 0
29135014654 386.349 309.963 44.5025 43.3928 171.45 378.326 314.881 395.481 315.217 29135014654 255 0
29135014662 386.211 309.844 44.2773 44.0105 20.2343 378.17 314.68 395.39 315.179 29135014662 255 0
