20134003212 20 20
20134003218 20 20
20134003226 20 20
20134003233 20 20
20134003245 20 20
20134003253 20 20
20134003265 20 20
20134003273 20 20
20134003285 20 20
20134003293 20 20
20134003306 20 20
20134003314 20 20
20134003326 20 20
20134003335 20 20
20134003347 20 20
20134003355 20 20
20134003367 20 20
20134003375 20 20
20134003387 20 20
20134003395 20 20
20134003407 20 20
20134003415 20 20
20134003427 20 20
20134003435 20 20
20134003447 20 20
20134003459 20 20
20134003467 20 20
20134003479 20 20
20134003487 20 20
20134003499 20 20
20134003507 20 20
20134003519 20 20
20134003527 20 20
20134003539 20 20
20134003547 20 20
20134003559 20 20
20134003567 20 20
20134003579 20 20
20134003587 20 20
20134003599 20 20
20134003607 20 20
20134003619 20 20
20134003627 20 20
20134003639 20 20
20134003647 20 20
20134003659 20 20
20134003667 20 20
20134003679 20 20
20134003687 20 20
20134003699 20 20
20134003711 20 20
20134003719 20 20
20134003731 20 20
20134003739 20 20
20134003751 20 20
20134003759 20 20
20134003771 20 20
20134003779 20 20
20134003791 20 20
20134003799 20 20
20134003811 20 20
20134003819 20 20
20134003831 20 20
20134003839 20 20
20134003851 20 20
20134003859 20 20
20134003871 20 20
20134003879 20 20
20134003891 20 20
20134003899 20 20
20134003911 20 20
20134003919 20 20
20134003931 20 20
20134003939 20 20
20134003951 20 20
20134003963 20 20
20134003971 20 20
20134003983 20 20
20134003991 20 20
20134004003 20 20
20134004011 20 20
20134004023 20 20
20134004031 20 20
20134004043 20 20
20134004051 20 20
20134004063 20 20
20134004071 20 20
20134004083 20 20
20134004091 20 20
20134004103 20 20
20134004111 20 20
20134004123 20 20
20134004131 20 20
20134004143 20 20
20134004151 20 20
20134004163 20 20
20134004171 20 20
20134004183 20 20
20134004191 20 20
20134004203 20 20
20134004215 20 20
20134004223 20 20
20134004235 20 20
20134004243 20 20
20134004255 20 20
20134004263 20 20
20134004275 20 20
20134004283 20 20
20134004295 20 20
20134004303 20 20
20134004313 20 20
20134004321 20 20
20134004333 20 20
20134004341 20 20
20134004353 20 20
20134004361 20 20
20134004374 20 20
20134004382 20 20
20134004394 20 20
20134004402 20 20
20134004414 20 20
20134004422 20 20
20134004434 20 20
20134004442 20 20
20134004454 20 20
20134004466 20 20
20134004474 20 20
20134004486 20 20
20134004494 20 20
20134004506 20 20
20134004514 20 20
20134004526 20 20
20134004534 20 20
20134004546 20 20
20134004554 20 20
20134004566 20 20
20134004574 20 20
20134004586 20 20
20134004594 20 20
20134004606 20 20
20134004614 20 20
20134004626 20 20
20134004634 20 20
20134004646 20 20
20134004654 20 20
20134004666 20 20
20134004674 20 20
20134004686 20 20
20134004694 20 20
20134006379 960 20
20134006391 960 20
20134006399 960 20
20134006411 960 20
20134006419 960 20
20134006431 960 20
20134006439 960 20
20134006451 960 20
20134006459 960 20
20134006471 960 20
20134006483 960 20
20134006491 960 20
20134006503 960 20
20134006511 960 20
20134006523 960 20
20134006531 960 20
20134006543 960 20
20134006551 960 20
20134006563 960 20
20134006571 960 20
20134006583 960 20
20134006591 960 20
20134006603 960 20
20134006611 960 20
20134006623 960 20
20134006631 960 20
20134006643 960 20
20134006651 960 20
20134006663 960 20
20134006671 960 20
20134006683 960 20
20134006691 960 20
20134006703 960 20
20134006711 960 20
20134006723 960 20
20134006735 960 20
20134006743 960 20
20134006755 960 20
20134006763 960 20
20134006775 960 20
20134006783 960 20
20134006795 960 20
20134006803 960 20
20134006815 960 20
20134006823 960 20
20134006835 960 20
20134006843 960 20
20134006855 960 20
20134006863 960 20
20134006875 960 20
20134006883 960 20
20134006895 960 20
20134006903 960 20
20134006915 960 20
20134006923 960 20
20134006935 960 20
20134006943 960 20
20134006955 960 20
20134006963 960 20
20134006975 960 20
20134006987 960 20
20134006995 960 20
20134007007 960 20
20134007015 960 20
20134007027 960 20
20134007035 960 20
20134007047 960 20
20134007055 960 20
20134007067 960 20
20134007075 960 20
20134007087 960 20
20134007095 960 20
20134007107 960 20
20134007115 960 20
20134007127 960 20
20134007135 960 20
20134007147 960 20
20134007155 960 20
20134007167 960 20
20134007175 960 20
20134007187 960 20
20134007195 960 20
20134007207 960 20
20134007215 960 20
20134007227 960 20
20134007239 960 20
20134007247 960 20
20134007259 960 20
20134007267 960 20
20134007279 960 20
20134007287 960 20
20134007299 960 20
20134007307 960 20
20134007319 960 20
20134007327 960 20
20134007339 960 20
20134007347 960 20
20134007359 960 20
20134007367 960 20
20134007379 960 20
20134007387 960 20
20134007399 960 20
20134007407 960 20
20134007419 960 20
20134007427 960 20
20134007439 960 20
20134007447 960 20
20134007459 960 20
20134007467 960 20
20134007479 960 20
20134007491 960 20
20134007499 960 20
20134007511 960 20
20134007519 960 20
20134007531 960 20
20134007539 960 20
20134007551 960 20
20134007559 960 20
20134007571 960 20
20134007579 960 20
20134007591 960 20
20134007599 960 20
20134007611 960 20
20134007619 960 20
20134007631 960 20
20134007639 960 20
20134007651 960 20
20134007659 960 20
20134007671 960 20
20134007679 960 20
20134007691 960 20
20134007699 960 20
20134007711 960 20
20134007719 960 20
20134007731 960 20
20134007743 960 20
20134007751 960 20
20134007763 960 20
20134007771 960 20
20134007783 960 20
20134007791 960 20
20134007803 960 20
20134007811 960 20
20134007823 960 20
20134007831 960 20
20134007843 960 20
20134007851 960 20
20134007863 960 20
20134007871 960 20
20134009567 1900 20
20134009575 1900 20
20134009587 1900 20
20134009595 1900 20
20134009607 1900 20
20134009615 1900 20
20134009627 1900 20
20134009635 1900 20
20134009647 1900 20
20134009655 1900 20
20134009667 1900 20
20134009675 1900 20
20134009687 1900 20
20134009695 1900 20
20134009707 1900 20
20134009715 1900 20
20134009727 1900 20
20134009735 1900 20
20134009747 1900 20
20134009759 1900 20
20134009767 1900 20
20134009779 1900 20
20134009787 1900 20
20134009799 1900 20
20134009807 1900 20
20134009819 1900 20
20134009827 1900 20
20134009839 1900 20
20134009847 1900 20
20134009859 1900 20
20134009867 1900 20
20134009879 1900 20
20134009887 1900 20
20134009899 1900 20
20134009907 1900 20
20134009919 1900 20
20134009927 1900 20
20134009939 1900 20
20134009947 1900 20
20134009959 1900 20
20134009967 1900 20
20134009979 1900 20
20134009987 1900 20
20134009999 1900 20
20134010011 1900 20
20134010019 1900 20
20134010031 1900 20
20134010039 1900 20
20134010051 1900 20
20134010059 1900 20
20134010071 1900 20
20134010079 1900 20
20134010091 1900 20
20134010099 1900 20
20134010111 1900 20
20134010119 1900 20
20134010131 1900 20
20134010139 1900 20
20134010151 1900 20
20134010159 1900 20
20134010171 1900 20
20134010179 1900 20
20134010191 1900 20
20134010199 1900 20
20134010211 1900 20
20134010219 1900 20
20134010231 1900 20
20134010239 1900 20
20134010251 1900 20
20134010263 1900 20
20134010271 1900 20
20134010283 1900 20
20134010291 1900 20
20134010303 1900 20
20134010311 1900 20
20134010323 1900 20
20134010331 1900 20
20134010343 1900 20
20134010351 1900 20
20134010363 1900 20
20134010371 1900 20
20134010383 1900 20
20134010391 1900 20
20134010403 1900 20
20134010411 1900 20
20134010423 1900 20
20134010431 1900 20
20134010443 1900 20
20134010451 1900 20
20134010463 1900 20
20134010471 1900 20
20134010483 1900 20
20134010491 1900 20
20134010503 1900 20
20134010515 1900 20
20134010523 1900 20
20134010535 1900 20
20134010543 1900 20
20134010555 1900 20
20134010563 1900 20
20134010575 1900 20
20134010583 1900 20
20134010595 1900 20
20134010603 1900 20
20134010615 1900 20
20134010623 1900 20
20134010635 1900 20
20134010643 1900 20
20134010655 1900 20
20134010663 1900 20
20134010675 1900 20
20134010683 1900 20
20134010695 1900 20
20134010703 1900 20
20134010715 1900 20
20134010723 1900 20
20134010735 1900 20
20134010743 1900 20
20134010755 1900 20
20134010767 1900 20
20134010775 1900 20
20134010787 1900 20
20134010795 1900 20
20134010807 1900 20
20134010815 1900 20
20134010827 1900 20
20134010835 1900 20
20134010847 1900 20
20134010855 1900 20
20134010867 1900 20
20134010875 1900 20
20134010887 1900 20
20134010895 1900 20
20134010907 1900 20
20134010915 1900 20
20134010927 1900 20
20134010935 1900 20
20134010947 1900 20
20134010955 1900 20
20134010967 1900 20
20134010975 1900 20
20134010987 1900 20
20134010995 1900 20
20134011007 1900 20
20134011019 1900 20
20134011027 1900 20
20134011039 1900 20
20134011047 1900 20
20134011059 1900 20
20134012638 1900 540
20134012650 1900 540
20134012658 1900 540
20134012670 1900 540
20134012678 1900 540
20134012690 1900 540
20134012698 1900 540
20134012710 1900 540
20134012718 1900 540
20134012730 1900 540
20134012738 1900 540
20134012750 1900 540
20134012758 1900 540
20134012770 1900 540
20134012782 1900 540
20134012790 1900 540
20134012802 1900 540
20134012810 1900 540
20134012822 1900 540
20134012830 1900 540
20134012842 1900 540
20134012850 1900 540
20134012862 1900 540
20134012870 1900 540
20134012882 1900 540
20134012890 1900 540
20134012902 1900 540
20134012910 1900 540
20134012922 1900 540
20134012930 1900 540
20134012942 1900 540
20134012950 1900 540
20134012962 1900 540
20134012970 1900 540
20134012982 1900 540
20134012990 1900 540
20134013002 1900 540
20134013010 1900 540
20134013022 1900 540
20134013034 1900 540
20134013042 1900 540
20134013054 1900 540
20134013062 1900 540
20134013074 1900 540
20134013082 1900 540
20134013094 1900 540
20134013102 1900 540
20134013114 1900 540
20134013122 1900 540
20134013134 1900 540
20134013142 1900 540
20134013154 1900 540
20134013162 1900 540
20134013174 1900 540
20134013182 1900 540
20134013194 1900 540
20134013202 1900 540
20134013214 1900 540
20134013222 1900 540
20134013234 1900 540
20134013242 1900 540
20134013254 1900 540
20134013262 1900 540
20134013274 1900 540
20134013286 1900 540
20134013294 1900 540
20134013306 1900 540
20134013314 1900 540
20134013326 1900 540
20134013334 1900 540
20134013346 1900 540
20134013354 1900 540
20134013366 1900 540
20134013374 1900 540
20134013386 1900 540
20134013394 1900 540
20134013406 1900 540
20134013414 1900 540
20134013426 1900 540
20134013435 1900 540
20134013446 1900 540
20134013454 1900 540
20134013466 1900 540
20134013474 1900 540
20134013486 1900 540
20134013494 1900 540
20134013506 1900 540
20134013514 1900 540
20134013526 1900 540
20134013538 1900 540
20134013546 1900 540
20134013558 1900 540
20134013566 1900 540
20134013579 1900 540
20134013586 1900 540
20134013598 1900 540
20134013606 1900 540
20134013618 1900 540
20134013626 1900 540
20134013638 1900 540
20134013647 1900 540
20134013658 1900 540
20134013666 1900 540
20134013678 1900 540
20134013686 1900 540
20134013698 1900 540
20134013706 1900 540
20134013718 1900 540
20134013726 1900 540
20134013738 1900 540
20134013746 1900 540
20134013758 1900 540
20134013766 1900 540
20134013778 1900 540
20134013790 1900 540
20134013798 1900 540
20134013810 1900 540
20134013819 1900 540
20134013831 1900 540
20134013838 1900 540
20134013850 1900 540
20134013858 1900 540
20134013870 1900 540
20134013878 1900 540
20134013890 1900 540
20134013898 1900 540
20134013910 1900 540
20134013918 1900 540
20134013930 1900 540
20134013938 1900 540
20134013950 1900 540
20134013958 1900 540
20134013970 1900 540
20134013978 1900 540
20134013990 1900 540
20134013998 1900 540
20134014010 1900 540
20134014018 1900 540
20134014030 1900 540
20134014042 1900 540
20134014050 1900 540
20134014062 1900 540
20134014070 1900 540
20134014082 1900 540
20134014090 1900 540
20134014102 1900 540
20134014110 1900 540
20134014122 1900 540
20134014130 1900 540
20134015675 950 540
20134015682 950 540
20134015693 950 540
20134015701 950 540
20134015713 950 540
20134015721 950 540
20134015733 950 540
20134015741 950 540
20134015754 950 540
20134015762 950 540
20134015774 950 540
20134015782 950 540
20134015794 950 540
20134015806 950 540
20134015814 950 540
20134015826 950 540
20134015834 950 540
20134015846 950 540
20134015854 950 540
20134015866 950 540
20134015874 950 540
20134015886 950 540
20134015894 950 540
20134015906 950 540
20134015914 950 540
20134015926 950 540
20134015934 950 540
20134015946 950 540
20134015954 950 540
20134015966 950 540
20134015974 950 540
20134015986 950 540
20134015994 950 540
20134016006 950 540
20134016014 950 540
20134016026 950 540
20134016034 950 540
20134016046 950 540
20134016058 950 540
20134016066 950 540
20134016078 950 540
20134016086 950 540
20134016098 950 540
20134016106 950 540
20134016118 950 540
20134016126 950 540
20134016138 950 540
20134016146 950 540
20134016158 950 540
20134016166 950 540
20134016178 950 540
20134016186 950 540
20134016198 950 540
20134016206 950 540
20134016218 950 540
20134016226 950 540
20134016238 950 540
20134016246 950 540
20134016258 950 540
20134016266 950 540
20134016278 950 540
20134016286 950 540
20134016299 950 540
20134016310 950 540
20134016318 950 540
20134016330 950 540
20134016338 950 540
20134016350 950 540
20134016358 950 540
20134016370 950 540
20134016378 950 540
20134016390 950 540
20134016398 950 540
20134016410 950 540
20134016419 950 540
20134016430 950 540
20134016438 950 540
20134016450 950 540
20134016458 950 540
20134016470 950 540
20134016478 950 540
20134016490 950 540
20134016498 950 540
20134016510 950 540
20134016518 950 540
20134016530 950 540
20134016538 950 540
20134016550 950 540
20134016562 950 540
20134016570 950 540
20134016582 950 540
20134016590 950 540
20134016602 950 540
20134016610 950 540
20134016622 950 540
20134016630 950 540
20134016642 950 540
20134016650 950 540
20134016662 950 540
20134016670 950 540
20134016682 950 540
20134016690 950 540
20134016702 950 540
20134016710 950 540
20134016722 950 540
20134016730 950 540
20134016742 950 540
20134016750 950 540
20134016762 950 540
20134016770 950 540
20134016782 950 540
20134016790 950 540
20134016802 950 540
20134016814 950 540
20134016822 950 540
20134016834 950 540
20134016842 950 540
20134016854 950 540
20134016862 950 540
20134016874 950 540
20134016882 950 540
20134016894 950 540
20134016902 950 540
20134016914 950 540
20134016922 950 540
20134016934 950 540
20134016942 950 540
20134016954 950 540
20134016962 950 540
20134016974 950 540
20134016982 950 540
20134016994 950 540
20134017002 950 540
20134017014 950 540
20134017022 950 540
20134017034 950 540
20134017042 950 540
20134017054 950 540
20134017066 950 540
20134017074 950 540
20134017086 950 540
20134017094 950 540
20134017106 950 540
20134017114 950 540
20134017126 950 540
20134017134 950 540
20134017147 950 540
20134017154 950 540
20134017166 950 540
20134018858 20 540
20134018871 20 540
20134018878 20 540
20134018890 20 540
20134018898 20 540
20134018910 20 540
20134018918 20 540
20134018930 20 540
20134018938 20 540
20134018950 20 540
20134018958 20 540
20134018970 20 540
20134018978 20 540
20134018990 20 540
20134018998 20 540
20134019010 20 540
20134019018 20 540
20134019030 20 540
20134019038 20 540
20134019050 20 540
20134019058 20 540
20134019070 20 540
20134019082 20 540
20134019090 20 540
20134019102 20 540
20134019110 20 540
20134019122 20 540
20134019130 20 540
20134019142 20 540
20134019150 20 540
20134019162 20 540
20134019170 20 540
20134019182 20 540
20134019190 20 540
20134019202 20 540
20134019210 20 540
20134019222 20 540
20134019230 20 540
20134019242 20 540
20134019250 20 540
20134019262 20 540
20134019270 20 540
20134019282 20 540
20134019290 20 540
20134019302 20 540
20134019310 20 540
20134019322 20 540
20134019334 20 540
20134019342 20 540
20134019354 20 540
20134019362 20 540
20134019374 20 540
20134019382 20 540
20134019394 20 540
20134019402 20 540
20134019414 20 540
20134019422 20 540
20134019434 20 540
20134019442 20 540
20134019454 20 540
20134019462 20 540
20134019474 20 540
20134019482 20 540
20134019494 20 540
20134019502 20 540
20134019514 20 540
20134019522 20 540
20134019534 20 540
20134019542 20 540
20134019554 20 540
20134019563 20 540
20134019574 20 540
20134019586 20 540
20134019594 20 540
20134019606 20 540
20134019614 20 540
20134019626 20 540
20134019634 20 540
20134019646 20 540
20134019654 20 540
20134019666 20 540
20134019674 20 540
20134019686 20 540
20134019694 20 540
20134019706 20 540
20134019714 20 540
20134019726 20 540
20134019734 20 540
20134019746 20 540
20134019754 20 540
20134019766 20 540
20134019774 20 540
20134019786 20 540
20134019794 20 540
20134019806 20 540
20134019814 20 540
20134019826 20 540
20134019838 20 540
20134019846 20 540
20134019858 20 540
20134019866 20 540
20134019878 20 540
20134019886 20 540
20134019898 20 540
20134019906 20 540
20134019918 20 540
20134019926 20 540
20134019938 20 540
20134019946 20 540
20134019958 20 540
20134019966 20 540
20134019978 20 540
20134019986 20 540
20134019998 20 540
20134020006 20 540
20134020018 20 540
20134020026 20 540
20134020038 20 540
20134020046 20 540
20134020058 20 540
20134020066 20 540
20134020078 20 540
20134020090 20 540
20134020098 20 540
20134020110 20 540
20134020118 20 540
20134020130 20 540
20134020138 20 540
20134020150 20 540
20134020158 20 540
20134020170 20 540
20134020178 20 540
20134020190 20 540
20134020198 20 540
20134020210 20 540
20134020218 20 540
20134020230 20 540
20134020238 20 540
20134020250 20 540
20134020258 20 540
20134020270 20 540
20134020278 20 540
20134020290 20 540
20134020298 20 540
20134020310 20 540
20134020318 20 540
20134020330 20 540
20134020342 20 540
20134020350 20 540
20134022003 20 1060
20134022015 20 1060
20134022021 20 1060
20134022033 20 1060
20134022041 20 1060
20134022053 20 1060
20134022061 20 1060
20134022073 20 1060
20134022081 20 1060
20134022094 20 1060
20134022106 20 1060
20134022115 20 1060
20134022127 20 1060
20134022135 20 1060
20134022147 20 1060
20134022155 20 1060
20134022167 20 1060
20134022175 20 1060
20134022187 20 1060
20134022195 20 1060
20134022207 20 1060
20134022215 20 1060
20134022227 20 1060
20134022235 20 1060
20134022247 20 1060
20134022255 20 1060
20134022267 20 1060
20134022275 20 1060
20134022287 20 1060
20134022295 20 1060
20134022307 20 1060
20134022315 20 1060
20134022327 20 1060
20134022335 20 1060
20134022347 20 1060
20134022359 20 1060
20134022367 20 1060
20134022379 20 1060
20134022387 20 1060
20134022399 20 1060
20134022407 20 1060
20134022419 20 1060
20134022427 20 1060
20134022439 20 1060
20134022447 20 1060
20134022459 20 1060
20134022467 20 1060
20134022479 20 1060
20134022487 20 1060
20134022499 20 1060
20134022507 20 1060
20134022519 20 1060
20134022527 20 1060
20134022539 20 1060
20134022547 20 1060
20134022559 20 1060
20134022567 20 1060
20134022579 20 1060
20134022587 20 1060
20134022599 20 1060
20134022611 20 1060
20134022619 20 1060
20134022631 20 1060
20134022639 20 1060
20134022651 20 1060
20134022659 20 1060
20134022671 20 1060
20134022679 20 1060
20134022691 20 1060
20134022699 20 1060
20134022711 20 1060
20134022719 20 1060
20134022731 20 1060
20134022739 20 1060
20134022751 20 1060
20134022759 20 1060
20134022771 20 1060
20134022779 20 1060
20134022791 20 1060
20134022799 20 1060
20134022811 20 1060
20134022819 20 1060
20134022831 20 1060
20134022839 20 1060
20134022851 20 1060
20134022863 20 1060
20134022871 20 1060
20134022883 20 1060
20134022891 20 1060
20134022903 20 1060
20134022911 20 1060
20134022923 20 1060
20134022931 20 1060
20134022943 20 1060
20134022951 20 1060
20134022963 20 1060
20134022971 20 1060
20134022983 20 1060
20134022991 20 1060
20134023003 20 1060
20134023011 20 1060
20134023023 20 1060
20134023031 20 1060
20134023043 20 1060
20134023051 20 1060
20134023063 20 1060
20134023071 20 1060
20134023083 20 1060
20134023091 20 1060
20134023103 20 1060
20134023115 20 1060
20134023123 20 1060
20134023135 20 1060
20134023143 20 1060
20134023155 20 1060
20134023163 20 1060
20134023175 20 1060
20134023183 20 1060
20134023195 20 1060
20134023203 20 1060
20134023215 20 1060
20134023223 20 1060
20134023235 20 1060
20134023243 20 1060
20134023255 20 1060
20134023263 20 1060
20134023275 20 1060
20134023283 20 1060
20134023295 20 1060
20134023303 20 1060
20134023315 20 1060
20134023323 20 1060
20134023335 20 1060
20134023343 20 1060
20134023355 20 1060
20134023367 20 1060
20134023375 20 1060
20134023387 20 1060
20134023395 20 1060
20134023407 20 1060
20134023415 20 1060
20134023427 20 1060
20134023435 20 1060
20134023447 20 1060
20134023455 20 1060
20134023467 20 1060
20134023475 20 1060
20134023487 20 1060
20134023495 20 1060
20134025635 950 1060
20134025643 950 1060
20134025655 950 1060
20134025663 950 1060
20134025673 950 1060
20134025681 950 1060
20134025693 950 1060
20134025701 950 1060
20134025713 950 1060
20134025721 950 1060
20134025734 950 1060
20134025742 950 1060
20134025754 950 1060
20134025762 950 1060
20134025774 950 1060
20134025782 950 1060
20134025794 950 1060
20134025802 950 1060
20134025814 950 1060
20134025822 950 1060
20134025834 950 1060
20134025842 950 1060
20134025854 950 1060
20134025862 950 1060
20134025874 950 1060
20134025886 950 1060
20134025894 950 1060
20134025906 950 1060
20134025914 950 1060
20134025926 950 1060
20134025934 950 1060
20134025946 950 1060
20134025954 950 1060
20134025966 950 1060
20134025974 950 1060
20134025986 950 1060
20134025994 950 1060
20134026006 950 1060
20134026014 950 1060
20134026026 950 1060
20134026034 950 1060
20134026046 950 1060
20134026054 950 1060
20134026066 950 1060
20134026074 950 1060
20134026086 950 1060
20134026094 950 1060
20134026106 950 1060
20134026114 950 1060
20134026126 950 1060
20134026138 950 1060
20134026146 950 1060
20134026158 950 1060
20134026166 950 1060
20134026178 950 1060
20134026186 950 1060
20134026198 950 1060
20134026206 950 1060
20134026218 950 1060
20134026226 950 1060
20134026238 950 1060
20134026246 950 1060
20134026258 950 1060
20134026266 950 1060
20134026278 950 1060
20134026286 950 1060
20134026298 950 1060
20134026306 950 1060
20134026318 950 1060
20134026326 950 1060
20134026338 950 1060
20134026346 950 1060
20134026358 950 1060
20134026366 950 1060
20134026378 950 1060
20134026390 950 1060
20134026398 950 1060
20134026410 950 1060
20134026418 950 1060
20134026430 950 1060
20134026438 950 1060
20134026450 950 1060
20134026458 950 1060
20134026470 950 1060
20134026478 950 1060
20134026490 950 1060
20134026498 950 1060
20134026510 950 1060
20134026518 950 1060
20134026530 950 1060
20134026538 950 1060
20134026550 950 1060
20134026558 950 1060
20134026570 950 1060
20134026578 950 1060
20134026590 950 1060
20134026598 950 1060
20134026610 950 1060
20134026618 950 1060
20134026630 950 1060
20134026642 950 1060
20134026650 950 1060
20134026662 950 1060
20134026670 950 1060
20134026682 950 1060
20134026690 950 1060
20134026702 950 1060
20134026710 950 1060
20134026722 950 1060
20134026730 950 1060
20134026742 950 1060
20134026750 950 1060
20134026762 950 1060
20134026770 950 1060
20134026782 950 1060
20134026790 950 1060
20134026802 950 1060
20134026810 950 1060
20134026822 950 1060
20134026830 950 1060
20134026842 950 1060
20134026850 950 1060
20134026862 950 1060
20134026870 950 1060
20134026882 950 1060
20134026894 950 1060
20134026902 950 1060
20134026914 950 1060
20134026922 950 1060
20134026934 950 1060
20134026942 950 1060
20134026954 950 1060
20134026962 950 1060
20134026974 950 1060
20134026982 950 1060
20134026994 950 1060
20134027002 950 1060
20134027014 950 1060
20134027022 950 1060
20134027034 950 1060
20134027042 950 1060
20134027054 950 1060
20134027062 950 1060
20134027074 950 1060
20134027082 950 1060
20134027094 950 1060
20134027102 950 1060
20134027114 950 1060
20134027122 950 1060
20134028838 1900 1060
20134028846 1900 1060
20134028858 1900 1060
20134028866 1900 1060
20134028878 1900 1060
20134028886 1900 1060
20134028898 1900 1060
20134028910 1900 1060
20134028918 1900 1060
20134028930 1900 1060
20134028938 1900 1060
20134028950 1900 1060
20134028958 1900 1060
20134028970 1900 1060
20134028978 1900 1060
20134028990 1900 1060
20134028998 1900 1060
20134029010 1900 1060
20134029018 1900 1060
20134029030 1900 1060
20134029038 1900 1060
20134029050 1900 1060
20134029058 1900 1060
20134029070 1900 1060
20134029078 1900 1060
20134029090 1900 1060
20134029098 1900 1060
20134029110 1900 1060
20134029118 1900 1060
20134029130 1900 1060
20134029138 1900 1060
20134029150 1900 1060
20134029162 1900 1060
20134029170 1900 1060
20134029182 1900 1060
20134029190 1900 1060
20134029202 1900 1060
20134029210 1900 1060
20134029222 1900 1060
20134029230 1900 1060
20134029242 1900 1060
20134029250 1900 1060
20134029262 1900 1060
20134029270 1900 1060
20134029282 1900 1060
20134029290 1900 1060
20134029302 1900 1060
20134029310 1900 1060
20134029322 1900 1060
20134029330 1900 1060
20134029342 1900 1060
20134029350 1900 1060
20134029362 1900 1060
20134029370 1900 1060
20134029382 1900 1060
20134029390 1900 1060
20134029402 1900 1060
20134029414 1900 1060
20134029422 1900 1060
20134029434 1900 1060
20134029442 1900 1060
20134029454 1900 1060
20134029462 1900 1060
20134029474 1900 1060
20134029482 1900 1060
20134029494 1900 1060
20134029502 1900 1060
20134029514 1900 1060
20134029522 1900 1060
20134029534 1900 1060
20134029542 1900 1060
20134029554 1900 1060
20134029562 1900 1060
20134029574 1900 1060
20134029582 1900 1060
20134029594 1900 1060
20134029602 1900 1060
20134029614 1900 1060
20134029622 1900 1060
20134029634 1900 1060
20134029642 1900 1060
20134029654 1900 1060
20134029666 1900 1060
20134029674 1900 1060
20134029686 1900 1060
20134029694 1900 1060
20134029706 1900 1060
20134029714 1900 1060
20134029726 1900 1060
20134029734 1900 1060
20134029746 1900 1060
20134029754 1900 1060
20134029766 1900 1060
20134029774 1900 1060
20134029786 1900 1060
20134029794 1900 1060
20134029806 1900 1060
20134029814 1900 1060
20134029826 1900 1060
20134029834 1900 1060
20134029846 1900 1060
20134029854 1900 1060
20134029866 1900 1060
20134029874 1900 1060
20134029886 1900 1060
20134029894 1900 1060
20134029906 1900 1060
20134029918 1900 1060
20134029926 1900 1060
20134029938 1900 1060
20134029946 1900 1060
20134029958 1900 1060
20134029966 1900 1060
20134029978 1900 1060
20134029986 1900 1060
20134029998 1900 1060
20134030006 1900 1060
20134030018 1900 1060
20134030026 1900 1060
20134030038 1900 1060
20134030046 1900 1060
20134030058 1900 1060
20134030066 1900 1060
20134030078 1900 1060
20134030086 1900 1060
20134030098 1900 1060
20134030106 1900 1060
20134030118 1900 1060
20134030126 1900 1060
20134030138 1900 1060
20134030147 1900 1060
20134030158 1900 1060
20134030170 1900 1060
20134030178 1900 1060
20134030190 1900 1060
20134030198 1900 1060
20134030210 1900 1060
20134030218 1900 1060
20134030230 1900 1060
20134030238 1900 1060
20134030250 1900 1060
20134030258 1900 1060
20134030270 1900 1060
20134030278 1900 1060
20134030290 1900 1060
20134030298 1900 1060
20134030310 1900 1060
20134030318 1900 1060
20134030330 1900 1060
