29133506218 20 20
29133506230 20 20
29133506238 20 20
29133506250 20 20
29133506258 20 20
29133506270 20 20
29133506278 20 20
29133506290 20 20
29133506299 20 20
29133506311 20 20
29133506319 20 20
29133506331 20 20
29133506339 20 20
29133506351 20 20
29133506359 20 20
29133506371 20 20
29133506379 20 20
29133506391 20 20
29133506399 20 20
29133506411 20 20
29133506423 20 20
29133506431 20 20
29133506443 20 20
29133506451 20 20
29133506463 20 20
29133506471 20 20
29133506483 20 20
29133506491 20 20
29133506503 20 20
29133506511 20 20
29133506523 20 20
29133506531 20 20
29133506543 20 20
29133506551 20 20
29133506563 20 20
29133506571 20 20
29133506583 20 20
29133506591 20 20
29133506603 20 20
29133506611 20 20
29133506623 20 20
29133506631 20 20
29133506643 20 20
29133506651 20 20
29133506663 20 20
29133506675 20 20
29133506683 20 20
29133506695 20 20
29133506703 20 20
29133506715 20 20
29133506723 20 20
29133506735 20 20
29133506743 20 20
29133506755 20 20
29133506763 20 20
29133506775 20 20
29133506783 20 20
29133506795 20 20
29133506803 20 20
29133506815 20 20
29133506823 20 20
29133506835 20 20
29133506843 20 20
29133506855 20 20
29133506863 20 20
29133506875 20 20
29133506883 20 20
29133506895 20 20
29133506903 20 20
29133506915 20 20
29133506927 20 20
29133506935 20 20
29133506947 20 20
29133506955 20 20
29133506967 20 20
29133506975 20 20
29133506987 20 20
29133506995 20 20
29133507007 20 20
29133507015 20 20
29133507027 20 20
29133507035 20 20
29133507047 20 20
29133507055 20 20
29133507067 20 20
29133507075 20 20
29133507087 20 20
29133507095 20 20
29133507107 20 20
29133507115 20 20
29133507127 20 20
29133507135 20 20
29133507147 20 20
29133507155 20 20
29133507167 20 20
29133507179 20 20
29133507187 20 20
29133507199 20 20
29133507207 20 20
29133507219 20 20
29133507227 20 20
29133507239 20 20
29133507247 20 20
29133507259 20 20
29133507267 20 20
29133507279 20 20
29133507287 20 20
29133507299 20 20
29133507307 20 20
29133507319 20 20
29133507327 20 20
29133507339 20 20
29133507347 20 20
29133507359 20 20
29133507367 20 20
29133507379 20 20
29133507387 20 20
29133507399 20 20
29133507407 20 20
29133507419 20 20
29133507431 20 20
29133507439 20 20
29133507451 20 20
29133507459 20 20
29133507471 20 20
29133507479 20 20
29133507491 20 20
29133507499 20 20
29133507511 20 20
29133507519 20 20
29133507531 20 20
29133507539 20 20
29133507551 20 20
29133507559 20 20
29133507571 20 20
29133507579 20 20
29133507591 20 20
29133507599 20 20
29133507611 20 20
29133507619 20 20
29133507631 20 20
29133507639 20 20
29133507651 20 20
29133507659 20 20
29133507671 20 20
29133507683 20 20
29133507691 20 20
29133507703 20 20
29133507711 20 20
29133509971 960 20
29133509980 960 20
29133509991 960 20
29133509999 960 20
29133510011 960 20
29133510019 960 20
29133510031 960 20
29133510039 960 20
29133510051 960 20
29133510059 960 20
29133510071 960 20
29133510079 960 20
29133510091 960 20
29133510099 960 20
29133510111 960 20
29133510119 960 20
29133510131 960 20
29133510139 960 20
29133510151 960 20
29133510159 960 20
29133510171 960 20
29133510179 960 20
29133510191 960 20
29133510203 960 20
29133510211 960 20
29133510223 960 20
29133510231 960 20
29133510243 960 20
29133510251 960 20
29133510263 960 20
29133510271 960 20
29133510283 960 20
29133510291 960 20
29133510303 960 20
29133510311 960 20
29133510323 960 20
29133510331 960 20
29133510343 960 20
29133510351 960 20
29133510363 960 20
29133510371 960 20
29133510383 960 20
29133510391 960 20
29133510403 960 20
29133510411 960 20
29133510423 960 20
29133510431 960 20
29133510443 960 20
29133510455 960 20
29133510463 960 20
29133510475 960 20
29133510483 960 20
29133510495 960 20
29133510503 960 20
29133510515 960 20
29133510523 960 20
29133510535 960 20
29133510543 960 20
29133510555 960 20
29133510563 960 20
29133510575 960 20
29133510583 960 20
29133510595 960 20
29133510603 960 20
29133510615 960 20
29133510623 960 20
29133510635 960 20
29133510643 960 20
29133510655 960 20
29133510663 960 20
29133510675 960 20
29133510683 960 20
29133510695 960 20
29133510707 960 20
29133510715 960 20
29133510727 960 20
29133510735 960 20
29133510747 960 20
29133510755 960 20
29133510767 960 20
29133510775 960 20
29133510787 960 20
29133510795 960 20
29133510807 960 20
29133510815 960 20
29133510827 960 20
29133510835 960 20
29133510847 960 20
29133510855 960 20
29133510867 960 20
29133510875 960 20
29133510887 960 20
29133510895 960 20
29133510907 960 20
29133510915 960 20
29133510927 960 20
29133510935 960 20
29133510947 960 20
29133510959 960 20
29133510967 960 20
29133510979 960 20
29133510987 960 20
29133510999 960 20
29133511007 960 20
29133511019 960 20
29133511027 960 20
29133511039 960 20
29133511047 960 20
29133511059 960 20
29133511067 960 20
29133511079 960 20
29133511087 960 20
29133511099 960 20
29133511107 960 20
29133511119 960 20
29133511127 960 20
29133511139 960 20
29133511147 960 20
29133511159 960 20
29133511167 960 20
29133511179 960 20
29133511187 960 20
29133511199 960 20
29133511211 960 20
29133511219 960 20
29133511231 960 20
29133511239 960 20
29133511251 960 20
29133511259 960 20
29133511271 960 20
29133511279 960 20
29133511291 960 20
29133511299 960 20
29133511311 960 20
29133511319 960 20
29133511331 960 20
29133511339 960 20
29133511351 960 20
29133511359 960 20
29133511371 960 20
29133511379 960 20
29133511391 960 20
29133511399 960 20
29133511411 960 20
29133511419 960 20
29133511431 960 20
29133511439 960 20
29133511451 960 20
29133511463 960 20
29133513919 1900 20
29133513931 1900 20
29133513939 1900 20
29133513951 1900 20
29133513959 1900 20
29133513971 1900 20
29133513983 1900 20
29133513991 1900 20
29133514003 1900 20
29133514011 1900 20
29133514023 1900 20
29133514031 1900 20
29133514043 1900 20
29133514051 1900 20
29133514063 1900 20
29133514071 1900 20
29133514083 1900 20
29133514091 1900 20
29133514103 1900 20
29133514111 1900 20
29133514123 1900 20
29133514131 1900 20
29133514143 1900 20
29133514151 1900 20
29133514163 1900 20
29133514171 1900 20
29133514183 1900 20
29133514191 1900 20
29133514203 1900 20
29133514211 1900 20
29133514223 1900 20
29133514235 1900 20
29133514243 1900 20
29133514255 1900 20
29133514263 1900 20
29133514275 1900 20
29133514283 1900 20
29133514295 1900 20
29133514303 1900 20
29133514315 1900 20
29133514323 1900 20
29133514335 1900 20
29133514343 1900 20
29133514355 1900 20
29133514363 1900 20
29133514375 1900 20
29133514383 1900 20
29133514395 1900 20
29133514403 1900 20
29133514415 1900 20
29133514423 1900 20
29133514435 1900 20
29133514443 1900 20
29133514455 1900 20
29133514463 1900 20
29133514475 1900 20
29133514487 1900 20
29133514495 1900 20
29133514507 1900 20
29133514515 1900 20
29133514527 1900 20
29133514535 1900 20
29133514547 1900 20
29133514555 1900 20
29133514567 1900 20
29133514575 1900 20
29133514587 1900 20
29133514595 1900 20
29133514607 1900 20
29133514615 1900 20
29133514627 1900 20
29133514635 1900 20
29133514647 1900 20
29133514655 1900 20
29133514667 1900 20
29133514675 1900 20
29133514687 1900 20
29133514695 1900 20
29133514707 1900 20
29133514715 1900 20
29133514727 1900 20
29133514739 1900 20
29133514747 1900 20
29133514759 1900 20
29133514767 1900 20
29133514779 1900 20
29133514787 1900 20
29133514799 1900 20
29133514807 1900 20
29133514819 1900 20
29133514827 1900 20
29133514839 1900 20
29133514847 1900 20
29133514859 1900 20
29133514867 1900 20
29133514879 1900 20
29133514887 1900 20
29133514899 1900 20
29133514907 1900 20
29133514919 1900 20
29133514927 1900 20
29133514939 1900 20
29133514947 1900 20
29133514959 1900 20
29133514967 1900 20
29133514979 1900 20
29133514991 1900 20
29133514999 1900 20
29133515011 1900 20
29133515019 1900 20
29133515031 1900 20
29133515039 1900 20
29133515051 1900 20
29133515059 1900 20
29133515071 1900 20
29133515079 1900 20
29133515091 1900 20
29133515099 1900 20
29133515111 1900 20
29133515119 1900 20
29133515131 1900 20
29133515139 1900 20
29133515151 1900 20
29133515159 1900 20
29133515171 1900 20
29133515179 1900 20
29133515191 1900 20
29133515199 1900 20
29133515211 1900 20
29133515219 1900 20
29133515231 1900 20
29133515243 1900 20
29133515251 1900 20
29133515263 1900 20
29133515271 1900 20
29133515283 1900 20
29133515291 1900 20
29133515303 1900 20
29133515311 1900 20
29133515323 1900 20
29133515331 1900 20
29133515343 1900 20
29133515351 1900 20
29133515363 1900 20
29133515371 1900 20
29133515383 1900 20
29133515391 1900 20
29133515403 1900 20
29133515411 1900 20
29133517659 1900 540
29133517671 1900 540
29133517679 1900 540
29133517691 1900 540
29133517699 1900 540
29133517711 1900 540
29133517719 1900 540
29133517731 1900 540
29133517739 1900 540
29133517751 1900 540
29133517763 1900 540
29133517771 1900 540
29133517783 1900 540
29133517791 1900 540
29133517803 1900 540
29133517811 1900 540
29133517823 1900 540
29133517831 1900 540
29133517843 1900 540
29133517851 1900 540
29133517863 1900 540
29133517871 1900 540
29133517883 1900 540
29133517891 1900 540
29133517903 1900 540
29133517911 1900 540
29133517923 1900 540
29133517931 1900 540
29133517943 1900 540
29133517951 1900 540
29133517963 1900 540
29133517971 1900 540
29133517983 1900 540
29133517991 1900 540
29133518003 1900 540
29133518015 1900 540
29133518023 1900 540
29133518035 1900 540
29133518043 1900 540
29133518055 1900 540
29133518063 1900 540
29133518075 1900 540
29133518083 1900 540
29133518095 1900 540
29133518103 1900 540
29133518115 1900 540
29133518123 1900 540
29133518135 1900 540
29133518143 1900 540
29133518155 1900 540
29133518163 1900 540
29133518175 1900 540
29133518183 1900 540
29133518195 1900 540
29133518203 1900 540
29133518215 1900 540
29133518223 1900 540
29133518235 1900 540
29133518243 1900 540
29133518255 1900 540
29133518267 1900 540
29133518275 1900 540
29133518287 1900 540
29133518295 1900 540
29133518307 1900 540
29133518315 1900 540
29133518327 1900 540
29133518335 1900 540
29133518347 1900 540
29133518355 1900 540
29133518367 1900 540
29133518375 1900 540
29133518387 1900 540
29133518395 1900 540
29133518407 1900 540
29133518415 1900 540
29133518427 1900 540
29133518435 1900 540
29133518447 1900 540
29133518455 1900 540
29133518467 1900 540
29133518475 1900 540
29133518487 1900 540
29133518495 1900 540
29133518507 1900 540
29133518519 1900 540
29133518527 1900 540
29133518539 1900 540
29133518547 1900 540
29133518559 1900 540
29133518567 1900 540
29133518579 1900 540
29133518587 1900 540
29133518599 1900 540
29133518607 1900 540
29133518619 1900 540
29133518627 1900 540
29133518639 1900 540
29133518647 1900 540
29133518659 1900 540
29133518667 1900 540
29133518679 1900 540
29133518687 1900 540
29133518699 1900 540
29133518707 1900 540
29133518719 1900 540
29133518727 1900 540
29133518739 1900 540
29133518747 1900 540
29133518759 1900 540
29133518771 1900 540
29133518779 1900 540
29133518791 1900 540
29133518799 1900 540
29133518811 1900 540
29133518819 1900 540
29133518831 1900 540
29133518839 1900 540
29133518851 1900 540
29133518859 1900 540
29133518871 1900 540
29133518879 1900 540
29133518891 1900 540
29133518899 1900 540
29133518911 1900 540
29133518919 1900 540
29133518931 1900 540
29133518939 1900 540
29133518951 1900 540
29133518959 1900 540
29133518971 1900 540
29133518979 1900 540
29133518991 1900 540
29133518999 1900 540
29133519011 1900 540
29133519023 1900 540
29133519031 1900 540
29133519043 1900 540
29133519051 1900 540
29133519063 1900 540
29133519071 1900 540
29133519083 1900 540
29133519091 1900 540
29133519103 1900 540
29133519111 1900 540
29133519123 1900 540
29133519131 1900 540
29133519143 1900 540
29133519151 1900 540
29133521107 950 540
29133521119 950 540
29133521127 950 540
29133521139 950 540
29133521147 950 540
29133521159 950 540
29133521167 950 540
29133521179 950 540
29133521187 950 540
29133521199 950 540
29133521207 950 540
29133521219 950 540
29133521227 950 540
29133521239 950 540
29133521247 950 540
29133521259 950 540
29133521267 950 540
29133521279 950 540
29133521291 950 540
29133521299 950 540
29133521311 950 540
29133521319 950 540
29133521331 950 540
29133521339 950 540
29133521351 950 540
29133521359 950 540
29133521371 950 540
29133521379 950 540
29133521391 950 540
29133521399 950 540
29133521411 950 540
29133521419 950 540
29133521431 950 540
29133521439 950 540
29133521451 950 540
29133521459 950 540
29133521471 950 540
29133521479 950 540
29133521491 950 540
29133521499 950 540
29133521511 950 540
29133521519 950 540
29133521531 950 540
29133521543 950 540
29133521551 950 540
29133521563 950 540
29133521571 950 540
29133521583 950 540
29133521591 950 540
29133521603 950 540
29133521611 950 540
29133521623 950 540
29133521631 950 540
29133521643 950 540
29133521651 950 540
29133521663 950 540
29133521671 950 540
29133521683 950 540
29133521691 950 540
29133521703 950 540
29133521711 950 540
29133521723 950 540
29133521731 950 540
29133521743 950 540
29133521751 950 540
29133521763 950 540
29133521771 950 540
29133521783 950 540
29133521795 950 540
29133521803 950 540
29133521815 950 540
29133521823 950 540
29133521835 950 540
29133521843 950 540
29133521855 950 540
29133521863 950 540
29133521875 950 540
29133521883 950 540
29133521895 950 540
29133521903 950 540
29133521915 950 540
29133521923 950 540
29133521935 950 540
29133521943 950 540
29133521955 950 540
29133521963 950 540
29133521975 950 540
29133521983 950 540
29133521995 950 540
29133522003 950 540
29133522015 950 540
29133522023 950 540
29133522035 950 540
29133522047 950 540
29133522055 950 540
29133522067 950 540
29133522075 950 540
29133522087 950 540
29133522095 950 540
29133522107 950 540
29133522115 950 540
29133522127 950 540
29133522135 950 540
29133522147 950 540
29133522155 950 540
29133522167 950 540
29133522175 950 540
29133522187 950 540
29133522195 950 540
29133522207 950 540
29133522215 950 540
29133522227 950 540
29133522235 950 540
29133522247 950 540
29133522255 950 540
29133522267 950 540
29133522275 950 540
29133522287 950 540
29133522299 950 540
29133522307 950 540
29133522319 950 540
29133522327 950 540
29133522339 950 540
29133522347 950 540
29133522359 950 540
29133522367 950 540
29133522379 950 540
29133522387 950 540
29133522399 950 540
29133522407 950 540
29133522419 950 540
29133522427 950 540
29133522439 950 540
29133522447 950 540
29133522459 950 540
29133522467 950 540
29133522479 950 540
29133522487 950 540
29133522499 950 540
29133522507 950 540
29133522519 950 540
29133522527 950 540
29133522539 950 540
29133522551 950 540
29133522559 950 540
29133522571 950 540
29133522579 950 540
29133522591 950 540
29133522599 950 540
29133525091 20 540
29133525099 20 540
29133525111 20 540
29133525119 20 540
29133525131 20 540
29133525139 20 540
29133525151 20 540
29133525159 20 540
29133525171 20 540
29133525179 20 540
29133525191 20 540
29133525199 20 540
29133525211 20 540
29133525219 20 540
29133525231 20 540
29133525239 20 540
29133525251 20 540
29133525259 20 540
29133525271 20 540
29133525279 20 540
29133525291 20 540
29133525299 20 540
29133525311 20 540
29133525323 20 540
29133525331 20 540
29133525343 20 540
29133525351 20 540
29133525363 20 540
29133525371 20 540
29133525383 20 540
29133525391 20 540
29133525403 20 540
29133525411 20 540
29133525423 20 540
29133525431 20 540
29133525443 20 540
29133525451 20 540
29133525463 20 540
29133525471 20 540
29133525483 20 540
29133525491 20 540
29133525503 20 540
29133525511 20 540
29133525523 20 540
29133525531 20 540
29133525543 20 540
29133525551 20 540
29133525563 20 540
29133525575 20 540
29133525583 20 540
29133525595 20 540
29133525603 20 540
29133525615 20 540
29133525623 20 540
29133525635 20 540
29133525643 20 540
29133525655 20 540
29133525663 20 540
29133525675 20 540
29133525683 20 540
29133525695 20 540
29133525703 20 540
29133525715 20 540
29133525723 20 540
29133525735 20 540
29133525743 20 540
29133525755 20 540
29133525763 20 540
29133525775 20 540
29133525783 20 540
29133525795 20 540
29133525803 20 540
29133525815 20 540
29133525827 20 540
29133525835 20 540
29133525847 20 540
29133525855 20 540
29133525867 20 540
29133525875 20 540
29133525887 20 540
29133525895 20 540
29133525907 20 540
29133525915 20 540
29133525927 20 540
29133525935 20 540
29133525947 20 540
29133525955 20 540
29133525967 20 540
29133525975 20 540
29133525987 20 540
29133525995 20 540
29133526007 20 540
29133526015 20 540
29133526027 20 540
29133526035 20 540
29133526047 20 540
29133526055 20 540
29133526067 20 540
29133526079 20 540
29133526087 20 540
29133526099 20 540
29133526107 20 540
29133526119 20 540
29133526127 20 540
29133526139 20 540
29133526147 20 540
29133526159 20 540
29133526167 20 540
29133526179 20 540
29133526187 20 540
29133526199 20 540
29133526207 20 540
29133526219 20 540
29133526227 20 540
29133526239 20 540
29133526247 20 540
29133526259 20 540
29133526267 20 540
29133526279 20 540
29133526287 20 540
29133526299 20 540
29133526307 20 540
29133526319 20 540
29133526331 20 540
29133526339 20 540
29133526351 20 540
29133526359 20 540
29133526371 20 540
29133526379 20 540
29133526391 20 540
29133526399 20 540
29133526411 20 540
29133526419 20 540
29133526431 20 540
29133526439 20 540
29133526451 20 540
29133526459 20 540
29133526471 20 540
29133526479 20 540
29133526491 20 540
29133526499 20 540
29133526511 20 540
29133526519 20 540
29133526531 20 540
29133526539 20 540
29133526551 20 540
29133526559 20 540
29133526571 20 540
29133526583 20 540
29133530907 20 1060
29133530915 20 1060
29133530927 20 1060
29133530935 20 1060
29133530947 20 1060
29133530955 20 1060
29133530967 20 1060
29133530975 20 1060
29133530987 20 1060
29133530995 20 1060
29133531007 20 1060
29133531015 20 1060
29133531027 20 1060
29133531035 20 1060
29133531047 20 1060
29133531055 20 1060
29133531067 20 1060
29133531075 20 1060
29133531087 20 1060
29133531095 20 1060
29133531107 20 1060
29133531119 20 1060
29133531127 20 1060
29133531139 20 1060
29133531147 20 1060
29133531159 20 1060
29133531167 20 1060
29133531179 20 1060
29133531187 20 1060
29133531199 20 1060
29133531207 20 1060
29133531219 20 1060
29133531227 20 1060
29133531239 20 1060
29133531247 20 1060
29133531259 20 1060
29133531267 20 1060
29133531279 20 1060
29133531287 20 1060
29133531299 20 1060
29133531307 20 1060
29133531319 20 1060
29133531327 20 1060
29133531339 20 1060
29133531347 20 1060
29133531359 20 1060
29133531371 20 1060
29133531379 20 1060
29133531391 20 1060
29133531399 20 1060
29133531411 20 1060
29133531419 20 1060
29133531431 20 1060
29133531439 20 1060
29133531451 20 1060
29133531459 20 1060
29133531471 20 1060
29133531479 20 1060
29133531491 20 1060
29133531499 20 1060
29133531511 20 1060
29133531519 20 1060
29133531531 20 1060
29133531539 20 1060
29133531551 20 1060
29133531559 20 1060
29133531571 20 1060
29133531579 20 1060
29133531591 20 1060
29133531599 20 1060
29133531611 20 1060
29133531623 20 1060
29133531631 20 1060
29133531643 20 1060
29133531651 20 1060
29133531663 20 1060
29133531671 20 1060
29133531683 20 1060
29133531691 20 1060
29133531703 20 1060
29133531711 20 1060
29133531723 20 1060
29133531731 20 1060
29133531743 20 1060
29133531751 20 1060
29133531763 20 1060
29133531771 20 1060
29133531783 20 1060
29133531791 20 1060
29133531803 20 1060
29133531811 20 1060
29133531823 20 1060
29133531831 20 1060
29133531843 20 1060
29133531851 20 1060
29133531863 20 1060
29133531875 20 1060
29133531883 20 1060
29133531895 20 1060
29133531903 20 1060
29133531915 20 1060
29133531923 20 1060
29133531935 20 1060
29133531943 20 1060
29133531955 20 1060
29133531963 20 1060
29133531975 20 1060
29133531983 20 1060
29133531995 20 1060
29133532003 20 1060
29133532015 20 1060
29133532023 20 1060
29133532035 20 1060
29133532043 20 1060
29133532055 20 1060
29133532063 20 1060
29133532075 20 1060
29133532083 20 1060
29133532095 20 1060
29133532103 20 1060
29133532115 20 1060
29133532127 20 1060
29133532135 20 1060
29133532147 20 1060
29133532155 20 1060
29133532167 20 1060
29133532175 20 1060
29133532187 20 1060
29133532195 20 1060
29133532207 20 1060
29133532215 20 1060
29133532227 20 1060
29133532235 20 1060
29133532247 20 1060
29133532255 20 1060
29133532267 20 1060
29133532275 20 1060
29133532287 20 1060
29133532295 20 1060
29133532307 20 1060
29133532315 20 1060
29133532327 20 1060
29133532335 20 1060
29133532347 20 1060
29133532355 20 1060
29133532367 20 1060
29133532379 20 1060
29133532387 20 1060
29133532399 20 1060
29133534787 950 1060
29133534795 950 1060
29133534807 950 1060
29133534815 950 1060
29133534827 950 1060
29133534835 950 1060
29133534847 950 1060
29133534855 950 1060
29133534867 950 1060
29133534875 950 1060
29133534887 950 1060
29133534899 950 1060
29133534907 950 1060
29133534919 950 1060
29133534927 950 1060
29133534939 950 1060
29133534947 950 1060
29133534959 950 1060
29133534967 950 1060
29133534979 950 1060
29133534987 950 1060
29133534999 950 1060
29133535007 950 1060
29133535019 950 1060
29133535027 950 1060
29133535039 950 1060
29133535047 950 1060
29133535059 950 1060
29133535067 950 1060
29133535079 950 1060
29133535087 950 1060
29133535099 950 1060
29133535107 950 1060
29133535119 950 1060
29133535127 950 1060
29133535139 950 1060
29133535151 950 1060
29133535159 950 1060
29133535171 950 1060
29133535179 950 1060
29133535191 950 1060
29133535199 950 1060
29133535211 950 1060
29133535219 950 1060
29133535231 950 1060
29133535239 950 1060
29133535251 950 1060
29133535259 950 1060
29133535271 950 1060
29133535279 950 1060
29133535291 950 1060
29133535299 950 1060
29133535311 950 1060
29133535319 950 1060
29133535331 950 1060
29133535339 950 1060
29133535351 950 1060
29133535359 950 1060
29133535371 950 1060
29133535379 950 1060
29133535391 950 1060
29133535403 950 1060
29133535411 950 1060
29133535423 950 1060
29133535431 950 1060
29133535443 950 1060
29133535451 950 1060
29133535463 950 1060
29133535471 950 1060
29133535483 950 1060
29133535491 950 1060
29133535503 950 1060
29133535511 950 1060
29133535523 950 1060
29133535531 950 1060
29133535543 950 1060
29133535551 950 1060
29133535563 950 1060
29133535571 950 1060
29133535583 950 1060
29133535591 950 1060
29133535603 950 1060
29133535611 950 1060
29133535623 950 1060
29133535631 950 1060
29133535643 950 1060
29133535655 950 1060
29133535663 950 1060
29133535675 950 1060
29133535683 950 1060
29133535695 950 1060
29133535703 950 1060
29133535715 950 1060
29133535723 950 1060
29133535735 950 1060
29133535743 950 1060
29133535755 950 1060
29133535763 950 1060
29133535775 950 1060
29133535783 950 1060
29133535795 950 1060
29133535803 950 1060
29133535815 950 1060
29133535823 950 1060
29133535835 950 1060
29133535843 950 1060
29133535855 950 1060
29133535863 950 1060
29133535875 950 1060
29133535883 950 1060
29133535895 950 1060
29133535907 950 1060
29133535915 950 1060
29133535927 950 1060
29133535935 950 1060
29133535947 950 1060
29133535955 950 1060
29133535967 950 1060
29133535975 950 1060
29133535987 950 1060
29133535995 950 1060
29133536007 950 1060
29133536015 950 1060
29133536027 950 1060
29133536035 950 1060
29133536047 950 1060
29133536055 950 1060
29133536067 950 1060
29133536075 950 1060
29133536087 950 1060
29133536095 950 1060
29133536107 950 1060
29133536115 950 1060
29133536127 950 1060
29133536135 950 1060
29133536147 950 1060
29133536159 950 1060
29133536167 950 1060
29133536179 950 1060
29133536187 950 1060
29133536199 950 1060
29133536207 950 1060
29133536219 950 1060
29133536227 950 1060
29133536239 950 1060
29133536247 950 1060
29133536259 950 1060
29133536267 950 1060
29133536279 950 1060
29133538103 1900 1060
29133538111 1900 1060
29133538123 1900 1060
29133538131 1900 1060
29133538143 1900 1060
29133538151 1900 1060
29133538163 1900 1060
29133538175 1900 1060
29133538183 1900 1060
29133538195 1900 1060
29133538203 1900 1060
29133538215 1900 1060
29133538223 1900 1060
29133538235 1900 1060
29133538243 1900 1060
29133538255 1900 1060
29133538263 1900 1060
29133538275 1900 1060
29133538283 1900 1060
29133538295 1900 1060
29133538303 1900 1060
29133538315 1900 1060
29133538323 1900 1060
29133538335 1900 1060
29133538343 1900 1060
29133538355 1900 1060
29133538363 1900 1060
29133538375 1900 1060
29133538383 1900 1060
29133538395 1900 1060
29133538403 1900 1060
29133538415 1900 1060
29133538427 1900 1060
29133538435 1900 1060
29133538447 1900 1060
29133538455 1900 1060
29133538467 1900 1060
29133538475 1900 1060
29133538487 1900 1060
29133538495 1900 1060
29133538507 1900 1060
29133538515 1900 1060
29133538527 1900 1060
29133538535 1900 1060
29133538547 1900 1060
29133538555 1900 1060
29133538567 1900 1060
29133538575 1900 1060
29133538587 1900 1060
29133538595 1900 1060
29133538607 1900 1060
29133538615 1900 1060
29133538627 1900 1060
29133538635 1900 1060
29133538647 1900 1060
29133538655 1900 1060
29133538667 1900 1060
29133538679 1900 1060
29133538687 1900 1060
29133538699 1900 1060
29133538707 1900 1060
29133538719 1900 1060
29133538727 1900 1060
29133538739 1900 1060
29133538747 1900 1060
29133538759 1900 1060
29133538767 1900 1060
29133538779 1900 1060
29133538787 1900 1060
29133538799 1900 1060
29133538807 1900 1060
29133538819 1900 1060
29133538827 1900 1060
29133538839 1900 1060
29133538847 1900 1060
29133538859 1900 1060
29133538867 1900 1060
29133538879 1900 1060
29133538887 1900 1060
29133538899 1900 1060
29133538907 1900 1060
29133538919 1900 1060
29133538931 1900 1060
29133538939 1900 1060
29133538951 1900 1060
29133538959 1900 1060
29133538971 1900 1060
29133538979 1900 1060
29133538991 1900 1060
29133538999 1900 1060
29133539011 1900 1060
29133539019 1900 1060
29133539031 1900 1060
29133539039 1900 1060
29133539051 1900 1060
29133539059 1900 1060
29133539071 1900 1060
29133539079 1900 1060
29133539091 1900 1060
29133539099 1900 1060
29133539111 1900 1060
29133539119 1900 1060
29133539131 1900 1060
29133539139 1900 1060
29133539151 1900 1060
29133539159 1900 1060
29133539171 1900 1060
29133539183 1900 1060
29133539191 1900 1060
29133539203 1900 1060
29133539211 1900 1060
29133539223 1900 1060
29133539231 1900 1060
29133539243 1900 1060
29133539251 1900 1060
29133539263 1900 1060
29133539271 1900 1060
29133539283 1900 1060
29133539291 1900 1060
29133539303 1900 1060
29133539311 1900 1060
29133539323 1900 1060
29133539331 1900 1060
29133539343 1900 1060
29133539351 1900 1060
29133539363 1900 1060
29133539371 1900 1060
29133539383 1900 1060
29133539391 1900 1060
29133539403 1900 1060
29133539411 1900 1060
29133539423 1900 1060
29133539435 1900 1060
29133539443 1900 1060
29133539455 1900 1060
29133539463 1900 1060
29133539475 1900 1060
29133539483 1900 1060
29133539495 1900 1060
29133539503 1900 1060
29133539515 1900 1060
29133539523 1900 1060
29133539535 1900 1060
29133539543 1900 1060
29133539555 1900 1060
29133539563 1900 1060
29133539575 1900 1060
29133539583 1900 1060
29133539595 1900 1060
