16142310455 960 540
16142310464 960 540
16142310466 960 540
16142310469 960 540
16142310481 960 540
16142310489 960 540
16142310501 960 540
16142310513 960 540
16142310521 960 540
16142310533 960 540
16142310541 960 540
16142310554 960 540
16142310562 960 540
16142310575 960 540
16142310583 960 540
16142310595 960 540
16142310603 960 540
16142310615 960 540
16142310623 960 540
16142310635 960 540
16142310643 960 540
16142310655 960 540
16142310663 960 540
16142310675 960 540
16142310683 960 540
16142310695 960 540
16142310703 960 540
16142310715 960 540
16142310723 960 540
16142310735 960 540
16142310743 960 540
16142310755 960 540
16142310767 960 540
16142310775 960 540
16142310787 960 540
16142310795 960 540
16142310807 960 540
16142310815 960 540
16142310827 960 540
16142310835 960 540
16142310847 960 540
16142310855 960 540
16142310867 960 540
16142310875 960 540
16142310887 960 540
16142310895 960 540
16142310907 960 540
16142310915 960 540
16142310927 960 540
16142310935 960 540
16142310947 960 540
16142310955 960 540
16142310967 960 540
16142310975 960 540
16142310987 960 540
16142310995 960 540
16142311007 960 540
16142311019 960 540
16142311027 960 540
16142311039 960 540
16142311047 960 540
16142311059 960 540
16142311067 960 540
16142311079 960 540
16142311088 960 540
16142311099 960 540
16142311107 960 540
16142311119 960 540
16142311127 960 540
16142311139 960 540
16142311147 960 540
16142311159 960 540
16142311167 960 540
16142311179 960 540
16142311187 960 540
16142311199 960 540
16142311207 960 540
16142311219 960 540
16142311227 960 540
16142311239 960 540
16142311247 960 540
16142311259 960 540
16142311271 960 540
16142311279 960 540
16142311291 960 540
16142311299 960 540
16142311311 960 540
16142311319 960 540
16142311331 960 540
16142311339 960 540
16142311351 960 540
16142311359 960 540
16142311371 960 540
16142311379 960 540
16142311391 960 540
16142311399 960 540
16142311411 960 540
16142311419 960 540
16142311431 960 540
16142311439 960 540
16142311451 960 540
16142311459 960 540
16142311471 960 540
16142311479 960 540
16142311491 960 540
16142311499 960 540
16142311511 960 540
16142311523 960 540
16142311531 960 540
16142311543 960 540
16142311551 960 540
16142311563 960 540
16142311571 960 540
16142311583 960 540
16142311591 960 540
16142311603 960 540
16142311611 960 540
16142311623 960 540
16142311631 960 540
16142311643 960 540
16142311651 960 540
16142311663 960 540
16142311671 960 540
16142311683 960 540
16142311691 960 540
16142311703 960 540
16142311711 960 540
16142311723 960 540
16142311731 960 540
16142311743 960 540
16142311751 960 540
16142311763 960 540
16142311775 960 540
16142311783 960 540
16142311795 960 540
16142311803 960 540
16142311815 960 540
16142311823 960 540
16142311835 960 540
16142311843 960 540
16142311855 960 540
16142311863 960 540
16142311875 960 540
16142311883 960 540
16142311895 960 540
16142311903 960 540
16142311915 960 540
16142311923 960 540
16142311935 960 540
16142311943 960 540
16142311955 960 540
16142311963 960 540
16142311975 960 540
16142311983 960 540
16142311995 960 540
16142312003 960 540
16142312015 960 540
16142312027 960 540
16142312035 960 540
16142312047 960 540
16142312055 960 540
16142312067 960 540
16142312075 960 540
16142312087 960 540
16142312095 960 540
16142312107 960 540
16142312115 960 540
16142312127 960 540
16142312135 960 540
16142312147 960 540
16142312155 960 540
16142312167 960 540
16142312175 960 540
16142312187 960 540
16142312195 960 540
16142312207 960 540
16142312215 960 540
16142312227 960 540
16142312235 960 540
16142312247 960 540
16142312255 960 540
16142312267 960 540
16142312279 960 540
16142312287 960 540
16142312299 960 540
16142312307 960 540
16142312319 960 540
16142312327 960 540
16142312339 960 540
16142312347 960 540
16142312359 960 540
16142312367 960 540
16142312379 960 540
16142312387 960 540
16142312399 960 540
16142312407 960 540
16142312419 960 540
16142312427 960 540
16142312439 960 540
16142312447 960 540
16142312459 960 540
16142312467 960 540
16142312479 960 540
16142312487 960 540
16142312499 960 540
16142312507 960 540
16142312519 960 540
16142312531 960 540
16142312539 960 540
16142312551 960 540
16142312559 960 540
16142312571 960 540
16142312579 960 540
16142312591 960 540
16142312599 960 540
16142312611 960 540
16142312619 960 540
16142312631 960 540
16142312639 960 540
16142312651 960 540
16142312659 960 540
16142312671 960 540
16142312679 960 540
16142312691 960 540
16142312699 960 540
16142312711 960 540
16142312719 960 540
16142312731 960 540
16142312739 960 540
16142312751 960 540
16142312759 960 540
16142312771 960 540
16142312783 960 540
16142312791 960 540
16142312803 960 540
16142312811 960 540
16142312823 960 540
16142312831 960 540
16142312843 960 540
16142312851 960 540
16142312863 960 540
16142312871 960 540
16142312883 960 540
16142312891 960 540
16142312903 960 540
16142312911 960 540
16142312923 960 540
16142312931 960 540
16142312943 960 540
16142312951 960 540
16142312963 960 540
16142312971 960 540
16142312983 960 540
16142312991 960 540
16142313003 960 540
16142313011 960 540
16142313023 960 540
16142313035 960 540
16142313043 960 540
16142313055 960 540
16142313063 960 540
16142313075 960 540
16142313083 960 540
16142313095 960 540
16142313103 960 540
16142313115 960 540
16142313123 960 540
16142313135 960 540
16142313143 960 540
16142313155 960 540
16142313163 960 540
16142313175 960 540
16142313183 960 540
16142313195 960 540
16142313203 960 540
16142313215 960 540
16142313223 960 540
16142313235 960 540
16142313243 960 540
16142313255 960 540
16142313263 960 540
16142313275 960 540
16142313287 960 540
16142313295 960 540
16142313307 960 540
16142313315 960 540
16142313327 960 540
16142313335 960 540
16142313347 960 540
16142313355 960 540
16142313367 960 540
16142313375 960 540
16142313387 960 540
16142313395 960 540
16142313407 960 540
16142313415 960 540
16142313427 960 540
16142313435 960 540
16142313447 960 540
16142313455 960 540
16142313467 960 540
16142313475 960 540
16142313487 960 540
16142313495 960 540
16142313507 960 540
16142313515 960 540
16142313527 960 540
16142313539 960 540
16142313547 960 540
16142313559 960 540
16142313567 960 540
16142313579 960 540
16142313587 960 540
16142313599 960 540
16142313607 960 540
16142313619 960 540
16142313627 960 540
16142313639 960 540
16142313647 960 540
16142313659 960 540
16142313667 960 540
16142313679 960 540
16142313687 960 540
16142313699 960 540
16142313707 960 540
16142313719 960 540
16142313727 960 540
16142313739 960 540
16142313747 960 540
16142313759 960 540
16142313767 960 540
16142313779 960 540
16142313791 960 540
16142313799 960 540
16142313811 960 540
16142313819 960 540
16142313831 960 540
16142313839 960 540
16142313851 960 540
16142313859 960 540
16142313871 960 540
16142313879 960 540
16142313891 960 540
16142313899 960 540
16142313911 960 540
16142313919 960 540
16142313931 960 540
16142313939 960 540
16142313951 960 540
16142313959 960 540
16142313971 960 540
16142313979 960 540
16142313991 960 540
16142313999 960 540
16142314011 960 540
16142314019 960 540
16142314031 960 540
16142314043 960 540
16142314051 960 540
16142314063 960 540
16142314071 960 540
16142314083 960 540
16142314091 960 540
16142314103 960 540
16142314111 960 540
16142314123 960 540
16142314131 960 540
16142314143 960 540
16142314151 960 540
16142314163 960 540
16142314171 960 540
16142314183 960 540
16142314191 960 540
16142314203 960 540
16142314211 960 540
16142314223 960 540
16142314231 960 540
16142314243 960 540
16142314251 960 540
16142314263 960 540
16142314271 960 540
16142314283 960 540
16142314295 960 540
16142314303 960 540
16142314315 960 540
16142314323 960 540
16142314335 960 540
16142314343 960 540
16142314355 960 540
16142314363 960 540
16142314375 960 540
16142314383 960 540
16142314395 960 540
16142314403 960 540
16142314415 960 540
16142314423 960 540
16142314435 960 540
16142314443 960 540
16142314455 960 540
16142314463 960 540
16142314475 960 540
16142314483 960 540
16142314495 960 540
16142314503 960 540
16142314515 960 540
16142314523 960 540
16142314535 960 540
16142314547 960 540
16142314555 960 540
16142314567 960 540
16142314575 960 540
16142314587 960 540
16142314595 960 540
16142314607 960 540
16142314615 960 540
16142314627 960 540
16142314635 960 540
16142314647 960 540
16142314655 960 540
16142314667 960 540
16142314675 960 540
16142314687 960 540
16142314695 960 540
16142314707 960 540
16142314715 960 540
16142314727 960 540
16142314735 960 540
16142314747 960 540
16142314755 960 540
16142314767 960 540
16142314775 960 540
16142314787 960 540
16142314799 960 540
16142314807 960 540
16142314819 960 540
16142314827 960 540
16142314839 960 540
16142314847 960 540
16142314859 960 540
16142314867 960 540
16142314879 960 540
16142314887 960 540
16142314899 960 540
16142314907 960 540
16142314919 960 540
16142314927 960 540
16142314939 960 540
16142314947 960 540
16142314959 960 540
16142314967 960 540
16142314979 960 540
16142314987 960 540
16142314999 960 540
16142315007 960 540
16142315019 960 540
16142315027 960 540
16142315039 960 540
16142315051 960 540
16142315059 960 540
16142315071 960 540
16142315079 960 540
16142315091 960 540
16142315099 960 540
16142315111 960 540
16142315119 960 540
16142315131 960 540
16142315139 960 540
16142315151 960 540
16142315159 960 540
16142315171 960 540
16142315179 960 540
16142315191 960 540
16142315199 960 540
16142315211 960 540
16142315219 960 540
16142315231 960 540
16142315239 960 540
16142315251 960 540
16142315259 960 540
16142315271 960 540
16142315279 960 540
16142315291 960 540
16142315303 960 540
16142315311 960 540
16142315323 960 540
16142315331 960 540
16142315343 960 540
16142315351 960 540
16142315363 960 540
16142315371 960 540
16142315383 960 540
16142315391 960 540
16142315403 960 540
16142315411 960 540
16142315423 960 540
16142315431 960 540
16142315443 960 540
16142315451 960 540
16142315463 960 540
16142315471 960 540
16142315483 960 540
16142315491 960 540
16142315503 960 540
16142315511 960 540
16142315523 960 540
16142315531 960 540
16142315543 960 540
16142315555 960 540
16142315563 960 540
16142315575 960 540
16142315583 960 540
16142315595 960 540
16142315603 960 540
16142315615 960 540
16142315623 960 540
16142315635 960 540
16142315643 960 540
16142315655 960 540
16142315663 960 540
16142315675 960 540
16142315683 960 540
16142315695 960 540
16142315703 960 540
16142315715 960 540
16142315723 960 540
16142315735 960 540
16142315743 960 540
16142315755 960 540
16142315763 960 540
16142315775 960 540
16142315783 960 540
16142315795 960 540
16142315807 960 540
16142315815 960 540
16142315827 960 540
16142315835 960 540
16142315847 960 540
16142315855 960 540
16142315867 960 540
16142315875 960 540
16142315887 960 540
16142315895 960 540
16142315907 960 540
16142315915 960 540
16142315927 960 540
16142315935 960 540
16142315947 960 540
16142315955 960 540
16142315967 960 540
16142315975 960 540
16142315987 960 540
16142315995 960 540
16142316007 960 540
16142316015 960 540
16142316027 960 540
16142316035 960 540
16142316047 960 540
16142316059 960 540
16142316067 960 540
16142316079 960 540
16142316087 960 540
16142316099 960 540
16142316107 960 540
16142316119 960 540
16142316127 960 540
16142316139 960 540
16142316147 960 540
16142316159 960 540
16142316167 960 540
16142316179 960 540
16142316187 960 540
16142316199 960 540
16142316207 960 540
16142316219 960 540
16142316227 960 540
16142316239 960 540
16142316247 960 540
16142316259 960 540
16142316267 960 540
16142316279 960 540
16142316287 960 540
16142316299 960 540
16142316311 960 540
16142316319 960 540
16142316331 960 540
16142316339 960 540
16142316351 960 540
16142316359 960 540
16142316371 960 540
16142316379 960 540
16142316391 960 540
16142316399 960 540
16142316411 960 540
16142316419 960 540
16142316431 960 540
16142316439 960 540
16142316451 960 540
16142316459 960 540
16142316471 960 540
16142316479 960 540
16142316491 960 540
16142316499 960 540
16142316511 960 540
16142316519 960 540
16142316531 960 540
16142316539 960 540
16142316551 960 540
16142316563 960 540
16142316571 960 540
16142316583 960 540
16142316591 960 540
16142316603 960 540
16142316611 960 540
16142316623 960 540
16142316631 960 540
16142316643 960 540
16142316651 960 540
16142316663 960 540
16142316671 960 540
16142316683 960 540
16142316691 960 540
16142316703 960 540
16142316711 960 540
16142316723 960 540
16142316731 960 540
16142316743 960 540
16142316751 960 540
16142316763 960 540
16142316771 960 540
16142316783 960 540
16142316791 960 540
16142316803 960 540
16142316815 960 540
16142316823 960 540
16142316835 960 540
16142316843 960 540
16142316855 960 540
16142316863 960 540
16142316875 960 540
16142316883 960 540
16142316895 960 540
16142316903 960 540
16142316915 960 540
16142316923 960 540
16142316935 960 540
16142316943 960 540
16142316955 960 540
16142316963 960 540
16142316975 960 540
16142316983 960 540
16142316995 960 540
16142317003 960 540
16142317015 960 540
16142317023 960 540
16142317035 960 540
16142317043 960 540
16142317055 960 540
16142317067 960 540
16142317075 960 540
16142317087 960 540
16142317095 960 540
16142317107 960 540
16142317115 960 540
16142317127 960 540
16142317135 960 540
16142317147 960 540
16142317155 960 540
16142317167 960 540
16142317175 960 540
16142317187 960 540
16142317195 960 540
16142317207 960 540
16142317215 960 540
16142317227 960 540
16142317235 960 540
16142317247 960 540
16142317255 960 540
16142317267 960 540
16142317275 960 540
16142317287 960 540
16142317295 960 540
16142317307 960 540
16142317319 960 540
16142317327 960 540
16142317339 960 540
16142317347 960 540
16142317359 960 540
16142317367 960 540
16142317379 960 540
16142317387 960 540
16142317399 960 540
16142317407 960 540
16142317419 960 540
16142317427 960 540
16142317439 960 540
16142317447 960 540
16142317459 960 540
16142317467 960 540
16142317479 960 540
16142317487 960 540
16142317499 960 540
16142317507 960 540
16142317519 960 540
16142317527 960 540
16142317539 960 540
16142317547 960 540
16142317559 960 540
16142317571 960 540
16142317579 960 540
16142317591 960 540
16142317599 960 540
16142317611 960 540
16142317619 960 540
16142317631 960 540
16142317639 960 540
16142317651 960 540
16142317659 960 540
16142317671 960 540
16142317679 960 540
16142317691 960 540
16142317699 960 540
16142317711 960 540
16142317719 960 540
16142317731 960 540
16142317739 960 540
16142317751 960 540
16142317759 960 540
16142317771 960 540
16142317779 960 540
16142317791 960 540
16142317799 960 540
16142317811 960 540
16142317823 960 540
16142317831 960 540
16142317843 960 540
16142317851 960 540
16142317863 960 540
16142317871 960 540
16142317883 960 540
16142317891 960 540
16142317903 960 540
16142317911 960 540
16142317923 960 540
16142317931 960 540
16142317943 960 540
16142317951 960 540
16142317963 960 540
16142317971 960 540
16142317983 960 540
16142317991 960 540
16142318003 960 540
16142318011 960 540
16142318023 960 540
16142318031 960 540
16142318043 960 540
16142318051 960 540
16142318063 960 540
16142318075 960 540
16142318083 960 540
16142318095 960 540
16142318103 960 540
16142318115 960 540
16142318123 960 540
16142318135 960 540
16142318143 960 540
16142318155 960 540
16142318163 960 540
16142318175 960 540
16142318183 960 540
16142318195 960 540
16142318203 960 540
16142318215 960 540
16142318223 960 540
16142318235 960 540
16142318243 960 540
16142318255 960 540
16142318263 960 540
16142318275 960 540
16142318283 960 540
16142318295 960 540
16142318303 960 540
16142318315 960 540
16142318327 960 540
16142318335 960 540
16142318347 960 540
16142318355 960 540
16142318367 960 540
16142318375 960 540
16142318387 960 540
16142318395 960 540
16142318407 960 540
16142318415 960 540
16142318427 960 540
16142318435 960 540
16142318447 960 540
16142318455 960 540
16142318467 960 540
16142318475 960 540
16142318487 960 540
16142318495 960 540
16142318507 960 540
16142318515 960 540
16142318527 960 540
16142318535 960 540
16142318547 960 540
16142318555 960 540
16142318567 960 540
16142318579 960 540
16142318587 960 540
16142318599 960 540
16142318607 960 540
16142318619 960 540
16142318627 960 540
16142318639 960 540
16142318647 960 540
16142318659 960 540
16142318667 960 540
16142318679 960 540
16142318687 960 540
16142318699 960 540
16142318707 960 540
16142318719 960 540
16142318727 960 540
16142318739 960 540
16142318747 960 540
16142318759 960 540
16142318767 960 540
16142318779 960 540
16142318787 960 540
16142318799 960 540
16142318807 960 540
16142318819 960 540
16142318831 960 540
16142318839 960 540
16142318851 960 540
16142318859 960 540
16142318871 960 540
16142318879 960 540
16142318891 960 540
16142318899 960 540
16142318911 960 540
16142318919 960 540
16142318931 960 540
16142318939 960 540
16142318951 960 540
16142318959 960 540
16142318971 960 540
16142318979 960 540
16142318991 960 540
16142318999 960 540
16142319011 960 540
16142319019 960 540
16142319031 960 540
16142319039 960 540
16142319051 960 540
16142319059 960 540
16142319071 960 540
16142319083 960 540
16142319091 960 540
16142319103 960 540
16142319111 960 540
16142319123 960 540
16142319131 960 540
16142319143 960 540
16142319151 960 540
16142319163 960 540
16142319171 960 540
16142319183 960 540
16142319191 960 540
16142319203 960 540
16142319211 960 540
16142319223 960 540
16142319231 960 540
16142319243 960 540
16142319251 960 540
16142319263 960 540
16142319271 960 540
16142319283 960 540
16142319291 960 540
16142319303 960 540
16142319311 960 540
16142319323 960 540
16142319335 960 540
16142319343 960 540
16142319355 960 540
16142319363 960 540
16142319375 960 540
16142319383 960 540
16142319395 960 540
16142319403 960 540
16142319415 960 540
16142319423 960 540
16142319435 960 540
16142319443 960 540
16142319455 960 540
16142319463 960 540
16142319475 960 540
16142319483 960 540
16142319495 960 540
16142319503 960 540
16142319515 960 540
16142319523 960 540
16142319535 960 540
16142319543 960 540
16142319555 960 540
16142319563 960 540
16142319575 960 540
16142319587 960 540
16142319595 960 540
16142319607 960 540
16142319615 960 540
16142319627 960 540
16142319635 960 540
16142319647 960 540
16142319655 960 540
16142319667 960 540
16142319675 960 540
16142319687 960 540
16142319695 960 540
16142319707 960 540
16142319715 960 540
16142319727 960 540
16142319735 960 540
16142319747 960 540
16142319755 960 540
16142319767 960 540
16142319775 960 540
16142319787 960 540
16142319795 960 540
16142319807 960 540
16142319815 960 540
16142319827 960 540
16142319839 960 540
16142319847 960 540
16142319859 960 540
16142319867 960 540
16142319879 960 540
16142319887 960 540
16142319899 960 540
16142319907 960 540
16142319919 960 540
16142319927 960 540
16142319939 960 540
16142319947 960 540
16142319959 960 540
16142319967 960 540
16142319979 960 540
16142319987 960 540
16142319999 960 540
16142320007 960 540
16142320019 960 540
16142320027 960 540
16142320039 960 540
16142320047 960 540
16142320059 960 540
16142320067 960 540
16142320079 960 540
16142320091 960 540
16142320099 960 540
16142320111 960 540
16142320119 960 540
16142320131 960 540
16142320139 960 540
16142320151 960 540
16142320159 960 540
16142320171 960 540
16142320179 960 540
16142320191 960 540
16142320199 960 540
16142320211 960 540
16142320219 960 540
16142320231 960 540
16142320239 960 540
16142320251 960 540
16142320259 960 540
16142320271 960 540
16142320279 960 540
16142320291 960 540
16142320299 960 540
16142320311 960 540
16142320319 960 540
16142320331 960 540
16142320343 960 540
16142320351 960 540
16142320363 960 540
16142320371 960 540
16142320383 960 540
16142320391 960 540
16142320403 960 540
16142320411 960 540
16142320423 960 540
16142320431 960 540
16142320443 960 540
16142320451 960 540
16142320463 960 540
16142320471 960 540
16142320483 960 540
16142320491 960 540
16142320503 960 540
16142320511 960 540
16142320523 960 540
16142320531 960 540
16142320543 960 540
16142320551 960 540
16142320563 960 540
16142320571 960 540
16142320583 960 540
16142320595 960 540
16142320603 960 540
16142320615 960 540
16142320623 960 540
16142320635 960 540
16142320643 960 540
16142320655 960 540
16142320663 960 540
16142320675 960 540
16142320683 960 540
16142320695 960 540
16142320703 960 540
16142320715 960 540
16142320723 960 540
16142320735 960 540
16142320743 960 540
16142320755 960 540
16142320763 960 540
16142320775 960 540
16142320783 960 540
16142320795 960 540
16142320803 960 540
16142320815 960 540
16142320823 960 540
16142320835 960 540
16142320847 960 540
16142320855 960 540
16142320867 960 540
16142320875 960 540
16142320887 960 540
16142320895 960 540
16142320907 960 540
16142320915 960 540
16142320927 960 540
16142320935 960 540
16142320947 960 540
16142320955 960 540
16142320967 960 540
16142320975 960 540
16142320987 960 540
16142320995 960 540
16142321007 960 540
16142321015 960 540
16142321027 960 540
16142321035 960 540
16142321047 960 540
16142321055 960 540
16142321067 960 540
16142321075 960 540
16142321087 960 540
16142321099 960 540
16142321107 960 540
16142321119 960 540
16142321127 960 540
16142321139 960 540
16142321147 960 540
16142321159 960 540
16142321167 960 540
16142321179 960 540
16142321187 960 540
16142321199 960 540
16142321207 960 540
16142321219 960 540
16142321227 960 540
16142321239 960 540
16142321247 960 540
16142321259 960 540
16142321267 960 540
16142321279 960 540
16142321287 960 540
16142321299 960 540
16142321307 960 540
16142321319 960 540
16142321327 960 540
16142321339 960 540
16142321351 960 540
16142321359 960 540
16142321371 960 540
16142321379 960 540
16142321391 960 540
16142321399 960 540
16142321411 960 540
16142321419 960 540
16142321431 960 540
16142321439 960 540
16142321451 960 540
16142321459 960 540
16142321471 960 540
16142321479 960 540
16142321491 960 540
16142321499 960 540
16142321511 960 540
16142321519 960 540
16142321531 960 540
16142321539 960 540
16142321551 960 540
16142321559 960 540
16142321571 960 540
16142321579 960 540
16142321591 960 540
16142321603 960 540
16142321611 960 540
16142321623 960 540
16142321631 960 540
16142321643 960 540
16142321651 960 540
16142321663 960 540
16142321671 960 540
16142321683 960 540
16142321691 960 540
16142321703 960 540
16142321711 960 540
16142321723 960 540
16142321731 960 540
16142321743 960 540
16142321751 960 540
16142321763 960 540
16142321771 960 540
16142321783 960 540
16142321791 960 540
16142321803 960 540
16142321811 960 540
16142321823 960 540
16142321831 960 540
16142321843 960 540
16142321855 960 540
16142321863 960 540
16142321875 960 540
16142321883 960 540
16142321895 960 540
16142321903 960 540
16142321915 960 540
16142321923 960 540
16142321935 960 540
16142321943 960 540
16142321955 960 540
16142321963 960 540
16142321975 960 540
16142321983 960 540
16142321995 960 540
16142322003 960 540
16142322015 960 540
16142322023 960 540
16142322035 960 540
16142322043 960 540
16142322055 960 540
16142322063 960 540
16142322075 960 540
16142322083 960 540
16142322095 960 540
16142322107 960 540
16142322115 960 540
16142322127 960 540
16142322135 960 540
16142322147 960 540
16142322155 960 540
16142322167 960 540
16142322175 960 540
16142322187 960 540
16142322195 960 540
16142322207 960 540
16142322215 960 540
16142322227 960 540
16142322235 960 540
16142322247 960 540
16142322255 960 540
16142322267 960 540
16142322275 960 540
16142322287 960 540
16142322295 960 540
16142322307 960 540
16142322315 960 540
16142322327 960 540
16142322335 960 540
16142322347 960 540
16142322359 960 540
16142322367 960 540
16142322379 960 540
16142322387 960 540
16142322399 960 540
16142322407 960 540
16142322419 960 540
16142322427 960 540
16142322439 960 540
16142322447 960 540
16142322459 960 540
16142322467 960 540
16142322479 960 540
16142322487 960 540
16142322499 960 540
16142322507 960 540
16142322519 960 540
16142322527 960 540
16142322539 960 540
16142322547 960 540
16142322559 960 540
16142322567 960 540
16142322579 960 540
16142322587 960 540
16142322599 960 540
16142322611 960 540
16142322619 960 540
16142322631 960 540
16142322639 960 540
16142322651 960 540
16142322659 960 540
16142322671 960 540
16142322679 960 540
16142322691 960 540
16142322699 960 540
