04121325932 20 20
04121325939 20 20
04121325951 20 20
04121325959 20 20
04121325971 20 20
04121325979 20 20
04121325991 20 20
04121326003 20 20
04121326011 20 20
04121326023 20 20
04121326031 20 20
04121326043 20 20
04121326051 20 20
04121326063 20 20
04121326071 20 20
04121326083 20 20
04121326091 20 20
04121326103 20 20
04121326111 20 20
04121326123 20 20
04121326131 20 20
04121326143 20 20
04121326151 20 20
04121326163 20 20
04121326171 20 20
04121326183 20 20
04121326191 20 20
04121326203 20 20
04121326211 20 20
04121326223 20 20
04121326231 20 20
04121326243 20 20
04121326255 20 20
04121326263 20 20
04121326275 20 20
04121326283 20 20
04121326295 20 20
04121326303 20 20
04121326315 20 20
04121326323 20 20
04121326335 20 20
04121326343 20 20
04121326355 20 20
04121326363 20 20
04121326375 20 20
04121326383 20 20
04121326395 20 20
04121326403 20 20
04121326415 20 20
04121326423 20 20
04121326435 20 20
04121326443 20 20
04121326455 20 20
04121326463 20 20
04121326475 20 20
04121326483 20 20
04121326495 20 20
04121326507 20 20
04121326515 20 20
04121326527 20 20
04121326535 20 20
04121326547 20 20
04121326555 20 20
04121326567 20 20
04121326575 20 20
04121326587 20 20
04121326595 20 20
04121326607 20 20
04121326615 20 20
04121326627 20 20
04121326635 20 20
04121326647 20 20
04121326655 20 20
04121326667 20 20
04121326675 20 20
04121326687 20 20
04121326695 20 20
04121326707 20 20
04121326715 20 20
04121326727 20 20
04121326735 20 20
04121326747 20 20
04121326759 20 20
04121326767 20 20
04121326779 20 20
04121326787 20 20
04121326799 20 20
04121326807 20 20
04121326819 20 20
04121326827 20 20
04121326839 20 20
04121326847 20 20
04121326859 20 20
04121326867 20 20
04121326879 20 20
04121326887 20 20
04121326899 20 20
04121326907 20 20
04121326919 20 20
04121326927 20 20
04121326939 20 20
04121326947 20 20
04121326959 20 20
04121326967 20 20
04121326979 20 20
04121326987 20 20
04121326999 20 20
04121327011 20 20
04121327019 20 20
04121327031 20 20
04121327039 20 20
04121327051 20 20
04121327059 20 20
04121327071 20 20
04121327079 20 20
04121327091 20 20
04121327099 20 20
04121327111 20 20
04121327119 20 20
04121327131 20 20
04121327139 20 20
04121327151 20 20
04121327159 20 20
04121327171 20 20
04121327179 20 20
04121327191 20 20
04121327199 20 20
04121327211 20 20
04121327219 20 20
04121327231 20 20
04121327239 20 20
04121327251 20 20
04121327263 20 20
04121327271 20 20
04121327283 20 20
04121327291 20 20
04121327303 20 20
04121327311 20 20
04121327323 20 20
04121327331 20 20
04121327343 20 20
04121327351 20 20
04121327363 20 20
04121327371 20 20
04121327383 20 20
04121327391 20 20
04121327403 20 20
04121327411 20 20
04121328935 960 20
04121328943 960 20
04121328955 960 20
04121328963 960 20
04121328975 960 20
04121328983 960 20
04121328995 960 20
04121329003 960 20
04121329015 960 20
04121329027 960 20
04121329035 960 20
04121329047 960 20
04121329055 960 20
04121329067 960 20
04121329075 960 20
04121329087 960 20
04121329095 960 20
04121329107 960 20
04121329115 960 20
04121329127 960 20
04121329135 960 20
04121329147 960 20
04121329155 960 20
04121329167 960 20
04121329175 960 20
04121329187 960 20
04121329195 960 20
04121329207 960 20
04121329215 960 20
04121329227 960 20
04121329235 960 20
04121329247 960 20
04121329255 960 20
04121329267 960 20
04121329279 960 20
04121329287 960 20
04121329299 960 20
04121329307 960 20
04121329319 960 20
04121329327 960 20
04121329339 960 20
04121329347 960 20
04121329359 960 20
04121329367 960 20
04121329379 960 20
04121329387 960 20
04121329399 960 20
04121329407 960 20
04121329419 960 20
04121329427 960 20
04121329439 960 20
04121329447 960 20
04121329459 960 20
04121329467 960 20
04121329479 960 20
04121329487 960 20
04121329499 960 20
04121329507 960 20
04121329519 960 20
04121329531 960 20
04121329539 960 20
04121329551 960 20
04121329559 960 20
04121329571 960 20
04121329579 960 20
04121329591 960 20
04121329599 960 20
04121329611 960 20
04121329619 960 20
04121329631 960 20
04121329639 960 20
04121329651 960 20
04121329659 960 20
04121329671 960 20
04121329679 960 20
04121329691 960 20
04121329699 960 20
04121329711 960 20
04121329719 960 20
04121329731 960 20
04121329739 960 20
04121329751 960 20
04121329759 960 20
04121329771 960 20
04121329783 960 20
04121329791 960 20
04121329803 960 20
04121329811 960 20
04121329823 960 20
04121329831 960 20
04121329843 960 20
04121329851 960 20
04121329863 960 20
04121329871 960 20
04121329883 960 20
04121329891 960 20
04121329903 960 20
04121329911 960 20
04121329923 960 20
04121329931 960 20
04121329943 960 20
04121329951 960 20
04121329963 960 20
04121329971 960 20
04121329983 960 20
04121329991 960 20
04121330003 960 20
04121330011 960 20
04121330023 960 20
04121330035 960 20
04121330043 960 20
04121330055 960 20
04121330063 960 20
04121330075 960 20
04121330083 960 20
04121330095 960 20
04121330103 960 20
04121330115 960 20
04121330123 960 20
04121330135 960 20
04121330143 960 20
04121330155 960 20
04121330163 960 20
04121330175 960 20
04121330183 960 20
04121330195 960 20
04121330203 960 20
04121330215 960 20
04121330223 960 20
04121330235 960 20
04121330243 960 20
04121330255 960 20
04121330263 960 20
04121330275 960 20
04121330287 960 20
04121330295 960 20
04121330307 960 20
04121330315 960 20
04121330327 960 20
04121330335 960 20
04121330347 960 20
04121330355 960 20
04121330367 960 20
04121330375 960 20
04121330387 960 20
04121330395 960 20
04121330407 960 20
04121330415 960 20
04121330427 960 20
04121331940 1900 20
04121331948 1900 20
04121331959 1900 20
04121331967 1900 20
04121331979 1900 20
04121331987 1900 20
04121331999 1900 20
04121332007 1900 20
04121332019 1900 20
04121332027 1900 20
04121332039 1900 20
04121332051 1900 20
04121332059 1900 20
04121332071 1900 20
04121332079 1900 20
04121332091 1900 20
04121332099 1900 20
04121332111 1900 20
04121332119 1900 20
04121332131 1900 20
04121332139 1900 20
04121332151 1900 20
04121332159 1900 20
04121332171 1900 20
04121332179 1900 20
04121332191 1900 20
04121332199 1900 20
04121332211 1900 20
04121332219 1900 20
04121332231 1900 20
04121332239 1900 20
04121332251 1900 20
04121332259 1900 20
04121332271 1900 20
04121332279 1900 20
04121332291 1900 20
04121332303 1900 20
04121332311 1900 20
04121332323 1900 20
04121332331 1900 20
04121332343 1900 20
04121332351 1900 20
04121332363 1900 20
04121332371 1900 20
04121332383 1900 20
04121332391 1900 20
04121332403 1900 20
04121332411 1900 20
04121332423 1900 20
04121332431 1900 20
04121332443 1900 20
04121332451 1900 20
04121332463 1900 20
04121332471 1900 20
04121332483 1900 20
04121332491 1900 20
04121332503 1900 20
04121332511 1900 20
04121332523 1900 20
04121332531 1900 20
04121332543 1900 20
04121332555 1900 20
04121332563 1900 20
04121332575 1900 20
04121332583 1900 20
04121332595 1900 20
04121332603 1900 20
04121332615 1900 20
04121332623 1900 20
04121332635 1900 20
04121332643 1900 20
04121332655 1900 20
04121332663 1900 20
04121332675 1900 20
04121332683 1900 20
04121332695 1900 20
04121332703 1900 20
04121332715 1900 20
04121332723 1900 20
04121332735 1900 20
04121332743 1900 20
04121332755 1900 20
04121332763 1900 20
04121332775 1900 20
04121332783 1900 20
04121332795 1900 20
04121332807 1900 20
04121332815 1900 20
04121332827 1900 20
04121332835 1900 20
04121332847 1900 20
04121332855 1900 20
04121332867 1900 20
04121332875 1900 20
04121332887 1900 20
04121332895 1900 20
04121332907 1900 20
04121332915 1900 20
04121332927 1900 20
04121332935 1900 20
04121332947 1900 20
04121332955 1900 20
04121332967 1900 20
04121332975 1900 20
04121332987 1900 20
04121332995 1900 20
04121333007 1900 20
04121333015 1900 20
04121333027 1900 20
04121333035 1900 20
04121333047 1900 20
04121333059 1900 20
04121333067 1900 20
04121333079 1900 20
04121333087 1900 20
04121333099 1900 20
04121333107 1900 20
04121333119 1900 20
04121333127 1900 20
04121333139 1900 20
04121333147 1900 20
04121333159 1900 20
04121333167 1900 20
04121333179 1900 20
04121333187 1900 20
04121333199 1900 20
04121333207 1900 20
04121333219 1900 20
04121333227 1900 20
04121333239 1900 20
04121333247 1900 20
04121333259 1900 20
04121333267 1900 20
04121333279 1900 20
04121333287 1900 20
04121333299 1900 20
04121333311 1900 20
04121333319 1900 20
04121333331 1900 20
04121333339 1900 20
04121333351 1900 20
04121333359 1900 20
04121333371 1900 20
04121333379 1900 20
04121333391 1900 20
04121333399 1900 20
04121333411 1900 20
04121333419 1900 20
04121333431 1900 20
04121334943 1900 540
04121334951 1900 540
04121334963 1900 540
04121334971 1900 540
04121334983 1900 540
04121334991 1900 540
04121335003 1900 540
04121335011 1900 540
04121335023 1900 540
04121335031 1900 540
04121335043 1900 540
04121335051 1900 540
04121335063 1900 540
04121335075 1900 540
04121335083 1900 540
04121335095 1900 540
04121335103 1900 540
04121335115 1900 540
04121335123 1900 540
04121335135 1900 540
04121335143 1900 540
04121335155 1900 540
04121335163 1900 540
04121335175 1900 540
04121335183 1900 540
04121335195 1900 540
04121335203 1900 540
04121335215 1900 540
04121335223 1900 540
04121335235 1900 540
04121335243 1900 540
04121335255 1900 540
04121335263 1900 540
04121335275 1900 540
04121335283 1900 540
04121335295 1900 540
04121335303 1900 540
04121335315 1900 540
04121335327 1900 540
04121335335 1900 540
04121335347 1900 540
04121335355 1900 540
04121335367 1900 540
04121335375 1900 540
04121335387 1900 540
04121335395 1900 540
04121335407 1900 540
04121335415 1900 540
04121335427 1900 540
04121335435 1900 540
04121335447 1900 540
04121335455 1900 540
04121335467 1900 540
04121335475 1900 540
04121335487 1900 540
04121335495 1900 540
04121335507 1900 540
04121335515 1900 540
04121335527 1900 540
04121335535 1900 540
04121335547 1900 540
04121335555 1900 540
04121335567 1900 540
04121335579 1900 540
04121335587 1900 540
04121335599 1900 540
04121335607 1900 540
04121335619 1900 540
04121335627 1900 540
04121335639 1900 540
04121335647 1900 540
04121335659 1900 540
04121335667 1900 540
04121335679 1900 540
04121335687 1900 540
04121335699 1900 540
04121335707 1900 540
04121335719 1900 540
04121335727 1900 540
04121335739 1900 540
04121335747 1900 540
04121335759 1900 540
04121335767 1900 540
04121335779 1900 540
04121335787 1900 540
04121335799 1900 540
04121335807 1900 540
04121335819 1900 540
04121335831 1900 540
04121335839 1900 540
04121335851 1900 540
04121335859 1900 540
04121335871 1900 540
04121335879 1900 540
04121335891 1900 540
04121335899 1900 540
04121335911 1900 540
04121335919 1900 540
04121335931 1900 540
04121335939 1900 540
04121335951 1900 540
04121335959 1900 540
04121335971 1900 540
04121335979 1900 540
04121335991 1900 540
04121335999 1900 540
04121336011 1900 540
04121336019 1900 540
04121336031 1900 540
04121336039 1900 540
04121336051 1900 540
04121336059 1900 540
04121336071 1900 540
04121336083 1900 540
04121336091 1900 540
04121336103 1900 540
04121336111 1900 540
04121336123 1900 540
04121336131 1900 540
04121336143 1900 540
04121336151 1900 540
04121336163 1900 540
04121336171 1900 540
04121336183 1900 540
04121336191 1900 540
04121336203 1900 540
04121336211 1900 540
04121336223 1900 540
04121336231 1900 540
04121336243 1900 540
04121336251 1900 540
04121336263 1900 540
04121336271 1900 540
04121336283 1900 540
04121336291 1900 540
04121336303 1900 540
04121336311 1900 540
04121336323 1900 540
04121336335 1900 540
04121336343 1900 540
04121336355 1900 540
04121336363 1900 540
04121336375 1900 540
04121336383 1900 540
04121336395 1900 540
04121336403 1900 540
04121336415 1900 540
04121336423 1900 540
04121336435 1900 540
04121337947 960 540
04121337955 960 540
04121337967 960 540
04121337975 960 540
04121337987 960 540
04121337995 960 540
04121338007 960 540
04121338015 960 540
04121338027 960 540
04121338035 960 540
04121338047 960 540
04121338055 960 540
04121338067 960 540
04121338075 960 540
04121338087 960 540
04121338099 960 540
04121338107 960 540
04121338119 960 540
04121338127 960 540
04121338139 960 540
04121338147 960 540
04121338159 960 540
04121338167 960 540
04121338179 960 540
04121338187 960 540
04121338199 960 540
04121338207 960 540
04121338219 960 540
04121338227 960 540
04121338239 960 540
04121338247 960 540
04121338259 960 540
04121338267 960 540
04121338279 960 540
04121338287 960 540
04121338299 960 540
04121338307 960 540
04121338319 960 540
04121338327 960 540
04121338339 960 540
04121338351 960 540
04121338359 960 540
04121338371 960 540
04121338379 960 540
04121338391 960 540
04121338399 960 540
04121338411 960 540
04121338419 960 540
04121338431 960 540
04121338439 960 540
04121338451 960 540
04121338459 960 540
04121338471 960 540
04121338479 960 540
04121338491 960 540
04121338499 960 540
04121338511 960 540
04121338519 960 540
04121338531 960 540
04121338539 960 540
04121338551 960 540
04121338559 960 540
04121338571 960 540
04121338579 960 540
04121338591 960 540
04121338603 960 540
04121338611 960 540
04121338623 960 540
04121338631 960 540
04121338643 960 540
04121338651 960 540
04121338663 960 540
04121338671 960 540
04121338683 960 540
04121338691 960 540
04121338703 960 540
04121338711 960 540
04121338723 960 540
04121338731 960 540
04121338743 960 540
04121338751 960 540
04121338763 960 540
04121338771 960 540
04121338783 960 540
04121338791 960 540
04121338803 960 540
04121338811 960 540
04121338823 960 540
04121338831 960 540
04121338843 960 540
04121338855 960 540
04121338863 960 540
04121338875 960 540
04121338883 960 540
04121338895 960 540
04121338903 960 540
04121338915 960 540
04121338923 960 540
04121338935 960 540
04121338943 960 540
04121338955 960 540
04121338963 960 540
04121338975 960 540
04121338983 960 540
04121338995 960 540
04121339003 960 540
04121339015 960 540
04121339023 960 540
04121339035 960 540
04121339043 960 540
04121339055 960 540
04121339063 960 540
04121339075 960 540
04121339083 960 540
04121339095 960 540
04121339107 960 540
04121339115 960 540
04121339127 960 540
04121339135 960 540
04121339147 960 540
04121339155 960 540
04121339167 960 540
04121339175 960 540
04121339187 960 540
04121339195 960 540
04121339207 960 540
04121339215 960 540
04121339227 960 540
04121339235 960 540
04121339247 960 540
04121339255 960 540
04121339267 960 540
04121339275 960 540
04121339287 960 540
04121339295 960 540
04121339307 960 540
04121339315 960 540
04121339327 960 540
04121339335 960 540
04121339347 960 540
04121339359 960 540
04121339367 960 540
04121339379 960 540
04121339387 960 540
04121339399 960 540
04121339407 960 540
04121339419 960 540
04121339427 960 540
04121339439 960 540
04121340951 20 540
04121340959 20 540
04121340971 20 540
04121340979 20 540
04121340991 20 540
04121340999 20 540
04121341011 20 540
04121341019 20 540
04121341031 20 540
04121341039 20 540
04121341051 20 540
04121341059 20 540
04121341071 20 540
04121341079 20 540
04121341091 20 540
04121341099 20 540
04121341111 20 540
04121341123 20 540
04121341131 20 540
04121341143 20 540
04121341151 20 540
04121341163 20 540
04121341171 20 540
04121341183 20 540
04121341191 20 540
04121341203 20 540
04121341211 20 540
04121341223 20 540
04121341231 20 540
04121341243 20 540
04121341251 20 540
04121341263 20 540
04121341271 20 540
04121341283 20 540
04121341291 20 540
04121341303 20 540
04121341311 20 540
04121341323 20 540
04121341331 20 540
04121341343 20 540
04121341351 20 540
04121341363 20 540
04121341375 20 540
04121341383 20 540
04121341395 20 540
04121341403 20 540
04121341415 20 540
04121341423 20 540
04121341435 20 540
04121341443 20 540
04121341455 20 540
04121341463 20 540
04121341475 20 540
04121341483 20 540
04121341495 20 540
04121341503 20 540
04121341515 20 540
04121341523 20 540
04121341535 20 540
04121341543 20 540
04121341555 20 540
04121341563 20 540
04121341575 20 540
04121341583 20 540
04121341595 20 540
04121341603 20 540
04121341615 20 540
04121341627 20 540
04121341635 20 540
04121341647 20 540
04121341655 20 540
04121341667 20 540
04121341675 20 540
04121341687 20 540
04121341695 20 540
04121341707 20 540
04121341715 20 540
04121341727 20 540
04121341735 20 540
04121341747 20 540
04121341755 20 540
04121341767 20 540
04121341775 20 540
04121341787 20 540
04121341795 20 540
04121341807 20 540
04121341815 20 540
04121341827 20 540
04121341835 20 540
04121341847 20 540
04121341855 20 540
04121341867 20 540
04121341879 20 540
04121341887 20 540
04121341899 20 540
04121341907 20 540
04121341919 20 540
04121341927 20 540
04121341939 20 540
04121341947 20 540
04121341959 20 540
04121341967 20 540
04121341979 20 540
04121341987 20 540
04121341999 20 540
04121342007 20 540
04121342019 20 540
04121342027 20 540
04121342039 20 540
04121342047 20 540
04121342059 20 540
04121342067 20 540
04121342079 20 540
04121342087 20 540
04121342099 20 540
04121342107 20 540
04121342119 20 540
04121342131 20 540
04121342139 20 540
04121342151 20 540
04121342159 20 540
04121342171 20 540
04121342179 20 540
04121342191 20 540
04121342199 20 540
04121342211 20 540
04121342219 20 540
04121342231 20 540
04121342239 20 540
04121342251 20 540
04121342259 20 540
04121342271 20 540
04121342279 20 540
04121342291 20 540
04121342299 20 540
04121342311 20 540
04121342319 20 540
04121342331 20 540
04121342340 20 540
04121342353 20 540
04121342362 20 540
04121342374 20 540
04121342386 20 540
04121342394 20 540
04121342406 20 540
04121342414 20 540
04121342426 20 540
04121342434 20 540
04121342446 20 540
04121343955 20 1060
04121343964 20 1060
04121343975 20 1060
04121343984 20 1060
04121343997 20 1060
04121344006 20 1060
04121344015 20 1060
04121344023 20 1060
04121344035 20 1060
04121344043 20 1060
04121344056 20 1060
04121344065 20 1060
04121344078 20 1060
04121344085 20 1060
04121344097 20 1060
04121344105 20 1060
04121344117 20 1060
04121344125 20 1060
04121344137 20 1060
04121344149 20 1060
04121344157 20 1060
04121344169 20 1060
04121344177 20 1060
04121344189 20 1060
04121344197 20 1060
04121344209 20 1060
04121344217 20 1060
04121344229 20 1060
04121344237 20 1060
04121344249 20 1060
04121344257 20 1060
04121344269 20 1060
04121344277 20 1060
04121344289 20 1060
04121344297 20 1060
04121344309 20 1060
04121344317 20 1060
04121344329 20 1060
04121344337 20 1060
04121344349 20 1060
04121344357 20 1060
04121344369 20 1060
04121344377 20 1060
04121344389 20 1060
04121344401 20 1060
04121344409 20 1060
04121344421 20 1060
04121344429 20 1060
04121344441 20 1060
04121344449 20 1060
04121344461 20 1060
04121344469 20 1060
04121344481 20 1060
04121344489 20 1060
04121344501 20 1060
04121344509 20 1060
04121344521 20 1060
04121344529 20 1060
04121344541 20 1060
04121344549 20 1060
04121344561 20 1060
04121344569 20 1060
04121344581 20 1060
04121344589 20 1060
04121344601 20 1060
04121344609 20 1060
04121344621 20 1060
04121344629 20 1060
04121344641 20 1060
04121344653 20 1060
04121344661 20 1060
04121344673 20 1060
04121344681 20 1060
04121344693 20 1060
04121344701 20 1060
04121344713 20 1060
04121344721 20 1060
04121344733 20 1060
04121344741 20 1060
04121344753 20 1060
04121344761 20 1060
04121344773 20 1060
04121344781 20 1060
04121344793 20 1060
04121344801 20 1060
04121344814 20 1060
04121344821 20 1060
04121344832 20 1060
04121344840 20 1060
04121344852 20 1060
04121344860 20 1060
04121344872 20 1060
04121344880 20 1060
04121344892 20 1060
04121344904 20 1060
04121344912 20 1060
04121344924 20 1060
04121344932 20 1060
04121344944 20 1060
04121344952 20 1060
04121344964 20 1060
04121344972 20 1060
04121344984 20 1060
04121344992 20 1060
04121345004 20 1060
04121345012 20 1060
04121345024 20 1060
04121345032 20 1060
04121345044 20 1060
04121345052 20 1060
04121345064 20 1060
04121345072 20 1060
04121345084 20 1060
04121345092 20 1060
04121345104 20 1060
04121345112 20 1060
04121345124 20 1060
04121345132 20 1060
04121345144 20 1060
04121345156 20 1060
04121345164 20 1060
04121345176 20 1060
04121345184 20 1060
04121345196 20 1060
04121345204 20 1060
04121345216 20 1060
04121345224 20 1060
04121345236 20 1060
04121345244 20 1060
04121345256 20 1060
04121345264 20 1060
04121345276 20 1060
04121345284 20 1060
04121345296 20 1060
04121345304 20 1060
04121345316 20 1060
04121345324 20 1060
04121345336 20 1060
04121345344 20 1060
04121345356 20 1060
04121345364 20 1060
04121345376 20 1060
04121345384 20 1060
04121345396 20 1060
04121345407 20 1060
04121345415 20 1060
04121345427 20 1060
04121345435 20 1060
04121345448 20 1060
04121346959 960 1060
04121346967 960 1060
04121346979 960 1060
04121346987 960 1060
04121346999 960 1060
04121347007 960 1060
04121347019 960 1060
04121347027 960 1060
04121347039 960 1060
04121347047 960 1060
04121347059 960 1060
04121347067 960 1060
04121347079 960 1060
04121347087 960 1060
04121347099 960 1060
04121347107 960 1060
04121347119 960 1060
04121347127 960 1060
04121347139 960 1060
04121347147 960 1060
04121347159 960 1060
04121347171 960 1060
04121347179 960 1060
04121347191 960 1060
04121347199 960 1060
04121347211 960 1060
04121347219 960 1060
04121347231 960 1060
04121347239 960 1060
04121347251 960 1060
04121347259 960 1060
04121347271 960 1060
04121347279 960 1060
04121347291 960 1060
04121347299 960 1060
04121347311 960 1060
04121347319 960 1060
04121347331 960 1060
04121347339 960 1060
04121347351 960 1060
04121347359 960 1060
04121347371 960 1060
04121347379 960 1060
04121347391 960 1060
04121347399 960 1060
04121347411 960 1060
04121347423 960 1060
04121347431 960 1060
04121347443 960 1060
04121347451 960 1060
04121347463 960 1060
04121347471 960 1060
04121347483 960 1060
04121347491 960 1060
04121347503 960 1060
04121347511 960 1060
04121347523 960 1060
04121347531 960 1060
04121347543 960 1060
04121347551 960 1060
04121347563 960 1060
04121347571 960 1060
04121347583 960 1060
04121347591 960 1060
04121347603 960 1060
04121347611 960 1060
04121347623 960 1060
04121347631 960 1060
04121347643 960 1060
04121347651 960 1060
04121347663 960 1060
04121347675 960 1060
04121347683 960 1060
04121347695 960 1060
04121347703 960 1060
04121347715 960 1060
04121347723 960 1060
04121347735 960 1060
04121347743 960 1060
04121347755 960 1060
04121347763 960 1060
04121347775 960 1060
04121347783 960 1060
04121347795 960 1060
04121347803 960 1060
04121347815 960 1060
04121347823 960 1060
04121347835 960 1060
04121347843 960 1060
04121347855 960 1060
04121347863 960 1060
04121347875 960 1060
04121347883 960 1060
04121347895 960 1060
04121347903 960 1060
04121347915 960 1060
04121347927 960 1060
04121347935 960 1060
04121347947 960 1060
04121347955 960 1060
04121347967 960 1060
04121347975 960 1060
04121347987 960 1060
04121347995 960 1060
04121348007 960 1060
04121348015 960 1060
04121348027 960 1060
04121348035 960 1060
04121348047 960 1060
04121348055 960 1060
04121348067 960 1060
04121348075 960 1060
04121348087 960 1060
04121348095 960 1060
04121348107 960 1060
04121348115 960 1060
04121348127 960 1060
04121348135 960 1060
04121348147 960 1060
04121348155 960 1060
04121348167 960 1060
04121348179 960 1060
04121348187 960 1060
04121348199 960 1060
04121348207 960 1060
04121348219 960 1060
04121348227 960 1060
04121348239 960 1060
04121348247 960 1060
04121348259 960 1060
04121348267 960 1060
04121348279 960 1060
04121348287 960 1060
04121348299 960 1060
04121348307 960 1060
04121348319 960 1060
04121348327 960 1060
04121348339 960 1060
04121348347 960 1060
04121348359 960 1060
04121348367 960 1060
04121348379 960 1060
04121348387 960 1060
04121348399 960 1060
04121348407 960 1060
04121348419 960 1060
04121348431 960 1060
04121348439 960 1060
04121348451 960 1060
04121349963 1900 1060
04121349971 1900 1060
04121349983 1900 1060
04121349991 1900 1060
04121350003 1900 1060
04121350011 1900 1060
04121350023 1900 1060
04121350031 1900 1060
04121350043 1900 1060
04121350051 1900 1060
04121350063 1900 1060
04121350071 1900 1060
04121350083 1900 1060
04121350091 1900 1060
04121350103 1900 1060
04121350111 1900 1060
04121350123 1900 1060
04121350131 1900 1060
04121350143 1900 1060
04121350151 1900 1060
04121350163 1900 1060
04121350171 1900 1060
04121350183 1900 1060
04121350195 1900 1060
04121350203 1900 1060
04121350215 1900 1060
04121350223 1900 1060
04121350235 1900 1060
04121350243 1900 1060
04121350255 1900 1060
04121350263 1900 1060
04121350275 1900 1060
04121350283 1900 1060
04121350295 1900 1060
04121350303 1900 1060
04121350315 1900 1060
04121350323 1900 1060
04121350335 1900 1060
04121350343 1900 1060
04121350355 1900 1060
04121350363 1900 1060
04121350375 1900 1060
04121350383 1900 1060
04121350395 1900 1060
04121350403 1900 1060
04121350415 1900 1060
04121350423 1900 1060
04121350435 1900 1060
04121350447 1900 1060
04121350455 1900 1060
04121350467 1900 1060
04121350475 1900 1060
04121350487 1900 1060
04121350495 1900 1060
04121350507 1900 1060
04121350515 1900 1060
04121350527 1900 1060
04121350535 1900 1060
04121350547 1900 1060
04121350555 1900 1060
04121350567 1900 1060
04121350575 1900 1060
04121350587 1900 1060
04121350595 1900 1060
04121350607 1900 1060
04121350615 1900 1060
04121350627 1900 1060
04121350635 1900 1060
04121350647 1900 1060
04121350655 1900 1060
04121350667 1900 1060
04121350675 1900 1060
04121350687 1900 1060
04121350699 1900 1060
04121350707 1900 1060
04121350719 1900 1060
04121350727 1900 1060
04121350739 1900 1060
04121350747 1900 1060
04121350759 1900 1060
04121350767 1900 1060
04121350779 1900 1060
04121350787 1900 1060
04121350799 1900 1060
04121350807 1900 1060
04121350819 1900 1060
04121350827 1900 1060
04121350839 1900 1060
04121350847 1900 1060
04121350859 1900 1060
04121350867 1900 1060
04121350879 1900 1060
04121350887 1900 1060
04121350899 1900 1060
04121350907 1900 1060
04121350919 1900 1060
04121350927 1900 1060
04121350939 1900 1060
04121350951 1900 1060
04121350959 1900 1060
04121350971 1900 1060
04121350979 1900 1060
04121350991 1900 1060
04121350999 1900 1060
04121351011 1900 1060
04121351019 1900 1060
04121351031 1900 1060
04121351039 1900 1060
04121351051 1900 1060
04121351059 1900 1060
04121351071 1900 1060
04121351079 1900 1060
04121351091 1900 1060
04121351099 1900 1060
04121351111 1900 1060
04121351119 1900 1060
04121351131 1900 1060
04121351139 1900 1060
04121351151 1900 1060
04121351159 1900 1060
04121351171 1900 1060
04121351179 1900 1060
04121351191 1900 1060
04121351203 1900 1060
04121351211 1900 1060
04121351223 1900 1060
04121351231 1900 1060
04121351243 1900 1060
04121351251 1900 1060
04121351263 1900 1060
04121351271 1900 1060
04121351283 1900 1060
04121351291 1900 1060
04121351303 1900 1060
04121351311 1900 1060
04121351323 1900 1060
04121351331 1900 1060
04121351343 1900 1060
04121351351 1900 1060
04121351363 1900 1060
04121351371 1900 1060
04121351383 1900 1060
04121351391 1900 1060
04121351403 1900 1060
04121351411 1900 1060
04121351423 1900 1060
04121351431 1900 1060
04121351443 1900 1060
