16134236804 960 540
16134236812 960 540
16134236824 960 540
16134236832 960 540
16134236844 960 540
16134236852 960 540
16134236864 960 540
16134236872 960 540
16134236884 960 540
16134236892 960 540
16134236904 960 540
16134236912 960 540
16134236924 960 540
16134236932 960 540
16134236944 960 540
16134236952 960 540
16134236964 960 540
16134236976 960 540
16134236984 960 540
16134236996 960 540
16134237004 960 540
16134237016 960 540
16134237024 960 540
16134237036 960 540
16134237044 960 540
16134237056 960 540
16134237064 960 540
16134237076 960 540
16134237084 960 540
16134237096 960 540
16134237104 960 540
16134237116 960 540
16134237124 960 540
16134237136 960 540
16134237144 960 540
16134237156 960 540
16134237164 960 540
16134237176 960 540
16134237184 960 540
16134237196 960 540
16134237204 960 540
16134237216 960 540
16134237228 960 540
16134237236 960 540
16134237248 960 540
16134237256 960 540
16134237268 960 540
16134237276 960 540
16134237288 960 540
16134237296 960 540
16134237308 960 540
16134237316 960 540
16134237328 960 540
16134237336 960 540
16134237348 960 540
16134237356 960 540
16134237368 960 540
16134237376 960 540
16134237388 960 540
16134237396 960 540
16134237408 960 540
16134237416 960 540
16134237428 960 540
16134237436 960 540
16134237448 960 540
16134237456 960 540
16134237468 960 540
16134237480 960 540
16134237488 960 540
16134237500 960 540
16134237508 960 540
16134237520 960 540
16134237528 960 540
16134237540 960 540
16134237548 960 540
16134237560 960 540
16134237568 960 540
16134237580 960 540
16134237588 960 540
16134237600 960 540
16134237608 960 540
16134237620 960 540
16134237628 960 540
16134237640 960 540
16134237648 960 540
16134237660 960 540
16134237668 960 540
16134237680 960 540
16134237688 960 540
16134237700 960 540
16134237708 960 540
16134237720 960 540
16134237732 960 540
16134237740 960 540
16134237752 960 540
16134237760 960 540
16134237772 960 540
16134237780 960 540
16134237792 960 540
16134237800 960 540
16134237812 960 540
16134237820 960 540
16134237832 960 540
16134237840 960 540
16134237852 960 540
16134237860 960 540
16134237872 960 540
16134237880 960 540
16134237892 960 540
16134237900 960 540
16134237912 960 540
16134237920 960 540
16134237932 960 540
16134237940 960 540
16134237952 960 540
16134237960 960 540
16134237972 960 540
16134237984 960 540
16134237992 960 540
16134238004 960 540
16134238012 960 540
16134238024 960 540
16134238032 960 540
16134238044 960 540
16134238052 960 540
16134238064 960 540
16134238072 960 540
16134238084 960 540
16134238092 960 540
16134238104 960 540
16134238112 960 540
16134238124 960 540
16134238132 960 540
16134238144 960 540
16134238152 960 540
16134238164 960 540
16134238172 960 540
16134238184 960 540
16134238192 960 540
16134238204 960 540
16134238212 960 540
16134238224 960 540
16134238236 960 540
16134238244 960 540
16134238256 960 540
16134238264 960 540
16134238276 960 540
16134238284 960 540
16134238296 960 540
16134238304 960 190
16134238316 960 190
16134238324 960 190
16134238336 960 190
16134238344 960 190
16134238356 960 190
16134238364 960 190
16134238376 960 190
16134238384 960 190
16134238396 960 190
16134238404 960 190
16134238416 960 190
16134238424 960 190
16134238436 960 190
16134238444 960 190
16134238456 960 190
16134238464 960 190
16134238476 960 190
16134238488 960 190
16134238496 960 190
16134238508 960 190
16134238516 960 190
16134238528 960 190
16134238536 960 190
16134238548 960 190
16134238556 960 190
16134238568 960 190
16134238576 960 190
16134238588 960 190
16134238596 960 190
16134238608 960 190
16134238616 960 190
16134238628 960 190
16134238636 960 190
16134238648 960 190
16134238656 960 190
16134238668 960 190
16134238676 960 190
16134238688 960 190
16134238696 960 190
16134238708 960 190
16134238716 960 190
16134238728 960 190
16134238740 960 190
16134238748 960 190
16134238760 960 190
16134238768 960 190
16134238780 960 190
16134238788 960 190
16134238800 960 190
16134238808 960 190
16134238820 960 190
16134238828 960 190
16134238840 960 190
16134238848 960 190
16134238860 960 190
16134238868 960 190
16134238880 960 190
16134238888 960 190
16134238900 960 190
16134238908 960 190
16134238920 960 190
16134238928 960 190
16134238940 960 190
16134238948 960 190
16134238960 960 190
16134238968 960 190
16134238980 960 190
16134238992 960 190
16134239000 960 190
16134239012 960 190
16134239020 960 190
16134239032 960 190
16134239040 960 190
16134239052 960 190
16134239060 960 190
16134239072 960 190
16134239080 960 190
16134239092 960 190
16134239100 960 190
16134239112 960 190
16134239120 960 190
16134239132 960 190
16134239140 960 190
16134239152 960 190
16134239160 960 190
16134239172 960 190
16134239180 960 190
16134239192 960 190
16134239200 960 190
16134239212 960 190
16134239220 960 190
16134239232 960 190
16134239244 960 190
16134239252 960 190
16134239264 960 190
16134239272 960 190
16134239284 960 190
16134239292 960 190
16134239304 960 190
16134239312 960 190
16134239324 960 190
16134239332 960 190
16134239344 960 190
16134239352 960 190
16134239364 960 190
16134239372 960 190
16134239384 960 190
16134239392 960 190
16134239404 960 190
16134239412 960 190
16134239424 960 190
16134239432 960 190
16134239444 960 190
16134239452 960 190
16134239464 960 190
16134239472 960 190
16134239484 960 190
16134239496 960 190
16134239504 960 190
16134239516 960 190
16134239524 960 190
16134239536 960 190
16134239544 960 190
16134239556 960 190
16134239564 960 190
16134239576 960 190
16134239584 960 190
16134239596 960 190
16134239604 960 190
16134239616 960 190
16134239624 960 190
16134239636 960 190
16134239644 960 190
16134239656 960 190
16134239664 960 190
16134239676 960 190
16134239684 960 190
16134239696 960 190
16134239704 960 190
16134239716 960 190
16134239724 960 190
16134239736 960 190
16134239748 960 190
16134239756 960 190
16134239768 960 190
16134239776 960 190
16134239788 960 190
16134239796 960 190
16134239808 960 540
16134239816 960 540
16134239828 960 540
16134239836 960 540
16134239848 960 540
16134239856 960 540
16134239868 960 540
16134239876 960 540
16134239888 960 540
16134239896 960 540
16134239908 960 540
16134239916 960 540
16134239928 960 540
16134239936 960 540
16134239948 960 540
16134239956 960 540
16134239968 960 540
16134239976 960 540
16134239988 960 540
16134240000 960 540
16134240008 960 540
16134240020 960 540
16134240028 960 540
16134240040 960 540
16134240048 960 540
16134240060 960 540
16134240068 960 540
16134240080 960 540
16134240088 960 540
16134240100 960 540
16134240108 960 540
16134240120 960 540
16134240128 960 540
16134240140 960 540
16134240148 960 540
16134240160 960 540
16134240168 960 540
16134240180 960 540
16134240188 960 540
16134240200 960 540
16134240208 960 540
16134240220 960 540
16134240228 960 540
16134240240 960 540
16134240252 960 540
16134240260 960 540
16134240272 960 540
16134240280 960 540
16134240292 960 540
16134240300 960 540
16134240312 960 540
16134240320 960 540
16134240332 960 540
16134240340 960 540
16134240352 960 540
16134240360 960 540
16134240372 960 540
16134240380 960 540
16134240392 960 540
16134240400 960 540
16134240412 960 540
16134240420 960 540
16134240432 960 540
16134240440 960 540
16134240452 960 540
16134240460 960 540
16134240472 960 540
16134240480 960 540
16134240492 960 540
16134240504 960 540
16134240512 960 540
16134240524 960 540
16134240532 960 540
16134240544 960 540
16134240552 960 540
16134240564 960 540
16134240572 960 540
16134240584 960 540
16134240592 960 540
16134240604 960 540
16134240612 960 540
16134240624 960 540
16134240632 960 540
16134240644 960 540
16134240652 960 540
16134240664 960 540
16134240672 960 540
16134240684 960 540
16134240692 960 540
16134240704 960 540
16134240712 960 540
16134240724 960 540
16134240732 960 540
16134240744 960 540
16134240756 960 540
16134240764 960 540
16134240776 960 540
16134240784 960 540
16134240796 960 540
16134240804 960 540
16134240816 960 540
16134240824 960 540
16134240836 960 540
16134240844 960 540
16134240856 960 540
16134240864 960 540
16134240876 960 540
16134240884 960 540
16134240896 960 540
16134240904 960 540
16134240916 960 540
16134240924 960 540
16134240936 960 540
16134240944 960 540
16134240956 960 540
16134240964 960 540
16134240976 960 540
16134240984 960 540
16134240996 960 540
16134241008 960 540
16134241016 960 540
16134241028 960 540
16134241036 960 540
16134241048 960 540
16134241056 960 540
16134241068 960 540
16134241076 960 540
16134241088 960 540
16134241096 960 540
16134241108 960 540
16134241116 960 540
16134241128 960 540
16134241136 960 540
16134241148 960 540
16134241156 960 540
16134241168 960 540
16134241176 960 540
16134241188 960 540
16134241196 960 540
16134241208 960 540
16134241216 960 540
16134241228 960 540
16134241236 960 540
16134241248 960 540
16134241260 960 540
16134241268 960 540
16134241280 960 540
16134241288 960 540
16134241300 960 540
16134241308 960 715
16134241320 960 715
16134241328 960 715
16134241340 960 715
16134241348 960 715
16134241360 960 715
16134241368 960 715
16134241380 960 715
16134241388 960 715
16134241400 960 715
16134241408 960 715
16134241420 960 715
16134241428 960 715
16134241440 960 715
16134241448 960 715
16134241460 960 715
16134241468 960 715
16134241480 960 715
16134241488 960 715
16134241500 960 715
16134241512 960 715
16134241520 960 715
16134241532 960 715
16134241540 960 715
16134241552 960 715
16134241560 960 715
16134241572 960 715
16134241580 960 715
16134241592 960 715
16134241600 960 715
16134241612 960 715
16134241620 960 715
16134241632 960 715
16134241640 960 715
16134241652 960 715
16134241660 960 715
16134241672 960 715
16134241680 960 715
16134241692 960 715
16134241700 960 715
16134241712 960 715
16134241720 960 715
16134241732 960 715
16134241740 960 715
16134241752 960 715
16134241764 960 715
16134241772 960 715
16134241784 960 715
16134241792 960 715
16134241804 960 715
16134241812 960 715
16134241824 960 715
16134241832 960 715
16134241844 960 715
16134241852 960 715
16134241864 960 715
16134241872 960 715
16134241884 960 715
16134241892 960 715
16134241904 960 715
16134241912 960 715
16134241924 960 715
16134241932 960 715
16134241944 960 715
16134241952 960 715
16134241964 960 715
16134241972 960 715
16134241984 960 715
16134241992 960 715
16134242004 960 715
16134242016 960 715
16134242024 960 715
16134242036 960 715
16134242044 960 715
16134242056 960 715
16134242064 960 715
16134242076 960 715
16134242084 960 715
16134242096 960 715
16134242104 960 715
16134242116 960 715
16134242124 960 715
16134242136 960 715
16134242144 960 715
16134242156 960 715
16134242164 960 715
16134242176 960 715
16134242184 960 715
16134242196 960 715
16134242204 960 715
16134242216 960 715
16134242224 960 715
16134242236 960 715
16134242244 960 715
16134242256 960 715
16134242268 960 715
16134242276 960 715
16134242288 960 715
16134242296 960 715
16134242308 960 715
16134242316 960 715
16134242328 960 715
16134242336 960 715
16134242348 960 715
16134242356 960 715
16134242368 960 715
16134242376 960 715
16134242388 960 715
16134242396 960 715
16134242408 960 715
16134242416 960 715
16134242428 960 715
16134242436 960 715
16134242448 960 715
16134242456 960 715
16134242468 960 715
16134242476 960 715
16134242488 960 715
16134242496 960 715
16134242508 960 715
16134242520 960 715
16134242528 960 715
16134242540 960 715
16134242548 960 715
16134242560 960 715
16134242568 960 715
16134242580 960 715
16134242588 960 715
16134242600 960 715
16134242608 960 715
16134242620 960 715
16134242628 960 715
16134242640 960 715
16134242648 960 715
16134242660 960 715
16134242668 960 715
16134242680 960 715
16134242688 960 715
16134242700 960 715
16134242708 960 715
16134242720 960 715
16134242728 960 715
16134242740 960 715
16134242748 960 715
16134242760 960 715
16134242772 960 715
16134242780 960 715
16134242792 960 715
16134242800 960 715
16134242812 960 540
16134242820 960 540
16134242832 960 540
16134242840 960 540
16134242852 960 540
16134242860 960 540
16134242872 960 540
16134242880 960 540
16134242892 960 540
16134242900 960 540
16134242912 960 540
16134242920 960 540
16134242932 960 540
16134242940 960 540
16134242952 960 540
16134242960 960 540
16134242972 960 540
16134242980 960 540
16134242992 960 540
16134243000 960 540
16134243012 960 540
16134243024 960 540
16134243032 960 540
16134243044 960 540
16134243052 960 540
16134243064 960 540
16134243072 960 540
16134243084 960 540
16134243092 960 540
16134243104 960 540
16134243112 960 540
16134243124 960 540
16134243132 960 540
16134243144 960 540
16134243152 960 540
16134243164 960 540
16134243172 960 540
16134243184 960 540
16134243192 960 540
16134243204 960 540
16134243212 960 540
16134243224 960 540
16134243232 960 540
16134243244 960 540
16134243252 960 540
16134243264 960 540
16134243276 960 540
16134243284 960 540
16134243296 960 540
16134243304 960 540
16134243316 960 540
16134243324 960 540
16134243336 960 540
16134243344 960 540
16134243356 960 540
16134243364 960 540
16134243376 960 540
16134243384 960 540
16134243396 960 540
16134243404 960 540
16134243416 960 540
16134243424 960 540
16134243436 960 540
16134243444 960 540
16134243456 960 540
16134243464 960 540
16134243476 960 540
16134243484 960 540
16134243496 960 540
16134243504 960 540
16134243516 960 540
16134243528 960 540
16134243536 960 540
16134243548 960 540
16134243556 960 540
16134243568 960 540
16134243576 960 540
16134243588 960 540
16134243596 960 540
16134243608 960 540
16134243616 960 540
16134243628 960 540
16134243636 960 540
16134243648 960 540
16134243656 960 540
16134243668 960 540
16134243676 960 540
16134243688 960 540
16134243696 960 540
16134243708 960 540
16134243716 960 540
16134243728 960 540
16134243736 960 540
16134243748 960 540
16134243756 960 540
16134243768 960 540
16134243780 960 540
16134243788 960 540
16134243800 960 540
16134243808 960 540
16134243820 960 540
16134243828 960 540
16134243840 960 540
16134243848 960 540
16134243860 960 540
16134243868 960 540
16134243880 960 540
16134243888 960 540
16134243900 960 540
16134243908 960 540
16134243920 960 540
16134243928 960 540
16134243940 960 540
16134243948 960 540
16134243960 960 540
16134243968 960 540
16134243980 960 540
16134243988 960 540
16134244000 960 540
16134244008 960 540
16134244020 960 540
16134244032 960 540
16134244040 960 540
16134244052 960 540
16134244060 960 540
16134244072 960 540
16134244080 960 540
16134244092 960 540
16134244100 960 540
16134244112 960 540
16134244120 960 540
16134244132 960 540
16134244140 960 540
16134244152 960 540
16134244160 960 540
16134244172 960 540
16134244180 960 540
16134244192 960 540
16134244200 960 540
16134244212 960 540
16134244220 960 540
16134244232 960 540
16134244240 960 540
16134244252 960 540
16134244260 960 540
16134244272 960 540
16134244284 960 540
16134244292 960 540
16134244304 960 540
16134244312 960 190
16134244324 960 190
16134244332 960 190
16134244344 960 190
16134244352 960 190
16134244364 960 190
16134244372 960 190
16134244384 960 190
16134244392 960 190
16134244404 960 190
16134244412 960 190
16134244424 960 190
16134244432 960 190
16134244444 960 190
16134244452 960 190
16134244464 960 190
16134244472 960 190
16134244484 960 190
16134244492 960 190
16134244504 960 190
16134244512 960 190
16134244524 960 190
16134244536 960 190
16134244544 960 190
16134244556 960 190
16134244564 960 190
16134244576 960 190
16134244584 960 190
16134244596 960 190
16134244604 960 190
16134244616 960 190
16134244624 960 190
16134244636 960 190
16134244644 960 190
16134244656 960 190
16134244664 960 190
16134244676 960 190
16134244684 960 190
16134244696 960 190
16134244704 960 190
16134244716 960 190
16134244724 960 190
16134244736 960 190
16134244744 960 190
16134244756 960 190
16134244764 960 190
16134244776 960 190
16134244788 960 190
16134244796 960 190
16134244808 960 190
16134244816 960 190
16134244828 960 190
16134244836 960 190
16134244848 960 190
16134244856 960 190
16134244868 960 190
16134244876 960 190
16134244888 960 190
16134244896 960 190
16134244908 960 190
16134244916 960 190
16134244928 960 190
16134244936 960 190
16134244948 960 190
16134244956 960 190
16134244968 960 190
16134244976 960 190
16134244988 960 190
16134244996 960 190
16134245008 960 190
16134245016 960 190
16134245028 960 190
16134245040 960 190
16134245048 960 190
16134245060 960 190
16134245068 960 190
16134245080 960 190
16134245088 960 190
16134245100 960 190
16134245108 960 190
16134245120 960 190
16134245128 960 190
16134245140 960 190
16134245148 960 190
16134245160 960 190
16134245168 960 190
16134245180 960 190
16134245188 960 190
16134245200 960 190
16134245208 960 190
16134245220 960 190
16134245228 960 190
16134245240 960 190
16134245248 960 190
16134245260 960 190
16134245268 960 190
16134245280 960 190
16134245292 960 190
16134245300 960 190
16134245312 960 190
16134245320 960 190
16134245332 960 190
16134245340 960 190
16134245352 960 190
16134245360 960 190
16134245372 960 190
16134245380 960 190
16134245392 960 190
16134245400 960 190
16134245412 960 190
16134245420 960 190
16134245432 960 190
16134245440 960 190
16134245452 960 190
16134245460 960 190
16134245472 960 190
16134245480 960 190
16134245492 960 190
16134245500 960 190
16134245512 960 190
16134245520 960 190
16134245532 960 190
16134245544 960 190
16134245552 960 190
16134245564 960 190
16134245572 960 190
16134245584 960 190
16134245592 960 190
16134245604 960 190
16134245612 960 190
16134245624 960 190
16134245632 960 190
16134245644 960 190
16134245652 960 190
16134245664 960 190
16134245672 960 190
16134245684 960 190
16134245692 960 190
16134245704 960 190
16134245712 960 190
16134245724 960 190
16134245732 960 190
16134245744 960 190
16134245752 960 190
16134245764 960 190
16134245772 960 190
16134245784 960 190
16134245796 960 190
16134245804 960 190
16134245816 960 540
16134245824 960 540
16134245836 960 540
16134245844 960 540
16134245856 960 540
16134245864 960 540
16134245876 960 540
16134245884 960 540
16134245896 960 540
16134245904 960 540
16134245916 960 540
16134245924 960 540
16134245936 960 540
16134245944 960 540
16134245956 960 540
16134245964 960 540
16134245976 960 540
16134245984 960 540
16134245996 960 540
16134246004 960 540
16134246016 960 540
16134246024 960 540
16134246036 960 540
16134246048 960 540
16134246056 960 540
16134246068 960 540
16134246076 960 540
16134246088 960 540
16134246096 960 540
16134246108 960 540
16134246116 960 540
16134246128 960 540
16134246136 960 540
16134246148 960 540
16134246156 960 540
16134246168 960 540
16134246176 960 540
16134246188 960 540
16134246196 960 540
16134246208 960 540
16134246216 960 540
16134246228 960 540
16134246236 960 540
16134246248 960 540
16134246256 960 540
16134246268 960 540
16134246276 960 540
16134246288 960 540
16134246300 960 540
16134246308 960 540
16134246320 960 540
16134246328 960 540
16134246340 960 540
16134246348 960 540
16134246360 960 540
16134246368 960 540
16134246380 960 540
16134246388 960 540
16134246400 960 540
16134246408 960 540
16134246420 960 540
16134246428 960 540
16134246440 960 540
16134246448 960 540
16134246460 960 540
16134246468 960 540
16134246480 960 540
16134246488 960 540
16134246500 960 540
16134246508 960 540
16134246520 960 540
16134246528 960 540
16134246540 960 540
16134246552 960 540
16134246560 960 540
16134246572 960 540
16134246580 960 540
16134246592 960 540
16134246600 960 540
16134246612 960 540
16134246620 960 540
16134246632 960 540
16134246640 960 540
16134246652 960 540
16134246660 960 540
16134246672 960 540
16134246680 960 540
16134246692 960 540
16134246700 960 540
16134246712 960 540
16134246720 960 540
16134246732 960 540
16134246740 960 540
16134246752 960 540
16134246760 960 540
16134246772 960 540
16134246780 960 540
16134246792 960 540
16134246804 960 540
16134246812 960 540
16134246824 960 540
16134246832 960 540
16134246844 960 540
16134246852 960 540
16134246864 960 540
16134246872 960 540
16134246884 960 540
16134246892 960 540
16134246904 960 540
16134246912 960 540
16134246924 960 540
16134246932 960 540
16134246944 960 540
16134246952 960 540
16134246964 960 540
16134246972 960 540
16134246984 960 540
16134246992 960 540
16134247004 960 540
16134247012 960 540
16134247024 960 540
16134247032 960 540
16134247044 960 540
16134247056 960 540
16134247064 960 540
16134247076 960 540
16134247084 960 540
16134247096 960 540
16134247104 960 540
16134247116 960 540
16134247124 960 540
16134247136 960 540
16134247144 960 540
16134247156 960 540
16134247164 960 540
16134247176 960 540
16134247184 960 540
16134247196 960 540
16134247204 960 540
16134247216 960 540
16134247224 960 540
16134247236 960 540
16134247244 960 540
16134247256 960 540
16134247264 960 540
16134247276 960 540
16134247284 960 540
16134247296 960 540
16134247308 960 540
16134247316 960 715
16134247328 960 715
16134247336 960 715
16134247348 960 715
16134247356 960 715
16134247368 960 715
16134247376 960 715
16134247388 960 715
16134247396 960 715
16134247408 960 715
16134247416 960 715
16134247428 960 715
16134247436 960 715
16134247448 960 715
16134247456 960 715
16134247468 960 715
16134247476 960 715
16134247488 960 715
16134247496 960 715
16134247508 960 715
16134247516 960 715
16134247528 960 715
16134247536 960 715
16134247548 960 715
16134247560 960 715
16134247568 960 715
16134247580 960 715
16134247588 960 715
16134247600 960 715
16134247608 960 715
16134247620 960 715
16134247628 960 715
16134247640 960 715
16134247648 960 715
16134247660 960 715
16134247668 960 715
16134247680 960 715
16134247688 960 715
16134247700 960 715
16134247708 960 715
16134247720 960 715
16134247728 960 715
16134247740 960 715
16134247748 960 715
16134247760 960 715
16134247768 960 715
16134247780 960 715
16134247788 960 715
16134247800 960 715
16134247812 960 715
16134247820 960 715
16134247832 960 715
16134247840 960 715
16134247852 960 715
16134247860 960 715
16134247872 960 715
16134247880 960 715
16134247892 960 715
16134247900 960 715
16134247912 960 715
16134247920 960 715
16134247932 960 715
16134247940 960 715
16134247952 960 715
16134247960 960 715
16134247972 960 715
16134247980 960 715
16134247992 960 715
16134248000 960 715
16134248012 960 715
16134248020 960 715
16134248032 960 715
16134248040 960 715
16134248052 960 715
16134248064 960 715
16134248072 960 715
16134248084 960 715
16134248092 960 715
16134248104 960 715
16134248112 960 715
16134248124 960 715
16134248132 960 715
16134248144 960 715
16134248152 960 715
16134248164 960 715
16134248172 960 715
16134248184 960 715
16134248192 960 715
16134248204 960 715
16134248212 960 715
16134248224 960 715
16134248232 960 715
16134248244 960 715
16134248252 960 715
16134248264 960 715
16134248272 960 715
16134248284 960 715
16134248292 960 715
16134248304 960 715
16134248316 960 715
16134248324 960 715
16134248336 960 715
16134248344 960 715
16134248356 960 715
16134248364 960 715
16134248376 960 715
16134248384 960 715
16134248396 960 715
16134248404 960 715
16134248416 960 715
16134248424 960 715
16134248436 960 715
16134248444 960 715
16134248456 960 715
16134248464 960 715
16134248476 960 715
16134248484 960 715
16134248496 960 715
16134248504 960 715
16134248516 960 715
16134248524 960 715
16134248536 960 715
16134248544 960 715
16134248556 960 715
16134248568 960 715
16134248576 960 715
16134248588 960 715
16134248596 960 715
16134248608 960 715
16134248616 960 715
16134248628 960 715
16134248636 960 715
16134248648 960 715
16134248656 960 715
16134248668 960 715
16134248676 960 715
16134248688 960 715
16134248696 960 715
16134248708 960 715
16134248716 960 715
16134248728 960 715
16134248736 960 715
16134248748 960 715
16134248756 960 715
16134248768 960 715
16134248776 960 715
16134248788 960 715
16134248796 960 715
16134248808 960 715
16134248820 960 540
16134248828 960 540
16134248840 960 540
16134248848 960 540
16134248860 960 540
16134248868 960 540
16134248880 960 540
16134248888 960 540
16134248900 960 540
16134248908 960 540
16134248920 960 540
16134248928 960 540
16134248940 960 540
16134248948 960 540
16134248960 960 540
16134248968 960 540
16134248980 960 540
16134248988 960 540
16134249000 960 540
16134249008 960 540
16134249020 960 540
16134249028 960 540
16134249040 960 540
16134249048 960 540
16134249060 960 540
16134249072 960 540
16134249080 960 540
16134249092 960 540
16134249100 960 540
16134249112 960 540
16134249120 960 540
16134249132 960 540
16134249140 960 540
16134249152 960 540
16134249160 960 540
16134249172 960 540
16134249180 960 540
16134249192 960 540
16134249200 960 540
16134249212 960 540
16134249220 960 540
16134249232 960 540
16134249240 960 540
16134249252 960 540
16134249260 960 540
16134249272 960 540
16134249280 960 540
16134249292 960 540
16134249300 960 540
16134249312 960 540
16134249324 960 540
16134249332 960 540
16134249344 960 540
16134249352 960 540
16134249364 960 540
16134249372 960 540
16134249384 960 540
16134249392 960 540
16134249404 960 540
16134249412 960 540
16134249424 960 540
16134249432 960 540
16134249444 960 540
16134249452 960 540
16134249464 960 540
16134249472 960 540
16134249484 960 540
16134249492 960 540
16134249504 960 540
16134249512 960 540
16134249524 960 540
16134249532 960 540
16134249544 960 540
16134249552 960 540
16134249564 960 540
16134249576 960 540
16134249584 960 540
16134249596 960 540
16134249604 960 540
16134249616 960 540
16134249624 960 540
16134249636 960 540
16134249644 960 540
16134249656 960 540
16134249664 960 540
16134249676 960 540
16134249684 960 540
16134249696 960 540
16134249704 960 540
16134249716 960 540
16134249724 960 540
16134249736 960 540
16134249744 960 540
16134249756 960 540
16134249764 960 540
16134249776 960 540
16134249784 960 540
16134249796 960 540
16134249804 960 540
16134249816 960 540
16134249828 960 540
16134249836 960 540
16134249848 960 540
16134249856 960 540
16134249868 960 540
16134249876 960 540
16134249888 960 540
16134249896 960 540
16134249908 960 540
16134249916 960 540
16134249928 960 540
16134249936 960 540
16134249948 960 540
16134249956 960 540
16134249968 960 540
16134249976 960 540
16134249988 960 540
16134249996 960 540
16134250008 960 540
16134250016 960 540
16134250028 960 540
16134250036 960 540
16134250048 960 540
16134250056 960 540
16134250068 960 540
16134250080 960 540
16134250088 960 540
16134250100 960 540
16134250108 960 540
16134250120 960 540
16134250128 960 540
16134250140 960 540
16134250148 960 540
16134250160 960 540
16134250168 960 540
16134250180 960 540
16134250188 960 540
16134250200 960 540
16134250208 960 540
16134250220 960 540
16134250228 960 540
16134250240 960 540
16134250248 960 540
16134250260 960 540
16134250268 960 540
16134250280 960 540
16134250288 960 540
16134250300 960 540
16134250308 960 540
16134250320 960 890
16134250332 960 890
16134250340 960 890
16134250352 960 890
16134250360 960 890
16134250372 960 890
16134250380 960 890
16134250392 960 890
16134250400 960 890
16134250412 960 890
16134250420 960 890
16134250432 960 890
16134250440 960 890
16134250452 960 890
16134250460 960 890
16134250472 960 890
16134250480 960 890
16134250492 960 890
16134250500 960 890
16134250512 960 890
16134250520 960 890
16134250532 960 890
16134250540 960 890
16134250552 960 890
16134250560 960 890
16134250572 960 890
16134250584 960 890
16134250592 960 890
16134250604 960 890
16134250612 960 890
16134250624 960 890
16134250632 960 890
16134250644 960 890
16134250652 960 890
16134250664 960 890
16134250672 960 890
16134250684 960 890
16134250692 960 890
16134250704 960 890
16134250712 960 890
16134250724 960 890
16134250732 960 890
16134250744 960 890
16134250752 960 890
16134250764 960 890
16134250772 960 890
16134250784 960 890
16134250792 960 890
16134250804 960 890
16134250812 960 890
16134250824 960 890
16134250836 960 890
16134250844 960 890
16134250856 960 890
16134250864 960 890
16134250876 960 890
16134250884 960 890
16134250896 960 890
16134250903 960 890
16134250916 960 890
16134250924 960 890
16134250936 960 890
16134250944 960 890
16134250956 960 890
16134250964 960 890
16134250976 960 890
16134250984 960 890
16134250996 960 890
16134251004 960 890
16134251016 960 890
16134251024 960 890
16134251036 960 890
16134251044 960 890
16134251056 960 890
16134251064 960 890
16134251076 960 890
16134251088 960 890
16134251096 960 890
16134251108 960 890
16134251116 960 890
16134251128 960 890
16134251136 960 890
16134251148 960 890
16134251156 960 890
16134251168 960 890
16134251176 960 890
16134251188 960 890
16134251196 960 890
16134251208 960 890
16134251216 960 890
16134251228 960 890
16134251236 960 890
16134251248 960 890
16134251256 960 890
16134251268 960 890
16134251275 960 890
16134251288 960 890
16134251296 960 890
16134251308 960 890
16134251316 960 890
16134251328 960 890
16134251340 960 890
16134251348 960 890
16134251360 960 890
16134251368 960 890
16134251380 960 890
16134251388 960 890
16134251400 960 890
16134251408 960 890
16134251420 960 890
16134251428 960 890
16134251440 960 890
16134251448 960 890
16134251460 960 890
16134251468 960 890
16134251480 960 890
16134251488 960 890
16134251500 960 890
16134251508 960 890
16134251520 960 890
16134251527 960 890
16134251540 960 890
16134251548 960 890
16134251560 960 890
16134251568 960 890
16134251580 960 890
16134251592 960 890
16134251600 960 890
16134251612 960 890
16134251620 960 890
16134251632 960 890
16134251640 960 890
16134251652 960 890
16134251660 960 890
16134251672 960 890
16134251680 960 890
16134251692 960 890
16134251700 960 890
16134251712 960 890
16134251720 960 890
16134251732 960 890
16134251740 960 890
16134251752 960 890
16134251760 960 890
16134251772 960 890
16134251780 960 890
16134251792 960 890
16134251800 960 890
16134251812 960 890
16134251820 960 540
16134251832 960 540
16134251844 960 540
16134251852 960 540
16134251864 960 540
16134251872 960 540
16134251884 960 540
16134251892 960 540
16134251904 960 540
16134251912 960 540
16134251924 960 540
16134251932 960 540
16134251944 960 540
16134251952 960 540
16134251964 960 540
16134251972 960 540
16134251984 960 540
16134251992 960 540
16134252004 960 540
16134252012 960 540
16134252024 960 540
16134252031 960 540
16134252044 960 540
16134252052 960 540
16134252064 960 540
16134252072 960 540
16134252084 960 540
16134252096 960 540
16134252104 960 540
16134252116 960 540
16134252124 960 540
16134252136 960 540
16134252144 960 540
16134252156 960 540
16134252164 960 540
16134252176 960 540
16134252184 960 540
16134252196 960 540
16134252204 960 540
16134252216 960 540
16134252224 960 540
16134252236 960 540
16134252244 960 540
16134252256 960 540
16134252264 960 540
16134252276 960 540
16134252284 960 540
16134252296 960 540
16134252304 960 540
16134252316 960 540
16134252324 960 540
16134252336 960 540
16134252348 960 540
16134252356 960 540
16134252368 960 540
16134252376 960 540
16134252388 960 540
16134252396 960 540
16134252408 960 540
16134252416 960 540
16134252428 960 540
16134252436 960 540
16134252448 960 540
16134252456 960 540
16134252468 960 540
16134252476 960 540
16134252488 960 540
16134252496 960 540
16134252508 960 540
16134252516 960 540
16134252528 960 540
16134252536 960 540
16134252548 960 540
16134252556 960 540
16134252568 960 540
16134252576 960 540
16134252588 960 540
16134252600 960 540
16134252608 960 540
16134252620 960 540
16134252628 960 540
16134252640 960 540
16134252648 960 540
16134252660 960 540
16134252668 960 540
16134252680 960 540
16134252688 960 540
16134252700 960 540
16134252708 960 540
16134252720 960 540
16134252728 960 540
16134252740 960 540
16134252748 960 540
16134252760 960 540
16134252768 960 540
16134252780 960 540
16134252788 960 540
16134252800 960 540
16134252808 960 540
16134252820 960 540
16134252828 960 540
16134252840 960 540
16134252852 960 540
16134252860 960 540
16134252872 960 540
16134252880 960 540
16134252892 960 540
16134252900 960 540
16134252912 960 540
16134252920 960 540
16134252932 960 540
16134252940 960 540
16134252952 960 540
16134252960 960 540
16134252972 960 540
16134252980 960 540
16134252992 960 540
16134253000 960 540
16134253012 960 540
16134253020 960 540
16134253032 960 540
16134253040 960 540
16134253052 960 540
16134253060 960 540
16134253072 960 540
16134253080 960 540
16134253092 960 540
16134253104 960 540
16134253112 960 540
16134253124 960 540
16134253132 960 540
16134253144 960 540
16134253152 960 540
16134253164 960 540
16134253172 960 540
16134253184 960 540
16134253192 960 540
16134253204 960 540
16134253212 960 540
16134253224 960 540
16134253232 960 540
16134253244 960 540
16134253252 960 540
16134253264 960 540
16134253271 960 540
16134253284 960 540
16134253291 960 540
16134253304 960 540
16134253312 960 540
16134253324 960 890
16134253332 960 890
16134253344 960 890
16134253356 960 890
16134253364 960 890
16134253376 960 890
16134253384 960 890
16134253396 960 890
16134253404 960 890
16134253416 960 890
16134253424 960 890
16134253436 960 890
16134253444 960 890
16134253456 960 890
16134253464 960 890
16134253476 960 890
16134253484 960 890
16134253496 960 890
16134253504 960 890
16134253516 960 890
16134253524 960 890
16134253536 960 890
16134253544 960 890
16134253556 960 890
16134253564 960 890
16134253576 960 890
16134253584 960 890
16134253596 960 890
16134253608 960 890
16134253616 960 890
16134253628 960 890
16134253636 960 890
16134253648 960 890
16134253656 960 890
16134253668 960 890
16134253676 960 890
16134253688 960 890
16134253696 960 890
16134253708 960 890
16134253716 960 890
16134253728 960 890
16134253736 960 890
16134253748 960 890
16134253756 960 890
16134253768 960 890
16134253776 960 890
16134253788 960 890
16134253796 960 890
16134253808 960 890
16134253816 960 890
16134253828 960 890
16134253836 960 890
16134253847 960 890
16134253860 960 890
16134253868 960 890
16134253880 960 890
16134253888 960 890
16134253900 960 890
16134253908 960 890
16134253920 960 890
16134253928 960 890
16134253940 960 890
16134253948 960 890
16134253960 960 890
16134253968 960 890
16134253980 960 890
16134253988 960 890
16134254000 960 890
16134254008 960 890
16134254020 960 890
16134254027 960 890
16134254040 960 890
16134254047 960 890
16134254060 960 890
16134254068 960 890
16134254080 960 890
16134254088 960 890
16134254100 960 890
16134254112 960 890
16134254120 960 890
16134254131 960 890
16134254140 960 890
16134254151 960 890
16134254160 960 890
16134254172 960 890
16134254180 960 890
16134254191 960 890
16134254199 960 890
16134254211 960 890
16134254220 960 890
16134254231 960 890
16134254239 960 890
16134254252 960 890
16134254259 960 890
16134254271 960 890
16134254279 960 890
16134254292 960 890
16134254299 960 890
16134254311 960 890
16134254319 960 890
16134254331 960 890
16134254340 960 890
16134254352 960 890
16134254364 960 890
16134254371 960 890
16134254383 960 890
16134254392 960 890
16134254403 960 890
16134254411 960 890
16134254423 960 890
16134254431 960 890
16134254443 960 890
16134254452 960 890
16134254463 960 890
16134254471 960 890
16134254484 960 890
16134254492 960 890
16134254504 960 890
16134254512 960 890
16134254524 960 890
16134254532 960 890
16134254544 960 890
16134254552 960 890
16134254564 960 890
16134254572 960 890
16134254584 960 890
16134254591 960 890
16134254604 960 890
16134254616 960 890
16134254624 960 890
16134254635 960 890
16134254643 960 890
16134254655 960 890
16134254664 960 890
16134254676 960 890
16134254683 960 890
16134254696 960 890
16134254704 960 890
16134254716 960 890
16134254724 960 890
16134254736 960 890
16134254743 960 890
16134254755 960 890
16134254764 960 890
16134254775 960 890
16134254783 960 890
16134254795 960 890
16134254803 960 890
16134254816 960 890
16134254824 960 540
16134254836 960 540
16134254844 960 540
16134254856 960 540
16134254868 960 540
16134254876 960 540
16134254888 960 540
16134254896 960 540
16134254908 960 540
16134254916 960 540
16134254928 960 540
16134254936 960 540
16134254948 960 540
16134254956 960 540
16134254968 960 540
16134254976 960 540
16134254988 960 540
16134254996 960 540
16134255008 960 540
16134255016 960 540
16134255028 960 540
16134255036 960 540
16134255048 960 540
16134255056 960 540
16134255068 960 540
16134255076 960 540
16134255088 960 540
16134255096 960 540
16134255108 960 540
16134255120 960 540
16134255128 960 540
16134255140 960 540
16134255148 960 540
16134255160 960 540
16134255168 960 540
16134255180 960 540
16134255188 960 540
16134255200 960 540
16134255208 960 540
16134255220 960 540
16134255228 960 540
16134255240 960 540
16134255248 960 540
16134255260 960 540
16134255268 960 540
16134255280 960 540
16134255288 960 540
16134255300 960 540
16134255308 960 540
16134255320 960 540
16134255328 960 540
16134255340 960 540
16134255348 960 540
16134255360 960 540
16134255372 960 540
16134255380 960 540
16134255391 960 540
16134255400 960 540
16134255412 960 540
16134255420 960 540
16134255432 960 540
16134255439 960 540
16134255451 960 540
16134255460 960 540
16134255472 960 540
16134255480 960 540
16134255492 960 540
16134255500 960 540
16134255512 960 540
16134255520 960 540
16134255532 960 540
16134255540 960 540
16134255552 960 540
16134255560 960 540
16134255572 960 540
16134255580 960 540
16134255592 960 540
16134255600 960 540
16134255612 960 540
16134255624 960 540
16134255632 960 540
16134255644 960 540
16134255652 960 540
16134255664 960 540
16134255672 960 540
16134255684 960 540
16134255692 960 540
16134255704 960 540
16134255712 960 540
16134255724 960 540
16134255732 960 540
16134255744 960 540
16134255751 960 540
16134255764 960 540
16134255771 960 540
16134255784 960 540
16134255791 960 540
16134255803 960 540
16134255811 960 540
16134255824 960 540
16134255832 960 540
16134255844 960 540
16134255851 960 540
16134255864 960 540
16134255875 960 540
16134255883 960 540
16134255895 960 540
16134255903 960 540
16134255916 960 540
16134255924 960 540
16134255936 960 540
16134255944 960 540
16134255956 960 540
16134255964 960 540
16134255976 960 540
16134255984 960 540
16134255996 960 540
16134256004 960 540
16134256016 960 540
16134256024 960 540
16134256036 960 540
16134256044 960 540
16134256056 960 540
16134256064 960 540
16134256076 960 540
16134256083 960 540
16134256095 960 540
16134256103 960 540
16134256115 960 540
16134256127 960 540
16134256135 960 540
16134256147 960 540
16134256156 960 540
16134256167 960 540
16134256176 960 540
16134256188 960 540
16134256195 960 540
16134256207 960 540
16134256216 960 540
16134256228 960 540
16134256235 960 540
16134256247 960 540
16134256256 960 540
16134256267 960 540
16134256275 960 540
16134256288 960 540
16134256295 960 540
16134256307 960 540
16134256316 960 540
16134256328 960 365
16134256336 960 365
16134256348 960 365
16134256355 960 365
16134256367 960 365
16134256380 960 365
16134256387 960 365
16134256399 960 365
16134256407 960 365
16134256419 960 365
16134256427 960 365
16134256440 960 365
16134256447 960 365
16134256460 960 365
16134256467 960 365
16134256480 960 365
16134256488 960 365
16134256500 960 365
16134256507 960 365
16134256519 960 365
16134256527 960 365
16134256540 960 365
16134256547 960 365
16134256560 960 365
16134256568 960 365
16134256579 960 365
16134256587 960 365
16134256599 960 365
16134256607 960 365
16134256619 960 365
16134256631 960 365
16134256639 960 365
16134256651 960 365
16134256660 960 365
16134256672 960 365
16134256679 960 365
16134256692 960 365
16134256699 960 365
16134256711 960 365
16134256719 960 365
16134256732 960 365
16134256739 960 365
16134256751 960 365
16134256760 960 365
16134256772 960 365
16134256779 960 365
16134256791 960 365
16134256799 960 365
16134256811 960 365
16134256819 960 365
16134256831 960 365
16134256839 960 365
16134256851 960 365
16134256860 960 365
16134256872 960 365
16134256883 960 365
16134256891 960 365
16134256903 960 365
16134256911 960 365
16134256923 960 365
16134256931 960 365
16134256943 960 365
16134256951 960 365
16134256964 960 365
16134256971 960 365
16134256983 960 365
16134256991 960 365
16134257003 960 365
16134257011 960 365
16134257023 960 365
16134257031 960 365
16134257044 960 365
16134257051 960 365
16134257064 960 365
16134257071 960 365
16134257083 960 365
16134257091 960 365
16134257103 960 365
16134257112 960 365
16134257123 960 365
16134257135 960 365
16134257143 960 365
16134257156 960 365
16134257164 960 365
16134257175 960 365
16134257183 960 365
16134257195 960 365
16134257203 960 365
16134257216 960 365
16134257223 960 365
16134257235 960 365
16134257243 960 365
16134257256 960 365
16134257264 960 365
16134257275 960 365
16134257283 960 365
16134257295 960 365
16134257303 960 365
16134257315 960 365
16134257323 960 365
16134257335 960 365
16134257343 960 365
16134257356 960 365
16134257364 960 365
16134257375 960 365
16134257388 960 365
16134257395 960 365
16134257407 960 365
16134257415 960 365
16134257427 960 365
16134257435 960 365
16134257447 960 365
16134257456 960 365
16134257468 960 365
16134257476 960 365
16134257488 960 365
16134257496 960 365
16134257508 960 365
16134257515 960 365
16134257527 960 365
16134257535 960 365
16134257547 960 365
16134257555 960 365
16134257567 960 365
16134257575 960 365
16134257588 960 365
16134257595 960 365
16134257607 960 365
16134257615 960 365
16134257627 960 365
16134257639 960 365
16134257647 960 365
16134257659 960 365
16134257667 960 365
16134257679 960 365
16134257687 960 365
16134257700 960 365
16134257708 960 365
16134257719 960 365
16134257727 960 365
16134257739 960 365
16134257747 960 365
16134257760 960 365
16134257767 960 365
16134257779 960 365
16134257787 960 365
16134257799 960 365
16134257807 960 365
16134257820 960 365
16134257827 960 540
16134257840 960 540
16134257848 960 540
16134257860 960 540
16134257868 960 540
16134257879 960 540
16134257891 960 540
16134257899 960 540
16134257912 960 540
16134257919 960 540
16134257931 960 540
16134257939 960 540
16134257951 960 540
16134257959 960 540
16134257971 960 540
16134257980 960 540
16134257992 960 540
16134258000 960 540
16134258012 960 540
16134258019 960 540
16134258031 960 540
16134258039 960 540
16134258051 960 540
16134258059 960 540
16134258072 960 540
16134258079 960 540
16134258092 960 540
16134258099 960 540
16134258111 960 540
16134258119 960 540
16134258131 960 540
16134258143 960 540
16134258151 960 540
16134258163 960 540
16134258171 960 540
16134258183 960 540
16134258191 960 540
16134258203 960 540
16134258211 960 540
16134258223 960 540
16134258231 960 540
16134258243 960 540
16134258251 960 540
16134258264 960 540
16134258271 960 540
16134258283 960 540
16134258291 960 540
16134258303 960 540
16134258311 960 540
16134258323 960 540
16134258331 960 540
16134258344 960 540
16134258351 960 540
16134258364 960 540
16134258371 960 540
16134258383 960 540
16134258395 960 540
16134258403 960 540
16134258415 960 540
16134258423 960 540
16134258435 960 540
16134258443 960 540
16134258456 960 540
16134258463 960 540
16134258476 960 540
16134258483 960 540
16134258496 960 540
16134258503 960 540
16134258516 960 540
16134258524 960 540
16134258536 960 540
16134258544 960 540
16134258555 960 540
16134258563 960 540
16134258576 960 540
16134258583 960 540
16134258596 960 540
16134258604 960 540
16134258615 960 540
16134258624 960 540
16134258635 960 540
16134258647 960 540
16134258655 960 540
16134258667 960 540
16134258676 960 540
16134258688 960 540
16134258695 960 540
16134258708 960 540
16134258715 960 540
16134258727 960 540
16134258736 960 540
16134258747 960 540
16134258755 960 540
16134258767 960 540
16134258775 960 540
16134258787 960 540
16134258795 960 540
16134258807 960 540
16134258815 960 540
16134258827 960 540
16134258835 960 540
16134258847 960 540
16134258856 960 540
16134258867 960 540
16134258876 960 540
16134258888 960 540
16134258900 960 540
16134258907 960 540
16134258919 960 540
16134258927 960 540
16134258939 960 540
16134258947 960 540
16134258959 960 540
16134258968 960 540
16134258980 960 540
16134258988 960 540
16134259000 960 540
16134259007 960 540
16134259020 960 540
16134259027 960 540
16134259039 960 540
16134259047 960 540
16134259059 960 540
16134259067 960 540
16134259079 960 540
16134259087 960 540
16134259099 960 540
16134259107 960 540
16134259119 960 540
16134259128 960 540
16134259139 960 540
16134259151 960 540
16134259160 960 540
16134259171 960 540
16134259179 960 540
16134259192 960 540
16134259199 960 540
16134259211 960 540
16134259219 960 540
16134259231 960 540
16134259239 960 540
16134259251 960 540
16134259259 960 540
16134259271 960 540
16134259279 960 540
16134259291 960 540
16134259299 960 540
16134259311 960 540
16134259319 960 540
16134259332 960 365
16134259340 960 365
16134259352 960 365
16134259360 960 365
16134259372 960 365
16134259379 960 365
16134259391 960 365
16134259403 960 365
16134259411 960 365
16134259423 960 365
16134259431 960 365
16134259443 960 365
16134259452 960 365
16134259464 960 365
16134259472 960 365
16134259484 960 365
16134259492 960 365
16134259504 960 365
16134259511 960 365
16134259523 960 365
16134259531 960 365
16134259543 960 365
16134259551 960 365
16134259563 960 365
16134259572 960 365
16134259583 960 365
16134259591 960 365
16134259603 960 365
16134259611 960 365
16134259624 960 365
16134259631 960 365
16134259644 960 365
16134259655 960 365
16134259664 960 365
16134259675 960 365
16134259683 960 365
16134259695 960 365
16134259703 960 365
16134259716 960 365
16134259723 960 365
16134259735 960 365
16134259743 960 365
16134259755 960 365
16134259764 960 365
16134259776 960 365
16134259783 960 365
16134259796 960 365
16134259803 960 365
16134259815 960 365
16134259823 960 365
16134259835 960 365
16134259843 960 365
16134259856 960 365
16134259864 960 365
16134259876 960 365
16134259883 960 365
16134259895 960 365
16134259907 960 365
16134259915 960 365
16134259927 960 365
16134259935 960 365
16134259947 960 365
16134259955 960 365
16134259967 960 365
16134259975 960 365
16134259988 960 365
16134259996 960 365
16134300007 960 365
16134300016 960 365
16134300027 960 365
16134300035 960 365
16134300048 960 365
16134300055 960 365
16134300068 960 365
16134300075 960 365
16134300087 960 365
16134300095 960 365
16134300107 960 365
16134300116 960 365
16134300127 960 365
16134300135 960 365
16134300148 960 365
16134300160 960 365
16134300168 960 365
16134300179 960 365
16134300187 960 365
16134300199 960 365
16134300207 960 365
16134300219 960 365
16134300227 960 365
16134300239 960 365
16134300248 960 365
16134300259 960 365
16134300267 960 365
16134300279 960 365
16134300287 960 365
16134300299 960 365
16134300308 960 365
16134300320 960 365
16134300327 960 365
16134300339 960 365
16134300347 960 365
16134300359 960 365
16134300368 960 365
16134300379 960 365
16134300387 960 365
16134300399 960 365
16134300411 960 365
16134300419 960 365
16134300431 960 365
16134300439 960 365
16134300451 960 365
16134300459 960 365
16134300471 960 365
16134300479 960 365
16134300492 960 365
16134300499 960 365
16134300511 960 365
16134300520 960 365
16134300532 960 365
16134300539 960 365
16134300551 960 365
16134300560 960 365
16134300572 960 365
16134300579 960 365
16134300591 960 365
16134300599 960 365
16134300612 960 365
16134300619 960 365
16134300631 960 365
16134300639 960 365
16134300651 960 365
16134300663 960 365
16134300672 960 365
16134300683 960 365
16134300691 960 365
16134300703 960 365
16134300711 960 365
16134300723 960 365
16134300731 960 365
16134300743 960 365
16134300751 960 365
16134300764 960 365
16134300771 960 365
16134300783 960 365
16134300791 960 365
16134300803 960 365
16134300811 960 365
16134300823 960 365
