16131256622 960 540
16131256635 960 540
16131256642 960 540
16131256654 960 540
16131256662 960 540
16131256674 960 540
16131256682 960 540
16131256695 960 540
16131256702 960 540
16131256714 960 540
16131256722 960 540
16131256734 960 540
16131256742 960 540
16131256754 960 540
16131256762 960 540
16131256774 960 540
16131256782 960 540
16131256794 960 540
16131256802 960 540
16131256814 960 540
16131256822 960 540
16131256834 960 540
16131256842 960 540
16131256854 960 540
16131256866 960 540
16131256874 960 540
16131256886 960 540
16131256894 960 540
16131256906 960 540
16131256914 960 540
16131256926 960 540
16131256934 960 540
16131256946 960 540
16131256954 960 540
16131256966 960 540
16131256974 960 540
16131256986 960 540
16131256994 960 540
16131257006 960 540
16131257014 960 540
16131257026 960 540
16131257034 960 540
16131257046 960 540
16131257054 960 540
16131257066 960 540
16131257074 960 540
16131257086 960 540
16131257094 960 540
16131257106 960 540
16131257118 960 540
16131257126 960 540
16131257138 960 540
16131257146 960 540
16131257158 960 540
16131257166 960 540
16131257178 960 540
16131257186 960 540
16131257198 960 540
16131257206 960 540
16131257218 960 540
16131257226 960 540
16131257238 960 540
16131257246 960 540
16131257258 960 540
16131257266 960 540
16131257278 960 540
16131257286 960 540
16131257298 960 540
16131257306 960 540
16131257318 960 540
16131257326 960 540
16131257339 960 540
16131257346 960 540
16131257358 960 540
16131257370 960 540
16131257378 960 540
16131257390 960 540
16131257398 960 540
16131257410 960 540
16131257418 960 540
16131257430 960 540
16131257438 960 540
16131257450 960 540
16131257458 960 540
16131257470 960 540
16131257478 960 540
16131257490 960 540
16131257498 960 540
16131257510 960 540
16131257518 960 540
16131257530 960 540
16131257538 960 540
16131257550 960 540
16131257558 960 540
16131257570 960 540
16131257578 960 540
16131257590 960 540
16131257598 960 540
16131257610 960 540
16131257622 960 540
16131257630 960 540
16131257642 960 540
16131257650 960 540
16131257662 960 540
16131257670 960 540
16131257682 960 540
16131257690 960 540
16131257702 960 540
16131257710 960 540
16131257722 960 540
16131257730 960 540
16131257742 960 540
16131257750 960 540
16131257762 960 540
16131257770 960 540
16131257782 960 540
16131257790 960 540
16131257802 960 540
16131257810 960 540
16131257822 960 540
16131257830 960 540
16131257843 960 540
16131257850 960 540
16131257862 960 540
16131257874 960 540
16131257882 960 540
16131257894 960 540
16131257902 960 540
16131257914 960 540
16131257922 960 540
16131257934 960 540
16131257942 960 540
16131257954 960 540
16131257962 960 540
16131257974 960 540
16131257982 960 540
16131257994 960 540
16131258002 960 540
16131258014 960 540
16131258022 960 540
16131258034 960 540
16131258042 960 540
16131258054 960 540
16131258062 960 540
16131258074 960 540
16131258082 960 540
16131258094 960 540
16131258102 960 540
16131258114 960 540
16131258127 960 190
16131258134 960 190
16131258146 960 190
16131258154 960 190
16131258166 960 190
16131258174 960 190
16131258186 960 190
16131258194 960 190
16131258206 960 190
16131258214 960 190
16131258226 960 190
16131258234 960 190
16131258246 960 190
16131258254 960 190
16131258266 960 190
16131258274 960 190
16131258286 960 190
16131258295 960 190
16131258306 960 190
16131258314 960 190
16131258326 960 190
16131258334 960 190
16131258346 960 190
16131258354 960 190
16131258366 960 190
16131258378 960 190
16131258386 960 190
16131258398 960 190
16131258406 960 190
16131258418 960 190
16131258426 960 190
16131258438 960 190
16131258446 960 190
16131258458 960 190
16131258466 960 190
16131258478 960 190
16131258486 960 190
16131258498 960 190
16131258506 960 190
16131258518 960 190
16131258526 960 190
16131258538 960 190
16131258546 960 190
16131258558 960 190
16131258566 960 190
16131258578 960 190
16131258586 960 190
16131258598 960 190
16131258606 960 190
16131258618 960 190
16131258630 960 190
16131258638 960 190
16131258650 960 190
16131258658 960 190
16131258670 960 190
16131258678 960 190
16131258690 960 190
16131258698 960 190
16131258710 960 190
16131258718 960 190
16131258730 960 190
16131258738 960 190
16131258750 960 190
16131258758 960 190
16131258770 960 190
16131258778 960 190
16131258790 960 190
16131258798 960 190
16131258810 960 190
16131258818 960 190
16131258830 960 190
16131258838 960 190
16131258850 960 190
16131258858 960 190
16131258870 960 190
16131258882 960 190
16131258890 960 190
16131258902 960 190
16131258910 960 190
16131258922 960 190
16131258930 960 190
16131258942 960 190
16131258950 960 190
16131258962 960 190
16131258970 960 190
16131258982 960 190
16131258990 960 190
16131259002 960 190
16131259010 960 190
16131259022 960 190
16131259030 960 190
16131259042 960 190
16131259050 960 190
16131259062 960 190
16131259070 960 190
16131259082 960 190
16131259090 960 190
16131259102 960 190
16131259110 960 190
16131259122 960 190
16131259134 960 190
16131259142 960 190
16131259154 960 190
16131259162 960 190
16131259174 960 190
16131259182 960 190
16131259194 960 190
16131259202 960 190
16131259214 960 190
16131259222 960 190
16131259234 960 190
16131259242 960 190
16131259254 960 190
16131259262 960 190
16131259274 960 190
16131259282 960 190
16131259294 960 190
16131259302 960 190
16131259314 960 190
16131259322 960 190
16131259334 960 190
16131259342 960 190
16131259354 960 190
16131259362 960 190
16131259374 960 190
16131259387 960 190
16131259394 960 190
16131259406 960 190
16131259414 960 190
16131259426 960 190
16131259434 960 190
16131259446 960 190
16131259454 960 190
16131259466 960 190
16131259474 960 190
16131259486 960 190
16131259494 960 190
16131259506 960 190
16131259514 960 190
16131259526 960 190
16131259534 960 190
16131259546 960 190
16131259554 960 190
16131259566 960 190
16131259574 960 190
16131259586 960 190
16131259594 960 190
16131259606 960 190
16131259614 960 190
16131259628 960 540
16131259639 960 540
16131259646 960 540
16131259658 960 540
16131259666 960 540
16131259678 960 540
16131259686 960 540
16131259698 960 540
16131259706 960 540
16131259718 960 540
16131259726 960 540
16131259738 960 540
16131259746 960 540
16131259758 960 540
16131259766 960 540
16131259778 960 540
16131259786 960 540
16131259799 960 540
16131259806 960 540
16131259818 960 540
16131259826 960 540
16131259838 960 540
16131259846 960 540
16131259858 960 540
16131259866 960 540
16131259878 960 540
16131259890 960 540
16131259898 960 540
16131259910 960 540
16131259918 960 540
16131259930 960 540
16131259938 960 540
16131259950 960 540
16131259958 960 540
16131259970 960 540
16131259978 960 540
16131259990 960 540
16131259998 960 540
16131300010 960 540
16131300018 960 540
16131300030 960 540
16131300038 960 540
16131300050 960 540
16131300058 960 540
16131300070 960 540
16131300078 960 540
16131300090 960 540
16131300098 960 540
16131300110 960 540
16131300118 960 540
16131300130 960 540
16131300142 960 540
16131300150 960 540
16131300162 960 540
16131300170 960 540
16131300182 960 540
16131300190 960 540
16131300202 960 540
16131300210 960 540
16131300222 960 540
16131300230 960 540
16131300242 960 540
16131300250 960 540
16131300262 960 540
16131300270 960 540
16131300282 960 540
16131300290 960 540
16131300302 960 540
16131300310 960 540
16131300322 960 540
16131300330 960 540
16131300342 960 540
16131300350 960 540
16131300362 960 540
16131300370 960 540
16131300382 960 540
16131300394 960 540
16131300402 960 540
16131300414 960 540
16131300422 960 540
16131300434 960 540
16131300442 960 540
16131300454 960 540
16131300462 960 540
16131300474 960 540
16131300482 960 540
16131300494 960 540
16131300502 960 540
16131300514 960 540
16131300522 960 540
16131300534 960 540
16131300542 960 540
16131300554 960 540
16131300562 960 540
16131300574 960 540
16131300582 960 540
16131300594 960 540
16131300602 960 540
16131300614 960 540
16131300622 960 540
16131300634 960 540
16131300646 960 540
16131300654 960 540
16131300666 960 540
16131300674 960 540
16131300686 960 540
16131300694 960 540
16131300706 960 540
16131300714 960 540
16131300726 960 540
16131300734 960 540
16131300746 960 540
16131300754 960 540
16131300766 960 540
16131300774 960 540
16131300786 960 540
16131300794 960 540
16131300806 960 540
16131300814 960 540
16131300826 960 540
16131300834 960 540
16131300846 960 540
16131300854 960 540
16131300866 960 540
16131300874 960 540
16131300886 960 540
16131300898 960 540
16131300906 960 540
16131300918 960 540
16131300926 960 540
16131300938 960 540
16131300946 960 540
16131300958 960 540
16131300966 960 540
16131300978 960 540
16131300986 960 540
16131300998 960 540
16131301006 960 540
16131301018 960 540
16131301026 960 540
16131301038 960 540
16131301046 960 540
16131301058 960 540
16131301066 960 540
16131301078 960 540
16131301086 960 540
16131301098 960 540
16131301106 960 540
16131301118 960 540
16131301126 960 715
16131301139 960 715
16131301150 960 715
16131301158 960 715
16131301170 960 715
16131301178 960 715
16131301190 960 715
16131301198 960 715
16131301210 960 715
16131301218 960 715
16131301230 960 715
16131301238 960 715
16131301250 960 715
16131301258 960 715
16131301270 960 715
16131301278 960 715
16131301290 960 715
16131301299 960 715
16131301310 960 715
16131301318 960 715
16131301330 960 715
16131301338 960 715
16131301350 960 715
16131301358 960 715
16131301370 960 715
16131301378 960 715
16131301390 960 715
16131301402 960 715
16131301410 960 715
16131301422 960 715
16131301430 960 715
16131301442 960 715
16131301450 960 715
16131301462 960 715
16131301470 960 715
16131301482 960 715
16131301490 960 715
16131301502 960 715
16131301510 960 715
16131301522 960 715
16131301530 960 715
16131301542 960 715
16131301550 960 715
16131301562 960 715
16131301570 960 715
16131301582 960 715
16131301590 960 715
16131301602 960 715
16131301610 960 715
16131301622 960 715
16131301630 960 715
16131301642 960 715
16131301654 960 715
16131301662 960 715
16131301674 960 715
16131301682 960 715
16131301696 960 715
16131301702 960 715
16131301714 960 715
16131301722 960 715
16131301734 960 715
16131301742 960 715
16131301754 960 715
16131301762 960 715
16131301774 960 715
16131301782 960 715
16131301794 960 715
16131301802 960 715
16131301814 960 715
16131301822 960 715
16131301834 960 715
16131301842 960 715
16131301854 960 715
16131301862 960 715
16131301874 960 715
16131301882 960 715
16131301894 960 715
16131301906 960 715
16131301914 960 715
16131301926 960 715
16131301934 960 715
16131301946 960 715
16131301954 960 715
16131301966 960 715
16131301974 960 715
16131301986 960 715
16131301994 960 715
16131302006 960 715
16131302014 960 715
16131302026 960 715
16131302034 960 715
16131302046 960 715
16131302054 960 715
16131302066 960 715
16131302074 960 715
16131302086 960 715
16131302094 960 715
16131302106 960 715
16131302114 960 715
16131302126 960 715
16131302134 960 715
16131302146 960 715
16131302158 960 715
16131302166 960 715
16131302178 960 715
16131302186 960 715
16131302198 960 715
16131302206 960 715
16131302218 960 715
16131302226 960 715
16131302238 960 715
16131302246 960 715
16131302258 960 715
16131302266 960 715
16131302278 960 715
16131302286 960 715
16131302298 960 715
16131302306 960 715
16131302318 960 715
16131302326 960 715
16131302338 960 715
16131302346 960 715
16131302358 960 715
16131302366 960 715
16131302378 960 715
16131302386 960 715
16131302398 960 715
16131302410 960 715
16131302418 960 715
16131302430 960 715
16131302438 960 715
16131302450 960 715
16131302458 960 715
16131302470 960 715
16131302478 960 715
16131302490 960 715
16131302498 960 715
16131302510 960 715
16131302518 960 715
16131302530 960 715
16131302538 960 715
16131302550 960 715
16131302558 960 715
16131302570 960 715
16131302578 960 715
16131302590 960 715
16131302598 960 715
16131302610 960 715
16131302618 960 715
16131302631 960 540
16131302638 960 540
16131302650 960 540
16131302662 960 540
16131302670 960 540
16131302682 960 540
16131302690 960 540
16131302702 960 540
16131302710 960 540
16131302722 960 540
16131302730 960 540
16131302742 960 540
16131302750 960 540
16131302762 960 540
16131302770 960 540
16131302782 960 540
16131302790 960 540
16131302802 960 540
16131302810 960 540
16131302822 960 540
16131302830 960 540
16131302842 960 540
16131302850 960 540
16131302862 960 540
16131302870 960 540
16131302882 960 540
16131302890 960 540
16131302902 960 540
16131302914 960 540
16131302922 960 540
16131302934 960 540
16131302942 960 540
16131302954 960 540
16131302962 960 540
16131302974 960 540
16131302982 960 540
16131302994 960 540
16131303002 960 540
16131303014 960 540
16131303022 960 540
16131303034 960 540
16131303042 960 540
16131303054 960 540
16131303062 960 540
16131303074 960 540
16131303082 960 540
16131303094 960 540
16131303102 960 540
16131303114 960 540
16131303122 960 540
16131303134 960 540
16131303142 960 540
16131303154 960 540
16131303166 960 540
16131303174 960 540
16131303186 960 540
16131303194 960 540
16131303206 960 540
16131303214 960 540
16131303226 960 540
16131303234 960 540
16131303246 960 540
16131303254 960 540
16131303266 960 540
16131303274 960 540
16131303286 960 540
16131303294 960 540
16131303306 960 540
16131303314 960 540
16131303326 960 540
16131303334 960 540
16131303346 960 540
16131303354 960 540
16131303366 960 540
16131303374 960 540
16131303386 960 540
16131303394 960 540
16131303406 960 540
16131303418 960 540
16131303426 960 540
16131303438 960 540
16131303446 960 540
16131303458 960 540
16131303466 960 540
16131303478 960 540
16131303486 960 540
16131303498 960 540
16131303506 960 540
16131303518 960 540
16131303526 960 540
16131303538 960 540
16131303546 960 540
16131303558 960 540
16131303566 960 540
16131303578 960 540
16131303586 960 540
16131303598 960 540
16131303606 960 540
16131303618 960 540
16131303626 960 540
16131303638 960 540
16131303646 960 540
16131303658 960 540
16131303670 960 540
16131303678 960 540
16131303690 960 540
16131303698 960 540
16131303710 960 540
16131303718 960 540
16131303730 960 540
16131303738 960 540
16131303750 960 540
16131303758 960 540
16131303770 960 540
16131303778 960 540
16131303790 960 540
16131303798 960 540
16131303810 960 540
16131303818 960 540
16131303830 960 540
16131303838 960 540
16131303850 960 540
16131303858 960 540
16131303870 960 540
16131303878 960 540
16131303890 960 540
16131303898 960 540
16131303910 960 540
16131303922 960 540
16131303930 960 540
16131303942 960 540
16131303950 960 540
16131303962 960 540
16131303970 960 540
16131303982 960 540
16131303990 960 540
16131304002 960 540
16131304010 960 540
16131304022 960 540
16131304030 960 540
16131304042 960 540
16131304050 960 540
16131304062 960 540
16131304070 960 540
16131304082 960 540
16131304090 960 540
16131304102 960 540
16131304110 960 540
16131304122 960 540
16131304130 960 365
16131304143 960 365
16131304150 960 365
16131304162 960 365
16131304174 960 365
16131304182 960 365
16131304194 960 365
16131304202 960 365
16131304214 960 365
16131304222 960 365
16131304234 960 365
16131304242 960 365
16131304254 960 365
16131304262 960 365
16131304274 960 365
16131304282 960 365
16131304294 960 365
16131304302 960 365
16131304314 960 365
16131304322 960 365
16131304334 960 365
16131304342 960 365
16131304354 960 365
16131304362 960 365
16131304374 960 365
16131304382 960 365
16131304394 960 365
16131304402 960 365
16131304414 960 365
16131304426 960 365
16131304434 960 365
16131304446 960 365
16131304454 960 365
16131304466 960 365
16131304474 960 365
16131304486 960 365
16131304494 960 365
16131304506 960 365
16131304514 960 365
16131304526 960 365
16131304534 960 365
16131304546 960 365
16131304554 960 365
16131304566 960 365
16131304574 960 365
16131304586 960 365
16131304594 960 365
16131304606 960 365
16131304614 960 365
16131304626 960 365
16131304634 960 365
16131304646 960 365
16131304654 960 365
16131304666 960 365
16131304678 960 365
16131304686 960 365
16131304698 960 365
16131304706 960 365
16131304718 960 365
16131304726 960 365
16131304738 960 365
16131304746 960 365
16131304758 960 365
16131304766 960 365
16131304778 960 365
16131304786 960 365
16131304798 960 365
16131304806 960 365
16131304818 960 365
16131304826 960 365
16131304838 960 365
16131304846 960 365
16131304858 960 365
16131304866 960 365
16131304878 960 365
16131304886 960 365
16131304898 960 365
16131304906 960 365
16131304918 960 365
16131304930 960 365
16131304938 960 365
16131304950 960 365
16131304958 960 365
16131304970 960 365
16131304978 960 365
16131304990 960 365
16131304998 960 365
16131305010 960 365
16131305018 960 365
16131305030 960 365
16131305038 960 365
16131305050 960 365
16131305058 960 365
16131305070 960 365
16131305078 960 365
16131305090 960 365
16131305098 960 365
16131305110 960 365
16131305118 960 365
16131305130 960 365
16131305138 960 365
16131305150 960 365
16131305158 960 365
16131305170 960 365
16131305182 960 365
16131305190 960 365
16131305202 960 365
16131305210 960 365
16131305222 960 365
16131305230 960 365
16131305242 960 365
16131305250 960 365
16131305262 960 365
16131305270 960 365
16131305282 960 365
16131305290 960 365
16131305302 960 365
16131305310 960 365
16131305322 960 365
16131305330 960 365
16131305342 960 365
16131305350 960 365
16131305362 960 365
16131305370 960 365
16131305382 960 365
16131305390 960 365
16131305402 960 365
16131305410 960 365
16131305422 960 365
16131305434 960 365
16131305442 960 365
16131305454 960 365
16131305462 960 365
16131305474 960 365
16131305482 960 365
16131305494 960 365
16131305502 960 365
16131305514 960 365
16131305522 960 365
16131305534 960 365
16131305542 960 365
16131305554 960 365
16131305562 960 365
16131305574 960 365
16131305582 960 365
16131305594 960 365
16131305602 960 365
16131305614 960 365
16131305622 960 365
16131305635 960 540
16131305642 960 540
16131305654 960 540
16131305662 960 540
16131305674 960 540
16131305686 960 540
16131305694 960 540
16131305706 960 540
16131305714 960 540
16131305726 960 540
16131305734 960 540
16131305746 960 540
16131305754 960 540
16131305766 960 540
16131305774 960 540
16131305786 960 540
16131305794 960 540
16131305806 960 540
16131305814 960 540
16131305826 960 540
16131305834 960 540
16131305846 960 540
16131305854 960 540
16131305866 960 540
16131305874 960 540
16131305886 960 540
16131305894 960 540
16131305906 960 540
16131305914 960 540
16131305926 960 540
16131305938 960 540
16131305946 960 540
16131305958 960 540
16131305966 960 540
16131305978 960 540
16131305986 960 540
16131305998 960 540
16131306006 960 540
16131306018 960 540
16131306026 960 540
16131306038 960 540
16131306046 960 540
16131306058 960 540
16131306066 960 540
16131306078 960 540
16131306086 960 540
16131306098 960 540
16131306106 960 540
16131306118 960 540
16131306126 960 540
16131306138 960 540
16131306146 960 540
16131306158 960 540
16131306166 960 540
16131306178 960 540
16131306190 960 540
16131306198 960 540
16131306210 960 540
16131306218 960 540
16131306230 960 540
16131306238 960 540
16131306250 960 540
16131306258 960 540
16131306270 960 540
16131306278 960 540
16131306290 960 540
16131306298 960 540
16131306310 960 540
16131306318 960 540
16131306330 960 540
16131306338 960 540
16131306350 960 540
16131306358 960 540
16131306370 960 540
16131306378 960 540
16131306390 960 540
16131306398 960 540
16131306410 960 540
16131306418 960 540
16131306430 960 540
16131306442 960 540
16131306450 960 540
16131306462 960 540
16131306470 960 540
16131306482 960 540
16131306490 960 540
16131306502 960 540
16131306510 960 540
16131306522 960 540
16131306530 960 540
16131306542 960 540
16131306550 960 540
16131306562 960 540
16131306570 960 540
16131306582 960 540
16131306590 960 540
16131306602 960 540
16131306610 960 540
16131306622 960 540
16131306630 960 540
16131306642 960 540
16131306650 960 540
16131306662 960 540
16131306670 960 540
16131306682 960 540
16131306695 960 540
16131306702 960 540
16131306714 960 540
16131306722 960 540
16131306734 960 540
16131306742 960 540
16131306754 960 540
16131306762 960 540
16131306774 960 540
16131306782 960 540
16131306794 960 540
16131306802 960 540
16131306814 960 540
16131306822 960 540
16131306834 960 540
16131306842 960 540
16131306854 960 540
16131306862 960 540
16131306874 960 540
16131306882 960 540
16131306894 960 540
16131306902 960 540
16131306914 960 540
16131306922 960 540
16131306934 960 540
16131306946 960 540
16131306954 960 540
16131306966 960 540
16131306974 960 540
16131306986 960 540
16131306994 960 540
16131307006 960 540
16131307014 960 540
16131307026 960 540
16131307034 960 540
16131307046 960 540
16131307054 960 540
16131307066 960 540
16131307074 960 540
16131307086 960 540
16131307094 960 540
16131307106 960 540
16131307114 960 540
16131307126 960 540
16131307134 960 190
16131307147 960 190
16131307154 960 190
16131307166 960 190
16131307174 960 190
16131307186 960 190
16131307198 960 190
16131307206 960 190
16131307218 960 190
16131307226 960 190
16131307238 960 190
16131307246 960 190
16131307258 960 190
16131307266 960 190
16131307278 960 190
16131307286 960 190
16131307298 960 190
16131307306 960 190
16131307318 960 190
16131307326 960 190
16131307338 960 190
16131307346 960 190
16131307358 960 190
16131307366 960 190
16131307378 960 190
16131307386 960 190
16131307398 960 190
16131307406 960 190
16131307418 960 190
16131307426 960 190
16131307438 960 190
16131307450 960 190
16131307458 960 190
16131307470 960 190
16131307478 960 190
16131307490 960 190
16131307498 960 190
16131307510 960 190
16131307518 960 190
16131307530 960 190
16131307538 960 190
16131307550 960 190
16131307558 960 190
16131307570 960 190
16131307578 960 190
16131307590 960 190
16131307598 960 190
16131307610 960 190
16131307618 960 190
16131307630 960 190
16131307638 960 190
16131307650 960 190
16131307658 960 190
16131307670 960 190
16131307678 960 190
16131307690 960 190
16131307702 960 190
16131307710 960 190
16131307722 960 190
16131307730 960 190
16131307742 960 190
16131307750 960 190
16131307762 960 190
16131307770 960 190
16131307782 960 190
16131307790 960 190
16131307802 960 190
16131307810 960 190
16131307822 960 190
16131307830 960 190
16131307842 960 190
16131307850 960 190
16131307862 960 190
16131307870 960 190
16131307882 960 190
16131307890 960 190
16131307902 960 190
16131307910 960 190
16131307922 960 190
16131307930 960 190
16131307942 960 190
16131307954 960 190
16131307962 960 190
16131307974 960 190
16131307982 960 190
16131307994 960 190
16131308002 960 190
16131308014 960 190
16131308022 960 190
16131308034 960 190
16131308042 960 190
16131308054 960 190
16131308062 960 190
16131308074 960 190
16131308082 960 190
16131308094 960 190
16131308102 960 190
16131308114 960 190
16131308122 960 190
16131308134 960 190
16131308142 960 190
16131308154 960 190
16131308162 960 190
16131308174 960 190
16131308182 960 190
16131308194 960 190
16131308206 960 190
16131308214 960 190
16131308226 960 190
16131308234 960 190
16131308246 960 190
16131308254 960 190
16131308266 960 190
16131308274 960 190
16131308286 960 190
16131308294 960 190
16131308306 960 190
16131308314 960 190
16131308326 960 190
16131308334 960 190
16131308346 960 190
16131308354 960 190
16131308366 960 190
16131308374 960 190
16131308386 960 190
16131308394 960 190
16131308406 960 190
16131308414 960 190
16131308426 960 190
16131308434 960 190
16131308446 960 190
16131308458 960 190
16131308466 960 190
16131308478 960 190
16131308486 960 190
16131308498 960 190
16131308506 960 190
16131308518 960 190
16131308526 960 190
16131308538 960 190
16131308546 960 190
16131308558 960 190
16131308566 960 190
16131308578 960 190
16131308586 960 190
16131308598 960 190
16131308606 960 190
16131308618 960 190
16131308626 960 190
16131308639 960 540
16131308646 960 540
16131308658 960 540
16131308666 960 540
16131308678 960 540
16131308686 960 540
16131308698 960 540
16131308710 960 540
16131308718 960 540
16131308730 960 540
16131308738 960 540
16131308750 960 540
16131308758 960 540
16131308770 960 540
16131308778 960 540
16131308790 960 540
16131308798 960 540
16131308810 960 540
16131308818 960 540
16131308830 960 540
16131308838 960 540
16131308850 960 540
16131308858 960 540
16131308870 960 540
16131308878 960 540
16131308890 960 540
16131308898 960 540
16131308910 960 540
16131308918 960 540
16131308930 960 540
16131308938 960 540
16131308950 960 540
16131308962 960 540
16131308970 960 540
16131308982 960 540
16131308990 960 540
16131309002 960 540
16131309010 960 540
16131309022 960 540
16131309030 960 540
16131309042 960 540
16131309050 960 540
16131309062 960 540
16131309070 960 540
16131309082 960 540
16131309090 960 540
16131309102 960 540
16131309110 960 540
16131309122 960 540
16131309130 960 540
16131309142 960 540
16131309150 960 540
16131309162 960 540
16131309170 960 540
16131309182 960 540
16131309190 960 540
16131309202 960 540
16131309214 960 540
16131309222 960 540
16131309234 960 540
16131309242 960 540
16131309254 960 540
16131309262 960 540
16131309274 960 540
16131309282 960 540
16131309294 960 540
16131309302 960 540
16131309314 960 540
16131309322 960 540
16131309334 960 540
16131309342 960 540
16131309354 960 540
16131309362 960 540
16131309374 960 540
16131309382 960 540
16131309394 960 540
16131309402 960 540
16131309414 960 540
16131309422 960 540
16131309434 960 540
16131309442 960 540
16131309454 960 540
16131309466 960 540
16131309474 960 540
16131309486 960 540
16131309494 960 540
16131309506 960 540
16131309514 960 540
16131309526 960 540
16131309534 960 540
16131309546 960 540
16131309554 960 540
16131309566 960 540
16131309574 960 540
16131309586 960 540
16131309594 960 540
16131309606 960 540
16131309614 960 540
16131309626 960 540
16131309634 960 540
16131309646 960 540
16131309654 960 540
16131309666 960 540
16131309674 960 540
16131309686 960 540
16131309694 960 540
16131309706 960 540
16131309718 960 540
16131309726 960 540
16131309738 960 540
16131309746 960 540
16131309758 960 540
16131309766 960 540
16131309778 960 540
16131309786 960 540
16131309798 960 540
16131309806 960 540
16131309818 960 540
16131309826 960 540
16131309838 960 540
16131309846 960 540
16131309858 960 540
16131309866 960 540
16131309878 960 540
16131309886 960 540
16131309898 960 540
16131309906 960 540
16131309918 960 540
16131309926 960 540
16131309938 960 540
16131309946 960 540
16131309958 960 540
16131309970 960 540
16131309978 960 540
16131309990 960 540
16131309998 960 540
16131310010 960 540
16131310018 960 540
16131310030 960 540
16131310038 960 540
16131310050 960 540
16131310058 960 540
16131310070 960 540
16131310078 960 540
16131310090 960 540
16131310098 960 540
16131310110 960 540
16131310118 960 540
16131310130 960 540
16131310138 960 890
16131310151 960 890
16131310158 960 890
16131310170 960 890
16131310178 960 890
16131310190 960 890
16131310198 960 890
16131310210 960 890
16131310222 960 890
16131310230 960 890
16131310242 960 890
16131310250 960 890
16131310262 960 890
16131310270 960 890
16131310282 960 890
16131310290 960 890
16131310302 960 890
16131310310 960 890
16131310322 960 890
16131310330 960 890
16131310342 960 890
16131310350 960 890
16131310362 960 890
16131310370 960 890
16131310382 960 890
16131310390 960 890
16131310402 960 890
16131310410 960 890
16131310422 960 890
16131310430 960 890
16131310442 960 890
16131310450 960 890
16131310462 960 890
16131310474 960 890
16131310482 960 890
16131310494 960 890
16131310502 960 890
16131310514 960 890
16131310522 960 890
16131310534 960 890
16131310542 960 890
16131310554 960 890
16131310562 960 890
16131310574 960 890
16131310582 960 890
16131310594 960 890
16131310602 960 890
16131310614 960 890
16131310622 960 890
16131310634 960 890
16131310642 960 890
16131310654 960 890
16131310662 960 890
16131310674 960 890
16131310682 960 890
16131310694 960 890
16131310702 960 890
16131310714 960 890
16131310726 960 890
16131310734 960 890
16131310746 960 890
16131310754 960 890
16131310766 960 890
16131310774 960 890
16131310786 960 890
16131310794 960 890
16131310806 960 890
16131310814 960 890
16131310826 960 890
16131310834 960 890
16131310846 960 890
16131310854 960 890
16131310866 960 890
16131310874 960 890
16131310886 960 890
16131310894 960 890
16131310906 960 890
16131310914 960 890
16131310926 960 890
16131310934 960 890
16131310946 960 890
16131310954 960 890
16131310966 960 890
16131310978 960 890
16131310986 960 890
16131310998 960 890
16131311006 960 890
16131311018 960 890
16131311026 960 890
16131311038 960 890
16131311046 960 890
16131311058 960 890
16131311066 960 890
16131311078 960 890
16131311086 960 890
16131311098 960 890
16131311106 960 890
16131311118 960 890
16131311126 960 890
16131311138 960 890
16131311146 960 890
16131311158 960 890
16131311166 960 890
16131311178 960 890
16131311186 960 890
16131311198 960 890
16131311206 960 890
16131311218 960 890
16131311230 960 890
16131311238 960 890
16131311250 960 890
16131311258 960 890
16131311270 960 890
16131311278 960 890
16131311290 960 890
16131311298 960 890
16131311310 960 890
16131311318 960 890
16131311330 960 890
16131311338 960 890
16131311350 960 890
16131311358 960 890
16131311370 960 890
16131311378 960 890
16131311390 960 890
16131311398 960 890
16131311410 960 890
16131311418 960 890
16131311430 960 890
16131311438 960 890
16131311450 960 890
16131311458 960 890
16131311470 960 890
16131311482 960 890
16131311490 960 890
16131311502 960 890
16131311510 960 890
16131311522 960 890
16131311530 960 890
16131311542 960 890
16131311550 960 890
16131311562 960 890
16131311570 960 890
16131311582 960 890
16131311590 960 890
16131311602 960 890
16131311610 960 890
16131311622 960 890
16131311630 960 890
16131311643 960 540
16131311650 960 540
16131311662 960 540
16131311670 960 540
16131311682 960 540
16131311690 960 540
16131311702 960 540
16131311710 960 540
16131311722 960 540
16131311734 960 540
16131311742 960 540
16131311754 960 540
16131311762 960 540
16131311774 960 540
16131311782 960 540
16131311794 960 540
16131311802 960 540
16131311814 960 540
16131311822 960 540
16131311834 960 540
16131311842 960 540
16131311854 960 540
16131311862 960 540
16131311874 960 540
16131311882 960 540
16131311894 960 540
16131311902 960 540
16131311914 960 540
16131311922 960 540
16131311934 960 540
16131311942 960 540
16131311954 960 540
16131311962 960 540
16131311974 960 540
16131311986 960 540
16131311994 960 540
16131312006 960 540
16131312014 960 540
16131312026 960 540
16131312034 960 540
16131312046 960 540
16131312054 960 540
16131312066 960 540
16131312074 960 540
16131312086 960 540
16131312094 960 540
16131312106 960 540
16131312114 960 540
16131312126 960 540
16131312134 960 540
16131312146 960 540
16131312154 960 540
16131312166 960 540
16131312174 960 540
16131312186 960 540
16131312194 960 540
16131312206 960 540
16131312214 960 540
16131312226 960 540
16131312238 960 540
16131312246 960 540
16131312258 960 540
16131312266 960 540
16131312278 960 540
16131312286 960 540
16131312298 960 540
16131312306 960 540
16131312318 960 540
16131312326 960 540
16131312338 960 540
16131312346 960 540
16131312358 960 540
16131312366 960 540
16131312378 960 540
16131312386 960 540
16131312398 960 540
16131312406 960 540
16131312418 960 540
16131312426 960 540
16131312438 960 540
16131312446 960 540
16131312458 960 540
16131312466 960 540
16131312478 960 540
16131312490 960 540
16131312498 960 540
16131312510 960 540
16131312518 960 540
16131312530 960 540
16131312538 960 540
16131312550 960 540
16131312558 960 540
16131312570 960 540
16131312578 960 540
16131312590 960 540
16131312598 960 540
16131312610 960 540
16131312618 960 540
16131312630 960 540
16131312638 960 540
16131312650 960 540
16131312658 960 540
16131312670 960 540
16131312678 960 540
16131312690 960 540
16131312698 960 540
16131312710 960 540
16131312718 960 540
16131312730 960 540
16131312742 960 540
16131312750 960 540
16131312762 960 540
16131312770 960 540
16131312782 960 540
16131312790 960 540
16131312802 960 540
16131312810 960 540
16131312822 960 540
16131312830 960 540
16131312842 960 540
16131312850 960 540
16131312862 960 540
16131312870 960 540
16131312882 960 540
16131312890 960 540
16131312902 960 540
16131312910 960 540
16131312922 960 540
16131312930 960 540
16131312942 960 540
16131312950 960 540
16131312962 960 540
16131312971 960 540
16131312982 960 540
16131312994 960 540
16131313002 960 540
16131313014 960 540
16131313022 960 540
16131313034 960 540
16131313042 960 540
16131313054 960 540
16131313062 960 540
16131313074 960 540
16131313082 960 540
16131313094 960 540
16131313102 960 540
16131313114 960 540
16131313122 960 540
16131313134 960 540
16131313142 960 365
16131313155 960 365
16131313162 960 365
16131313174 960 365
16131313182 960 365
16131313194 960 365
16131313202 960 365
16131313214 960 365
16131313222 960 365
16131313234 960 365
16131313246 960 365
16131313254 960 365
16131313266 960 365
16131313274 960 365
16131313286 960 365
16131313294 960 365
16131313306 960 365
16131313314 960 365
16131313326 960 365
16131313334 960 365
16131313346 960 365
16131313354 960 365
16131313366 960 365
16131313374 960 365
16131313386 960 365
16131313394 960 365
16131313406 960 365
16131313414 960 365
16131313426 960 365
16131313434 960 365
16131313446 960 365
16131313454 960 365
16131313466 960 365
16131313474 960 365
16131313486 960 365
16131313498 960 365
16131313506 960 365
16131313518 960 365
16131313526 960 365
16131313538 960 365
16131313546 960 365
16131313558 960 365
16131313566 960 365
16131313578 960 365
16131313586 960 365
16131313598 960 365
16131313606 960 365
16131313618 960 365
16131313626 960 365
16131313638 960 365
16131313646 960 365
16131313658 960 365
16131313666 960 365
16131313678 960 365
16131313686 960 365
16131313698 960 365
16131313706 960 365
16131313718 960 365
16131313726 960 365
16131313738 960 365
16131313750 960 365
16131313758 960 365
16131313770 960 365
16131313778 960 365
16131313790 960 365
16131313798 960 365
16131313810 960 365
16131313819 960 365
16131313830 960 365
16131313838 960 365
16131313850 960 365
16131313858 960 365
16131313870 960 365
16131313878 960 365
16131313890 960 365
16131313898 960 365
16131313910 960 365
16131313918 960 365
16131313930 960 365
16131313938 960 365
16131313950 960 365
16131313958 960 365
16131313970 960 365
16131313978 960 365
16131313990 960 365
16131314002 960 365
16131314010 960 365
16131314022 960 365
16131314030 960 365
16131314042 960 365
16131314050 960 365
16131314062 960 365
16131314070 960 365
16131314082 960 365
16131314090 960 365
16131314102 960 365
16131314110 960 365
16131314122 960 365
16131314130 960 365
16131314142 960 365
16131314150 960 365
16131314162 960 365
16131314170 960 365
16131314182 960 365
16131314190 960 365
16131314202 960 365
16131314210 960 365
16131314222 960 365
16131314230 960 365
16131314242 960 365
16131314254 960 365
16131314262 960 365
16131314274 960 365
16131314282 960 365
16131314294 960 365
16131314302 960 365
16131314314 960 365
16131314322 960 365
16131314334 960 365
16131314342 960 365
16131314354 960 365
16131314362 960 365
16131314374 960 365
16131314382 960 365
16131314394 960 365
16131314402 960 365
16131314414 960 365
16131314422 960 365
16131314434 960 365
16131314442 960 365
16131314454 960 365
16131314462 960 365
16131314474 960 365
16131314482 960 365
16131314494 960 365
16131314506 960 365
16131314514 960 365
16131314526 960 365
16131314534 960 365
16131314546 960 365
16131314554 960 365
16131314566 960 365
16131314574 960 365
16131314586 960 365
16131314594 960 365
16131314606 960 365
16131314614 960 365
16131314626 960 365
16131314634 960 365
16131314647 960 540
16131314655 960 540
16131314666 960 540
16131314674 960 540
16131314686 960 540
16131314694 960 540
16131314706 960 540
16131314714 960 540
16131314726 960 540
16131314734 960 540
16131314746 960 540
16131314758 960 540
16131314766 960 540
16131314778 960 540
16131314786 960 540
16131314798 960 540
16131314806 960 540
16131314818 960 540
16131314826 960 540
16131314838 960 540
16131314846 960 540
16131314858 960 540
16131314866 960 540
16131314878 960 540
16131314886 960 540
16131314898 960 540
16131314906 960 540
16131314918 960 540
16131314926 960 540
16131314938 960 540
16131314946 960 540
16131314958 960 540
16131314966 960 540
16131314978 960 540
16131314986 960 540
16131314998 960 540
16131315010 960 540
16131315018 960 540
16131315030 960 540
16131315038 960 540
16131315050 960 540
16131315058 960 540
16131315070 960 540
16131315078 960 540
16131315090 960 540
16131315098 960 540
16131315110 960 540
16131315118 960 540
16131315130 960 540
16131315138 960 540
16131315150 960 540
16131315158 960 540
16131315170 960 540
16131315178 960 540
16131315190 960 540
16131315198 960 540
16131315210 960 540
16131315218 960 540
16131315230 960 540
16131315238 960 540
16131315250 960 540
16131315262 960 540
16131315270 960 540
16131315282 960 540
16131315290 960 540
16131315302 960 540
16131315310 960 540
16131315322 960 540
16131315330 960 540
16131315342 960 540
16131315350 960 540
16131315362 960 540
16131315370 960 540
16131315382 960 540
16131315390 960 540
16131315402 960 540
16131315410 960 540
16131315422 960 540
16131315430 960 540
16131315442 960 540
16131315450 960 540
16131315462 960 540
16131315470 960 540
16131315482 960 540
16131315490 960 540
16131315502 960 540
16131315514 960 540
16131315522 960 540
16131315534 960 540
16131315542 960 540
16131315554 960 540
16131315562 960 540
16131315574 960 540
16131315582 960 540
16131315594 960 540
16131315602 960 540
16131315614 960 540
16131315622 960 540
16131315634 960 540
16131315642 960 540
16131315654 960 540
16131315662 960 540
16131315674 960 540
16131315682 960 540
16131315694 960 540
16131315702 960 540
16131315714 960 540
16131315722 960 540
16131315734 960 540
16131315742 960 540
16131315754 960 540
16131315766 960 540
16131315774 960 540
16131315786 960 540
16131315794 960 540
16131315806 960 540
16131315814 960 540
16131315826 960 540
16131315834 960 540
16131315846 960 540
16131315854 960 540
16131315866 960 540
16131315874 960 540
16131315886 960 540
16131315894 960 540
16131315906 960 540
16131315914 960 540
16131315926 960 540
16131315934 960 540
16131315946 960 540
16131315954 960 540
16131315966 960 540
16131315974 960 540
16131315986 960 540
16131315994 960 540
16131316006 960 540
16131316018 960 540
16131316026 960 540
16131316038 960 540
16131316046 960 540
16131316058 960 540
16131316066 960 540
16131316078 960 540
16131316086 960 540
16131316098 960 540
16131316106 960 540
16131316118 960 540
16131316126 960 540
16131316138 960 540
16131316146 960 715
16131316158 960 715
16131316166 960 715
16131316178 960 715
16131316186 960 715
16131316198 960 715
16131316206 960 715
16131316218 960 715
16131316226 960 715
16131316238 960 715
16131316246 960 715
16131316258 960 715
16131316270 960 715
16131316278 960 715
16131316290 960 715
16131316298 960 715
16131316310 960 715
16131316318 960 715
16131316330 960 715
16131316338 960 715
16131316350 960 715
16131316358 960 715
16131316370 960 715
16131316378 960 715
16131316390 960 715
16131316398 960 715
16131316410 960 715
16131316418 960 715
16131316430 960 715
16131316438 960 715
16131316450 960 715
16131316458 960 715
16131316470 960 715
16131316478 960 715
16131316490 960 715
16131316498 960 715
16131316510 960 715
16131316522 960 715
16131316530 960 715
16131316542 960 715
16131316550 960 715
16131316562 960 715
16131316570 960 715
16131316582 960 715
16131316590 960 715
16131316602 960 715
16131316610 960 715
16131316622 960 715
16131316630 960 715
16131316642 960 715
16131316650 960 715
16131316662 960 715
16131316670 960 715
16131316682 960 715
16131316690 960 715
16131316702 960 715
16131316710 960 715
16131316722 960 715
16131316730 960 715
16131316742 960 715
16131316750 960 715
16131316762 960 715
16131316774 960 715
16131316782 960 715
16131316794 960 715
16131316802 960 715
16131316814 960 715
16131316822 960 715
16131316834 960 715
16131316842 960 715
16131316854 960 715
16131316862 960 715
16131316874 960 715
16131316882 960 715
16131316894 960 715
16131316902 960 715
16131316914 960 715
16131316922 960 715
16131316934 960 715
16131316942 960 715
16131316954 960 715
16131316962 960 715
16131316974 960 715
16131316982 960 715
16131316994 960 715
16131317002 960 715
16131317014 960 715
16131317026 960 715
16131317034 960 715
16131317046 960 715
16131317054 960 715
16131317066 960 715
16131317074 960 715
16131317086 960 715
16131317094 960 715
16131317106 960 715
16131317114 960 715
16131317126 960 715
16131317134 960 715
16131317146 960 715
16131317154 960 715
16131317166 960 715
16131317174 960 715
16131317186 960 715
16131317194 960 715
16131317206 960 715
16131317214 960 715
16131317226 960 715
16131317234 960 715
16131317246 960 715
16131317254 960 715
16131317266 960 715
16131317278 960 715
16131317286 960 715
16131317298 960 715
16131317306 960 715
16131317318 960 715
16131317326 960 715
16131317338 960 715
16131317346 960 715
16131317358 960 715
16131317366 960 715
16131317378 960 715
16131317386 960 715
16131317398 960 715
16131317406 960 715
16131317418 960 715
16131317426 960 715
16131317438 960 715
16131317446 960 715
16131317458 960 715
16131317466 960 715
16131317478 960 715
16131317486 960 715
16131317498 960 715
16131317506 960 715
16131317518 960 715
16131317530 960 715
16131317538 960 715
16131317550 960 715
16131317558 960 715
16131317570 960 715
16131317578 960 715
16131317590 960 715
16131317598 960 715
16131317610 960 715
16131317618 960 715
16131317630 960 715
16131317638 960 715
16131317651 960 540
16131317658 960 540
16131317670 960 540
16131317678 960 540
16131317690 960 540
16131317698 960 540
16131317710 960 540
16131317718 960 540
16131317730 960 540
16131317738 960 540
16131317750 960 540
16131317758 960 540
16131317770 960 540
16131317782 960 540
16131317790 960 540
16131317802 960 540
16131317810 960 540
16131317822 960 540
16131317830 960 540
16131317842 960 540
16131317850 960 540
16131317862 960 540
16131317870 960 540
16131317882 960 540
16131317890 960 540
16131317902 960 540
16131317910 960 540
16131317922 960 540
16131317930 960 540
16131317942 960 540
16131317950 960 540
16131317962 960 540
16131317970 960 540
16131317982 960 540
16131317990 960 540
16131318002 960 540
16131318010 960 540
16131318022 960 540
16131318034 960 540
16131318042 960 540
16131318054 960 540
16131318062 960 540
16131318074 960 540
16131318082 960 540
16131318094 960 540
16131318102 960 540
16131318114 960 540
16131318122 960 540
16131318134 960 540
16131318142 960 540
16131318154 960 540
16131318162 960 540
16131318174 960 540
16131318182 960 540
16131318194 960 540
16131318202 960 540
16131318214 960 540
16131318222 960 540
16131318234 960 540
16131318242 960 540
16131318254 960 540
16131318262 960 540
16131318274 960 540
16131318286 960 540
16131318294 960 540
16131318306 960 540
16131318314 960 540
16131318326 960 540
16131318334 960 540
16131318346 960 540
16131318354 960 540
16131318366 960 540
16131318374 960 540
16131318386 960 540
16131318394 960 540
16131318406 960 540
16131318414 960 540
16131318426 960 540
16131318434 960 540
16131318446 960 540
16131318454 960 540
16131318466 960 540
16131318474 960 540
16131318486 960 540
16131318494 960 540
16131318506 960 540
16131318514 960 540
16131318526 960 540
16131318538 960 540
16131318546 960 540
16131318558 960 540
16131318566 960 540
16131318578 960 540
16131318586 960 540
16131318598 960 540
16131318606 960 540
16131318618 960 540
16131318626 960 540
16131318638 960 540
16131318646 960 540
16131318658 960 540
16131318666 960 540
16131318678 960 540
16131318686 960 540
16131318698 960 540
16131318706 960 540
16131318718 960 540
16131318726 960 540
16131318738 960 540
16131318746 960 540
16131318758 960 540
16131318766 960 540
16131318778 960 540
16131318790 960 540
16131318798 960 540
16131318810 960 540
16131318818 960 540
16131318830 960 540
16131318838 960 540
16131318850 960 540
16131318858 960 540
16131318870 960 540
16131318878 960 540
16131318890 960 540
16131318898 960 540
16131318910 960 540
16131318918 960 540
16131318930 960 540
16131318938 960 540
16131318950 960 540
16131318958 960 540
16131318970 960 540
16131318978 960 540
16131318990 960 540
16131318998 960 540
16131319010 960 540
16131319018 960 540
16131319030 960 540
16131319042 960 540
16131319050 960 540
16131319062 960 540
16131319070 960 540
16131319082 960 540
16131319090 960 540
16131319102 960 540
16131319110 960 540
16131319122 960 540
16131319130 960 540
16131319142 960 540
16131319150 960 890
16131319162 960 890
16131319170 960 890
16131319182 960 890
16131319190 960 890
16131319202 960 890
16131319210 960 890
16131319222 960 890
16131319230 960 890
16131319242 960 890
16131319250 960 890
16131319262 960 890
16131319270 960 890
16131319282 960 890
16131319294 960 890
16131319302 960 890
16131319314 960 890
16131319322 960 890
16131319334 960 890
16131319342 960 890
16131319354 960 890
16131319362 960 890
16131319374 960 890
16131319382 960 890
16131319394 960 890
16131319402 960 890
16131319414 960 890
16131319422 960 890
16131319434 960 890
16131319442 960 890
16131319454 960 890
16131319462 960 890
16131319474 960 890
16131319482 960 890
16131319494 960 890
16131319502 960 890
16131319514 960 890
16131319522 960 890
16131319534 960 890
16131319546 960 890
16131319554 960 890
16131319566 960 890
16131319574 960 890
16131319586 960 890
16131319594 960 890
16131319606 960 890
16131319614 960 890
16131319626 960 890
16131319634 960 890
16131319646 960 890
16131319654 960 890
16131319666 960 890
16131319674 960 890
16131319686 960 890
16131319694 960 890
16131319706 960 890
16131319714 960 890
16131319726 960 890
16131319734 960 890
16131319746 960 890
16131319754 960 890
16131319766 960 890
16131319774 960 890
16131319786 960 890
16131319798 960 890
16131319806 960 890
16131319818 960 890
16131319826 960 890
16131319838 960 890
16131319846 960 890
16131319858 960 890
16131319866 960 890
16131319878 960 890
16131319886 960 890
16131319898 960 890
16131319906 960 890
16131319918 960 890
16131319926 960 890
16131319938 960 890
16131319946 960 890
16131319958 960 890
16131319966 960 890
16131319978 960 890
16131319986 960 890
16131319998 960 890
16131320006 960 890
16131320018 960 890
16131320026 960 890
16131320038 960 890
16131320050 960 890
16131320058 960 890
16131320070 960 890
16131320078 960 890
16131320090 960 890
16131320098 960 890
16131320110 960 890
16131320118 960 890
16131320130 960 890
16131320138 960 890
16131320150 960 890
16131320158 960 890
16131320170 960 890
16131320178 960 890
16131320190 960 890
16131320198 960 890
16131320210 960 890
16131320218 960 890
16131320230 960 890
16131320238 960 890
16131320250 960 890
16131320258 960 890
16131320270 960 890
16131320278 960 890
16131320290 960 890
16131320302 960 890
16131320310 960 890
16131320322 960 890
16131320330 960 890
16131320342 960 890
16131320350 960 890
16131320362 960 890
16131320370 960 890
16131320382 960 890
16131320390 960 890
16131320402 960 890
16131320410 960 890
16131320422 960 890
16131320430 960 890
16131320442 960 890
16131320450 960 890
16131320462 960 890
16131320470 960 890
16131320482 960 890
16131320490 960 890
16131320502 960 890
16131320510 960 890
16131320522 960 890
16131320530 960 890
16131320542 960 890
16131320554 960 890
16131320562 960 890
16131320574 960 890
16131320582 960 890
16131320594 960 890
16131320602 960 890
16131320614 960 890
16131320622 960 890
16131320634 960 890
16131320642 960 890
