04163937810 20 20
04163937817 20 20
04163937829 20 20
04163937837 20 20
04163937849 20 20
04163937857 20 20
04163937869 20 20
04163937877 20 20
04163937889 20 20
04163937897 20 20
04163937909 20 20
04163937917 20 20
04163937929 20 20
04163937937 20 20
04163937949 20 20
04163937961 20 20
04163937969 20 20
04163937981 20 20
04163937989 20 20
04163938001 20 20
04163938009 20 20
04163938021 20 20
04163938029 20 20
04163938041 20 20
04163938049 20 20
04163938061 20 20
04163938069 20 20
04163938081 20 20
04163938089 20 20
04163938101 20 20
04163938109 20 20
04163938121 20 20
04163938129 20 20
04163938141 20 20
04163938149 20 20
04163938161 20 20
04163938169 20 20
04163938181 20 20
04163938189 20 20
04163938201 20 20
04163938213 20 20
04163938221 20 20
04163938233 20 20
04163938241 20 20
04163938253 20 20
04163938261 20 20
04163938273 20 20
04163938281 20 20
04163938293 20 20
04163938301 20 20
04163938313 20 20
04163938321 20 20
04163938333 20 20
04163938341 20 20
04163938353 20 20
04163938361 20 20
04163938373 20 20
04163938381 20 20
04163938393 20 20
04163938401 20 20
04163938413 20 20
04163938421 20 20
04163938433 20 20
04163938441 20 20
04163938453 20 20
04163938465 20 20
04163938473 20 20
04163938485 20 20
04163938493 20 20
04163938505 20 20
04163938513 20 20
04163938525 20 20
04163938533 20 20
04163938545 20 20
04163938553 20 20
04163938565 20 20
04163938573 20 20
04163938585 20 20
04163938593 20 20
04163938605 20 20
04163938613 20 20
04163938625 20 20
04163938633 20 20
04163938645 20 20
04163938653 20 20
04163938665 20 20
04163938673 20 20
04163938685 20 20
04163938693 20 20
04163938705 20 20
04163938717 20 20
04163938725 20 20
04163938737 20 20
04163938745 20 20
04163938757 20 20
04163938765 20 20
04163938777 20 20
04163938785 20 20
04163938797 20 20
04163938805 20 20
04163938817 20 20
04163938825 20 20
04163938837 20 20
04163938845 20 20
04163938857 20 20
04163938865 20 20
04163938877 20 20
04163938885 20 20
04163938897 20 20
04163938905 20 20
04163938917 20 20
04163938925 20 20
04163938937 20 20
04163938945 20 20
04163938957 20 20
04163938969 20 20
04163938977 20 20
04163938989 20 20
04163938997 20 20
04163939009 20 20
04163939017 20 20
04163939029 20 20
04163939037 20 20
04163939049 20 20
04163939057 20 20
04163939069 20 20
04163939077 20 20
04163939089 20 20
04163939097 20 20
04163939109 20 20
04163939117 20 20
04163939129 20 20
04163939137 20 20
04163939149 20 20
04163939157 20 20
04163939169 20 20
04163939177 20 20
04163939189 20 20
04163939197 20 20
04163939209 20 20
04163939221 20 20
04163939229 20 20
04163939241 20 20
04163939249 20 20
04163939261 20 20
04163939269 20 20
04163939281 20 20
04163939289 20 20
04163939301 20 20
04163940814 960 20
04163940821 960 20
04163940833 960 20
04163940841 960 20
04163940853 960 20
04163940861 960 20
04163940873 960 20
04163940881 960 20
04163940893 960 20
04163940901 960 20
04163940913 960 20
04163940921 960 20
04163940933 960 20
04163940941 960 20
04163940953 960 20
04163940961 960 20
04163940973 960 20
04163940985 960 20
04163940993 960 20
04163941005 960 20
04163941013 960 20
04163941025 960 20
04163941033 960 20
04163941045 960 20
04163941053 960 20
04163941065 960 20
04163941073 960 20
04163941085 960 20
04163941093 960 20
04163941105 960 20
04163941113 960 20
04163941125 960 20
04163941133 960 20
04163941145 960 20
04163941153 960 20
04163941165 960 20
04163941173 960 20
04163941185 960 20
04163941193 960 20
04163941205 960 20
04163941213 960 20
04163941225 960 20
04163941237 960 20
04163941245 960 20
04163941257 960 20
04163941265 960 20
04163941277 960 20
04163941285 960 20
04163941297 960 20
04163941305 960 20
04163941317 960 20
04163941325 960 20
04163941337 960 20
04163941345 960 20
04163941357 960 20
04163941368 960 20
04163941377 960 20
04163941385 960 20
04163941397 960 20
04163941405 960 20
04163941417 960 20
04163941425 960 20
04163941437 960 20
04163941445 960 20
04163941457 960 20
04163941465 960 20
04163941477 960 20
04163941489 960 20
04163941497 960 20
04163941509 960 20
04163941517 960 20
04163941529 960 20
04163941537 960 20
04163941549 960 20
04163941557 960 20
04163941569 960 20
04163941577 960 20
04163941589 960 20
04163941597 960 20
04163941609 960 20
04163941617 960 20
04163941629 960 20
04163941637 960 20
04163941649 960 20
04163941657 960 20
04163941669 960 20
04163941677 960 20
04163941689 960 20
04163941697 960 20
04163941709 960 20
04163941717 960 20
04163941729 960 20
04163941741 960 20
04163941749 960 20
04163941761 960 20
04163941769 960 20
04163941781 960 20
04163941789 960 20
04163941801 960 20
04163941809 960 20
04163941821 960 20
04163941829 960 20
04163941841 960 20
04163941849 960 20
04163941861 960 20
04163941869 960 20
04163941881 960 20
04163941889 960 20
04163941901 960 20
04163941909 960 20
04163941921 960 20
04163941929 960 20
04163941941 960 20
04163941949 960 20
04163941961 960 20
04163941969 960 20
04163941981 960 20
04163941993 960 20
04163942001 960 20
04163942013 960 20
04163942021 960 20
04163942033 960 20
04163942041 960 20
04163942053 960 20
04163942061 960 20
04163942073 960 20
04163942081 960 20
04163942093 960 20
04163942101 960 20
04163942113 960 20
04163942121 960 20
04163942133 960 20
04163942141 960 20
04163942153 960 20
04163942161 960 20
04163942173 960 20
04163942181 960 20
04163942193 960 20
04163942201 960 20
04163942213 960 20
04163942221 960 20
04163942233 960 20
04163942245 960 20
04163942253 960 20
04163942265 960 20
04163942273 960 20
04163942285 960 20
04163942293 960 20
04163942305 960 20
04163943818 1900 20
04163943825 1900 20
04163943837 1900 20
04163943845 1900 20
04163943857 1900 20
04163943865 1900 20
04163943877 1900 20
04163943885 1900 20
04163943897 1900 20
04163943905 1900 20
04163943917 1900 20
04163943925 1900 20
04163943937 1900 20
04163943945 1900 20
04163943957 1900 20
04163943965 1900 20
04163943977 1900 20
04163943985 1900 20
04163943997 1900 20
04163944009 1900 20
04163944017 1900 20
04163944029 1900 20
04163944037 1900 20
04163944049 1900 20
04163944057 1900 20
04163944069 1900 20
04163944077 1900 20
04163944089 1900 20
04163944097 1900 20
04163944109 1900 20
04163944117 1900 20
04163944129 1900 20
04163944137 1900 20
04163944149 1900 20
04163944157 1900 20
04163944169 1900 20
04163944177 1900 20
04163944189 1900 20
04163944197 1900 20
04163944209 1900 20
04163944217 1900 20
04163944229 1900 20
04163944237 1900 20
04163944249 1900 20
04163944261 1900 20
04163944269 1900 20
04163944281 1900 20
04163944289 1900 20
04163944301 1900 20
04163944309 1900 20
04163944321 1900 20
04163944329 1900 20
04163944341 1900 20
04163944349 1900 20
04163944361 1900 20
04163944369 1900 20
04163944381 1900 20
04163944389 1900 20
04163944401 1900 20
04163944409 1900 20
04163944421 1900 20
04163944429 1900 20
04163944441 1900 20
04163944449 1900 20
04163944461 1900 20
04163944469 1900 20
04163944481 1900 20
04163944489 1900 20
04163944501 1900 20
04163944513 1900 20
04163944521 1900 20
04163944533 1900 20
04163944541 1900 20
04163944553 1900 20
04163944561 1900 20
04163944573 1900 20
04163944581 1900 20
04163944593 1900 20
04163944601 1900 20
04163944613 1900 20
04163944621 1900 20
04163944633 1900 20
04163944641 1900 20
04163944653 1900 20
04163944661 1900 20
04163944673 1900 20
04163944681 1900 20
04163944693 1900 20
04163944701 1900 20
04163944713 1900 20
04163944721 1900 20
04163944733 1900 20
04163944741 1900 20
04163944753 1900 20
04163944765 1900 20
04163944773 1900 20
04163944785 1900 20
04163944793 1900 20
04163944805 1900 20
04163944813 1900 20
04163944825 1900 20
04163944833 1900 20
04163944845 1900 20
04163944853 1900 20
04163944865 1900 20
04163944873 1900 20
04163944885 1900 20
04163944893 1900 20
04163944905 1900 20
04163944913 1900 20
04163944925 1900 20
04163944933 1900 20
04163944945 1900 20
04163944953 1900 20
04163944965 1900 20
04163944973 1900 20
04163944985 1900 20
04163944993 1900 20
04163945005 1900 20
04163945017 1900 20
04163945025 1900 20
04163945037 1900 20
04163945045 1900 20
04163945057 1900 20
04163945065 1900 20
04163945077 1900 20
04163945085 1900 20
04163945097 1900 20
04163945105 1900 20
04163945117 1900 20
04163945125 1900 20
04163945137 1900 20
04163945145 1900 20
04163945157 1900 20
04163945165 1900 20
04163945177 1900 20
04163945185 1900 20
04163945197 1900 20
04163945205 1900 20
04163945217 1900 20
04163945225 1900 20
04163945237 1900 20
04163945245 1900 20
04163945257 1900 20
04163945269 1900 20
04163945277 1900 20
04163945289 1900 20
04163945297 1900 20
04163945309 1900 20
04163946822 1900 540
04163946829 1900 540
04163946841 1900 540
04163946849 1900 540
04163946861 1900 540
04163946869 1900 540
04163946881 1900 540
04163946889 1900 540
04163946901 1900 540
04163946909 1900 540
04163946921 1900 540
04163946929 1900 540
04163946941 1900 540
04163946949 1900 540
04163946961 1900 540
04163946969 1900 540
04163946981 1900 540
04163946989 1900 540
04163947001 1900 540
04163947009 1900 540
04163947021 1900 540
04163947033 1900 540
04163947041 1900 540
04163947053 1900 540
04163947061 1900 540
04163947073 1900 540
04163947081 1900 540
04163947093 1900 540
04163947101 1900 540
04163947113 1900 540
04163947121 1900 540
04163947133 1900 540
04163947141 1900 540
04163947153 1900 540
04163947161 1900 540
04163947173 1900 540
04163947181 1900 540
04163947193 1900 540
04163947201 1900 540
04163947213 1900 540
04163947221 1900 540
04163947233 1900 540
04163947241 1900 540
04163947253 1900 540
04163947261 1900 540
04163947273 1900 540
04163947285 1900 540
04163947293 1900 540
04163947305 1900 540
04163947313 1900 540
04163947325 1900 540
04163947333 1900 540
04163947345 1900 540
04163947353 1900 540
04163947365 1900 540
04163947373 1900 540
04163947385 1900 540
04163947393 1900 540
04163947405 1900 540
04163947413 1900 540
04163947425 1900 540
04163947433 1900 540
04163947445 1900 540
04163947453 1900 540
04163947465 1900 540
04163947473 1900 540
04163947485 1900 540
04163947493 1900 540
04163947505 1900 540
04163947513 1900 540
04163947525 1900 540
04163947537 1900 540
04163947545 1900 540
04163947557 1900 540
04163947565 1900 540
04163947577 1900 540
04163947585 1900 540
04163947597 1900 540
04163947605 1900 540
04163947617 1900 540
04163947625 1900 540
04163947637 1900 540
04163947645 1900 540
04163947657 1900 540
04163947665 1900 540
04163947677 1900 540
04163947685 1900 540
04163947697 1900 540
04163947705 1900 540
04163947717 1900 540
04163947725 1900 540
04163947737 1900 540
04163947745 1900 540
04163947757 1900 540
04163947765 1900 540
04163947777 1900 540
04163947789 1900 540
04163947797 1900 540
04163947809 1900 540
04163947817 1900 540
04163947829 1900 540
04163947837 1900 540
04163947849 1900 540
04163947857 1900 540
04163947869 1900 540
04163947877 1900 540
04163947889 1900 540
04163947897 1900 540
04163947909 1900 540
04163947917 1900 540
04163947929 1900 540
04163947937 1900 540
04163947949 1900 540
04163947957 1900 540
04163947969 1900 540
04163947977 1900 540
04163947989 1900 540
04163947997 1900 540
04163948009 1900 540
04163948017 1900 540
04163948029 1900 540
04163948041 1900 540
04163948049 1900 540
04163948061 1900 540
04163948069 1900 540
04163948081 1900 540
04163948089 1900 540
04163948101 1900 540
04163948109 1900 540
04163948121 1900 540
04163948129 1900 540
04163948141 1900 540
04163948149 1900 540
04163948161 1900 540
04163948169 1900 540
04163948181 1900 540
04163948189 1900 540
04163948201 1900 540
04163948209 1900 540
04163948221 1900 540
04163948229 1900 540
04163948241 1900 540
04163948249 1900 540
04163948261 1900 540
04163948269 1900 540
04163948281 1900 540
04163948293 1900 540
04163948301 1900 540
04163948313 1900 540
04163949826 960 540
04163949833 960 540
04163949845 960 540
04163949853 960 540
04163949865 960 540
04163949873 960 540
04163949885 960 540
04163949893 960 540
04163949905 960 540
04163949913 960 540
04163949925 960 540
04163949933 960 540
04163949945 960 540
04163949953 960 540
04163949965 960 540
04163949973 960 540
04163949985 960 540
04163949993 960 540
04163950005 960 540
04163950013 960 540
04163950025 960 540
04163950033 960 540
04163950045 960 540
04163950057 960 540
04163950065 960 540
04163950077 960 540
04163950085 960 540
04163950097 960 540
04163950105 960 540
04163950117 960 540
04163950125 960 540
04163950137 960 540
04163950145 960 540
04163950157 960 540
04163950165 960 540
04163950177 960 540
04163950185 960 540
04163950197 960 540
04163950205 960 540
04163950217 960 540
04163950225 960 540
04163950237 960 540
04163950245 960 540
04163950257 960 540
04163950265 960 540
04163950277 960 540
04163950285 960 540
04163950297 960 540
04163950309 960 540
04163950317 960 540
04163950329 960 540
04163950337 960 540
04163950349 960 540
04163950357 960 540
04163950369 960 540
04163950377 960 540
04163950389 960 540
04163950397 960 540
04163950409 960 540
04163950417 960 540
04163950429 960 540
04163950437 960 540
04163950449 960 540
04163950457 960 540
04163950469 960 540
04163950477 960 540
04163950489 960 540
04163950497 960 540
04163950509 960 540
04163950517 960 540
04163950529 960 540
04163950537 960 540
04163950549 960 540
04163950561 960 540
04163950569 960 540
04163950581 960 540
04163950589 960 540
04163950601 960 540
04163950609 960 540
04163950621 960 540
04163950629 960 540
04163950641 960 540
04163950649 960 540
04163950661 960 540
04163950669 960 540
04163950681 960 540
04163950689 960 540
04163950701 960 540
04163950709 960 540
04163950721 960 540
04163950729 960 540
04163950741 960 540
04163950749 960 540
04163950761 960 540
04163950769 960 540
04163950781 960 540
04163950789 960 540
04163950801 960 540
04163950813 960 540
04163950821 960 540
04163950833 960 540
04163950841 960 540
04163950853 960 540
04163950861 960 540
04163950873 960 540
04163950881 960 540
04163950893 960 540
04163950901 960 540
04163950913 960 540
04163950921 960 540
04163950933 960 540
04163950941 960 540
04163950953 960 540
04163950961 960 540
04163950973 960 540
04163950981 960 540
04163950993 960 540
04163951001 960 540
04163951013 960 540
04163951021 960 540
04163951033 960 540
04163951041 960 540
04163951053 960 540
04163951065 960 540
04163951073 960 540
04163951085 960 540
04163951093 960 540
04163951105 960 540
04163951113 960 540
04163951125 960 540
04163951133 960 540
04163951145 960 540
04163951153 960 540
04163951165 960 540
04163951173 960 540
04163951185 960 540
04163951193 960 540
04163951205 960 540
04163951213 960 540
04163951225 960 540
04163951233 960 540
04163951245 960 540
04163951253 960 540
04163951265 960 540
04163951273 960 540
04163951285 960 540
04163951293 960 540
04163951305 960 540
04163951317 960 540
04163952830 20 540
04163952837 20 540
04163952849 20 540
04163952857 20 540
04163952869 20 540
04163952877 20 540
04163952889 20 540
04163952897 20 540
04163952909 20 540
04163952917 20 540
04163952929 20 540
04163952937 20 540
04163952949 20 540
04163952957 20 540
04163952969 20 540
04163952977 20 540
04163952989 20 540
04163952997 20 540
04163953009 20 540
04163953017 20 540
04163953029 20 540
04163953037 20 540
04163953049 20 540
04163953057 20 540
04163953069 20 540
04163953081 20 540
04163953089 20 540
04163953101 20 540
04163953109 20 540
04163953121 20 540
04163953129 20 540
04163953141 20 540
04163953149 20 540
04163953161 20 540
04163953169 20 540
04163953181 20 540
04163953189 20 540
04163953201 20 540
04163953209 20 540
04163953221 20 540
04163953229 20 540
04163953241 20 540
04163953249 20 540
04163953261 20 540
04163953269 20 540
04163953281 20 540
04163953289 20 540
04163953301 20 540
04163953309 20 540
04163953321 20 540
04163953333 20 540
04163953341 20 540
04163953353 20 540
04163953361 20 540
04163953373 20 540
04163953381 20 540
04163953393 20 540
04163953401 20 540
04163953413 20 540
04163953421 20 540
04163953433 20 540
04163953441 20 540
04163953453 20 540
04163953461 20 540
04163953473 20 540
04163953481 20 540
04163953493 20 540
04163953501 20 540
04163953513 20 540
04163953521 20 540
04163953533 20 540
04163953541 20 540
04163953553 20 540
04163953561 20 540
04163953573 20 540
04163953585 20 540
04163953593 20 540
04163953605 20 540
04163953613 20 540
04163953625 20 540
04163953633 20 540
04163953645 20 540
04163953653 20 540
04163953665 20 540
04163953673 20 540
04163953685 20 540
04163953693 20 540
04163953705 20 540
04163953713 20 540
04163953725 20 540
04163953733 20 540
04163953745 20 540
04163953753 20 540
04163953765 20 540
04163953773 20 540
04163953785 20 540
04163953793 20 540
04163953805 20 540
04163953813 20 540
04163953825 20 540
04163953837 20 540
04163953845 20 540
04163953857 20 540
04163953865 20 540
04163953877 20 540
04163953885 20 540
04163953897 20 540
04163953905 20 540
04163953917 20 540
04163953925 20 540
04163953937 20 540
04163953945 20 540
04163953957 20 540
04163953965 20 540
04163953977 20 540
04163953985 20 540
04163953997 20 540
04163954005 20 540
04163954017 20 540
04163954025 20 540
04163954037 20 540
04163954045 20 540
04163954057 20 540
04163954065 20 540
04163954077 20 540
04163954089 20 540
04163954097 20 540
04163954109 20 540
04163954117 20 540
04163954129 20 540
04163954137 20 540
04163954149 20 540
04163954157 20 540
04163954169 20 540
04163954177 20 540
04163954189 20 540
04163954197 20 540
04163954209 20 540
04163954217 20 540
04163954229 20 540
04163954237 20 540
04163954249 20 540
04163954257 20 540
04163954269 20 540
04163954277 20 540
04163954289 20 540
04163954297 20 540
04163954309 20 540
04163954317 20 540
04163955829 20 1060
04163955841 20 1060
04163955853 20 1060
04163955861 20 1060
04163955873 20 1060
04163955881 20 1060
04163955893 20 1060
04163955901 20 1060
04163955913 20 1060
04163955921 20 1060
04163955933 20 1060
04163955941 20 1060
04163955953 20 1060
04163955961 20 1060
04163955973 20 1060
04163955981 20 1060
04163955993 20 1060
04163956001 20 1060
04163956013 20 1060
04163956021 20 1060
04163956033 20 1060
04163956041 20 1060
04163956053 20 1060
04163956061 20 1060
04163956073 20 1060
04163956081 20 1060
04163956093 20 1060
04163956105 20 1060
04163956113 20 1060
04163956125 20 1060
04163956133 20 1060
04163956145 20 1060
04163956153 20 1060
04163956165 20 1060
04163956173 20 1060
04163956185 20 1060
04163956193 20 1060
04163956205 20 1060
04163956213 20 1060
04163956225 20 1060
04163956233 20 1060
04163956245 20 1060
04163956253 20 1060
04163956265 20 1060
04163956273 20 1060
04163956285 20 1060
04163956293 20 1060
04163956305 20 1060
04163956313 20 1060
04163956325 20 1060
04163956333 20 1060
04163956345 20 1060
04163956357 20 1060
04163956365 20 1060
04163956377 20 1060
04163956385 20 1060
04163956397 20 1060
04163956405 20 1060
04163956417 20 1060
04163956425 20 1060
04163956437 20 1060
04163956445 20 1060
04163956457 20 1060
04163956465 20 1060
04163956477 20 1060
04163956485 20 1060
04163956497 20 1060
04163956505 20 1060
04163956517 20 1060
04163956525 20 1060
04163956537 20 1060
04163956545 20 1060
04163956557 20 1060
04163956565 20 1060
04163956577 20 1060
04163956585 20 1060
04163956597 20 1060
04163956609 20 1060
04163956617 20 1060
04163956629 20 1060
04163956637 20 1060
04163956649 20 1060
04163956657 20 1060
04163956669 20 1060
04163956677 20 1060
04163956689 20 1060
04163956697 20 1060
04163956709 20 1060
04163956717 20 1060
04163956729 20 1060
04163956737 20 1060
04163956749 20 1060
04163956757 20 1060
04163956769 20 1060
04163956777 20 1060
04163956789 20 1060
04163956797 20 1060
04163956809 20 1060
04163956817 20 1060
04163956829 20 1060
04163956837 20 1060
04163956849 20 1060
04163956861 20 1060
04163956869 20 1060
04163956881 20 1060
04163956889 20 1060
04163956901 20 1060
04163956909 20 1060
04163956921 20 1060
04163956929 20 1060
04163956941 20 1060
04163956949 20 1060
04163956961 20 1060
04163956969 20 1060
04163956981 20 1060
04163956989 20 1060
04163957001 20 1060
04163957009 20 1060
04163957021 20 1060
04163957029 20 1060
04163957041 20 1060
04163957049 20 1060
04163957061 20 1060
04163957069 20 1060
04163957081 20 1060
04163957089 20 1060
04163957101 20 1060
04163957113 20 1060
04163957121 20 1060
04163957133 20 1060
04163957141 20 1060
04163957153 20 1060
04163957161 20 1060
04163957173 20 1060
04163957181 20 1060
04163957193 20 1060
04163957201 20 1060
04163957213 20 1060
04163957221 20 1060
04163957233 20 1060
04163957241 20 1060
04163957253 20 1060
04163957261 20 1060
04163957273 20 1060
04163957281 20 1060
04163957293 20 1060
04163957301 20 1060
04163957313 20 1060
04163957321 20 1060
04163958833 960 1060
04163958845 960 1060
04163958853 960 1060
04163958865 960 1060
04163958877 960 1060
04163958885 960 1060
04163958897 960 1060
04163958905 960 1060
04163958917 960 1060
04163958925 960 1060
04163958937 960 1060
04163958945 960 1060
04163958957 960 1060
04163958965 960 1060
04163958977 960 1060
04163958985 960 1060
04163958997 960 1060
04163959005 960 1060
04163959017 960 1060
04163959025 960 1060
04163959037 960 1060
04163959045 960 1060
04163959057 960 1060
04163959065 960 1060
04163959077 960 1060
04163959085 960 1060
04163959097 960 1060
04163959105 960 1060
04163959117 960 1060
04163959129 960 1060
04163959137 960 1060
04163959149 960 1060
04163959157 960 1060
04163959169 960 1060
04163959177 960 1060
04163959189 960 1060
04163959197 960 1060
04163959209 960 1060
04163959217 960 1060
04163959229 960 1060
04163959237 960 1060
04163959249 960 1060
04163959257 960 1060
04163959269 960 1060
04163959277 960 1060
04163959289 960 1060
04163959297 960 1060
04163959309 960 1060
04163959317 960 1060
04163959329 960 1060
04163959337 960 1060
04163959349 960 1060
04163959357 960 1060
04163959369 960 1060
04163959381 960 1060
04163959389 960 1060
04163959401 960 1060
04163959409 960 1060
04163959421 960 1060
04163959429 960 1060
04163959441 960 1060
04163959449 960 1060
04163959461 960 1060
04163959469 960 1060
04163959481 960 1060
04163959489 960 1060
04163959501 960 1060
04163959509 960 1060
04163959521 960 1060
04163959529 960 1060
04163959541 960 1060
04163959549 960 1060
04163959561 960 1060
04163959569 960 1060
04163959581 960 1060
04163959589 960 1060
04163959601 960 1060
04163959609 960 1060
04163959621 960 1060
04163959633 960 1060
04163959641 960 1060
04163959653 960 1060
04163959661 960 1060
04163959673 960 1060
04163959681 960 1060
04163959693 960 1060
04163959701 960 1060
04163959713 960 1060
04163959721 960 1060
04163959733 960 1060
04163959741 960 1060
04163959753 960 1060
04163959761 960 1060
04163959773 960 1060
04163959781 960 1060
04163959793 960 1060
04163959801 960 1060
04163959813 960 1060
04163959821 960 1060
04163959833 960 1060
04163959841 960 1060
04163959853 960 1060
04163959861 960 1060
04163959873 960 1060
04163959885 960 1060
04163959893 960 1060
04163959905 960 1060
04163959913 960 1060
04163959925 960 1060
04163959933 960 1060
04163959945 960 1060
04163959953 960 1060
04163959965 960 1060
04163959973 960 1060
04163959985 960 1060
04163959993 960 1060
04164000005 960 1060
04164000013 960 1060
04164000025 960 1060
04164000033 960 1060
04164000045 960 1060
04164000053 960 1060
04164000065 960 1060
04164000073 960 1060
04164000085 960 1060
04164000093 960 1060
04164000105 960 1060
04164000113 960 1060
04164000125 960 1060
04164000137 960 1060
04164000145 960 1060
04164000157 960 1060
04164000165 960 1060
04164000177 960 1060
04164000185 960 1060
04164000197 960 1060
04164000205 960 1060
04164000217 960 1060
04164000225 960 1060
04164000237 960 1060
04164000245 960 1060
04164000257 960 1060
04164000265 960 1060
04164000277 960 1060
04164000285 960 1060
04164000297 960 1060
04164000305 960 1060
04164000317 960 1060
04164000325 960 1060
04164001837 1900 1060
04164001849 1900 1060
04164001857 1900 1060
04164001869 1900 1060
04164001881 1900 1060
04164001889 1900 1060
04164001901 1900 1060
04164001909 1900 1060
04164001921 1900 1060
04164001929 1900 1060
04164001941 1900 1060
04164001949 1900 1060
04164001961 1900 1060
04164001969 1900 1060
04164001981 1900 1060
04164001989 1900 1060
04164002001 1900 1060
04164002009 1900 1060
04164002021 1900 1060
04164002029 1900 1060
04164002041 1900 1060
04164002049 1900 1060
04164002061 1900 1060
04164002069 1900 1060
04164002081 1900 1060
04164002089 1900 1060
04164002101 1900 1060
04164002109 1900 1060
04164002121 1900 1060
04164002133 1900 1060
04164002141 1900 1060
04164002153 1900 1060
04164002161 1900 1060
04164002173 1900 1060
04164002181 1900 1060
04164002193 1900 1060
04164002201 1900 1060
04164002213 1900 1060
04164002221 1900 1060
04164002233 1900 1060
04164002241 1900 1060
04164002253 1900 1060
04164002261 1900 1060
04164002273 1900 1060
04164002281 1900 1060
04164002293 1900 1060
04164002301 1900 1060
04164002313 1900 1060
04164002321 1900 1060
04164002333 1900 1060
04164002341 1900 1060
04164002353 1900 1060
04164002361 1900 1060
04164002373 1900 1060
04164002385 1900 1060
04164002393 1900 1060
04164002405 1900 1060
04164002413 1900 1060
04164002425 1900 1060
04164002433 1900 1060
04164002445 1900 1060
04164002453 1900 1060
04164002465 1900 1060
04164002473 1900 1060
04164002485 1900 1060
04164002493 1900 1060
04164002505 1900 1060
04164002513 1900 1060
04164002525 1900 1060
04164002533 1900 1060
04164002545 1900 1060
04164002553 1900 1060
04164002565 1900 1060
04164002573 1900 1060
04164002585 1900 1060
04164002593 1900 1060
04164002605 1900 1060
04164002613 1900 1060
04164002625 1900 1060
04164002637 1900 1060
04164002645 1900 1060
04164002657 1900 1060
04164002665 1900 1060
04164002677 1900 1060
04164002685 1900 1060
04164002697 1900 1060
04164002705 1900 1060
04164002717 1900 1060
04164002725 1900 1060
04164002737 1900 1060
04164002745 1900 1060
04164002757 1900 1060
04164002765 1900 1060
04164002777 1900 1060
04164002785 1900 1060
04164002797 1900 1060
04164002805 1900 1060
04164002817 1900 1060
04164002825 1900 1060
04164002837 1900 1060
04164002845 1900 1060
04164002857 1900 1060
04164002865 1900 1060
04164002877 1900 1060
04164002889 1900 1060
04164002897 1900 1060
04164002909 1900 1060
04164002917 1900 1060
04164002929 1900 1060
04164002937 1900 1060
04164002949 1900 1060
04164002957 1900 1060
04164002969 1900 1060
04164002977 1900 1060
04164002989 1900 1060
04164002997 1900 1060
04164003009 1900 1060
04164003017 1900 1060
04164003029 1900 1060
04164003037 1900 1060
04164003049 1900 1060
04164003057 1900 1060
04164003069 1900 1060
04164003077 1900 1060
04164003089 1900 1060
04164003097 1900 1060
04164003109 1900 1060
04164003117 1900 1060
04164003129 1900 1060
04164003141 1900 1060
04164003149 1900 1060
04164003161 1900 1060
04164003169 1900 1060
04164003181 1900 1060
04164003189 1900 1060
04164003201 1900 1060
04164003209 1900 1060
04164003221 1900 1060
04164003229 1900 1060
04164003241 1900 1060
04164003249 1900 1060
04164003261 1900 1060
04164003269 1900 1060
04164003281 1900 1060
04164003289 1900 1060
04164003301 1900 1060
04164003309 1900 1060
04164003321 1900 1060
04164003329 1900 1060
