20180611T084535.913407 20 20
20180611T084535.920102 20 20
20180611T084535.931984 204.099 183.904 115.11 99.628 140.994 218.6 223.973 245.444 226.065 20180611T084535.931984 20 20
20180611T084535.940063 20 20
20180611T084535.952036 20 20
20180611T084535.960015 204.009 183.429 114.868 98.9543 141.996 218.36 223.729 245.263 225.704 20180611T084535.960015 20 20
20180611T084535.972020 20 20
20180611T084535.984007 20 20
20180611T084535.992013 203.53 183.053 113.807 98.3221 142.043 217.752 223.532 244.667 225.386 20180611T084535.992013 20 20
20180611T084536.004994 20 20
20180611T084536.012825 20 20
20180611T084536.024757 203.495 183.182 113.585 97.9601 142.403 217.812 223.598 244.782 225.412 20180611T084536.024757 20 20
20180611T084536.033409 20 20
20180611T084536.044497 20 20
20180611T084536.052503 204.133 183.157 112.471 97.5479 141.313 218.498 223.65 245.424 225.691 20180611T084536.052503 20 20
20180611T084536.063993 20 20
20180611T084536.072041 20 20
20180611T084536.083980 204.013 183.075 112.356 97.163 142.15 218.421 223.638 245.124 225.309 20180611T084536.083980 20 20
20180611T084536.092019 20 20
20180611T084536.103968 20 20
20180611T084536.111970 203.778 183.137 111.158 96.4425 141.646 218.193 223.657 245.156 225.696 20180611T084536.111970 20 20
20180611T084536.123991 20 20
20180611T084536.131976 20 20
20180611T084536.143973 203.689 183.152 110.887 96.5582 141.194 217.989 223.723 245.021 225.412 20180611T084536.143973 20 20
20180611T084536.154130 20 20
20180611T084536.163979 20 20
20180611T084536.172032 203.725 182.83 110.821 96.2879 142.386 217.898 223.5 244.7 225.316 20180611T084536.172032 20 20
20180611T084536.184276 20 20
20180611T084536.191977 20 20
20180611T084536.203972 203.57 182.944 110.577 96.2543 143.638 217.888 223.592 244.802 225.468 20180611T084536.203972 20 20
20180611T084536.212013 20 20
20180611T084536.224049 20 20
20180611T084536.235998 204.228 182.986 110.888 96.2706 141.996 218.498 223.65 245.424 225.333 20180611T084536.235998 20 20
20180611T084536.244234 20 20
20180611T084536.255972 20 20
20180611T084536.263976 204.683 182.874 110.906 96.2347 142.643 218.793 223.469 245.989 225.509 20180611T084536.263976 20 20
20180611T084536.275973 20 20
20180611T084536.283982 20 20
20180611T084536.295971 204.246 182.711 111.354 96.1575 143.793 218.442 223.606 245.37 225.236 20180611T084536.295971 20 20
20180611T084536.304894 20 20
20180611T084536.315971 20 20
20180611T084536.323969 203.8 182.937 111.174 96.5096 142.498 218.112 223.442 245.154 225.108 20180611T084536.323969 20 20
20180611T084536.336019 20 20
20180611T084536.345147 20 20
20180611T084536.357390 203.226 182.631 111.707 96.5557 143.407 217.503 223.31 244.614 225.039 20180611T084536.357390 20 20
20180611T084536.365016 20 20
20180611T084536.375968 20 20
20180611T084536.383966 203.258 182.796 111.903 97.122 143.079 217.212 223.268 244.571 225.004 20180611T084536.383966 20 20
20180611T084536.396796 20 20
20180611T084536.404249 20 20
20180611T084536.415969 203.646 182.638 112.506 97.1523 143.758 217.71 223.427 244.636 225.391 20180611T084536.415969 20 20
20180611T084536.424811 20 20
20180611T084536.435974 20 20
20180611T084536.444768 203.621 183.241 112.718 97.6727 143.088 217.93 223.53 245.11 225.41 20180611T084536.444768 20 20
20180611T084536.457009 20 20
20180611T084536.464280 20 20
20180611T084536.476264 203.368 183.181 113.378 97.9258 143.49 217.846 223.539 244.787 225.397 20180611T084536.476264 20 20
20180611T084536.487971 20 20
20180611T084536.496038 20 20
20180611T084536.507965 203.426 183.22 113.218 98.5869 141.695 217.812 223.56 244.782 225.464 20180611T084536.507965 20 20
20180611T084536.516008 20 20
20180611T084536.527965 20 20
20180611T084536.535968 203.558 182.786 113.769 97.9791 143.502 217.942 223.462 244.938 225.217 20180611T084536.535968 20 20
20180611T084536.547969 20 20
20180611T084536.556024 20 20
20180611T084536.567968 203.415 182.832 114.156 98.1486 142.401 217.811 223.255 244.819 225.241 20180611T084536.567968 20 20
20180611T084536.575998 20 20
20180611T084536.587994 20 20
20180611T084536.595967 203.436 182.647 113.982 98.0772 144.479 217.937 223.302 244.966 225.079 20180611T084536.595967 20 20
20180611T084536.607983 20 20
20180611T084536.615970 20 20
20180611T084536.627969 203.521 182.664 114.068 97.9425 144.18 217.904 223.204 245.133 224.966 20180611T084536.627969 20 20
20180611T084536.635990 20 20
20180611T084536.647969 20 20
20180611T084536.655962 203.342 183.012 113.937 98.3313 142.556 217.823 223.323 244.938 225.217 20180611T084536.655962 20 20
20180611T084536.667987 20 20
20180611T084536.675962 20 20
20180611T084536.687969 203.433 182.728 113.801 98.0293 143.909 217.725 223.265 245.13 225.041 20180611T084536.687969 20 20
20180611T084536.696008 20 20
20180611T084536.708944 20 20
20180611T084536.717152 203.443 182.725 113.709 97.9579 143.64 217.903 223.274 245.13 225.041 20180611T084536.717152 20 20
20180611T084536.727986 20 20
20180611T084536.739962 20 20
20180611T084536.747963 203.473 182.87 113.545 98.3983 143.167 217.657 223.33 244.96 225.139 20180611T084536.747963 20 20
20180611T084536.759966 20 20
20180611T084536.768006 20 20
20180611T084536.779965 203.43 182.884 113.799 98.1471 142.473 217.651 223.189 245.03 225.019 20180611T084536.779965 20 20
20180611T084536.788013 20 20
20180611T084536.799961 20 20
20180611T084536.807963 203.695 182.963 113.139 98.7942 142.882 217.943 223.236 245.107 224.893 20180611T084536.807963 20 20
20180611T084536.821233 20 20
20180611T084536.828609 20 20
20180611T084536.840760 203.043 182.914 113.729 97.9094 142.333 217.618 223.227 245.133 224.966 20180611T084536.840760 20 20
20180611T084536.850658 20 20
20180611T084536.860001 20 20
20180611T084536.869014 204.43 182.8 113.666 98.44 142.795 218.223 223.162 245.235 224.799 20180611T084536.869014 20 20
20180611T084536.880008 20 20
20180611T084536.888057 20 20
20180611T084536.900006 204.397 182.673 114.04 98.2697 142.433 218.42 222.96 245.604 224.573 20180611T084536.900006 20 20
20180611T084536.909756 20 20
20180611T084536.920610 20 20
20180611T084536.928615 204.538 182.464 113.615 98.3624 141.866 218.539 222.67 245.643 224.222 20180611T084536.928615 20 20
20180611T084536.940777 20 20
20180611T084536.948613 20 20
20180611T084536.960617 204.836 182.085 113.519 97.9363 142.557 218.806 222.419 246.084 224.225 20180611T084536.960617 20 20
20180611T084536.970183 20 20
20180611T084536.980000 20 20
20180611T084536.991976 204.786 181.873 113.574 98.0299 142.514 218.725 222.337 245.961 223.946 20180611T084536.991976 20 20
20180611T084537.000002 20 20
20180611T084537.011964 20 20
20180611T084537.020272 205.518 182.084 113.429 98.3603 142.689 219.349 222.555 246.557 224.173 20180611T084537.020272 20 20
20180611T084537.033185 20 20
20180611T084537.040657 20 20
20180611T084537.052612 205.992 182.139 113.763 98.3731 142.753 219.764 222.625 246.882 224.321 20180611T084537.052612 20 20
20180611T084537.060055 20 20
20180611T084537.071963 20 20
20180611T084537.079991 205.456 182.146 113.796 98.5508 142.38 219.26 222.728 246.596 224.204 20180611T084537.079991 20 20
20180611T084537.092035 20 20
20180611T084537.099964 20 20
20180611T084537.111968 205.268 182.383 114.276 98.5141 142.441 219.019 222.885 246.347 224.37 20180611T084537.111968 20 20
20180611T084537.120459 20 20
20180611T084537.131967 20 20
20180611T084537.139957 205.88 183.107 114.701 98.7593 142.508 219.964 223.521 246.906 225.714 20180611T084537.139957 20 20
20180611T084537.151987 20 20
20180611T084537.159994 20 20
20180611T084537.171972 206.07 183.319 114.658 98.8214 141.428 219.908 223.578 247.156 225.722 20180611T084537.171972 20 20
20180611T084537.181976 20 20
20180611T084537.192607 20 20
20180611T084537.200631 205.604 183.109 115.093 98.9156 142.094 219.265 223.618 246.536 225.752 20180611T084537.200631 20 20
20180611T084537.212629 20 20
20180611T084537.220623 20 20
20180611T084537.232612 205.458 182.834 115.149 98.4707 145.882 218.96 223.723 246.075 225.854 20180611T084537.232612 20 20
20180611T084537.243968 20 20
20180611T084537.251960 20 20
20180611T084537.263965 205.214 183.508 115.555 99.7768 141.488 218.924 223.7 245.973 226.068 20180611T084537.263965 20 20
20180611T084537.272034 20 20
20180611T084537.283964 20 20
20180611T084537.291990 205.516 183.57 115.973 99.9192 142.389 219.203 224.083 246.368 226.074 20180611T084537.291990 20 20
20180611T084537.303964 20 20
20180611T084537.311969 20 20
20180611T084537.323961 203.285 184.001 116.098 100.155 140.978 217.99 224.472 245.155 226.08 20180611T084537.323961 20 20
20180611T084537.332853 20 20
20180611T084537.343963 20 20
20180611T084537.351956 203.621 184.045 116.337 100.52 141.091 218.027 224.327 245.165 225.989 20180611T084537.351956 20 20
20180611T084537.363976 20 20
20180611T084537.372022 20 20
20180611T084537.383965 203.803 183.937 117.021 100.898 141.384 218.247 224.272 245.235 226.178 20180611T084537.383965 20 20
20180611T084537.391996 20 20
20180611T084538.001398 960 20
20180611T084538.007963 304.733 176.773 119.259 111.159 6.35242 280.956 216.433 305.926 216.574 20180611T084538.007963 960 20
20180611T084538.020004 960 20
20180611T084538.027977 960 20
20180611T084538.039962 304.724 176.484 118.814 111.214 8.09372 280.93 216.019 305.926 216.426 20180611T084538.039962 960 20
20180611T084538.047998 960 20
20180611T084538.059985 960 20
20180611T084538.069055 304.905 176.418 118.807 110.836 9.18692 281.081 216.101 305.926 216.426 20180611T084538.069055 960 20
20180611T084538.079975 960 20
20180611T084538.087963 960 20
20180611T084538.099960 305.457 175.988 118.01 110.533 7.86899 281.511 215.679 306.222 216.272 20180611T084538.099960 960 20
20180611T084538.107967 960 20
20180611T084538.119958 960 20
20180611T084538.128937 305.463 175.44 117.92 109.99 8.40756 281.439 215.228 306.516 215.616 20180611T084538.128937 960 20
20180611T084538.140063 960 20
20180611T084538.148784 960 20
20180611T084538.160824 305.557 174.759 117.05 109.665 7.87204 281.631 214.538 306.842 214.554 20180611T084538.160824 960 20
20180611T084538.168093 960 20
20180611T084538.180027 960 20
20180611T084538.188019 305.853 174.84 116.923 109.354 9.24329 281.791 214.57 306.83 214.69 20180611T084538.188019 960 20
20180611T084538.200005 960 20
20180611T084538.207989 960 20
20180611T084538.219960 306.434 175.946 115.894 109.074 9.30109 282.519 215.768 307.4 215.7 20180611T084538.219960 960 20
20180611T084538.228570 960 20
20180611T084538.240496 960 20
20180611T084538.252937 306.903 176.283 115.764 108.53 7.35446 282.93 216.144 307.805 216.172 20180611T084538.252937 960 20
20180611T084538.261231 960 20
20180611T084538.271987 960 20
20180611T084538.279995 307.229 176.209 115.268 108.035 7.98047 282.955 216.021 307.964 216.089 20180611T084538.279995 960 20
20180611T084538.292035 960 20
20180611T084538.299962 960 20
20180611T084538.311956 307.331 176.426 114.95 108.025 9.46146 283.222 216.182 307.942 216.292 20180611T084538.311956 960 20
20180611T084538.319971 960 20
20180611T084538.331957 960 20
20180611T084538.340004 307.482 176.934 114.202 107.119 7.96143 283.256 216.512 307.976 216.612 20180611T084538.340004 960 20
20180611T084538.353481 960 20
20180611T084538.360381 960 20
20180611T084538.372365 307.454 177.026 114.26 106.958 9.2361 283.159 216.682 308.064 216.904 20180611T084538.372365 960 20
20180611T084538.381420 960 20
20180611T084538.391960 960 20
20180611T084538.400617 309.645 176.835 114.155 106.636 12.422 284.424 216.601 309.357 217.082 20180611T084538.400617 960 20
20180611T084538.413847 960 20
20180611T084538.420775 960 20
20180611T084538.431962 309.378 176.963 113.886 106.74 11.3367 284.518 216.61 309.515 216.86 20180611T084538.431962 960 20
20180611T084538.439962 960 20
20180611T084538.451969 960 20
20180611T084538.460376 309.334 176.652 114.248 106.781 11.9957 284.364 216.342 309.305 216.569 20180611T084538.460376 960 20
20180611T084538.473670 960 20
20180611T084538.480390 960 20
20180611T084538.491987 309.15 176.409 114.14 107.241 11.4472 284.263 216.117 309 216.5 20180611T084538.491987 960 20
20180611T084538.504068 960 20
20180611T084538.511968 960 20
20180611T084538.524476 308.72 176.389 114.455 107.483 11.8762 283.814 216.177 308.805 216.172 20180611T084538.524476 960 20
20180611T084538.532487 960 20
20180611T084538.544469 960 20
20180611T084538.552756 308.792 176.056 114.74 107.11 11.086 283.976 215.772 308.645 215.952 20180611T084538.552756 960 20
20180611T084538.563972 960 20
20180611T084538.572006 960 20
20180611T084538.583975 309.701 175.994 114.94 107.432 10.8643 285.102 215.739 309.879 215.612 20180611T084538.583975 960 20
20180611T084538.591988 960 20
20180611T084538.603955 960 20
20180611T084538.612618 309.892 175.278 115.09 107.246 12.2406 285.229 215.022 309.926 215.426 20180611T084538.612618 960 20
20180611T084538.623973 960 20
20180611T084538.631958 960 20
20180611T084538.643950 308.922 173.958 115.315 108.093 11.9095 284.178 213.864 308.918 214.058 20180611T084538.643950 960 20
20180611T084538.651993 960 20
20180611T084538.663995 960 20
20180611T084538.672044 308.753 174 115.7 108.18 11.9783 284.164 214.117 308.853 214.198 20180611T084538.672044 960 20
20180611T084538.685166 960 20
20180611T084538.691996 960 20
20180611T084538.703990 307.631 175.192 116.13 108.905 7.27097 283.488 215.081 308.158 215.446 20180611T084538.703990 960 20
20180611T084538.711970 960 20
20180611T084538.723969 960 20
20180611T084538.731976 306.745 176.113 116.378 109.02 9.24324 282.884 216.08 307.547 216.109 20180611T084538.731976 960 20
20180611T084538.743978 960 20
20180611T084538.755955 960 20
20180611T084538.763968 305.605 177.016 117.088 109.519 8.7173 281.463 216.626 306.433 216.833 20180611T084538.763968 960 20
20180611T084538.775983 960 20
20180611T084538.783965 960 20
20180611T084538.795984 304.792 177.434 117.11 109.707 8.97815 280.712 216.788 305.608 217.24 20180611T084538.795984 960 20
20180611T084538.807511 960 20
20180611T084538.815984 960 20
20180611T084538.823960 302.864 177.343 118.271 110.145 8.44183 279.012 217.05 303.846 217.5 20180611T084538.823960 960 20
20180611T084538.836058 960 20
20180611T084538.843990 960 20
20180611T084538.855997 302.455 177.417 118.134 110.731 6.81392 278.853 217.048 303.81 217.446 20180611T084538.855997 960 20
20180611T084538.864258 960 20
20180611T084538.875959 960 20
20180611T084538.884034 302.007 176.517 118.762 111.016 8.63602 278.167 216.103 303.115 216.517 20180611T084538.884034 960 20
20180611T084538.895962 960 20
20180611T084538.903948 960 20
20180611T084538.915951 301.647 175.896 118.806 111.324 7.54912 277.953 215.64 302.833 215.732 20180611T084538.915951 960 20
20180611T084538.926105 960 20
20180611T084538.935984 960 20
20180611T084538.943956 302.14 175.875 119.707 112.273 9.9762 278.134 215.659 303.287 215.76 20180611T084538.943956 960 20
20180611T084538.956023 960 20
20180611T084538.963993 960 20
20180611T084538.975952 302.31 175.683 119.781 112.252 9.15814 278.46 215.349 303.357 215.591 20180611T084538.975952 960 20
20180611T084538.983999 960 20
20180611T084538.997067 960 20
20180611T084539.007972 302.38 174.718 120.024 112.764 7.33313 278.691 214.354 303.461 214.539 20180611T084539.007972 960 20
20180611T084539.015962 960 20
20180611T084539.028603 960 20
20180611T084539.037145 302.252 174.549 120.372 112.806 9.99033 278.639 214.004 303.305 214.431 20180611T084539.037145 960 20
20180611T084539.049292 960 20
20180611T084539.056264 960 20
20180611T084539.068258 302.87 174.062 120.917 113.287 7.81512 279.227 213.682 303.953 213.538 20180611T084539.068258 960 20
20180611T084539.076216 960 20
20180611T084539.087953 960 20
20180611T084539.095946 303.402 173.854 121.582 113.591 7.89871 279.558 213.38 304.322 213.552 20180611T084539.095946 960 20
20180611T084539.107997 960 20
20180611T084539.116251 960 20
20180611T084539.128240 303.451 173.374 121.621 114.146 9.25781 279.705 212.864 304.611 213.142 20180611T084539.128240 960 20
20180611T084539.137123 960 20
20180611T084539.148736 960 20
20180611T084539.157938 303.673 173.318 122.088 114.377 9.58093 279.953 212.64 304.901 212.815 20180611T084539.157938 960 20
20180611T084539.168598 960 20
20180611T084539.176471 960 20
20180611T084539.188452 303.709 173.32 122.048 114.507 7.11536 280.057 212.739 304.95 213.063 20180611T084539.188452 960 20
20180611T084539.196067 960 20
20180611T084539.208818 960 20
20180611T084539.216004 303.724 172.844 122.852 114.752 8.61266 280.083 212.183 304.967 212.306 20180611T084539.216004 960 20
20180611T084539.227965 960 20
20180611T084539.235984 960 20
20180611T084539.247978 303.539 171.786 122.68 115.401 8.9162 279.85 211.092 305 211.5 20180611T084539.247978 960 20
20180611T084539.259982 960 20
20180611T084539.268013 960 20
20180611T084539.279968 303.067 172.157 123.01 115.39 7.38211 279.5 211.314 304.322 211.552 20180611T084539.279968 960 20
20180611T084539.288135 960 20
20180611T084539.299940 960 20
20180611T084539.307971 302.365 171.996 123.487 115.478 6.32646 278.88 211.217 303.579 211.698 20180611T084539.307971 960 20
20180611T084539.320836 960 20
20180611T084539.328770 960 20
20180611T084539.339999 302.594 171.758 123.141 115.896 6.86026 278.909 210.788 303.915 211.303 20180611T084539.339999 960 20
20180611T084539.347982 960 20
20180611T084539.359982 960 20
20180611T084539.367971 303.331 170.89 123.571 115.687 6.69583 280 210.155 304.733 210.356 20180611T084539.367971 960 20
20180611T084539.379987 960 20
20180611T084539.388036 960 20
20180611T084539.399971 303.482 170.674 123.4 115.831 6.52606 279.78 209.924 304.688 210.031 20180611T084539.399971 960 20
20180611T084539.409501 960 20
20180611T084539.420765 960 20
20180611T084539.428023 303.435 170.592 123.753 115.404 6.5166 279.807 209.848 304.455 209.924 20180611T084539.428023 960 20
20180611T084539.440832 960 20
20180611T084539.448021 960 20
20180611T084539.459969 303.345 170.708 123.828 115.722 6.09364 279.694 209.946 304.547 210.109 20180611T084539.459969 960 20
20180611T084539.468152 960 20
20180611T084539.480361 960 20
20180611T084539.488926 303.93 171.44 123.45 115.154 8.23492 280.078 210.667 304.955 210.972 20180611T084539.488926 960 20
20180611T084540.255958 1900 20
20180611T084540.267918 1900 20
20180611T084540.275925 398.37 182.768 123.501 103.943 57.441 333.867 220.417 361.865 218.541 20180611T084540.275925 1900 20
20180611T084540.287933 1900 20
20180611T084540.295941 1900 20
20180611T084540.309355 397.879 184.99 123.27 103.584 57.0653 333.135 222.619 361.55 220.683 20180611T084540.309355 1900 20
20180611T084540.317864 1900 20
20180611T084540.327932 1900 20
20180611T084540.335957 397.249 184.061 123.251 103.347 56.6596 332.538 221.184 360.902 219.582 20180611T084540.335957 1900 20
20180611T084540.348253 1900 20
20180611T084540.356233 1900 20
20180611T084540.368569 396.952 180.935 122.909 103.312 57.3662 332.412 218.551 360.596 216.788 20180611T084540.368569 1900 20
20180611T084540.376576 1900 20
20180611T084540.388003 1900 20
20180611T084540.395925 396.426 181.018 123.055 103.188 57.385 331.827 218.641 360.057 217.137 20180611T084540.395925 1900 20
20180611T084540.407970 1900 20
20180611T084540.415930 1900 20
20180611T084540.427951 395.34 183.206 123.251 103.128 56.5235 330.687 220.919 359.031 219.323 20180611T084540.427951 1900 20
20180611T084540.435935 1900 20
20180611T084540.447924 1900 20
20180611T084540.455980 395.376 183.241 123.221 103.03 56.1192 330.777 220.771 359.046 218.964 20180611T084540.455980 1900 20
20180611T084540.468671 1900 20
20180611T084540.475932 1900 20
20180611T084540.488893 395.37 180.754 123.307 103.486 56.3288 331.079 218.399 359.237 216.262 20180611T084540.488893 1900 20
20180611T084540.497171 1900 20
20180611T084540.508336 1900 20
20180611T084540.519931 395.145 180.541 123.524 103.728 56.6033 330.677 217.871 358.877 216.119 20180611T084540.519931 1900 20
20180611T084540.528004 1900 20
20180611T084540.539927 1900 20
20180611T084540.547926 395.088 182.667 124.215 103.96 57.1481 330.691 220.352 358.961 218.209 20180611T084540.547926 1900 20
20180611T084540.559937 1900 20
20180611T084540.567937 1900 20
20180611T084540.579927 395.247 183.264 124.837 103.949 56.7531 330.884 220.819 358.92 218.88 20180611T084540.579927 1900 20
20180611T084540.588895 1900 20
20180611T084540.599923 1900 20
20180611T084540.608566 395.426 182.203 125.025 104.287 56.9265 330.719 219.471 359.112 217.558 20180611T084540.608566 1900 20
20180611T084540.620589 1900 20
20180611T084540.627930 1900 20
20180611T084540.639950 395.427 181.681 125.535 104.395 56.4254 330.905 218.853 359.3 217.075 20180611T084540.639950 1900 20
20180611T084540.647932 1900 20
20180611T084540.659923 1900 20
20180611T084540.667919 395.615 183.303 126.18 104.957 56.9216 331.102 220.529 359.413 218.766 20180611T084540.667919 1900 20
20180611T084540.681215 1900 20
20180611T084540.688442 1900 20
20180611T084540.700443 395.535 184.287 126.249 105.639 57.014 331.113 221.418 359.286 219.734 20180611T084540.700443 1900 20
20180611T084540.707949 1900 20
20180611T084540.719925 1900 20
20180611T084540.728021 395.221 183.878 126.523 105.548 57.2144 330.741 221.07 359.02 219.303 20180611T084540.728021 1900 20
20180611T084540.739960 1900 20
20180611T084540.747959 1900 20
20180611T084540.759924 394.864 183.299 126.691 106.3 57.3927 330.618 220.327 358.929 218.553 20180611T084540.759924 1900 20
20180611T084540.771933 1900 20
20180611T084540.779973 1900 20
20180611T084540.791933 398.441 184.331 127.043 105.534 59.1803 332.611 220.893 360.956 219.324 20180611T084540.791933 1900 20
20180611T084540.799971 1900 20
20180611T084540.812727 1900 20
20180611T084540.819929 397.949 184.551 128.331 105.277 57.4232 332.576 221.418 360.961 219.712 20180611T084540.819929 1900 20
20180611T084540.832731 1900 20
20180611T084540.840733 1900 20
20180611T084540.852438 397.004 184.563 128.448 106.452 58.5536 332.209 220.977 360.34 219.449 20180611T084540.852438 1900 20
20180611T084540.862089 1900 20
20180611T084540.872735 1900 20
20180611T084540.880725 397.171 184.251 128.542 106.22 58.4605 331.934 220.779 360.091 218.991 20180611T084540.880725 1900 20
20180611T084540.892762 1900 20
20180611T084540.900726 1900 20
20180611T084540.912721 397.294 184.455 129.081 106.832 58.3071 332.164 220.927 360.289 219.168 20180611T084540.912721 1900 20
20180611T084540.920944 1900 20
20180611T084540.931955 1900 20
20180611T084540.939963 397.256 184.878 129.412 106.389 57.9695 332.152 221.624 360.507 219.952 20180611T084540.939963 1900 20
20180611T084540.951944 1900 20
20180611T084540.959923 1900 20
20180611T084540.971925 397.801 185.333 129.786 106.044 55.6775 332.473 222.572 360.801 220.741 20180611T084540.971925 1900 20
20180611T084540.980118 1900 20
20180611T084540.991934 1900 20
20180611T084540.999933 397.735 185.763 129.364 107.689 57.6056 332.601 222.342 360.859 220.522 20180611T084540.999933 1900 20
20180611T084541.011947 1900 20
20180611T084541.025111 1900 20
20180611T084541.033422 397.467 185.506 130.167 107.468 57.6922 332.244 222.352 360.701 220.398 20180611T084541.033422 1900 20
20180611T084541.043983 1900 20
20180611T084541.052005 1900 20
20180611T084541.063932 397.951 186.139 131.399 107.564 58.5649 332.619 222.394 360.859 220.522 20180611T084541.063932 1900 20
20180611T084541.072718 1900 20
20180611T084541.083927 1900 20
20180611T084541.091925 397.61 185.829 130.66 108.545 58.0782 332.251 222.429 360.814 220.586 20180611T084541.091925 1900 20
20180611T084541.104235 1900 20
20180611T084541.112241 1900 20
20180611T084541.124577 397.376 185.449 130.527 108.611 57.3979 332.113 222.209 360.509 220.193 20180611T084541.124577 1900 20
20180611T084541.132622 1900 20
20180611T084541.143926 1900 20
20180611T084541.151927 397.622 185.095 131.785 108.211 56.8259 332.407 221.549 360.898 219.712 20180611T084541.151927 1900 20
20180611T084541.165406 1900 20
20180611T084541.172730 1900 20
20180611T084541.185109 397.76 184.718 130.89 108.594 56.7965 332.531 221.23 360.902 219.582 20180611T084541.185109 1900 20
20180611T084541.199276 1900 20
20180611T084541.203937 1900 20
20180611T084541.211911 397.429 184.48 130.997 109.004 58.6364 332.346 221 360.626 219.168 20180611T084541.211911 1900 20
20180611T084541.224749 1900 20
20180611T084541.232575 1900 20
20180611T084541.244569 397.294 184.39 131.156 109.671 57.5622 332.235 220.941 360.594 219.096 20180611T084541.244569 1900 20
20180611T084541.253369 1900 20
20180611T084541.264441 1900 20
20180611T084541.276439 396.817 184.116 131.988 109.33 57.8458 331.736 220.555 360.041 218.828 20180611T084541.276439 1900 20
20180611T084541.284115 1900 20
20180611T084541.295912 1900 20
20180611T084541.303916 397.144 183.12 131.941 108.401 54.237 331.679 220.381 359.987 218.435 20180611T084541.303916 1900 20
20180611T084541.315930 1900 20
20180611T084541.325366 1900 20
20180611T084541.336727 396.953 183.281 131.944 109.815 56.7861 331.82 219.778 360.214 217.926 20180611T084541.336727 1900 20
20180611T084541.343964 1900 20
20180611T084541.355925 1900 20
20180611T084541.363922 396.909 183.028 132.435 109.724 57.0422 331.596 219.468 359.902 217.582 20180611T084541.363922 1900 20
20180611T084541.375929 1900 20
20180611T084541.383930 1900 20
20180611T084541.396575 396.94 181.85 132.095 110.286 56.2881 331.655 218.313 360.137 216.44 20180611T084541.396575 1900 20
20180611T084541.404177 1900 20
20180611T084541.415922 1900 20
20180611T084541.423916 397.074 180.928 132.332 109.267 55.9323 331.75 217.939 360.147 216.093 20180611T084541.423916 1900 20
20180611T084541.435938 1900 20
20180611T084541.443919 1900 20
20180611T084541.457151 396.447 181.742 133 110.494 56.6436 331.185 218.354 359.771 216.566 20180611T084541.457151 1900 20
20180611T084541.464016 1900 20
20180611T084541.475928 1900 20
20180611T084541.483919 397.315 182.088 133.307 110.639 58.1203 332.099 218.501 360.203 216.765 20180611T084541.483919 1900 20
20180611T084541.495930 1900 20
20180611T084541.503961 1900 20
20180611T084541.515923 397.881 181.869 133.425 110.172 57.2318 332.325 218.563 360.797 216.663 20180611T084541.515923 1900 20
20180611T084541.527959 1900 20
20180611T084541.535930 1900 20
20180611T084541.549675 397.097 181.921 132.616 110.733 58.2705 331.573 218.39 359.859 216.522 20180611T084541.549675 1900 20
20180611T084541.558163 1900 20
20180611T084541.567962 1900 20
20180611T084541.575920 396.47 182.282 132.874 110.706 57.6929 330.93 219.013 359.519 217.261 20180611T084541.575920 1900 20
20180611T084541.587931 1900 20
20180611T084541.595962 1900 20
20180611T084541.607920 396.433 182.886 133.257 110.917 58.1209 330.808 219.363 359.396 217.656 20180611T084541.607920 1900 20
20180611T084541.616320 1900 20
20180611T084541.627955 1900 20
20180611T084541.635945 396.25 182.977 133.155 110.868 57.5757 330.662 219.474 359.252 217.758 20180611T084541.635945 1900 20
20180611T084541.648436 1900 20
20180611T084541.655967 1900 20
20180611T084541.668908 396.191 182.682 133.504 110.979 58.1591 330.827 218.998 359.421 217.421 20180611T084541.668908 1900 20
20180611T084541.677349 1900 20
20180611T084541.687923 1900 20
20180611T084541.695919 396.349 182.48 132.734 110.772 58.7753 330.861 218.855 359.418 217.158 20180611T084541.695919 1900 20
20180611T084541.707940 1900 20
20180611T084541.715919 1900 20
20180611T084541.728449 396.309 182.883 133.383 111.423 58.2757 330.759 218.998 359.34 217.449 20180611T084541.728449 1900 20
20180611T084541.737659 1900 20
20180611T084542.431940 1900 540
20180611T084542.443978 393.672 221.858 129.508 113.646 77.027 331.871 236.804 358.56 236.59 20180611T084542.443978 1900 540
20180611T084542.454718 1900 540
20180611T084542.463966 1900 540
20180611T084542.471970 393.853 221.804 128.993 113.012 77.9207 331.891 236.672 358.801 236.704 20180611T084542.471970 1900 540
20180611T084542.483986 1900 540
20180611T084542.491949 1900 540
20180611T084542.503951 394.034 221.406 128.109 112.343 76.5612 332.293 236.149 358.965 236.242 20180611T084542.503951 1900 540
20180611T084542.513466 1900 540
20180611T084542.523958 1900 540
20180611T084542.535947 393.774 221.368 127.813 111.854 78.2122 332.201 236.32 358.965 236.242 20180611T084542.535947 1900 540
20180611T084542.545034 1900 540
20180611T084542.555949 1900 540
20180611T084542.564033 394.328 221.817 127.043 111.846 77.5271 332.458 236.794 359.416 236.772 20180611T084542.564033 1900 540
20180611T084542.575964 1900 540
20180611T084542.583941 1900 540
20180611T084542.595946 394.733 221.769 127.158 111.417 77.5273 332.791 236.737 359.484 236.836 20180611T084542.595946 1900 540
20180611T084542.604450 1900 540
20180611T084542.615947 1900 540
20180611T084542.623952 394.238 221.822 126.652 111.654 77.4334 332.331 236.805 359.228 236.826 20180611T084542.623952 1900 540
20180611T084542.635956 1900 540
20180611T084542.643970 1900 540
20180611T084542.657740 393.828 221.56 127.331 111.525 76.7145 332.041 236.915 358.729 236.758 20180611T084542.657740 1900 540
20180611T084542.664184 1900 540
20180611T084542.675961 1900 540
20180611T084542.683950 393.395 221.697 126.914 111.612 76.439 331.403 236.761 358.44 236.614 20180611T084542.683950 1900 540
20180611T084542.695960 1900 540
20180611T084542.703943 1900 540
20180611T084542.715943 393.381 221.7 126.98 111.626 76.7893 331.371 236.761 358.399 236.695 20180611T084542.715943 1900 540
20180611T084542.724124 1900 540
20180611T084542.735956 1900 540
20180611T084542.743952 393.401 221.813 127.483 111.774 76.9953 331.419 237 358.329 236.822 20180611T084542.743952 1900 540
20180611T084542.755955 1900 540
20180611T084542.763981 1900 540
20180611T084542.775935 393.028 221.698 127.695 112.017 76.907 331.355 236.89 358.037 236.826 20180611T084542.775935 1900 540
20180611T084542.788059 1900 540
20180611T084542.795951 1900 540
20180611T084542.807942 393.222 221.506 127.257 111.606 77.4036 331.46 236.804 358.416 236.772 20180611T084542.807942 1900 540
20180611T084542.815956 1900 540
20180611T084542.827945 1900 540
20180611T084542.835951 393.548 221.785 127.159 111.44 76.0291 331.444 236.709 358.388 236.612 20180611T084542.835951 1900 540
20180611T084542.848972 1900 540
20180611T084542.856999 1900 540
20180611T084542.869725 393.102 221.172 125.898 110.702 77.9164 331.347 236.647 358.037 236.342 20180611T084542.869725 1900 540
20180611T084542.879606 1900 540
20180611T084542.887979 1900 540
20180611T084542.895977 392.739 220.692 125.545 110.493 76.8625 331.325 236.205 357.59 236 20180611T084542.895977 1900 540
20180611T084542.908523 1900 540
20180611T084542.916606 1900 540
20180611T084542.928621 393.646 220.4 124.345 109.798 77.8578 331.711 235.829 358.514 235.769 20180611T084542.928621 1900 540
20180611T084542.938895 1900 540
20180611T084542.948494 1900 540
20180611T084542.956477 394.128 220.622 123.681 109.341 77.692 332 236.062 358.949 235.936 20180611T084542.956477 1900 540
20180611T084542.967957 1900 540
20180611T084542.975937 1900 540
20180611T084542.987976 393.73 220.753 123.581 108.935 78.6479 331.875 236.281 358.5 236.18 20180611T084542.987976 1900 540
20180611T084542.996136 1900 540
20180611T084543.007959 1900 540
20180611T084543.015958 393.418 220.988 123.072 108.897 78.8544 331.616 236.622 358.458 236.255 20180611T084543.015958 1900 540
20180611T084543.028482 1900 540
20180611T084543.041025 1900 540
20180611T084543.047950 393.547 221.267 122.861 108.453 77.5277 331.58 236.656 358.404 236.369 20180611T084543.047950 1900 540
20180611T084543.060799 1900 540
20180611T084543.068787 1900 540
20180611T084543.080778 393.28 221.216 122.636 108.787 77.6813 331.463 236.767 358.388 236.447 20180611T084543.080778 1900 540
20180611T084543.089220 1900 540
20180611T084543.099979 1900 540
20180611T084543.107990 393.274 221.076 123.13 108.123 77.7803 331.339 236.765 358.169 236.609 20180611T084543.107990 1900 540
20180611T084543.120493 1900 540
20180611T084543.128537 1900 540
20180611T084543.141430 393.092 221.01 123.024 108.326 76.4098 331.121 236.606 357.908 236.579 20180611T084543.141430 1900 540
20180611T084543.151706 1900 540
20180611T084543.159968 1900 540
20180611T084543.167952 393.061 220.964 123.019 108.5 77.0848 331.306 236.629 357.823 236.203 20180611T084543.167952 1900 540
20180611T084543.181183 1900 540
20180611T084543.189175 1900 540
20180611T084543.200614 393.329 220.93 123.315 108.201 77.5153 331.203 236.449 358.201 236.24 20180611T084543.200614 1900 540
20180611T084543.209186 1900 540
20180611T084543.220542 1900 540
20180611T084543.228353 393.298 220.684 123.894 108.891 77.8708 331.438 236.198 358.343 236.069 20180611T084543.228353 1900 540
20180611T084543.240049 1900 540
20180611T084543.247941 1900 540
20180611T084543.260611 393.26 220.789 123.489 108.981 78.0814 331.532 236.138 358.295 236.143 20180611T084543.260611 1900 540
20180611T084543.273639 1900 540
20180611T084543.280789 1900 540
20180611T084543.291971 393.124 220.419 124.118 108.999 77.9385 331.094 235.923 357.748 235.957 20180611T084543.291971 1900 540
20180611T084543.300018 1900 540
20180611T084543.311944 1900 540
20180611T084543.320477 393.111 220.494 124.052 109.055 77.6436 331.094 235.879 357.755 235.866 20180611T084543.320477 1900 540
20180611T084543.334067 1900 540
20180611T084543.340583 1900 540
20180611T084543.351970 393.073 220.733 124.545 109.695 79.2599 331.388 236.022 357.847 235.958 20180611T084543.351970 1900 540
20180611T084543.360792 1900 540
20180611T084543.372779 1900 540
20180611T084543.380001 393.261 220.68 124.532 109.986 78.2716 331.541 236.057 358.135 235.932 20180611T084543.380001 1900 540
20180611T084543.391956 1900 540
20180611T084543.399938 1900 540
20180611T084543.411935 393.493 220.566 125.356 110.422 78.4082 331.607 236.057 358.338 236.024 20180611T084543.411935 1900 540
20180611T084543.419964 1900 540
20180611T084543.431940 1900 540
20180611T084543.439949 393.463 220.574 125.296 110.458 78.4657 331.525 235.941 358.135 235.932 20180611T084543.439949 1900 540
20180611T084543.452771 1900 540
20180611T084543.459928 1900 540
20180611T084543.471963 393.305 220.16 126.067 110.391 78.063 331.076 235.559 357.622 235.751 20180611T084543.471963 1900 540
20180611T084543.479974 1900 540
20180611T084543.491944 1900 540
20180611T084543.499946 393.121 220.271 125.046 111.03 77.593 331.229 235.508 357.718 235.774 20180611T084543.499946 1900 540
20180611T084543.511954 1900 540
20180611T084543.520958 1900 540
20180611T084543.532951 393.289 219.976 125.791 110.656 77.7593 331.336 235.473 358.029 235.475 20180611T084543.532951 1900 540
20180611T084543.543962 1900 540
20180611T084543.551943 1900 540
20180611T084543.563940 392.911 219.677 126.179 110.753 76.9341 330.751 235.21 357.485 235.27 20180611T084543.563940 1900 540
20180611T084543.572178 1900 540
20180611T084543.585426 1900 540
20180611T084543.593759 392.967 219.133 125.481 110.621 77.0296 330.941 234.742 357.667 234.779 20180611T084543.593759 1900 540
20180611T084543.604757 1900 540
20180611T084543.611979 1900 540
20180611T084543.623925 393.634 219.164 125.546 110.232 77.4541 331.367 234.769 358.309 234.744 20180611T084543.623925 1900 540
20180611T084543.632370 1900 540
20180611T084543.644756 1900 540
20180611T084543.653153 393.426 218.992 125.499 109.844 76.7701 331.153 234.853 358.105 234.785 20180611T084543.653153 1900 540
20180611T084543.664371 1900 540
20180611T084543.672357 1900 540
20180611T084543.684765 393.107 219.085 125.107 109.752 77.2356 330.809 234.78 357.596 234.848 20180611T084543.684765 1900 540
20180611T084543.693032 1900 540
20180611T084543.703938 1900 540
20180611T084543.711940 392.778 219.208 124.723 109.597 76.8573 330.497 234.919 357.456 234.926 20180611T084543.711940 1900 540
20180611T084543.723954 1900 540
20180611T084543.731959 1900 540
20180611T084543.744759 392.62 219.087 124.96 109.755 76.6659 330.254 235.008 357.363 234.926 20180611T084543.744759 1900 540
20180611T084543.754097 1900 540
20180611T084543.763941 1900 540
20180611T084543.773173 392.834 219.415 123.748 109.415 76.431 330.342 235.125 357.485 235.27 20180611T084543.773173 1900 540
20180611T084543.783954 1900 540
20180611T084543.795941 1900 540
20180611T084543.803942 393.054 219.478 123.816 108.926 77.9715 330.624 235.263 357.561 235.323 20180611T084543.803942 1900 540
20180611T084543.815956 1900 540
20180611T084543.823941 1900 540
20180611T084543.835938 392.465 218.965 124.194 109.026 76.4362 329.878 234.972 357.194 235 20180611T084543.835938 1900 540
20180611T084543.847565 1900 540
20180611T084543.856346 1900 540
20180611T084543.864613 392.408 218.995 123.997 109.224 76.4235 330.044 234.972 357.378 235.1 20180611T084543.864613 1900 540
20180611T084543.876747 1900 540
20180611T084543.883940 1900 540
20180611T084543.895963 393.136 218.744 123.506 108.883 78.7994 330.573 234.856 357.657 234.931 20180611T084543.895963 1900 540
20180611T084543.903983 1900 540
20180611T084543.915940 1900 540
20180611T084543.924001 392.666 218.603 123.473 109.113 77.455 330.207 234.638 357.404 234.848 20180611T084543.924001 1900 540
20180611T084544.508329 960 540
20180611T084544.520337 960 540
20180611T084544.529729 297.995 213.287 117.331 115.558 99.5587 274.687 233.024 299.56 233.44 20180611T084544.529729 960 540
20180611T084544.539960 960 540
20180611T084544.551921 960 540
20180611T084544.559951 298.01 213.201 116.226 114.783 104.008 274.846 233.025 299.56 233.44 20180611T084544.559951 960 540
20180611T084544.571972 960 540
20180611T084544.579954 960 540
20180611T084544.591922 298.722 212.9 114.931 113.151 101.765 275.436 232.936 299.909 233.174 20180611T084544.591922 960 540
20180611T084544.599932 960 540
20180611T084544.611949 960 540
20180611T084544.619916 298.688 212.727 113.976 112.658 98.6993 275.308 232.679 300 233 20180611T084544.619916 960 540
20180611T084544.631929 960 540
20180611T084544.639949 960 540
20180611T084544.651917 298.612 212.761 112.409 110.843 101.312 275.416 232.772 300 233 20180611T084544.651917 960 540
20180611T084544.661669 960 540
20180611T084544.672597 960 540
20180611T084544.680586 298.938 212.699 111.384 109.777 99.1295 275.502 232.598 300.25 233 20180611T084544.680586 960 540
20180611T084544.692924 960 540
20180611T084544.700731 960 540
20180611T084544.712740 299.212 212.976 109.475 108.058 106.507 275.95 232.871 300.676 233.219 20180611T084544.712740 960 540
20180611T084544.721463 960 540
20180611T084544.732002 960 540
20180611T084544.739952 299.205 212.951 108.674 107.488 97.2088 275.95 232.871 300.455 233 20180611T084544.739952 960 540
20180611T084544.751961 960 540
20180611T084544.759955 960 540
20180611T084544.771918 299.236 213.014 106.98 105.614 106.872 275.95 232.871 300.619 233.438 20180611T084544.771918 960 540
20180611T084544.779927 960 540
20180611T084544.791965 960 540
20180611T084544.803969 299.362 213.022 105.696 105.254 108.619 275.983 232.903 300.955 233.234 20180611T084544.803969 960 540
20180611T084544.812237 960 540
20180611T084544.823952 960 540
20180611T084544.831914 299.293 213.134 104.648 103.691 98.7703 276.16 232.878 301.031 233.287 20180611T084544.831914 960 540
20180611T084544.843999 960 540
20180611T084544.851923 960 540
20180611T084544.863916 299.58 213.078 103.761 102.922 102.675 276.359 232.831 301.081 233.187 20180611T084544.863916 960 540
20180611T084544.871930 960 540
20180611T084544.883947 960 540
20180611T084544.892923 299.776 212.966 102.698 102.158 137.001 276.409 232.679 301.222 233.171 20180611T084544.892923 960 540
20180611T084544.904928 960 540
20180611T084544.912931 960 540
20180611T084544.924925 299.725 212.924 102.317 101.782 150.185 276.368 232.606 301.19 233.032 20180611T084544.924925 960 540
20180611T084544.932878 960 540
20180611T084544.943911 960 540
20180611T084544.951952 299.515 212.544 101.182 100.98 133.639 276.125 232.204 300.864 232.605 20180611T084544.951952 960 540
20180611T084544.963938 960 540
20180611T084544.971951 960 540
20180611T084544.983918 299.543 212.35 100.79 100.588 142.588 276.135 232.046 300.83 232.32 20180611T084544.983918 960 540
20180611T084544.992083 960 540
20180611T084545.003969 960 540
20180611T084545.011926 300.124 212.372 100.041 99.3433 122.59 276.831 232.144 301.841 232.674 20180611T084545.011926 960 540
20180611T084545.023957 960 540
20180611T084545.032241 960 540
20180611T084545.043921 300.456 212.355 99.7263 99.2321 139.181 277.012 232.126 301.681 232.583 20180611T084545.043921 960 540
20180611T084545.055926 960 540
20180611T084545.063929 960 540
20180611T084545.075921 299.616 212.156 98.866 98.1695 129.474 276.5 232 301.043 232.275 20180611T084545.075921 960 540
20180611T084545.083918 960 540
20180611T084545.095921 960 540
20180611T084545.103917 299.591 212.224 98.2695 97.7999 153.415 276.406 232 301.043 232.275 20180611T084545.103917 960 540
20180611T084545.116824 960 540
20180611T084545.123981 960 540
20180611T084545.135918 299.411 212.461 97.7488 97.07 123.647 276.374 232.261 301.099 232.865 20180611T084545.135918 960 540
20180611T084545.146715 960 540
20180611T084545.155949 960 540
20180611T084545.163915 299.318 212.587 97.52 96.8361 139.565 276.175 232.35 301 233 20180611T084545.163915 960 540
20180611T084545.176764 960 540
20180611T084545.183972 960 540
20180611T084545.195922 299.207 212.559 96.5146 96.3159 122.451 276.311 232.5 301.136 232.962 20180611T084545.195922 960 540
20180611T084545.203954 960 540
20180611T084545.215918 960 540
20180611T084545.223917 299.38 212.669 96.4979 95.648 119.322 276.351 232.529 301.15 233.15 20180611T084545.223917 960 540
20180611T084545.235947 960 540
20180611T084545.243905 960 540
20180611T084545.255914 299.239 212.36 95.7313 94.9955 136.875 276.347 232.419 301.15 233.15 20180611T084545.255914 960 540
20180611T084545.266417 960 540
20180611T084545.276595 960 540
20180611T084545.285702 299.847 212.413 95.2476 94.4075 113.649 276.548 232.355 301.341 232.806 20180611T084545.285702 960 540
20180611T084545.295925 960 540
20180611T084545.307910 960 540
20180611T084545.315912 296.383 212.306 94.9303 94.2195 149.911 274.489 232.311 299.099 232.865 20180611T084545.315912 960 540
20180611T084545.327920 960 540
20180611T084545.335949 960 540
20180611T084545.347915 296.809 212.386 94.2193 93.408 144.069 274.695 232.399 299.845 232.806 20180611T084545.347915 960 540
20180611T084545.357084 960 540
20180611T084545.367975 960 540
20180611T084545.375912 297.626 212.592 93.5331 92.6703 168.636 275.502 232.394 300.015 232.793 20180611T084545.375912 960 540
20180611T084545.388595 960 540
20180611T084545.396571 960 540
20180611T084545.408574 297.929 212.608 93.378 92.5023 125.029 276.087 232.758 300.583 233.083 20180611T084545.408574 960 540
20180611T084545.417334 960 540
20180611T084545.427944 960 540
20180611T084545.435938 297.933 212.667 92.9483 92.0396 141.179 275.862 232.613 300.982 233.063 20180611T084545.435938 960 540
20180611T084545.447921 960 540
20180611T084545.455957 960 540
20180611T084545.467911 297.816 212.515 92.5084 91.939 145.913 275.769 232.577 300.389 232.889 20180611T084545.467911 960 540
20180611T084545.477504 960 540
20180611T084545.488890 960 540
20180611T084545.497133 297.73 212.397 92.1594 91.6023 131.855 275.572 232.581 300.389 232.81 20180611T084545.497133 960 540
20180611T084545.508430 960 540
20180611T084545.516332 960 540
20180611T084545.528323 297.865 212.411 91.5812 91.1693 131.85 275.775 232.5 300.932 232.983 20180611T084545.528323 960 540
20180611T084545.536373 960 540
20180611T084545.547955 960 540
20180611T084545.560334 301.622 212.804 91.3736 90.7933 135.201 278.354 232.637 303.15 233.15 20180611T084545.560334 960 540
20180611T084545.567990 960 540
20180611T084545.579917 960 540
20180611T084545.587916 301.418 212.549 91.1562 90.1832 152.182 278.356 232.725 303.136 232.962 20180611T084545.587916 960 540
20180611T084545.599960 960 540
20180611T084545.607922 960 540
20180611T084545.620447 301.092 212.165 90.5765 89.8488 162.291 277.866 232.248 302.642 232.867 20180611T084545.620447 960 540
20180611T084545.628042 960 540
20180611T084545.639944 960 540
20180611T084545.647954 300.902 212.02 90.5086 89.5853 166.1 277.598 232.154 302.432 232.409 20180611T084545.647954 960 540
20180611T084545.660243 960 540
20180611T084545.668229 960 540
20180611T084545.680230 300.842 211.932 89.5964 88.8902 150.304 277.722 231.992 302.362 232.39 20180611T084545.680230 960 540
20180611T084545.688227 960 540
20180611T084545.700229 960 540
20180611T084545.708216 301.102 211.656 89.3492 88.8513 142.706 278.167 231.919 302.577 232.154 20180611T084545.708216 960 540
20180611T084545.721141 960 540
20180611T084545.728425 960 540
20180611T084545.740438 301.955 211.955 89.2032 88.3172 157.622 278.875 232.236 303.841 232.674 20180611T084545.740438 960 540
20180611T084545.752443 960 540
20180611T084545.759939 960 540
20180611T084545.767915 301.889 211.881 88.8286 88.3335 151.361 278.738 232.004 303.32 232.4 20180611T084545.767915 960 540
20180611T084545.779914 960 540
20180611T084545.787917 960 540
20180611T084545.799905 300.83 211.482 88.7139 87.9956 157.008 277.583 231.811 302.121 231.801 20180611T084545.799905 960 540
20180611T084545.811958 960 540
20180611T084545.819943 960 540
20180611T084545.831897 300.82 211.683 89.1319 87.6026 155.286 277.722 231.992 302.435 232.319 20180611T084545.831897 960 540
20180611T084545.839941 960 540
20180611T084545.851906 960 540
20180611T084545.859934 301.114 211.978 88.5335 87.7837 162.236 277.952 232.218 302.395 232.711 20180611T084545.859934 960 540
20180611T084545.872368 960 540
20180611T084545.879908 960 540
20180611T084545.893713 300.82 211.99 88.6841 87.4379 158.233 277.738 232.173 302.198 232.619 20180611T084545.893713 960 540
20180611T084545.903096 960 540
20180611T084545.913075 960 540
20180611T084545.919933 300.78 212.23 88.9715 87.6917 146.831 277.502 232.228 302.121 232.801 20180611T084545.919933 960 540
20180611T084545.932179 960 540
20180611T084545.940931 960 540
20180611T084545.951943 300.74 212.087 88.8823 88.0038 151.828 277.561 232.281 302.121 232.716 20180611T084545.951943 960 540
20180611T084545.959944 960 540
20180611T084545.971907 960 540
20180611T084545.979972 301.076 212.251 89.4181 88.1578 161.617 277.976 232.427 303 233 20180611T084545.979972 960 540
20180611T084545.991917 960 540
20180611T084545.999952 960 540
20180611T084546.637358 201.381 217.222 97.8254 91.23 125.641 216.51 237.7 242.766 238.409 20180611T084546.637358 20 540
20180611T084546.647954 20 540
20180611T084546.655948 20 540
20180611T084546.668204 201.516 217.113 98.2105 91.3833 127.964 216.62 237.63 242.766 238.409 20180611T084546.668204 20 540
20180611T084546.676204 20 540
20180611T084546.688214 20 540
20180611T084546.697102 201.04 216.793 98.4918 91.4211 125.813 216.112 237.401 242.433 238 20180611T084546.697102 20 540
20180611T084546.708255 20 540
20180611T084546.715927 20 540
20180611T084546.727894 201.111 216.527 98.7248 92.0386 126.102 215.987 236.98 242.261 237.694 20180611T084546.727894 20 540
20180611T084546.738753 20 540
20180611T084546.747922 20 540
20180611T084546.755957 201.418 216.402 99.0301 92.0402 127.942 216.467 236.723 242.52 237.729 20180611T084546.755957 20 540
20180611T084546.767894 20 540
20180611T084546.775924 20 540
20180611T084546.787895 201.357 216.094 99.6151 92.2664 126.245 216.552 236.588 242.533 237.167 20180611T084546.787895 20 540
20180611T084546.795912 20 540
20180611T084546.807895 20 540
20180611T084546.819888 201.455 216.174 99.4937 92.4574 125.216 216.667 236.531 242.552 237.253 20180611T084546.819888 20 540
20180611T084546.827911 20 540
20180611T084546.839884 20 540
20180611T084546.847930 201.663 216.018 100.161 92.8249 127.493 216.762 236.361 243.167 237.186 20180611T084546.847930 20 540
20180611T084546.859903 20 540
20180611T084546.867920 20 540
20180611T084546.881353 201.356 215.923 100.288 92.6196 125.617 216.476 236.163 242.517 236.914 20180611T084546.881353 20 540
20180611T084546.888821 20 540
20180611T084546.899948 20 540
20180611T084546.907905 201.109 215.942 100.604 93.1978 126.058 216 236.125 242.333 236.976 20180611T084546.907905 20 540
20180611T084546.919898 20 540
20180611T084546.927921 20 540
20180611T084546.939891 201.258 215.973 100.848 93.3158 125.99 216.194 236.434 242.357 237.064 20180611T084546.939891 20 540
20180611T084546.947924 20 540
20180611T084546.959916 20 540
20180611T084546.967887 200.986 216.216 100.654 93.6849 127.785 215.846 236.386 242.29 237.216 20180611T084546.967887 20 540
20180611T084546.981113 20 540
20180611T084546.989106 20 540
20180611T084547.001105 200.695 216.23 101.395 93.5623 125.27 215.767 236.283 242.133 237.093 20180611T084547.001105 20 540
20180611T084547.009799 20 540
20180611T084547.019898 20 540
20180611T084547.027895 200.659 216.897 101.102 94.0135 123.771 215.592 236.694 241.887 237.395 20180611T084547.027895 20 540
20180611T084547.040853 20 540
20180611T084547.047925 20 540
20180611T084547.059890 200.845 216.911 101.523 94.0584 124.25 215.742 236.622 242.224 237.346 20180611T084547.059890 20 540
20180611T084547.071996 20 540
20180611T084547.079892 20 540
20180611T084547.091893 200.885 216.735 102.245 94.3262 124.091 215.823 236.5 242.29 237.216 20180611T084547.091893 20 540
20180611T084547.099946 20 540
20180611T084547.111891 20 540
20180611T084547.120717 200.919 216.562 101.755 94.7151 124.649 215.859 236.478 242.273 237.04 20180611T084547.120717 20 540
20180611T084547.132855 20 540
20180611T084547.139925 20 540
20180611T084547.151885 200.314 216.288 102.262 95.1283 124.58 215.205 236.073 241.68 236.837 20180611T084547.151885 20 540
20180611T084547.159923 20 540
20180611T084547.172289 20 540
20180611T084547.179891 200.341 216.023 101.912 95.4414 123.049 215.211 235.695 241.459 236.409 20180611T084547.179891 20 540
20180611T084547.191940 20 540
20180611T084547.199888 20 540
20180611T084547.211885 201.345 216.183 102.837 95.225 126.465 216.629 235.981 242.519 236.765 20180611T084547.211885 20 540
20180611T084547.219887 20 540
20180611T084547.231899 20 540
20180611T084547.239888 201.535 216.234 102.263 95.9307 125.861 216.453 236.004 242.374 236.661 20180611T084547.239888 20 540
20180611T084547.251930 20 540
20180611T084547.259878 20 540
20180611T084547.272302 200.634 216.327 102.648 96.2185 124.005 215.766 235.993 242.071 236.695 20180611T084547.272302 20 540
20180611T084547.280348 20 540
20180611T084547.291900 20 540
20180611T084547.299923 200.782 216.429 102.473 96.1485 123.943 215.761 236.065 242.082 236.871 20180611T084547.299923 20 540
20180611T084547.311897 20 540
20180611T084547.323886 20 540
20180611T084547.331908 200.621 216.64 102.698 96.2159 127.058 215.549 236.387 241.946 236.925 20180611T084547.331908 20 540
20180611T084547.344432 20 540
20180611T084547.352420 20 540
20180611T084547.364883 200.425 216.713 102.979 95.9326 124.791 215.382 236.509 241.464 237.092 20180611T084547.364883 20 540
20180611T084547.377723 20 540
20180611T084547.383888 20 540
20180611T084547.392208 202.087 217.565 102.776 96.2429 124.933 216.409 237.165 242.322 237.643 20180611T084547.392208 20 540
20180611T084547.405369 20 540
20180611T084547.412419 20 540
20180611T084547.424550 202.081 218.437 102.339 96.6118 125.877 216.539 237.637 242.484 238.242 20180611T084547.424550 20 540
20180611T084547.434414 20 540
20180611T084547.444208 20 540
20180611T084547.452199 202.506 218.581 102.954 96.0412 124.166 216.898 237.5 243.228 238.5 20180611T084547.452199 20 540
20180611T084547.463989 20 540
20180611T084547.471930 20 540
20180611T084547.483952 202.991 218.473 102.838 96.4852 124.976 217.498 237.65 243.518 238.44 20180611T084547.483952 20 540
20180611T084547.492826 20 540
20180611T084547.503967 20 540
20180611T084547.511881 202.859 218.069 102.96 96.7169 126.459 217.458 237.226 243.429 237.827 20180611T084547.511881 20 540
20180611T084547.525111 20 540
20180611T084547.532884 20 540
20180611T084547.544417 203.031 217.857 103.372 96.649 124.907 217.859 237.354 243.654 237.814 20180611T084547.544417 20 540
20180611T084547.553482 20 540
20180611T084547.563894 20 540
20180611T084547.575889 203.875 218.166 103.783 97.0408 128.331 218.528 237.508 244.448 237.747 20180611T084547.575889 20 540
20180611T084547.583952 20 540
20180611T084547.595891 20 540
20180611T084547.603947 203.885 218.025 103.854 96.9798 127.069 218.627 237.51 244.554 237.774 20180611T084547.603947 20 540
20180611T084547.615896 20 540
20180611T084547.623892 20 540
20180611T084547.635889 204.191 218.378 103.444 97.6526 127.071 218.69 237.592 244.836 238.308 20180611T084547.635889 20 540
20180611T084547.644656 20 540
20180611T084547.655889 20 540
20180611T084547.664560 204.36 218.577 103.935 97.3889 126.262 218.781 237.643 245.048 238.446 20180611T084547.664560 20 540
20180611T084547.676560 20 540
20180611T084547.684555 20 540
20180611T084547.696555 204.141 218.624 103.738 97.1026 126.306 218.88 237.924 244.667 238.728 20180611T084547.696555 20 540
20180611T084547.704426 20 540
20180611T084547.715889 20 540
20180611T084547.723886 203.71 218.636 103.696 97.3707 126.099 218.517 237.878 244.317 238.65 20180611T084547.723886 20 540
20180611T084547.735898 20 540
20180611T084547.743878 20 540
20180611T084547.755885 203.519 218.488 103.938 97.3031 125.994 218.136 237.793 244.048 238.411 20180611T084547.755885 20 540
20180611T084547.764092 20 540
20180611T084547.775928 20 540
20180611T084547.783881 203.41 218.38 103.974 97.1436 125.456 218.136 237.793 244.167 238.431 20180611T084547.783881 20 540
20180611T084547.795894 20 540
20180611T084547.803941 20 540
20180611T084547.817352 203.157 218.376 103.99 96.7939 126.086 217.779 237.531 243.95 238.308 20180611T084547.817352 20 540
20180611T084547.828047 20 540
20180611T084547.835889 20 540
20180611T084547.847883 201.157 218.174 103.954 96.2181 127.136 216.48 237.57 242.79 237.815 20180611T084547.847883 20 540
20180611T084547.855889 20 540
20180611T084547.867877 20 540
20180611T084547.875932 200.969 217.227 104.307 96.5495 126.586 216.467 236.723 242.536 237.301 20180611T084547.875932 20 540
20180611T084547.888027 20 540
20180611T084547.895882 20 540
20180611T084547.907879 201.986 217.392 103.995 96.648 124.267 217.188 237.083 243.768 237.588 20180611T084547.907879 20 540
20180611T084547.915885 20 540
20180611T084547.927879 20 540
20180611T084547.935911 201.98 217.135 104.61 96.1894 125.561 217.414 236.94 243.642 237.562 20180611T084547.935911 20 540
20180611T084547.948304 20 540
20180611T084547.955903 20 540
20180611T084547.967905 201.31 217.185 103.623 96.8243 126.366 216.638 236.801 242.905 237.293 20180611T084547.967905 20 540
20180611T084547.976297 20 540
20180611T084547.988550 20 540
20180611T084547.996535 200.926 217.111 103.949 96.7186 126.115 216.193 237.029 242.351 237.357 20180611T084547.996535 20 540
20180611T084548.007887 20 540
20180611T084548.015867 20 540
20180611T084548.027905 200.712 217.155 104.118 96.2863 124.091 216.02 237.01 242.397 237.481 20180611T084548.027905 20 540
20180611T084548.036919 20 540
20180611T084548.047883 20 540
20180611T084548.055929 200.665 217.395 103.616 96.2637 124.998 216.125 237.208 242.297 237.667 20180611T084548.055929 20 540
20180611T084548.067883 20 540
20180611T084548.079871 20 540
20180611T084548.087876 200.806 217.53 103.418 96.2614 126.578 216.361 237.319 242.429 237.827 20180611T084548.087876 20 540
20180611T084548.100605 20 540
20180611T084548.108750 20 540
20180611T084548.121362 200.75 217.392 103.374 96.112 125.894 216.23 237.287 242.27 237.748 20180611T084548.121362 20 540
20180611T084548.131577 20 540
20180611T084548.683866 20 1060
20180611T084548.693117 207.573 259.361 104.66 101.513 95.9919 221.117 258.689 247.207 258.82 20180611T084548.693117 20 1060
20180611T084548.704007 20 1060
20180611T084548.711862 20 1060
20180611T084548.723867 207.354 259.619 103.877 100.892 94.9832 221.054 259.011 247.374 259.163 20180611T084548.723867 20 1060
20180611T084548.732829 20 1060
20180611T084548.743870 20 1060
20180611T084548.751867 207.273 259.731 103.588 100.69 97.2719 220.869 259.116 247 259 20180611T084548.751867 20 1060
20180611T084548.763879 20 1060
20180611T084548.771858 20 1060
20180611T084548.784175 207.862 259.85 103.601 100.04 100.476 221.554 259.268 247.683 259 20180611T084548.784175 20 1060
20180611T084548.792193 20 1060
20180611T084548.803955 20 1060
20180611T084548.811907 207.792 259.978 103.122 99.8708 95.857 221.585 259.337 247.74 259.041 20180611T084548.811907 20 1060
20180611T084548.824781 20 1060
20180611T084548.835859 20 1060
20180611T084548.843892 206.889 259.529 102.622 99.7926 99.0938 220.767 259.093 247 259 20180611T084548.843892 20 1060
20180611T084548.855975 20 1060
20180611T084548.864779 20 1060
20180611T084548.875871 207.62 259.527 102.845 99.5091 103.007 221.266 258.992 247.178 259.008 20180611T084548.875871 20 1060
20180611T084548.885317 20 1060
20180611T084548.896771 20 1060
20180611T084548.903859 207.81 259.154 102.484 99.0279 97.5865 221.533 258.723 247.788 258.773 20180611T084548.903859 20 1060
20180611T084548.916861 20 1060
20180611T084548.924769 20 1060
20180611T084548.935894 207.362 259.241 102.091 99.0919 101.748 221.15 258.634 247.73 258.69 20180611T084548.935894 20 1060
20180611T084548.947584 20 1060
20180611T084548.956707 20 1060
20180611T084548.964711 207.751 259.057 101.716 98.3986 100.284 221.553 258.638 247.817 258.6 20180611T084548.964711 20 1060
20180611T084548.975888 20 1060
20180611T084548.984684 20 1060
20180611T084548.997071 207.838 258.972 101.626 98.2598 101.357 221.875 258.523 247.817 258.6 20180611T084548.997071 20 1060
20180611T084549.005574 20 1060
20180611T084549.015896 20 1060
20180611T084549.023899 207.583 258.984 101.231 98.0541 100.067 221.67 258.533 247.807 258.5 20180611T084549.023899 20 1060
20180611T084549.036716 20 1060
20180611T084549.044698 20 1060
20180611T084549.055893 207.578 258.889 101.569 97.6168 101.656 221.069 258.533 247.649 258.342 20180611T084549.055893 20 1060
20180611T084549.064879 20 1060
20180611T084549.076882 20 1060
20180611T084549.087945 207.392 258.747 101.162 97.8358 99.6877 221.11 258.468 247.375 258.45 20180611T084549.087945 20 1060
20180611T084549.095876 20 1060
20180611T084549.108530 20 1060
20180611T084549.116520 207.454 258.816 100.964 97.6495 105.053 221.197 258.477 247.31 258.548 20180611T084549.116520 20 1060
20180611T084549.129773 20 1060
20180611T084549.136678 20 1060
20180611T084549.147895 207.644 258.827 100.909 97.5155 105.709 221.667 258.385 247.667 258.326 20180611T084549.147895 20 1060
20180611T084549.155863 20 1060
20180611T084549.167865 20 1060
20180611T084549.175859 207.746 258.79 100.82 97.5944 104.954 221.734 258.436 247.807 258.207 20180611T084549.175859 20 1060
20180611T084549.188551 20 1060
20180611T084549.196525 20 1060
20180611T084549.209081 207.048 259.084 100.941 97.1976 102.147 221.069 258.533 247.305 258.397 20180611T084549.209081 20 1060
20180611T084549.216059 20 1060
20180611T084549.227868 20 1060
20180611T084549.235952 206.871 258.964 100.651 97.7213 103.492 220.903 258.33 247.12 258.368 20180611T084549.235952 20 1060
20180611T084549.247876 20 1060
20180611T084549.255884 20 1060
20180611T084549.267863 206.714 258.716 100.866 97.6285 102.475 220.928 258.039 246.905 257.929 20180611T084549.267863 20 1060
20180611T084549.276121 20 1060
20180611T084549.288156 20 1060
20180611T084549.296525 206.792 258.661 101.007 98.0707 106.888 221.011 258.102 246.905 257.929 20180611T084549.296525 20 1060
20180611T084549.309406 20 1060
20180611T084549.316396 20 1060
20180611T084549.328387 207.875 258.909 101.579 97.8668 104.581 221.966 258.466 247.85 258.15 20180611T084549.328387 20 1060
20180611T084549.339895 20 1060
20180611T084549.347906 20 1060
20180611T084549.359862 207.43 258.717 101.698 98.5611 104.873 221.711 258.181 247.715 258.016 20180611T084549.359862 20 1060
20180611T084549.367899 20 1060
20180611T084549.379902 20 1060
20180611T084549.387855 206.659 258.76 101.856 99.0548 105.706 220.864 258 246.754 257.674 20180611T084549.387855 20 1060
20180611T084549.399881 20 1060
20180611T084549.407866 20 1060
20180611T084549.419863 206.493 258.728 102.031 99.4089 100.886 220.864 258 246.788 257.773 20180611T084549.419863 20 1060
20180611T084549.427870 20 1060
20180611T084549.439861 20 1060
20180611T084549.447856 206.591 258.668 103.028 99.7426 101.253 220.82 258.019 246.754 257.674 20180611T084549.447856 20 1060
20180611T084549.460417 20 1060
20180611T084549.468528 20 1060
20180611T084549.481321 206.457 258.725 103.246 99.7114 109.094 220.763 257.848 246.585 257.959 20180611T084549.481321 20 1060
20180611T084549.491070 20 1060
20180611T084549.499859 20 1060
20180611T084549.508394 206.387 258.847 103.638 100.43 108.322 220.652 258.086 246.444 257.957 20180611T084549.508394 20 1060
20180611T084549.519860 20 1060
20180611T084549.527853 20 1060
20180611T084549.539858 206.224 258.588 103.702 101.149 107.827 220.553 258.051 246.309 258.008 20180611T084549.539858 20 1060
20180611T084549.548713 20 1060
20180611T084549.560734 20 1060
20180611T084549.567872 206.213 258.602 104.162 101.504 102.072 220.518 258.022 246.309 258.008 20180611T084549.567872 20 1060
20180611T084549.579875 20 1060
20180611T084549.591864 20 1060
20180611T084549.599861 206.568 258.486 104.615 101.728 99.5857 220.848 257.851 246.778 257.873 20180611T084549.599861 20 1060
20180611T084549.612785 20 1060
20180611T084549.620805 20 1060
20180611T084549.631871 206.332 258.242 104.979 102.033 103.201 220.49 257.755 246.357 257.5 20180611T084549.631871 20 1060
20180611T084549.642027 20 1060
20180611T084549.652693 20 1060
20180611T084549.659856 206.246 258.086 105.353 102.583 101.371 220.449 257.633 246.235 257.523 20180611T084549.659856 20 1060
20180611T084549.671943 20 1060
20180611T084549.679861 20 1060
20180611T084549.691861 206.615 257.914 105.971 103.421 106.552 220.5 257.69 246.623 257.5 20180611T084549.691861 20 1060
20180611T084549.699862 20 1060
20180611T084549.711868 20 1060
20180611T084549.719859 206.601 257.938 106.27 103.394 104.859 220.74 257.65 246.623 257.5 20180611T084549.719859 20 1060
20180611T084549.731908 20 1060
20180611T084549.739892 20 1060
20180611T084549.751855 206.733 258.074 106.737 104.114 100.352 220.587 257.964 246.681 257.583 20180611T084549.751855 20 1060
20180611T084549.760559 20 1060
20180611T084549.771865 20 1060
20180611T084549.779856 206.537 257.849 106.872 104.05 96.3618 220.553 257.993 246.492 257.523 20180611T084549.779856 20 1060
20180611T084549.793074 20 1060
20180611T084549.801071 20 1060
20180611T084549.812386 206.57 257.845 107.008 104.026 96.9543 220.468 257.714 246.357 257.5 20180611T084549.812386 20 1060
20180611T084549.821353 20 1060
20180611T084549.831908 20 1060
20180611T084549.843884 206.556 257.789 107.374 104.418 100.701 220.457 257.78 246.078 257.546 20180611T084549.843884 20 1060
20180611T084549.853091 20 1060
20180611T084549.863960 20 1060
20180611T084549.871890 206.851 257.62 107.483 104.397 102.865 220.5 257.69 246.357 257.5 20180611T084549.871890 20 1060
20180611T084549.885104 20 1060
20180611T084549.891926 20 1060
20180611T084549.903865 206.727 257.593 107.381 104.228 100.578 220.449 257.633 246.239 257.444 20180611T084549.903865 20 1060
20180611T084549.911861 20 1060
20180611T084549.923862 20 1060
20180611T084549.931855 206.541 257.513 107.25 103.97 100.235 220.33 257.52 246.211 257.276 20180611T084549.931855 20 1060
20180611T084549.944542 20 1060
20180611T084549.951901 20 1060
20180611T084549.963888 206.544 257.347 107.259 103.819 100.744 220.161 257.456 245.969 257.109 20180611T084549.963888 20 1060
20180611T084549.971927 20 1060
20180611T084549.983861 20 1060
20180611T084549.991925 205.761 257.033 106.964 104.184 101.276 219.681 257.221 245.845 256.969 20180611T084549.991925 20 1060
20180611T084550.003920 20 1060
20180611T084550.011882 20 1060
20180611T084550.023861 206.222 256.986 107.072 104.472 103.048 220.007 257.09 245.905 256.929 20180611T084550.023861 20 1060
20180611T084550.031894 20 1060
20180611T084550.044301 20 1060
20180611T084550.052280 207.498 257.473 107.372 104.138 101.279 221.199 257.519 247.267 257.185 20180611T084550.052280 20 1060
20180611T084550.066665 20 1060
20180611T084550.072399 20 1060
20180611T084550.084385 207.459 257.357 107.313 104.202 102.846 220.898 257.333 247.21 257.145 20180611T084550.084385 20 1060
20180611T084550.096767 20 1060
20180611T084550.105057 20 1060
20180611T084550.115892 206.053 256.987 107.854 104.78 97.8065 219.987 257.227 245.909 256.826 20180611T084550.115892 20 1060
20180611T084550.124492 20 1060
20180611T084550.135887 20 1060
20180611T084550.143876 206.135 257.051 107.826 104.935 98.5915 219.97 257.247 246 257 20180611T084550.143876 20 1060
20180611T084550.156767 20 1060
20180611T084550.164019 20 1060
20180611T084550.175858 206.515 257.517 107.972 104.844 103.444 220.175 257.418 245.909 257.144 20180611T084550.175858 20 1060
20180611T084550.186699 20 1060
20180611T084550.760505 960 1060
20180611T084550.770523 297.67 253.934 105.797 104.655 149.317 274.939 252.528 299.905 252.929 20180611T084550.770523 960 1060
20180611T084550.781686 960 1060
20180611T084550.788704 960 1060
20180611T084550.799844 298.548 254.089 104.854 103.723 141.556 275.722 252.889 300.895 253.448 20180611T084550.799844 960 1060
20180611T084550.809494 960 1060
20180611T084550.819847 960 1060
20180611T084550.827850 299.165 254.355 104.69 103.424 144.318 276.535 252.961 301.455 253.295 20180611T084550.827850 960 1060
20180611T084550.841979 960 1060
20180611T084550.852715 960 1060
20180611T084550.860340 298.37 254.376 104.211 102.822 140.663 275.612 252.909 300.444 253.043 20180611T084550.860340 960 1060
20180611T084550.872728 960 1060
20180611T084550.879889 960 1060
20180611T084550.891872 297.94 254.425 104.179 102.328 132.291 275.389 252.861 300.287 253.269 20180611T084550.891872 960 1060
20180611T084550.900679 960 1060
20180611T084550.911912 960 1060
20180611T084550.919841 297.452 254.573 104.456 102.368 140.662 274.905 252.983 299.983 253.47 20180611T084550.919841 960 1060
20180611T084550.932731 960 1060
20180611T084550.939839 960 1060
20180611T084550.952848 296.985 254.526 104.174 102.654 140.413 274.493 252.982 299.435 253.391 20180611T084550.952848 960 1060
20180611T084550.961345 960 1060
20180611T084550.972294 960 1060
20180611T084550.980295 297.252 254.613 104.297 103.088 140.661 274.803 253.07 299.681 253.417 20180611T084550.980295 960 1060
20180611T084550.992677 960 1060
20180611T084550.999842 960 1060
20180611T084551.011841 297.216 254.816 104.658 103.273 133.936 274.818 253.516 299.917 253.632 20180611T084551.011841 960 1060
20180611T084551.020736 960 1060
20180611T084551.032375 960 1060
20180611T084551.040358 296.709 254.562 104.695 103.594 149.466 274.229 253.048 299.065 253.254 20180611T084551.040358 960 1060
20180611T084551.052843 960 1060
20180611T084551.061055 960 1060
20180611T084551.073067 296.909 254.715 104.969 103.364 146.791 274.324 253.022 299.32 253.4 20180611T084551.073067 960 1060
20180611T084551.081086 960 1060
20180611T084551.091873 960 1060
20180611T084551.103844 296.89 254.331 104.818 103.424 146.128 274.696 252.9 299.59 253.043 20180611T084551.103844 960 1060
20180611T084551.112730 960 1060
20180611T084551.124675 960 1060
20180611T084551.131877 296.292 254.332 105.256 103.413 130.393 274.216 252.81 299.15 253.15 20180611T084551.131877 960 1060
20180611T084551.144701 960 1060
20180611T084551.152672 960 1060
20180611T084551.163869 296.558 254.945 104.843 103.467 132.772 274.229 253.048 299.32 253.4 20180611T084551.163869 960 1060
20180611T084551.171842 960 1060
20180611T084551.183851 960 1060
20180611T084551.191835 296.843 255.078 105.292 103.313 140.898 274.693 253.156 299.816 253.355 20180611T084551.191835 960 1060
20180611T084551.203848 960 1060
20180611T084551.211835 960 1060
20180611T084551.223839 296.732 255.208 104.824 103.454 140.063 274.751 253.215 299.681 253.417 20180611T084551.223839 960 1060
20180611T084551.231895 960 1060
20180611T084551.243883 960 1060
20180611T084551.251830 296.821 255.346 104.776 103.474 140.367 274.724 253.5 299.618 253.521 20180611T084551.251830 960 1060
20180611T084551.263874 960 1060
20180611T084551.271854 960 1060
20180611T084551.283835 296.33 254.983 105.147 103.401 132.689 274.197 253.281 299.116 253.5 20180611T084551.283835 960 1060
20180611T084551.292940 960 1060
20180611T084551.303895 960 1060
20180611T084551.311833 296.286 255.119 105.089 103.55 131.162 274.181 253.296 298.973 253.605 20180611T084551.311833 960 1060
20180611T084551.323873 960 1060
20180611T084551.331849 960 1060
20180611T084551.343841 296.549 255.44 105.288 104.274 129.345 274.556 253.539 299.456 253.565 20180611T084551.343841 960 1060
20180611T084551.356767 960 1060
20180611T084551.363899 960 1060
20180611T084551.375838 296.65 255.318 105.977 104.424 140.032 274.47 253.635 299.456 253.565 20180611T084551.375838 960 1060
20180611T084551.384745 960 1060
20180611T084551.395873 960 1060
20180611T084551.403885 296.644 255.292 106.148 104.989 138.158 274.595 253.433 299.5 253.521 20180611T084551.403885 960 1060
20180611T084551.415850 960 1060
20180611T084551.423857 960 1060
20180611T084551.435835 296.649 255.215 106.228 105.325 127.01 274.667 253.268 299.681 253.417 20180611T084551.435835 960 1060
20180611T084551.443834 960 1060
20180611T084551.455944 960 1060
20180611T084551.464495 296.762 255.082 106.791 105.99 137.598 274.532 253.046 299.56 253.44 20180611T084551.464495 960 1060
20180611T084551.476729 960 1060
20180611T084551.484672 960 1060
20180611T084551.495836 296.544 254.964 107.294 106.148 142.192 274.273 253.026 299.222 253.171 20180611T084551.495836 960 1060
20180611T084551.503859 960 1060
20180611T084551.516153 960 1060
20180611T084551.524145 297.261 254.851 107.276 107.071 131.648 275.045 253.021 299.97 253.207 20180611T084551.524145 960 1060
20180611T084551.535875 960 1060
20180611T084551.543861 960 1060
20180611T084551.555835 298.009 255.071 107.543 106.787 126.227 275.557 253.333 300.357 253.5 20180611T084551.555835 960 1060
20180611T084551.565345 960 1060
20180611T084551.575839 960 1060
20180611T084551.583836 297.492 255.687 108.388 107.424 143.375 274.949 253.936 299.864 253.826 20180611T084551.583836 960 1060
20180611T084551.595835 960 1060
20180611T084551.607831 960 1060
20180611T084551.617614 297.355 255.89 108.375 107.355 136.695 274.783 253.867 299.715 254.016 20180611T084551.617614 960 1060
20180611T084551.627873 960 1060
20180611T084551.635832 960 1060
20180611T084551.648651 297.535 256.287 108.259 107.708 150.468 274.788 254.192 299.864 254.395 20180611T084551.648651 960 1060
20180611T084551.656868 960 1060
20180611T084551.667947 960 1060
20180611T084551.675837 297.567 256.539 108.438 107.562 145.834 274.788 254.192 299.864 254.395 20180611T084551.675837 960 1060
20180611T084551.687903 960 1060
20180611T084551.695826 960 1060
20180611T084551.707831 297.803 256.503 108.621 107.325 134.802 274.878 254.163 299.816 254.525 20180611T084551.707831 960 1060
20180611T084551.715865 960 1060
20180611T084551.727836 960 1060
20180611T084551.735825 297.97 256.539 108.372 107.504 147.774 275 254.285 299.8 254.58 20180611T084551.735825 960 1060
20180611T084551.748516 960 1060
20180611T084551.756481 960 1060
20180611T084551.768498 297.667 256.347 107.955 107.322 150.684 274.738 254.173 299.941 254.037 20180611T084551.768498 960 1060
20180611T084551.776676 960 1060
20180611T084551.787954 960 1060
20180611T084551.795852 298.089 256.269 108.168 107.185 142.149 275 254 299.845 254.109 20180611T084551.795852 960 1060
20180611T084551.807916 960 1060
20180611T084551.816145 960 1060
20180611T084551.828148 298.095 256.051 107.771 107.122 156.141 275.027 254.068 300 254 20180611T084551.828148 960 1060
20180611T084551.836161 960 1060
20180611T084551.848149 960 1060
20180611T084551.860150 298.052 256.112 107.812 106.886 162.38 275.079 254.132 300 254 20180611T084551.860150 960 1060
20180611T084551.868929 960 1060
20180611T084551.879863 960 1060
20180611T084551.887945 298.301 256.109 107.59 107.39 159.965 275.472 254.139 300.295 253.899 20180611T084551.887945 960 1060
20180611T084551.899907 960 1060
20180611T084551.907858 960 1060
20180611T084551.919832 298.363 256.134 107.92 107.084 171.293 275.47 254 300.309 254.008 20180611T084551.919832 960 1060
20180611T084551.927866 960 1060
20180611T084551.940057 960 1060
20180611T084551.948361 297.652 255.995 107.614 107.053 143.247 274.881 254.119 299.822 254.085 20180611T084551.948361 960 1060
20180611T084551.962383 960 1060
20180611T084551.968889 960 1060
20180611T084551.979858 297.319 255.953 107.699 106.98 174.69 274.52 253.778 299.057 253.865 20180611T084551.979858 960 1060
20180611T084551.987862 960 1060
20180611T084551.999875 960 1060
20180611T084552.007832 296.473 255.448 107.889 106.851 153.009 273.606 253.514 298.432 253.591 20180611T084552.007832 960 1060
20180611T084552.020677 960 1060
20180611T084552.028651 960 1060
20180611T084552.039834 296.319 255.469 107.981 106.907 150.987 273.324 253.16 298.193 253.43 20180611T084552.039834 960 1060
20180611T084552.047929 960 1060
20180611T084552.060249 960 1060
20180611T084552.068406 296.1 254.911 107.838 107.312 151.182 273.239 253.07 297.97 253.207 20180611T084552.068406 960 1060
20180611T084552.081471 960 1060
20180611T084552.087853 960 1060
20180611T084552.099824 296.264 254.841 107.833 107.298 163.601 273.177 252.87 298.089 253.163 20180611T084552.099824 960 1060
20180611T084552.112844 960 1060
20180611T084552.120826 960 1060
20180611T084552.132825 297.347 254.734 108.293 107.629 144.85 274.087 253.069 299.222 253.171 20180611T084552.132825 960 1060
20180611T084552.141040 960 1060
20180611T084552.151828 960 1060
20180611T084552.160241 297.793 254.885 108.318 107.337 137.927 274.95 252.979 299.788 253.227 20180611T084552.160241 960 1060
20180611T084552.172681 960 1060
20180611T084552.180478 960 1060
20180611T084552.192638 297.981 254.728 108.207 107.397 137.924 274.859 253.004 299.852 253.207 20180611T084552.192638 960 1060
20180611T084552.202085 960 1060
20180611T084552.212757 960 1060
20180611T084552.220758 297.502 254.716 108.123 107.728 146.906 274.532 253.046 299.625 253.354 20180611T084552.220758 960 1060
20180611T084552.232802 960 1060
20180611T084552.240516 960 1060
20180611T084552.895822 384.129 256.349 103.821 93.37 97.6417 325.199 253.368 351.503 253.751 20180611T084552.895822 1900 1060
20180611T084552.910464 1900 1060
20180611T084552.916818 1900 1060
20180611T084552.927849 384.072 256.286 103.51 93.2601 97.5702 325 253.357 351.228 253.5 20180611T084552.927849 1900 1060
20180611T084552.936753 1900 1060
20180611T084552.948749 1900 1060
20180611T084552.955828 384.517 255.849 103.425 92.8459 97.2675 325.417 252.903 351.514 253.232 20180611T084552.955828 1900 1060
20180611T084552.969224 1900 1060
20180611T084552.976752 1900 1060
20180611T084552.988048 385.263 256.032 103.466 92.8827 96.9895 325.796 253.256 352.467 253.133 20180611T084552.988048 1900 1060
20180611T084552.996810 1900 1060
20180611T084553.008759 1900 1060
20180611T084553.015883 385.673 255.829 103.434 92.8738 95.992 326.397 253 352.887 253.175 20180611T084553.015883 1900 1060
20180611T084553.028765 1900 1060
20180611T084553.035884 1900 1060
20180611T084553.047840 385.282 255.74 103.523 92.8678 97.3048 325.793 252.754 352.39 252.872 20180611T084553.047840 1900 1060
20180611T084553.056742 1900 1060
20180611T084553.067887 1900 1060
20180611T084553.075829 385.024 255.455 103.752 92.5205 96.3275 325.511 252.692 352.359 252.833 20180611T084553.075829 1900 1060
20180611T084553.088762 1900 1060
20180611T084553.096753 1900 1060
20180611T084553.107835 385.198 255.733 103.639 92.6543 96.8805 325.704 252.764 352.339 252.947 20180611T084553.107835 1900 1060
20180611T084553.120761 1900 1060
20180611T084553.127831 1900 1060
20180611T084553.139903 385.357 255.765 103.809 92.8062 96.0178 325.713 252.933 352.317 253.35 20180611T084553.139903 1900 1060
20180611T084553.148753 1900 1060
20180611T084553.159843 1900 1060
20180611T084553.167827 385.413 255.931 103.731 92.8236 96.4318 325.877 253.242 352.412 253.294 20180611T084553.167827 1900 1060
20180611T084553.180802 1900 1060
20180611T084553.188740 1900 1060
20180611T084553.199838 385.132 255.776 103.908 93.1773 97.052 325.98 252.932 352.537 253.216 20180611T084553.199838 1900 1060
20180611T084553.207868 1900 1060
20180611T084553.219837 1900 1060
20180611T084553.227822 385.047 255.751 104.034 93.5781 96.4581 325.808 252.869 352.374 253.199 20180611T084553.227822 1900 1060
20180611T084553.240806 1900 1060
20180611T084553.248808 1900 1060
20180611T084553.259844 387.372 256.269 104.602 93.1771 95.4606 327.256 252.904 353.606 253.514 20180611T084553.259844 1900 1060
20180611T084553.268379 1900 1060
20180611T084553.280512 1900 1060
20180611T084553.288492 387.169 256.007 105.25 93.4841 97.3318 327.241 252.746 353.422 253.438 20180611T084553.288492 1900 1060
20180611T084553.299845 1900 1060
20180611T084553.307828 1900 1060
20180611T084553.319833 386.869 255.799 105.404 94.0873 96.109 327.187 252.53 353.333 253.174 20180611T084553.319833 1900 1060
20180611T084553.327865 1900 1060
20180611T084553.339831 1900 1060
20180611T084553.347828 386.807 255.607 105.858 94.2743 95.043 327.078 252.378 353.457 252.929 20180611T084553.347828 1900 1060
20180611T084553.360811 1900 1060
20180611T084553.372951 1900 1060
20180611T084553.379900 386.845 255.345 106.173 94.9136 94.6241 327.163 252.098 353.5 252.722 20180611T084553.379900 1900 1060
20180611T084553.392781 1900 1060
20180611T084553.399965 1900 1060
20180611T084553.412260 386.872 255.098 106.737 95.0356 95.4647 327.167 252.03 353.5 252.564 20180611T084553.412260 1900 1060
20180611T084553.422160 1900 1060
20180611T084553.432253 1900 1060
20180611T084553.439892 386.47 255.014 106.944 95.1288 94.4244 326.842 251.764 353.221 252.263 20180611T084553.439892 1900 1060
20180611T084553.451863 1900 1060
20180611T084553.459816 1900 1060
20180611T084553.472011 386.323 254.899 106.813 95.398 94.7994 326.563 251.647 352.991 252.113 20180611T084553.472011 1900 1060
20180611T084553.479939 1900 1060
20180611T084553.491832 1900 1060
20180611T084553.499845 386.355 254.513 107.356 95.3673 94.9133 326.33 251.471 352.946 252.068 20180611T084553.499845 1900 1060
20180611T084553.511862 1900 1060
20180611T084553.519845 1900 1060
20180611T084553.531833 386.327 254.52 107.372 95.4259 94.3116 326.468 251.407 352.895 252 20180611T084553.531833 1900 1060
20180611T084553.539822 1900 1060
20180611T084553.551842 1900 1060
20180611T084553.559822 386.152 254.622 107.578 95.4645 93.8133 326.429 251.575 352.712 252.072 20180611T084553.559822 1900 1060
20180611T084553.573709 1900 1060
20180611T084553.580853 1900 1060
20180611T084553.592260 386.115 254.423 107.598 95.5243 95.7718 326.122 251.433 352.502 251.952 20180611T084553.592260 1900 1060
20180611T084553.602393 1900 1060
20180611T084553.611857 1900 1060
20180611T084553.623833 385.87 254.268 107.42 95.8911 95.4355 325.673 251.175 352 251.561 20180611T084553.623833 1900 1060
20180611T084553.632516 1900 1060
20180611T084553.643868 1900 1060
20180611T084553.651824 385.383 253.956 107.38 96.2931 96.4123 325.387 251.071 351.744 251.595 20180611T084553.651824 1900 1060
20180611T084553.665117 1900 1060
20180611T084553.672655 1900 1060
20180611T084553.684670 386.06 254.174 108.321 96.0161 95.4941 326.05 251.107 352.744 251.595 20180611T084553.684670 1900 1060
20180611T084553.692042 1900 1060
20180611T084553.704685 1900 1060
20180611T084553.711822 386.775 254.23 108.674 96.1228 94.7879 327.021 251.251 353.55 251.7 20180611T084553.711822 1900 1060
20180611T084553.723876 1900 1060
20180611T084553.731826 1900 1060
20180611T084553.743849 385.674 254.135 108.831 96.862 95.0796 325.815 250.944 352.578 251.438 20180611T084553.743849 1900 1060
20180611T084553.751886 1900 1060
20180611T084553.763870 1900 1060
20180611T084553.772149 385.489 253.942 108.943 97.2778 95.2127 325.406 250.809 352.129 251.234 20180611T084553.772149 1900 1060
20180611T084553.784150 1900 1060
20180611T084553.791861 1900 1060
20180611T084553.804065 385.412 254.137 109.03 97.4268 96.9733 325.43 251.087 351.995 251.415 20180611T084553.804065 1900 1060
20180611T084553.813021 1900 1060
20180611T084553.825000 1900 1060
20180611T084553.831901 385.427 254.285 109.135 97.083 95.5234 325.372 251.178 351.953 251.766 20180611T084553.831901 1900 1060
20180611T084553.844260 1900 1060
20180611T084553.851824 1900 1060
20180611T084553.863847 385.535 254.423 109.9 97.2805 95.649 325.398 251.315 352.068 251.7 20180611T084553.863847 1900 1060
20180611T084553.876134 1900 1060
20180611T084553.884131 1900 1060
20180611T084553.896138 385.697 254.428 109.916 97.3713 96.0613 325.422 251.413 352.181 251.847 20180611T084553.896138 1900 1060
20180611T084553.904326 1900 1060
20180611T084553.915824 1900 1060
20180611T084553.923825 385.583 254.398 109.888 97.5082 96.3716 325.343 251.44 351.905 251.892 20180611T084553.923825 1900 1060
20180611T084553.937318 1900 1060
20180611T084553.944703 1900 1060
20180611T084553.956817 385.899 254.471 110.183 97.2584 96.2023 325.47 251.548 352.257 252.071 20180611T084553.956817 1900 1060
20180611T084553.964889 1900 1060
20180611T084553.975853 1900 1060
20180611T084553.983812 386.453 254.317 109.77 97.7013 96.8087 326.12 251.353 352.905 251.892 20180611T084553.983812 1900 1060
20180611T084553.996732 1900 1060
20180611T084554.003821 1900 1060
20180611T084554.015831 386.376 254.289 110.185 97.416 96.4797 326.073 251.251 352.775 251.672 20180611T084554.015831 1900 1060
20180611T084554.023829 1900 1060
20180611T084554.035828 1900 1060
20180611T084554.043839 386.058 253.782 109.758 97.6174 96.8041 325.943 251.233 352.574 251.613 20180611T084554.043839 1900 1060
20180611T084554.055825 1900 1060
20180611T084554.063811 1900 1060
20180611T084554.077313 386.61 253.992 109.917 97.3949 96.7941 326.314 251.251 353.015 251.569 20180611T084554.077313 1900 1060
20180611T084554.086273 1900 1060
20180611T084554.095828 1900 1060
20180611T084554.103826 386.803 253.728 109.672 97.3433 96.5717 326.982 251.138 353.228 251.548 20180611T084554.103826 1900 1060
20180611T084554.115917 1900 1060
20180611T084554.127832 1900 1060
20180611T084554.135818 386.675 253.535 109.906 97.4681 96.6879 326.416 251.036 353 251.5 20180611T084554.135818 1900 1060
20180611T084554.147835 1900 1060
20180611T084554.155817 1900 1060
20180611T084554.167822 386.036 253.616 109.881 97.5386 97.0061 325.833 250.905 352.578 251.438 20180611T084554.167822 1900 1060
20180611T084554.178316 1900 1060
20180611T084554.188242 1900 1060
20180611T084554.195844 386.205 253.457 109.72 97.4611 97.4404 325.971 250.768 352.856 251.423 20180611T084554.195844 1900 1060
20180611T084554.207869 1900 1060
20180611T084554.215844 1900 1060
20180611T084554.227890 386.039 253.503 110.056 97.0992 97.2106 325.98 250.803 352.897 251.392 20180611T084554.227890 1900 1060
20180611T084554.235821 1900 1060
20180611T084554.247824 1900 1060
20180611T084554.255811 385.905 252.933 109.33 97.6021 95.9697 325.927 250.521 352.546 250.976 20180611T084554.255811 1900 1060
20180611T084554.267833 1900 1060
20180611T084554.275811 1900 1060
20180611T084554.287926 385.778 252.845 109.405 97.5226 96.2488 325.746 250.502 352.503 250.9 20180611T084554.287926 1900 1060
20180611T084554.297816 1900 1060
20180611T084554.308240 1900 1060
20180611T084554.316234 385.667 252.697 110.161 97.1255 96.2672 325.571 250.253 352.485 250.583 20180611T084554.316234 1900 1060
20180611T084554.328246 1900 1060
20180611T084554.336243 1900 1060
20180611T084554.348826 385.291 252.846 110.131 97.3131 95.5992 325.452 250.176 351.931 250.741 20180611T084554.348826 1900 1060
20180611T084554.358311 1900 1060
20180611T084554.368725 1900 1060
20180611T084554.379821 385.309 252.587 110.332 97.3817 95.9741 325.317 249.914 351.732 250.536 20180611T084554.379821 1900 1060
20180611T084554.388830 1900 1060
