20190718T111846.359198 20 20
20190718T111846.369825 20 20
20190718T111846.378294 273.823 115.383 127.995 115.335 142.084 284.826 161.902 311.693 163.881 20190718T111846.378294 20 20
20190718T111846.386571 20 20
20190718T111846.398970 20 20
20190718T111846.406389 273.49 115.581 127.797 115.899 142.334 284.763 161.848 311.534 163.897 20190718T111846.406389 20 20
20190718T111846.418936 20 20
20190718T111846.426616 20 20
20190718T111846.438312 273.154 115.619 127.764 115.741 143.082 270.133 162.867 284.4 162.125 20190718T111846.438312 20 20
20190718T111846.446435 20 20
20190718T111846.458455 20 20
20190718T111846.466586 273.154 116.074 127.452 116.117 142.425 270.133 163.133 284.177 162.329 20190718T111846.466586 20 20
20190718T111846.479630 20 20
20190718T111846.487766 20 20
20190718T111846.498277 272.93 115.787 127.79 115.621 142.261 270.133 162.867 284.487 162.212 20190718T111846.498277 20 20
20190718T111846.508559 20 20
20190718T111846.518784 20 20
20190718T111846.530426 273.466 115.496 127.878 115.563 142.893 284.845 161.981 311.593 163.941 20190718T111846.530426 20 20
20190718T111846.540333 20 20
20190718T111846.551273 20 20
20190718T111846.559261 274.304 116.015 127.709 116.297 141.523 285.727 162.052 312.322 164.232 20190718T111846.559261 20 20
20190718T111846.570956 20 20
20190718T111846.580498 20 20
20190718T111846.590637 274.007 116.075 127.879 115.746 142.617 285.682 162.269 312.015 164.416 20190718T111846.590637 20 20
20190718T111846.598854 20 20
20190718T111846.612842 20 20
20190718T111846.619357 273.181 115.952 127.825 114.971 142.472 270.444 162.778 284.82 162.401 20190718T111846.619357 20 20
20190718T111846.630690 20 20
20190718T111846.638887 20 20
20190718T111846.650979 273.048 116.342 127.154 115.737 143.046 270.444 162.778 284.82 162.401 20190718T111846.650979 20 20
20190718T111846.660670 20 20
20190718T111846.670914 20 20
20190718T111846.678331 272.775 116.668 126.498 114.728 143.062 284.63 162.085 311.354 164.372 20190718T111846.678331 20 20
20190718T111846.691224 20 20
20190718T111846.698982 20 20
20190718T111846.710711 272.755 116.386 126.314 113.775 144.036 270.444 162.778 284.82 162.401 20190718T111846.710711 20 20
20190718T111846.720440 20 20
20190718T111846.731564 20 20
20190718T111846.740514 273.188 116.278 125.127 113.143 143.869 285.142 161.904 311.608 163.975 20190718T111846.740514 20 20
20190718T111846.750489 20 20
20190718T111846.759494 20 20
20190718T111846.770902 273.359 116.197 124.497 112.873 144.886 285.359 161.884 311.678 163.941 20190718T111846.770902 20 20
20190718T111846.783750 20 20
20190718T111846.792230 20 20
20190718T111846.802597 272.932 116.968 123.997 112.849 143.529 285 162.5 311.534 164.352 20190718T111846.802597 20 20
20190718T111846.811807 20 20
20190718T111846.823002 20 20
20190718T111846.830818 272.622 116.836 123.917 112.286 143.778 270.5 163 284.658 162.425 20190718T111846.830818 20 20
20190718T111846.843339 20 20
20190718T111846.852034 20 20
20190718T111846.862280 272.279 116.686 123.572 111.702 142.178 270.133 163.133 284.56 162.365 20190718T111846.862280 20 20
20190718T111846.871682 20 20
20190718T111846.883034 20 20
20190718T111846.890436 272.321 116.499 123.313 111.558 144.053 270.133 163.133 284.406 162.289 20190718T111846.890436 20 20
20190718T111846.902379 20 20
20190718T111846.910854 20 20
20190718T111846.922332 272.076 116.766 123.021 111.085 144.746 269.867 163.133 284.09 162.298 20190718T111846.922332 20 20
20190718T111846.930916 20 20
20190718T111846.942502 20 20
20190718T111846.950350 272.12 116.889 122.827 111.301 145.093 270 163 284.177 162.329 20190718T111846.950350 20 20
20190718T111846.964664 20 20
20190718T111846.973675 20 20
20190718T111846.982303 272.277 116.677 122.243 111.052 145.575 270.222 163 284.533 162.062 20190718T111846.982303 20 20
20190718T111846.991022 20 20
20190718T111847.003118 20 20
20190718T111847.010533 272.327 116.729 122.333 110.901 145.533 270.133 162.867 284.281 162.197 20190718T111847.010533 20 20
20190718T111847.023138 20 20
20190718T111847.035079 20 20
20190718T111847.042472 271.926 116.332 122.249 110.41 147.134 270.222 162.556 284.63 162.037 20190718T111847.042472 20 20
20190718T111847.054628 20 20
20190718T111847.064134 20 20
20190718T111847.074436 271.649 116.164 122.48 109.853 145.781 270 163 284.159 162.06 20190718T111847.074436 20 20
20190718T111847.084931 20 20
20190718T111847.095677 20 20
20190718T111847.105886 271.381 116.372 122.149 109.832 145.918 284.068 162.221 310.585 164.153 20190718T111847.105886 20 20
20190718T111847.115939 20 20
20190718T111847.123724 20 20
20190718T111847.134995 271.279 116.552 121.958 109.971 144.373 283.95 162.146 310.433 164 20190718T111847.134995 20 20
20190718T111847.143585 20 20
20190718T111847.154582 20 20
20190718T111847.162370 271.44 116.639 121.984 110.566 145.267 284 162.081 310.561 164.021 20190718T111847.162370 20 20
20190718T111847.175542 20 20
20190718T111847.185627 20 20
20190718T111847.194555 271.187 116.269 121.874 109.45 145.855 270 163 284.032 162.112 20190718T111847.194555 20 20
20190718T111847.204476 20 20
20190718T111847.215170 20 20
20190718T111847.222424 271.106 116.132 121.839 109.19 147.511 270 163 284.07 162.144 20190718T111847.222424 20 20
20190718T111847.234919 20 20
20190718T111847.242704 20 20
20190718T111847.254432 271.331 116.33 121.627 109.936 147.034 270 163 284.116 162.08 20190718T111847.254432 20 20
20190718T111847.265055 20 20
20190718T111847.275060 20 20
20190718T111847.286456 271.147 116.346 121.654 109.754 146.774 270 163 284.116 162.08 20190718T111847.286456 20 20
20190718T111847.295735 20 20
20190718T111847.306487 20 20
20190718T111847.314606 270.923 116.403 121.106 109.586 145.766 270 163 284 162.065 20190718T111847.314606 20 20
20190718T111847.329109 20 20
20190718T111847.338027 20 20
20190718T111847.347487 271.766 115.881 120.619 109.708 148.536 284.395 162.263 311.032 163.944 20190718T111847.347487 20 20
20190718T111847.356415 20 20
20190718T111847.366808 20 20
20190718T111847.374928 272.055 115.695 120.921 109.602 148.339 270.222 162.556 284.662 162.167 20190718T111847.374928 20 20
20190718T111847.386351 20 20
20190718T111847.395653 20 20
20190718T111847.406946 271.74 115.751 120.794 109.449 147.741 284.068 162.221 310.857 164.216 20190718T111847.406946 20 20
20190718T111847.416186 20 20
20190718T111847.426441 20 20
20190718T111847.434333 271.579 115.732 120.589 109.238 148.457 284.034 162.398 310.791 164.127 20190718T111847.434333 20 20
20190718T111847.447291 20 20
20190718T111847.456329 20 20
20190718T111847.466518 271.694 115.988 120.366 109.642 149.777 284.095 162.5 310.728 164.325 20190718T111847.466518 20 20
20190718T111847.475718 20 20
20190718T111847.486371 20 20
20190718T111847.494450 271.595 116.153 120.696 109.858 147.071 284.175 162.817 310.719 164.579 20190718T111847.494450 20 20
20190718T111847.509847 20 20
20190718T111847.515872 20 20
20190718T111847.526285 271.592 116.307 120.713 110.53 147.858 284.15 162.65 310.68 164.688 20190718T111847.526285 20 20
20190718T111847.539541 20 20
20190718T111847.547159 20 20
20190718T111847.558480 271.642 116.5 120.725 111.2 147.438 284.095 162.806 310.751 164.596 20190718T111847.558480 20 20
20190718T111847.566959 20 20
20190718T111847.578853 20 20
20190718T111847.586988 271.522 115.65 121.042 109.835 152.083 283.953 162.864 310.253 164.819 20190718T111847.586988 20 20
20190718T111847.598508 20 20
20190718T111847.606929 20 20
20190718T111847.618353 271.791 116.555 121.163 111.956 147.949 283.932 162.792 310.281 164.678 20190718T111847.618353 20 20
20190718T111847.628700 20 20
20190718T111847.640144 20 20
20190718T111847.646938 271.529 116.557 121.515 111.716 148.08 283.589 163.019 310.03 164.862 20190718T111847.646938 20 20
20190718T111847.658365 20 20
20190718T111847.667360 20 20
20190718T111847.678426 271.588 116.542 121.172 112.868 147.797 283.5 163.04 310 164.842 20190718T111847.678426 20 20
20190718T111847.686886 20 20
20190718T111847.700383 20 20
20190718T111847.707244 271.413 116.862 121.614 112.633 148.208 283.385 163.236 309.769 165.037 20190718T111847.707244 20 20
20190718T111847.718352 20 20
20190718T111847.727527 20 20
20190718T111847.738421 271.473 117.27 121.802 113.107 146.691 283.41 163.509 309.813 165.069 20190718T111847.738421 20 20
20190718T111847.746938 20 20
20190718T111847.758999 20 20
20190718T111847.766999 271.807 116.732 122.393 113.538 146.839 283.659 162.97 310.225 164.759 20190718T111847.766999 20 20
20190718T111847.780921 20 20
20190718T111847.791661 20 20
20190718T111847.798403 272.083 116.695 122.651 113.608 146.083 284.167 162.944 310.393 164.809 20190718T111847.798403 20 20
20190718T111847.812330 20 20
20190718T111847.818926 20 20
20190718T111847.830396 272.127 117.095 123.018 113.518 145.288 284.231 163.269 310.795 165.051 20190718T111847.830396 20 20
20190718T111847.840648 20 20
20190718T111847.850507 20 20
20190718T111848.655836 371.615 125.925 116.704 106.672 36.6869 339.489 168.278 365.977 168.655 20190718T111848.655836 960 20
20190718T111848.667015 960 20
20190718T111848.676314 960 20
20190718T111848.687035 371.503 125.953 115.289 106.151 33.6499 339.536 168.3 366.071 168.333 20190718T111848.687035 960 20
20190718T111848.697061 960 20
20190718T111848.707522 960 20
20190718T111848.715482 371.715 125.816 114.381 105.456 34.0197 339.74 168.501 366.184 168.596 20190718T111848.715482 960 20
20190718T111848.727653 960 20
20190718T111848.735365 960 20
20190718T111848.747608 371.691 125.934 114.272 105.12 32.5121 339.804 168.48 366.378 168.711 20190718T111848.747608 960 20
20190718T111848.757622 960 20
20190718T111848.767904 960 20
20190718T111848.774596 371.965 125.753 114.232 104.271 33.9881 339.954 168.471 366.337 168.562 20190718T111848.774596 960 20
20190718T111848.787277 960 20
20190718T111848.799150 960 20
20190718T111848.806714 371.965 126.134 113.693 104.337 33.9355 339.948 168.568 366.369 168.635 20190718T111848.806714 960 20
20190718T111848.818593 960 20
20190718T111848.826673 960 20
20190718T111848.838395 371.862 125.938 113.266 104.031 34.1137 340.003 168.623 366.594 168.711 20190718T111848.838395 960 20
20190718T111848.851887 960 20
20190718T111848.860291 960 20
20190718T111848.866381 371.673 126.359 112.711 103.43 32.023 339.749 169.229 366.411 169.13 20190718T111848.866381 960 20
20190718T111848.880558 960 20
20190718T111848.886653 960 20
20190718T111848.898327 371.665 126.54 112.324 103.347 32.1942 339.713 169.137 366.127 169.308 20190718T111848.898327 960 20
20190718T111848.908365 960 20
20190718T111848.918370 960 20
20190718T111848.927321 371.419 127.1 112.473 103.084 32.4427 339.638 169.607 366.019 169.72 20190718T111848.927321 960 20
20190718T111848.939878 960 20
20190718T111848.949288 960 20
20190718T111848.958400 371.298 127.303 112.509 103.337 31.2816 339.5 169.768 365.873 169.798 20190718T111848.958400 960 20
20190718T111848.968106 960 20
20190718T111848.979205 960 20
20190718T111848.986650 371.298 128.332 112.255 102.971 32.8997 339.642 170.815 365.76 171.072 20190718T111848.986650 960 20
20190718T111848.999227 960 20
20190718T111849.010602 960 20
20190718T111849.018300 375.455 128.333 112.501 102.22 35.3111 341.779 170.837 368.678 171.178 20190718T111849.018300 960 20
20190718T111849.028608 960 20
20190718T111849.039578 960 20
20190718T111849.050493 378.892 127.427 113.035 101.22 34.9849 343.902 170.452 370.443 170.512 20190718T111849.050493 960 20
20190718T111849.058591 960 20
20190718T111849.071108 960 20
20190718T111849.079446 379.186 127.618 112.826 102.314 34.8673 344.298 170.145 370.727 170.526 20190718T111849.079446 960 20
20190718T111849.090486 960 20
20190718T111849.098309 960 20
20190718T111849.111304 378.063 127.501 112.553 102.612 34.1938 343.107 169.926 369.761 170.121 20190718T111849.111304 960 20
20190718T111849.120526 960 20
20190718T111849.131706 960 20
20190718T111849.138472 373.872 126.551 112.938 102.984 32.4104 341.353 169.528 367.678 169.601 20190718T111849.138472 960 20
20190718T111849.150840 960 20
20190718T111849.159068 960 20
20190718T111849.170401 374.063 126.799 113.373 103.189 34.5363 341.2 169.664 367.678 169.601 20190718T111849.170401 960 20
20190718T111849.181008 960 20
20190718T111849.191022 960 20
20190718T111849.198800 374.174 126.895 113.351 102.924 34.1035 341.288 169.701 367.97 169.813 20190718T111849.198800 960 20
20190718T111849.212144 960 20
20190718T111849.218335 960 20
20190718T111849.230593 374.13 126.832 113.195 103.068 33.2034 341.464 169.617 367.969 169.793 20190718T111849.230593 960 20
20190718T111849.240809 960 20
20190718T111849.253609 960 20
20190718T111849.260847 374.28 126.979 113.497 103.01 33.7269 341.5 169.637 367.927 169.894 20190718T111849.260847 960 20
20190718T111849.270792 960 20
20190718T111849.279575 960 20
20190718T111849.290408 374.397 127.201 113.549 102.819 33.246 341.553 169.798 368.076 170.101 20190718T111849.290408 960 20
20190718T111849.303488 960 20
20190718T111849.311434 960 20
20190718T111849.322383 371.28 126.924 113.19 103.075 32.4571 339.78 169.887 366.267 170.031 20190718T111849.322383 960 20
20190718T111849.332288 960 20
20190718T111849.343076 960 20
20190718T111849.350464 371.647 126.971 112.714 103.069 32.1413 339.595 169.564 366.126 169.804 20190718T111849.350464 960 20
20190718T111849.364132 960 20
20190718T111849.377289 960 20
20190718T111849.383671 371.65 126.635 112.64 102.434 29.8005 339.667 169.539 366.109 169.843 20190718T111849.383671 960 20
20190718T111849.391347 960 20
20190718T111849.403552 960 20
20190718T111849.410438 371.486 126.625 112.308 102.211 33.7264 339.513 169.555 366.106 169.604 20190718T111849.410438 960 20
20190718T111849.422695 960 20
20190718T111849.431104 960 20
20190718T111849.443007 371.134 126.758 111.925 102.866 31.6086 339.491 169.589 366 169.615 20190718T111849.443007 960 20
20190718T111849.455399 960 20
20190718T111849.465486 960 20
20190718T111849.471671 371.605 126.754 112.054 102.52 31.4763 339.629 169.52 366.098 169.558 20190718T111849.471671 960 20
20190718T111849.482393 960 20
20190718T111849.491416 960 20
20190718T111849.502632 371.691 126.348 111.874 102.409 30.2124 339.723 169.496 366.285 169.648 20190718T111849.502632 960 20
20190718T111849.511346 960 20
20190718T111849.522321 960 20
20190718T111849.531679 372.052 126.066 112.464 101.955 31.9264 339.921 168.982 366.701 169.314 20190718T111849.531679 960 20
20190718T111849.544312 960 20
20190718T111849.554516 960 20
20190718T111849.562441 372.091 126.114 112.142 102.322 32.7481 340.034 169.025 366.808 169.337 20190718T111849.562441 960 20
20190718T111849.576789 960 20
20190718T111849.584270 960 20
20190718T111849.594483 371.967 126.277 112.632 102.95 32.2542 339.888 169.043 366.73 169.385 20190718T111849.594483 960 20
20190718T111849.604993 960 20
20190718T111849.615101 960 20
20190718T111849.622440 371.823 126.247 112.623 102.977 33.2037 339.763 169.03 366.323 169.245 20190718T111849.622440 960 20
20190718T111849.635645 960 20
20190718T111849.645357 960 20
20190718T111849.655411 371.555 126.484 113.171 103.777 32.3169 339.58 169.396 365.896 169.337 20190718T111849.655411 960 20
20190718T111849.664218 960 20
20190718T111849.675714 960 20
20190718T111849.682515 371.39 126.434 113.441 103.826 33.5293 339.428 169.289 365.819 169.301 20190718T111849.682515 960 20
20190718T111849.694694 960 20
20190718T111849.702363 960 20
20190718T111849.715047 371.447 126.455 113.369 104.175 33.1566 339.585 169.336 365.939 169.401 20190718T111849.715047 960 20
20190718T111849.725018 960 20
20190718T111849.735724 960 20
20190718T111849.743100 371.61 126.587 113.778 104.471 30.8527 339.7 169.405 366.01 169.368 20190718T111849.743100 960 20
20190718T111849.754481 960 20
20190718T111849.763496 960 20
20190718T111849.774335 371.72 126.664 113.459 104.7 34.6732 339.718 169.423 366.192 169.663 20190718T111849.774335 960 20
20190718T111849.784263 960 20
20190718T111849.794549 960 20
20190718T111849.806469 371.93 126.47 114.313 103.752 32.7263 339.736 169.333 366.068 169.534 20190718T111849.806469 960 20
20190718T111849.816270 960 20
20190718T111849.826467 960 20
20190718T111849.834474 371.53 126.536 113.826 104.171 32.1586 339.608 169.348 365.939 169.401 20190718T111849.834474 960 20
20190718T111849.846384 960 20
20190718T111849.856252 960 20
20190718T111849.866379 371.598 126.374 113.484 103.572 33.3091 339.471 169.375 365.865 169.431 20190718T111849.866379 960 20
20190718T111849.874637 960 20
20190718T111849.886490 960 20
20190718T111849.894505 371.359 126.678 113.314 103.661 32.5721 339.5 169.359 365.865 169.431 20190718T111849.894505 960 20
20190718T111849.907910 960 20
20190718T111849.915081 960 20
20190718T111849.926344 371.389 126.714 113.238 103.354 32.5825 339.504 169.487 365.908 169.371 20190718T111849.926344 960 20
20190718T111849.936170 960 20
20190718T111849.948845 960 20
20190718T111849.958857 372.435 126.772 112.396 102.341 34.0958 339.781 169.53 366.585 169.727 20190718T111849.958857 960 20
20190718T111849.966583 960 20
20190718T111849.974448 960 20
20190718T111849.987841 372.171 127.07 111.901 102.262 32.638 339.526 169.804 366.192 169.862 20190718T111849.987841 960 20
20190718T111849.996018 960 20
20190718T111850.006494 960 20
20190718T111850.017146 372.03 127.17 111.798 102.53 32.5215 339.535 170.017 366.111 170.008 20190718T111850.017146 960 20
20190718T111850.028854 960 20
20190718T111850.035368 960 20
20190718T111850.048861 372.154 127.097 111.961 101.508 31.3084 339.571 170.003 366.25 170.186 20190718T111850.048861 960 20
20190718T111850.058588 960 20
20190718T111850.068684 960 20
20190718T111850.078454 372.195 127.335 111.597 100.678 32.3699 339.642 170.424 366.163 170.411 20190718T111850.078454 960 20
20190718T111850.088652 960 20
20190718T111850.099008 960 20
20190718T111850.106549 372.251 127.364 110.975 100.945 33.2164 339.667 170.36 366.201 170.526 20190718T111850.106549 960 20
20190718T111850.120306 960 20
20190718T111850.128059 960 20
20190718T111850.139159 372.341 127.365 110.942 100.513 32.9781 339.728 170.425 366.427 170.455 20190718T111850.139159 960 20
20190718T111850.148581 960 20
20190718T111850.954330 1900 20
20190718T111850.964063 460.288 149.248 116.688 93.4283 59.0097 378.71 186.927 413.324 184.741 20190718T111850.964063 1900 20
20190718T111850.975907 1900 20
20190718T111850.984607 1900 20
20190718T111850.995398 460.212 149.065 115.332 92.9711 59.165 378.758 186.734 413.331 184.711 20190718T111850.995398 1900 20
20190718T111851.005252 1900 20
20190718T111851.015636 1900 20
20190718T111851.023706 460.404 149.061 114.25 91.6969 59.31 378.96 186.691 413.429 184.665 20190718T111851.023706 1900 20
20190718T111851.035600 1900 20
20190718T111851.043154 1900 20
20190718T111851.055784 460.276 148.736 112.457 91.0258 59.0736 378.913 186.369 413.365 184.521 20190718T111851.055784 1900 20
20190718T111851.067733 1900 20
20190718T111851.075790 1900 20
20190718T111851.087288 460.275 148.814 112.261 90.6898 59.2767 378.853 186.367 413.412 184.306 20190718T111851.087288 1900 20
20190718T111851.098231 1900 20
20190718T111851.108118 1900 20
20190718T111851.114761 460.26 148.93 111.229 90.0079 58.9915 378.762 186.226 413.371 184.314 20190718T111851.114761 1900 20
20190718T111851.126545 1900 20
20190718T111851.135904 1900 20
20190718T111851.147923 459.983 148.667 110.36 89.555 59.6853 378.406 186.253 413.076 184.281 20190718T111851.147923 1900 20
20190718T111851.158273 1900 20
20190718T111851.168632 1900 20
20190718T111851.178646 460.298 148.33 109.366 88.7874 59.3309 378.712 186.168 413.615 183.817 20190718T111851.178646 1900 20
20190718T111851.192095 1900 20
20190718T111851.201852 1900 20
20190718T111851.209215 460.224 148.465 109.151 88.1916 59.6372 378.678 186.076 413.49 183.895 20190718T111851.209215 1900 20
20190718T111851.216671 1900 20
20190718T111851.226656 1900 20
20190718T111851.235352 460.14 148.398 108.881 88.3075 59.5224 378.574 186.199 413.33 183.97 20190718T111851.235352 1900 20
20190718T111851.247629 1900 20
20190718T111851.255805 1900 20
20190718T111851.267068 460.335 148.357 108.295 87.9033 59.8765 378.71 186.056 413.683 183.638 20190718T111851.267068 1900 20
20190718T111851.279276 1900 20
20190718T111851.286422 1900 20
20190718T111851.294602 460.331 148.215 107.966 87.9472 59.0164 378.781 185.945 413.441 183.519 20190718T111851.294602 1900 20
20190718T111851.308986 1900 20
20190718T111851.321407 1900 20
20190718T111851.327728 460.309 148.118 107.849 87.8258 59.0137 378.766 185.737 413.454 183.439 20190718T111851.327728 1900 20
20190718T111851.338760 1900 20
20190718T111851.347860 1900 20
20190718T111851.359427 462.166 149.355 107.673 87.6469 60.1201 378.907 186.951 414.516 184.347 20190718T111851.359427 1900 20
20190718T111851.367560 1900 20
20190718T111851.378474 1900 20
20190718T111851.390299 461.73 149.169 107.914 87.8405 60.1781 378.621 186.814 413.987 184.238 20190718T111851.390299 1900 20
20190718T111851.398925 1900 20
20190718T111851.407589 1900 20
20190718T111851.418762 461.642 149.587 108.786 87.9137 59.9628 378.379 187.118 413.844 184.733 20190718T111851.418762 1900 20
20190718T111851.427513 1900 20
20190718T111851.438448 1900 20
20190718T111851.446469 461.701 149.452 108.415 88.2254 59.6392 378.688 186.961 413.968 184.532 20190718T111851.446469 1900 20
20190718T111851.459587 1900 20
20190718T111851.467685 1900 20
20190718T111851.479607 462.908 149.229 109.238 88.5741 59.9351 379.647 186.36 415.173 183.752 20190718T111851.479607 1900 20
20190718T111851.488640 1900 20
20190718T111851.498975 1900 20
20190718T111851.508177 463.036 149 109.681 88.9628 59.5416 379.639 186.351 415.218 183.549 20190718T111851.508177 1900 20
20190718T111851.519617 1900 20
20190718T111851.529631 1900 20
20190718T111851.541907 463.036 149 109.681 88.9628 59.5416 379.639 186.351 415.218 183.549 20190718T111851.541907 1900 20
20190718T111851.551859 1900 20
20190718T111851.560972 1900 20
20190718T111851.571576 461.442 148.033 110.655 89.3734 59.6292 378.451 186.013 414.271 182.955 20190718T111851.571576 1900 20
20190718T111851.579937 1900 20
20190718T111851.591308 1900 20
20190718T111851.602439 461.425 148.286 111.027 89.5226 59.705 378.539 186.117 414.143 183.036 20190718T111851.602439 1900 20
20190718T111851.610722 1900 20
20190718T111851.619424 1900 20
20190718T111851.631623 461.321 148.362 111.363 89.908 60.2605 378.138 186.011 414.028 182.988 20190718T111851.631623 1900 20
20190718T111851.642635 1900 20
20190718T111851.651692 1900 20
20190718T111851.661834 461.694 148.195 111.649 90.0123 59.6807 378.757 185.866 414.347 182.992 20190718T111851.661834 1900 20
20190718T111851.671661 1900 20
20190718T111851.681669 1900 20
20190718T111851.691466 462.2 148.331 112.009 90.0294 59.1161 379.277 185.914 414.695 182.982 20190718T111851.691466 1900 20
20190718T111851.699529 1900 20
20190718T111851.710567 1900 20
20190718T111851.719754 462.247 148.439 112.053 90.1967 59.4836 379.184 186.127 414.516 183.363 20190718T111851.719754 1900 20
20190718T111851.731349 1900 20
20190718T111851.739895 1900 20
20190718T111851.750462 461.618 148.65 112.689 90.3045 59.638 378.559 186.288 414.069 183.392 20190718T111851.750462 1900 20
20190718T111851.758537 1900 20
20190718T111851.772103 1900 20
20190718T111851.781104 461.769 148.475 113.018 90.7532 59.5772 378.486 186.14 414.144 183.173 20190718T111851.781104 1900 20
20190718T111851.791614 1900 20
20190718T111851.800726 1900 20
20190718T111851.811876 461.242 148.475 113.952 90.7889 59.8968 378.388 186.097 413.926 183.124 20190718T111851.811876 1900 20
20190718T111851.824931 1900 20
20190718T111851.835962 1900 20
20190718T111851.843982 461.348 148.557 113.991 91.2498 59.2431 378.377 186.018 414.058 183.121 20190718T111851.843982 1900 20
20190718T111851.853023 1900 20
20190718T111851.862877 1900 20
20190718T111851.873548 461.48 148.525 114.34 91.2801 59.8506 378.552 185.973 414.216 183.064 20190718T111851.873548 1900 20
20190718T111851.884979 1900 20
20190718T111851.892059 1900 20
20190718T111851.904600 461.77 148.412 114.523 91.5069 59.9727 378.917 185.755 414.326 183.11 20190718T111851.904600 1900 20
20190718T111851.913503 1900 20
20190718T111851.925849 1900 20
20190718T111851.935606 461.955 148.446 114.47 91.5513 60.113 378.804 185.82 414.44 183.027 20190718T111851.935606 1900 20
20190718T111851.944999 1900 20
20190718T111851.953556 1900 20
20190718T111851.962421 461.73 148.475 115.067 91.3828 59.6781 378.826 185.808 414.483 183 20190718T111851.962421 1900 20
20190718T111851.971202 1900 20
20190718T111851.983413 1900 20
20190718T111851.992690 461.597 148.459 115.392 91.4572 59.855 378.656 185.881 414.259 183.085 20190718T111851.992690 1900 20
20190718T111852.003650 1900 20
20190718T111852.013606 1900 20
20190718T111852.023732 461.431 148.45 115.586 91.6836 60.1786 378.598 185.735 414.207 182.945 20190718T111852.023732 1900 20
20190718T111852.033085 1900 20
20190718T111852.044850 1900 20
20190718T111852.051733 461.297 148.321 115.832 91.5256 60.1557 378.498 185.856 414.106 182.932 20190718T111852.051733 1900 20
20190718T111852.064943 1900 20
20190718T111852.079221 1900 20
20190718T111852.089414 461.366 148.488 115.827 92.1268 60.0286 378.624 185.873 414.231 183.037 20190718T111852.089414 1900 20
20190718T111852.096035 1900 20
20190718T111852.105120 1900 20
20190718T111852.116139 461.582 160.798 117.15 94.3065 65.5005 384.789 188.654 415.606 188.965 20190718T111852.116139 1900 20
20190718T111852.122745 1900 20
20190718T111852.134491 1900 20
20190718T111852.144951 461.035 161.662 116.732 94.9594 63.8627 384.657 189.002 415.149 189.326 20190718T111852.144951 1900 20
20190718T111852.155596 1900 20
20190718T111852.164172 1900 20
20190718T111852.175982 461.013 161.671 116.696 95.0218 63.8529 384.657 189.002 415.149 189.326 20190718T111852.175982 1900 20
20190718T111852.184434 1900 20
20190718T111852.195645 1900 20
20190718T111852.204178 460.762 161.785 116.726 95.4231 64.3352 384.573 189.002 414.891 189.335 20190718T111852.204178 1900 20
20190718T111852.216239 1900 20
20190718T111852.225788 1900 20
20190718T111852.234596 460.516 161.751 117.13 96.0007 63.7519 384.537 188.849 414.678 189.415 20190718T111852.234596 1900 20
20190718T111852.248768 1900 20
20190718T111852.258664 1900 20
20190718T111852.264756 460.277 161.738 117.756 96.0052 63.3525 384.475 188.949 414.625 189.594 20190718T111852.264756 1900 20
20190718T111852.275801 1900 20
20190718T111852.284024 1900 20
20190718T111852.296347 460.086 161.822 118.02 96.3708 63.6393 384.185 188.869 414.344 189.339 20190718T111852.296347 1900 20
20190718T111852.305122 1900 20
20190718T111852.315773 1900 20
20190718T111852.328744 459.87 161.675 118.578 96.6879 63.0448 384.239 188.871 414.169 189.375 20190718T111852.328744 1900 20
20190718T111852.337332 1900 20
20190718T111852.346547 1900 20
20190718T111852.354446 459.897 161.764 118.561 96.9467 63.0675 384.2 188.861 414.316 189.418 20190718T111852.354446 1900 20
20190718T111852.366499 1900 20
20190718T111852.378651 1900 20
20190718T111852.388854 459.996 161.769 118.774 96.9359 62.9236 384.285 188.996 414.36 189.379 20190718T111852.388854 1900 20
20190718T111852.402972 1900 20
20190718T111852.411796 1900 20
20190718T111852.416106 459.975 161.845 118.92 96.9343 63.3216 384.208 188.862 414.269 189.382 20190718T111852.416106 1900 20
20190718T111852.426467 1900 20
20190718T111852.435766 1900 20
20190718T111853.293273 457.575 189.982 117.17 99.7366 73.2553 385.046 201.187 413.811 201.797 20190718T111853.293273 1900 540
20190718T111853.303920 1900 540
20190718T111853.311959 1900 540
20190718T111853.322735 457.599 190.094 117.257 100.092 73.2081 385.038 201.501 413.585 202.167 20190718T111853.322735 1900 540
20190718T111853.334529 1900 540
20190718T111853.343053 1900 540
20190718T111853.354498 457.287 189.933 117.638 100.879 73.1199 384.543 201.254 413.542 201.858 20190718T111853.354498 1900 540
20190718T111853.362569 1900 540
20190718T111853.374654 1900 540
20190718T111853.386475 457.118 189.899 118.105 100.778 73.6639 384.565 201.29 413.5 202 20190718T111853.386475 1900 540
20190718T111853.394831 1900 540
20190718T111853.403736 1900 540
20190718T111853.415275 457.104 190.008 118.538 101.684 72.8587 384.252 201.571 413.396 201.931 20190718T111853.415275 1900 540
20190718T111853.422704 1900 540
20190718T111853.435191 1900 540
20190718T111853.443196 456.968 190.031 119.137 102.055 73.0901 384.235 201.514 413.471 201.931 20190718T111853.443196 1900 540
20190718T111853.455868 1900 540
20190718T111853.464416 1900 540
20190718T111853.474572 457.373 189.981 119.697 103.046 73.0351 384.664 201.202 413.622 202.02 20190718T111853.474572 1900 540
20190718T111853.483821 1900 540
20190718T111853.495776 1900 540
20190718T111853.502977 457.412 190.013 120.249 103.483 72.9925 384.837 201.536 413.688 201.917 20190718T111853.502977 1900 540
20190718T111853.514599 1900 540
20190718T111853.524293 1900 540
20190718T111853.534484 457.438 189.894 121.067 104.584 73.0082 385.018 201.23 413.789 201.956 20190718T111853.534484 1900 540
20190718T111853.544044 1900 540
20190718T111853.555875 1900 540
20190718T111853.563056 457.474 189.816 121.421 104.81 72.5434 384.941 201.357 413.749 201.983 20190718T111853.563056 1900 540
20190718T111853.575747 1900 540
20190718T111853.587383 1900 540
20190718T111853.595200 457.152 189.864 122.168 105.636 73.2579 384.683 201.38 413.793 201.88 20190718T111853.595200 1900 540
20190718T111853.607874 1900 540
20190718T111853.614880 1900 540
20190718T111853.627719 456.988 189.659 122.569 106.328 72.5651 384.7 201.11 413.723 201.926 20190718T111853.627719 1900 540
20190718T111853.637314 1900 540
20190718T111853.646668 1900 540
20190718T111853.656070 456.756 189.617 123.368 106.421 72.8852 384.331 201.25 413.509 201.832 20190718T111853.656070 1900 540
20190718T111853.667907 1900 540
20190718T111853.678278 1900 540
20190718T111853.686622 456.51 189.715 123.415 106.883 72.4292 384.163 201.398 413.351 202.042 20190718T111853.686622 1900 540
20190718T111853.694753 1900 540
20190718T111853.708137 1900 540
20190718T111853.716865 456.272 189.646 124.057 107.391 72.7036 384.017 201.58 413.113 201.936 20190718T111853.716865 1900 540
20190718T111853.726771 1900 540
20190718T111853.735816 1900 540
20190718T111853.748313 456.148 189.543 124.226 107.821 71.3277 384.124 201.443 413.113 201.936 20190718T111853.748313 1900 540
20190718T111853.758973 1900 540
20190718T111853.767712 1900 540
20190718T111853.776334 456.215 189.602 124.813 107.66 72.831 384.017 201.58 413.113 201.936 20190718T111853.776334 1900 540
20190718T111853.789743 1900 540
20190718T111853.796415 1900 540
20190718T111853.807779 450.681 197.79 124.177 109.881 75.3817 381.852 205.141 410.837 206.159 20190718T111853.807779 1900 540
20190718T111853.815970 1900 540
20190718T111853.828729 1900 540
20190718T111853.840639 450.685 197.365 123.862 109.677 73.8134 381.747 205.15 410.725 206.225 20190718T111853.840639 1900 540
20190718T111853.849835 1900 540
20190718T111853.860126 1900 540
20190718T111853.867163 450.568 197.36 123.883 109.247 75.1796 381.462 205.187 410.673 206.071 20190718T111853.867163 1900 540
20190718T111853.879225 1900 540
20190718T111853.887474 1900 540
20190718T111853.899176 450.323 197.332 123.273 108.617 74.7454 381.374 205.168 410.508 206.149 20190718T111853.899176 1900 540
20190718T111853.908627 1900 540
20190718T111853.920473 1900 540
20190718T111853.927757 450.416 197.664 122.796 108.412 74.2716 381.45 205.155 410.442 206.09 20190718T111853.927757 1900 540
20190718T111853.939765 1900 540
20190718T111853.948004 1900 540
20190718T111853.958660 450.144 198.122 121.854 108.141 74.7599 381.173 205.786 410.037 206.599 20190718T111853.958660 1900 540
20190718T111853.967267 1900 540
20190718T111853.979361 1900 540
20190718T111853.986672 450.165 197.748 121.91 107.61 75.0693 381.279 205.177 409.975 206.218 20190718T111853.986672 1900 540
20190718T111854.003278 1900 540
20190718T111854.008401 1900 540
20190718T111854.018998 450.626 197.693 122.026 107.519 74.6116 381.547 205.062 410.449 206.165 20190718T111854.018998 1900 540
20190718T111854.028471 1900 540
20190718T111854.039661 1900 540
20190718T111854.046594 450.875 198.091 121.727 107.657 75.7991 381.906 205.399 410.69 206.248 20190718T111854.046594 1900 540
20190718T111854.060001 1900 540
20190718T111854.073923 1900 540
20190718T111854.082857 456.458 192.103 121.99 106.104 73.1977 384.811 202.827 413.66 203.389 20190718T111854.082857 1900 540
20190718T111854.092956 1900 540
20190718T111854.103265 1900 540
20190718T111854.110587 455.805 192.397 122.178 106.127 74.0508 384.103 202.742 413.221 203.488 20190718T111854.110587 1900 540
20190718T111854.119421 1900 540
20190718T111854.130581 1900 540
20190718T111854.139880 455.866 192.547 122.398 106.24 73.9655 384.077 203.195 413.236 203.761 20190718T111854.139880 1900 540
20190718T111854.151056 1900 540
20190718T111854.159642 1900 540
20190718T111854.170488 455.667 192.868 123.154 105.968 74.4673 383.843 203.383 413.063 203.979 20190718T111854.170488 1900 540
20190718T111854.180168 1900 540
20190718T111854.190545 1900 540
20190718T111854.200023 455.597 193.061 123.004 106.385 74.5648 384.029 203.63 413.026 203.922 20190718T111854.200023 1900 540
20190718T111854.211152 1900 540
20190718T111854.221411 1900 540
20190718T111854.230646 455.725 192.955 123.546 106.31 73.8606 384.075 203.609 413.094 203.788 20190718T111854.230646 1900 540
20190718T111854.240958 1900 540
20190718T111854.251201 1900 540
20190718T111854.259351 455.383 193.557 123.715 106.795 75.7079 383.89 203.919 413.256 204.86 20190718T111854.259351 1900 540
20190718T111854.271723 1900 540
20190718T111854.280480 1900 540
20190718T111854.290589 455.322 193.594 123.906 107.088 75.1533 383.848 203.971 413.03 204.622 20190718T111854.290589 1900 540
20190718T111854.299751 1900 540
20190718T111854.310617 1900 540
20190718T111854.324448 455.822 193.271 124.182 107.321 74.7273 384.092 203.849 413.261 204.389 20190718T111854.324448 1900 540
20190718T111854.333014 1900 540
20190718T111854.342582 1900 540
20190718T111854.353782 455.757 193.263 124.843 107.689 75.1538 384.301 203.716 413.247 204.019 20190718T111854.353782 1900 540
20190718T111854.364387 1900 540
20190718T111854.372141 1900 540
20190718T111854.382853 455.778 193.18 125.074 107.679 75.1219 384.03 203.689 413.071 203.929 20190718T111854.382853 1900 540
20190718T111854.391365 1900 540
20190718T111854.402662 1900 540
20190718T111854.411213 455.74 193.078 125.239 108.085 75.1731 384.11 203.514 413.065 203.922 20190718T111854.411213 1900 540
20190718T111854.422555 1900 540
20190718T111854.431769 1900 540
20190718T111854.442537 455.824 192.771 126.023 108.398 74.792 384.369 203.146 413.404 203.745 20190718T111854.442537 1900 540
20190718T111854.450641 1900 540
20190718T111854.463989 1900 540
20190718T111854.471081 455.837 192.527 126.273 108.416 74.9145 384.681 203.029 413.565 203.663 20190718T111854.471081 1900 540
20190718T111854.482608 1900 540
20190718T111854.492525 1900 540
20190718T111854.502670 455.969 192.679 126.432 108.627 74.9849 384.883 203.028 413.844 203.646 20190718T111854.502670 1900 540
20190718T111854.512791 1900 540
20190718T111854.523800 1900 540
20190718T111854.530735 455.861 192.738 126.757 108.512 75.7343 384.719 203.153 413.811 203.718 20190718T111854.530735 1900 540
20190718T111854.542585 1900 540
20190718T111854.551874 1900 540
20190718T111854.562684 455.55 192.52 126.783 108.951 75.9392 384.538 203.068 413.372 203.646 20190718T111854.562684 1900 540
20190718T111854.573039 1900 540
20190718T111854.584110 1900 540
20190718T111854.595069 455.419 192.553 126.937 108.993 76.6746 384.291 203.079 413.323 203.708 20190718T111854.595069 1900 540
20190718T111854.605002 1900 540
20190718T111854.614660 1900 540
20190718T111854.623166 455.178 192.741 127.056 109.319 75.8867 384.112 203.331 413.236 203.761 20190718T111854.623166 1900 540
20190718T111854.634636 1900 540
20190718T111854.643319 1900 540
20190718T111854.654578 455.077 192.702 126.916 109.62 75.9426 384.172 203.177 413.252 203.691 20190718T111854.654578 1900 540
20190718T111854.663649 1900 540
20190718T111854.677147 1900 540
20190718T111854.685633 454.826 192.727 127.356 109.738 76.9267 384 203.212 413.165 203.861 20190718T111854.685633 1900 540
20190718T111854.695206 1900 540
20190718T111854.704817 1900 540
20190718T111854.714693 454.84 192.826 127.191 109.564 76.9489 384.098 203.189 413.113 203.936 20190718T111854.714693 1900 540
20190718T111854.725296 1900 540
20190718T111854.736140 1900 540
20190718T111854.742694 454.72 192.694 127.317 109.995 76.8964 384.038 203.189 413.113 203.936 20190718T111854.742694 1900 540
20190718T111854.755915 1900 540
20190718T111854.763288 1900 540
20190718T111854.774523 454.629 192.755 127.332 109.996 76.4529 384.052 203.251 413.161 203.919 20190718T111854.774523 1900 540
20190718T111854.784976 1900 540
20190718T111855.604352 960 540
20190718T111855.611820 363.917 176.807 120.27 115.923 65.7607 335.883 193.89 361.531 194.562 20190718T111855.611820 960 540
20190718T111855.623984 960 540
20190718T111855.631801 960 540
20190718T111855.643258 363.82 176.747 119.462 115.534 68.8032 335.52 193.422 361.548 194.176 20190718T111855.643258 960 540
20190718T111855.654867 960 540
20190718T111855.665662 960 540
20190718T111855.671806 364.139 176.585 118.738 114.3 63.834 335.859 193.216 361.399 194.037 20190718T111855.671806 960 540
20190718T111855.684561 960 540
20190718T111855.691136 960 540
20190718T111855.702699 364.524 176.352 118.539 113.473 59.1628 336.058 193.272 361.685 193.862 20190718T111855.702699 960 540
20190718T111855.712572 960 540
20190718T111855.723496 960 540
20190718T111855.731029 364.447 176.123 117.889 113.049 60.7536 335.774 193.212 361.587 193.761 20190718T111855.731029 960 540
20190718T111855.742863 960 540
20190718T111855.753218 960 540
20190718T111855.763156 364.699 176.322 117.589 111.948 62.4759 335.93 193.179 361.585 193.755 20190718T111855.763156 960 540
20190718T111855.772748 960 540
20190718T111855.784007 960 540
20190718T111855.793075 364.62 176.051 117.191 111.535 60.4899 335.822 193.003 361.663 193.539 20190718T111855.793075 960 540
20190718T111855.802771 960 540
20190718T111855.812890 960 540
20190718T111855.823277 364.608 176.007 116.649 111.606 62.446 335.769 192.894 361.608 193.45 20190718T111855.823277 960 540
20190718T111855.833072 960 540
20190718T111855.844998 960 540
20190718T111855.854744 364.647 175.988 116.094 111.105 58.7462 335.929 192.793 361.654 193.394 20190718T111855.854744 960 540
20190718T111855.864339 960 540
20190718T111855.874543 960 540
20190718T111855.883251 364.609 176.069 116.458 110.716 55.5475 335.969 192.861 361.654 193.394 20190718T111855.883251 960 540
20190718T111855.894766 960 540
20190718T111855.902966 960 540
20190718T111855.914453 364.989 175.992 116.525 110.361 56.3018 336.221 192.663 361.753 193.321 20190718T111855.914453 960 540
20190718T111855.924647 960 540
20190718T111855.934595 960 540
20190718T111855.942907 364.959 175.701 116.251 110.227 53.8504 336.311 192.853 361.711 193.261 20190718T111855.942907 960 540
20190718T111855.955952 960 540
20190718T111855.963740 960 540
20190718T111855.974525 364.883 175.713 116.445 110.388 57.0989 336.246 192.586 361.711 193.261 20190718T111855.974525 960 540
20190718T111855.983913 960 540
20190718T111855.995208 960 540
20190718T111856.002741 364.898 175.618 116.611 110.041 56.6232 336.078 192.808 361.711 193.261 20190718T111856.002741 960 540
20190718T111856.014632 960 540
20190718T111856.022545 960 540
20190718T111856.034748 364.869 175.692 115.576 109.471 53.2049 335.954 192.558 361.711 193.261 20190718T111856.034748 960 540
20190718T111856.043433 960 540
20190718T111856.054816 960 540
20190718T111856.062658 364.698 175.579 115.13 109.209 57.863 336.094 192.816 361.711 193.261 20190718T111856.062658 960 540
20190718T111856.078481 960 540
20190718T111856.085607 960 540
20190718T111856.094720 364.669 175.529 115.236 109.086 52.3767 336.193 192.589 361.711 193.261 20190718T111856.094720 960 540
20190718T111856.106744 960 540
20190718T111856.115589 960 540
20190718T111856.126799 364.864 175.527 114.69 108.383 54.7657 336.235 192.674 361.711 193.261 20190718T111856.126799 960 540
20190718T111856.137151 960 540
20190718T111856.146605 960 540
20190718T111856.155410 364.955 175.572 114.008 107.887 54.4102 336.372 192.747 361.796 193.256 20190718T111856.155410 960 540
20190718T111856.167955 960 540
20190718T111856.175642 960 540
20190718T111856.187602 365.004 175.647 113.833 107.487 53.3232 336.487 192.853 361.796 193.256 20190718T111856.187602 960 540
20190718T111856.195738 960 540
20190718T111856.206580 960 540
20190718T111856.216184 364.939 175.598 113.629 107.425 53.2764 336.401 192.814 361.796 193.256 20190718T111856.216184 960 540
20190718T111856.227599 960 540
20190718T111856.237027 960 540
20190718T111856.246588 365.05 175.565 113.641 107.556 53.7839 336.542 192.78 362.115 193.247 20190718T111856.246588 960 540
20190718T111856.255002 960 540
20190718T111856.268427 960 540
20190718T111856.275908 365.13 175.549 113.625 107.142 54.4415 336.629 192.798 362.115 193.247 20190718T111856.275908 960 540
20190718T111856.287848 960 540
20190718T111856.297922 960 540
20190718T111856.308189 365.13 175.549 113.625 107.142 54.4415 336.629 192.798 362.115 193.247 20190718T111856.308189 960 540
20190718T111856.319480 960 540
20190718T111856.328126 960 540
20190718T111856.341102 364.758 175.579 113.81 107.589 53.5652 336.09 192.819 361.711 193.261 20190718T111856.341102 960 540
20190718T111856.348197 960 540
20190718T111856.359987 960 540
20190718T111856.366997 364.752 175.61 114.007 107.626 56.1185 335.912 192.63 361.638 193.304 20190718T111856.366997 960 540
20190718T111856.378755 960 540
20190718T111856.387408 960 540
20190718T111856.398701 364.642 176.142 114.327 107.624 53.6201 335.859 193.216 361.56 193.656 20190718T111856.398701 960 540
20190718T111856.407367 960 540
20190718T111856.420331 960 540
20190718T111856.428123 365.137 175.284 114.649 108.1 55.7522 336.653 192.424 362.115 193.228 20190718T111856.428123 960 540
20190718T111856.438549 960 540
20190718T111856.448696 960 540
20190718T111856.458572 365.573 175.344 115.061 108.093 54.6541 337.039 192.705 362.498 193.35 20190718T111856.458572 960 540
20190718T111856.467497 960 540
20190718T111856.479007 960 540
20190718T111856.488002 365.587 175.34 115.111 108.105 54.4525 337.039 192.705 362.498 193.35 20190718T111856.488002 960 540
20190718T111856.501146 960 540
20190718T111856.511016 960 540
20190718T111856.519908 365.285 175.515 115.193 108.762 54.6617 336.656 192.826 362.047 193.28 20190718T111856.519908 960 540
20190718T111856.528440 960 540
20190718T111856.538590 960 540
20190718T111856.546961 364.931 175.475 115.678 109.188 52.2015 336.193 192.693 361.682 193.365 20190718T111856.546961 960 540
20190718T111856.558936 960 540
20190718T111856.567274 960 540
20190718T111856.578847 364.942 175.431 116.053 109.59 57.1584 336.257 193.007 361.682 193.365 20190718T111856.578847 960 540
20190718T111856.587807 960 540
20190718T111856.599516 960 540
20190718T111856.610710 364.971 175.287 116.37 109.569 57.5569 336.088 192.752 361.711 193.261 20190718T111856.610710 960 540
20190718T111856.619282 960 540
20190718T111856.631075 960 540
20190718T111856.639365 365.25 175.261 116.844 110.135 54.7674 336.568 192.737 362.151 193.308 20190718T111856.639365 960 540
20190718T111856.650738 960 540
20190718T111856.659879 960 540
20190718T111856.670879 365.469 175.143 117.235 110.032 55.806 336.698 192.8 362.301 193.369 20190718T111856.670879 960 540
20190718T111856.681721 960 540
20190718T111856.692181 960 540
20190718T111856.700780 365.431 175.095 116.963 111.055 57.3519 336.656 192.677 362.237 193.314 20190718T111856.700780 960 540
20190718T111856.711846 960 540
20190718T111856.720152 960 540
20190718T111856.730868 365.209 175.376 117.366 111.014 55.6463 336.513 192.777 362 193.352 20190718T111856.730868 960 540
20190718T111856.741650 960 540
20190718T111856.751182 960 540
20190718T111856.758684 364.856 175.138 117.461 111.359 57.4193 336.037 192.905 361.638 193.304 20190718T111856.758684 960 540
20190718T111856.772367 960 540
20190718T111856.783290 960 540
20190718T111856.790708 364.815 174.944 118.037 111.393 58.4855 336.139 192.66 361.711 193.261 20190718T111856.790708 960 540
20190718T111856.800960 960 540
20190718T111856.811075 960 540
20190718T111856.818537 365.211 174.932 117.789 111.424 58.7036 336.538 192.527 361.942 193.208 20190718T111856.818537 960 540
20190718T111856.833628 960 540
20190718T111856.840924 960 540
20190718T111856.850613 364.914 174.9 117.877 111.429 59.8901 336.478 192.377 361.962 193.266 20190718T111856.850613 960 540
20190718T111856.864155 960 540
20190718T111856.872407 960 540
20190718T111856.882638 364.763 174.877 117.79 111.615 60.7518 336.185 192.566 361.711 193.261 20190718T111856.882638 960 540
20190718T111856.892748 960 540
20190718T111856.902595 960 540
20190718T111856.910753 364.696 174.776 117.908 111.543 59.324 336.214 192.404 361.703 193.127 20190718T111856.910753 960 540
20190718T111856.923712 960 540
20190718T111856.931360 960 540
20190718T111856.942549 364.89 174.635 117.882 111.127 59.3646 336.468 192.286 361.846 192.962 20190718T111856.942549 960 540
20190718T111856.952151 960 540
20190718T111856.963297 960 540
20190718T111856.971505 364.819 174.569 117.43 111.384 60.2037 336.626 192.168 361.783 193 20190718T111856.971505 960 540
20190718T111856.983974 960 540
20190718T111856.995810 960 540
20190718T111857.003238 364.659 174.769 117.309 111.619 60.953 336.251 192.344 361.616 193.019 20190718T111857.003238 960 540
20190718T111857.012888 960 540
20190718T111857.023774 960 540
20190718T111857.030865 364.602 174.709 117.598 111.487 59.4117 336.251 192.344 361.642 192.954 20190718T111857.030865 960 540
20190718T111857.043907 960 540
20190718T111857.051844 960 540
20190718T111857.063296 364.641 174.641 117.804 111.883 59.3348 336.35 192.284 361.604 192.938 20190718T111857.063296 960 540
20190718T111857.072693 960 540
20190718T111857.083274 960 540
20190718T111857.090539 364.743 174.746 117.641 111.517 61.1499 336.251 192.344 361.642 192.954 20190718T111857.090539 960 540
20190718T111857.104403 960 540
20190718T111857.912493 20 540
20190718T111857.920738 265.066 165.413 118.809 114.009 102.943 280.03 186.642 305.538 187.205 20190718T111857.920738 20 540
20190718T111857.931712 20 540
20190718T111857.940167 20 540
20190718T111857.950818 264.791 165.198 118.971 114.261 103.509 280.041 186.609 305.422 187.187 20190718T111857.950818 20 540
20190718T111857.960763 20 540
20190718T111857.970588 20 540
20190718T111857.978898 264.078 165.805 119.792 114.283 100.816 279.206 186.928 305.073 187.358 20190718T111857.978898 20 540
20190718T111857.993869 20 540
20190718T111858.002302 20 540
20190718T111858.010747 263.803 165.535 119.478 114.54 100.833 279.101 186.65 304.676 187.366 20190718T111858.010747 20 540
20190718T111858.020215 20 540
20190718T111858.031821 20 540
20190718T111858.039043 263.937 165.408 119.399 114.442 99.9059 278.91 186.545 304.878 187.205 20190718T111858.039043 20 540
20190718T111858.051639 20 540
20190718T111858.058810 20 540
20190718T111858.070607 263.96 165.379 118.875 114.66 105.72 278.997 186.443 304.965 187.22 20190718T111858.070607 20 540
20190718T111858.080005 20 540
20190718T111858.090619 20 540
20190718T111858.098802 263.887 165.849 120.075 114.277 97.6331 278.857 186.567 304.596 187.186 20190718T111858.098802 20 540
20190718T111858.111329 20 540
20190718T111858.124014 20 540
20190718T111858.130677 263.898 165.639 119.685 114.505 99.0116 278.839 186.483 304.479 187.206 20190718T111858.130677 20 540
20190718T111858.144178 20 540
20190718T111858.154154 20 540
20190718T111858.162777 263.915 165.25 118.905 114.459 105.368 278.846 186.291 304.47 186.885 20190718T111858.162777 20 540
20190718T111858.171264 20 540
20190718T111858.183821 20 540
20190718T111858.193782 264.002 165.639 119.718 114.632 99.6704 278.897 186.236 304.661 186.798 20190718T111858.193782 20 540
20190718T111858.206992 20 540
20190718T111858.213108 20 540
20190718T111858.224136 264.053 165.521 119.89 114.388 102.464 278.93 186.178 304.71 187.062 20190718T111858.224136 20 540
20190718T111858.231889 20 540
20190718T111858.243917 20 540
20190718T111858.251285 263.959 165.372 119.812 114.613 103.981 278.897 186.236 304.724 187.111 20190718T111858.251285 20 540
20190718T111858.264864 20 540
20190718T111858.271363 20 540
20190718T111858.282812 263.729 165.224 119.624 114.965 107.1 278.661 186.357 304.302 187.065 20190718T111858.282812 20 540
20190718T111858.292608 20 540
20190718T111858.303781 20 540
20190718T111858.311302 266.994 165.662 120.336 114.876 86.9617 280.82 186.505 306.874 187.134 20190718T111858.311302 20 540
20190718T111858.322618 20 540
20190718T111858.330643 20 540
20190718T111858.342965 295.426 167.148 120.167 115.442 71.9678 296.608 188.003 322.419 188.653 20190718T111858.342965 20 540
20190718T111858.351626 20 540
20190718T111858.362814 20 540
20190718T111858.374656 321.86 169.972 122.126 117.811 63.152 312.314 189.826 337.579 189.816 20190718T111858.374656 20 540
20190718T111858.384704 20 540
20190718T111858.394810 20 540
20190718T111858.402753 330.733 171.165 121.825 119.869 47.0993 317.197 190.803 343.201 190.552 20190718T111858.402753 20 540
20190718T111858.416140 20 540
20190718T111858.425591 20 540
20190718T111858.435336 330.582 171.254 122.082 119.803 53.1906 316.977 191.076 342.887 190.731 20190718T111858.435336 20 540
20190718T111858.444107 20 540
20190718T111858.456213 20 540
20190718T111858.463343 330.247 171.428 121.982 119.77 56.8479 316.127 191.282 342.399 190.796 20190718T111858.463343 20 540
20190718T111858.476666 20 540
20190718T111858.485074 20 540
20190718T111858.495847 330.252 171.443 122.004 119.527 59.0515 316.127 191.282 342.069 190.835 20190718T111858.495847 20 540
20190718T111858.504984 20 540
20190718T111858.516062 20 540
20190718T111858.524215 330.222 171.576 121.498 119.443 52.8516 315.97 191.367 341.827 190.935 20190718T111858.524215 20 540
20190718T111858.535917 20 540
20190718T111858.544038 20 540
20190718T111858.554771 330.288 171.774 121.65 119.265 55.2228 315.881 191.36 341.748 191.082 20190718T111858.554771 20 540
20190718T111858.565083 20 540
20190718T111858.575851 20 540
20190718T111858.585549 330.282 171.89 121.658 118.988 54.8066 315.712 191.562 341.777 191.217 20190718T111858.585549 20 540
20190718T111858.597009 20 540
20190718T111858.605223 20 540
20190718T111858.616791 330.203 171.986 121.636 118.975 53.6358 315.439 191.712 341.673 191.453 20190718T111858.616791 20 540
20190718T111858.628269 20 540
20190718T111858.639477 20 540
20190718T111858.647180 330.343 171.924 121.623 118.775 57.1929 315.663 191.843 341.84 191.26 20190718T111858.647180 20 540
20190718T111858.656110 20 540
20190718T111858.666588 20 540
20190718T111858.674541 330.234 171.935 121.554 119.022 58.1203 315.729 191.594 341.749 191.425 20190718T111858.674541 20 540
20190718T111858.686596 20 540
20190718T111858.695020 20 540
20190718T111858.706805 289.717 166.614 120.247 116.166 113.699 294.371 188.244 319.531 188.622 20190718T111858.706805 20 540
20190718T111858.715678 20 540
20190718T111858.727954 20 540
20190718T111858.737853 276.689 166.515 120.482 116.781 102.594 272.556 188.778 286.839 187.435 20190718T111858.737853 20 540
20190718T111858.747163 20 540
20190718T111858.758043 20 540
20190718T111858.766754 275.633 166.805 120.618 117.28 102.363 285.5 187.914 311.047 189.321 20190718T111858.766754 20 540
20190718T111858.775618 20 540
20190718T111858.786672 20 540
20190718T111858.794927 275.279 167.295 121.55 117.288 100.161 284.909 188.083 310.567 189.41 20190718T111858.794927 20 540
20190718T111858.807968 20 540
20190718T111858.816059 20 540
20190718T111858.826543 274.482 167.611 121.986 117.628 100.549 284.379 189.236 309.961 189.982 20190718T111858.826543 20 540
20190718T111858.837689 20 540
20190718T111858.847851 20 540
20190718T111858.856964 274.207 167.96 122.521 118.011 98.7316 283.95 189.175 309.59 190.05 20190718T111858.856964 20 540
20190718T111858.868815 20 540
20190718T111858.880032 20 540
20190718T111858.886802 273.958 167.54 123.487 118.497 96.5067 283.707 188.719 309.394 189.546 20190718T111858.886802 20 540
20190718T111858.901284 20 540
20190718T111858.908174 20 540
20190718T111858.918786 274.38 167.385 123.503 119.258 96.4116 270.444 190.222 284.02 188.69 20190718T111858.918786 20 540
20190718T111858.928100 20 540
20190718T111858.938668 20 540
20190718T111858.946710 274.739 167.84 124.625 119.904 97.8845 284.517 189.097 310.224 190.142 20190718T111858.946710 20 540
20190718T111858.960202 20 540
20190718T111858.970483 20 540
20190718T111858.979260 264.514 166.801 125.636 119.605 100.251 279.093 188.204 305.055 188.648 20190718T111858.979260 20 540
20190718T111858.987848 20 540
20190718T111859.000179 20 540
20190718T111859.008897 264.439 166.761 126.581 120.18 102.527 278.941 188.065 304.829 188.664 20190718T111859.008897 20 540
20190718T111859.019844 20 540
20190718T111859.029828 20 540
20190718T111859.040584 264.272 166.752 126.57 120.569 100.869 278.986 188.14 304.705 188.638 20190718T111859.040584 20 540
20190718T111859.049037 20 540
20190718T111859.059942 20 540
20190718T111859.068476 264.236 166.791 126.924 121.068 99.8691 279.036 187.961 304.599 188.551 20190718T111859.068476 20 540
20190718T111859.080001 20 540
20190718T111859.090857 20 540
20190718T111859.100854 264.247 166.928 127.643 121.419 101.854 278.921 187.978 304.602 188.434 20190718T111859.100854 20 540
20190718T111859.109131 20 540
20190718T111859.118698 20 540
20190718T111859.131255 264.23 166.95 129.059 122.228 97.3016 279.014 187.732 304.581 188.162 20190718T111859.131255 20 540
20190718T111859.142950 20 540
20190718T111859.151895 20 540
20190718T111859.158605 264.02 167.14 129.397 121.966 99.6938 278.873 188.082 304.361 188.576 20190718T111859.158605 20 540
20190718T111859.171682 20 540
20190718T111859.179319 20 540
20190718T111859.190616 263.994 167 129.368 122.571 99.1205 278.754 187.841 304.304 188.546 20190718T111859.190616 20 540
20190718T111859.199830 20 540
20190718T111859.211365 20 540
20190718T111859.220092 264.41 166.593 130.044 122.723 100.581 279.058 187.242 304.771 188.128 20190718T111859.220092 20 540
20190718T111859.230766 20 540
20190718T111859.240435 20 540
20190718T111859.250997 264.419 167.097 130.753 122.742 97.0779 279.107 187.423 304.676 187.786 20190718T111859.250997 20 540
20190718T111859.259968 20 540
20190718T111859.271900 20 540
20190718T111859.279257 264.072 166.547 129.856 122.311 100.133 278.758 187.302 304.355 187.862 20190718T111859.279257 20 540
20190718T111859.291438 20 540
20190718T111859.300797 20 540
20190718T111859.310626 263.821 166.592 128.725 121.952 100.132 278.538 187.342 304.173 187.716 20190718T111859.310626 20 540
20190718T111859.320165 20 540
20190718T111859.331932 20 540
20190718T111859.340295 262.726 166.182 128.405 121.397 103.07 277.927 187.213 303.683 187.856 20190718T111859.340295 20 540
20190718T111859.350715 20 540
20190718T111859.360092 20 540
20190718T111859.370744 263.336 165.877 127.625 120.801 102.927 278.595 186.832 303.898 187.195 20190718T111859.370744 20 540
20190718T111859.384109 20 540
20190718T111859.395002 20 540
20190718T111859.403882 263.334 166.324 127.796 120.395 99.3185 278.468 186.974 303.898 187.195 20190718T111859.403882 20 540
20190718T111900.147309 20 1060
20190718T111900.158666 20 1060
20190718T111900.167378 260.536 210.18 126.478 117.286 81.2541 264.476 210.238 277.822 209.764 20190718T111900.167378 20 1060
20190718T111900.179023 20 1060
20190718T111900.191277 20 1060
20190718T111900.201616 260.834 210.026 126.489 118.843 77.4271 264.133 210.333 277.653 209.53 20190718T111900.201616 20 1060
20190718T111900.208837 20 1060
20190718T111900.220795 20 1060
20190718T111900.229568 260.901 210.169 127.469 119.495 78.8448 264 210.5 277.532 209.673 20190718T111900.229568 20 1060
20190718T111900.240345 20 1060
20190718T111900.248475 20 1060
20190718T111900.265060 260.799 210.105 128.019 119.95 79.9568 264 210.5 277.532 209.673 20190718T111900.265060 20 1060
20190718T111900.273427 20 1060
20190718T111900.280977 20 1060
20190718T111900.290422 260.767 210.154 128.151 120.597 80.871 264 210.5 277.532 209.673 20190718T111900.290422 20 1060
20190718T111900.300291 20 1060
20190718T111900.309552 20 1060
20190718T111900.319037 260.659 210.449 128.73 120.566 80.7199 264 210.5 277.61 209.813 20190718T111900.319037 20 1060
20190718T111900.329161 20 1060
20190718T111900.340492 20 1060
20190718T111900.348544 260.572 210.124 129.414 121.215 83.1026 264 210.5 277.377 209.552 20190718T111900.348544 20 1060
20190718T111900.361424 20 1060
20190718T111900.368724 20 1060
20190718T111900.385067 260.645 209.99 129.726 121.411 83.3101 264.095 210.095 277.633 209.296 20190718T111900.385067 20 1060
20190718T111900.394102 20 1060
20190718T111900.402052 20 1060
20190718T111900.411578 260.117 209.968 130.107 121.691 83.5667 277.22 209.251 302.938 209.853 20190718T111900.411578 20 1060
20190718T111900.420716 20 1060
20190718T111900.430624 20 1060
20190718T111900.441511 259.914 209.856 130.335 122.042 83.0192 262.867 210.133 276.873 209.333 20190718T111900.441511 20 1060
20190718T111900.452471 20 1060
20190718T111900.461102 20 1060
20190718T111900.472102 259.873 209.91 130.471 121.815 84.2032 263 210 276.873 209.333 20190718T111900.472102 20 1060
20190718T111900.481662 20 1060
20190718T111900.491617 20 1060
20190718T111900.498846 259.981 209.516 130.761 122.37 86.0809 262.867 210.133 277.203 209.182 20190718T111900.498846 20 1060
20190718T111900.510785 20 1060
20190718T111900.520067 20 1060
20190718T111900.530767 260.177 209.487 131.066 121.779 83.6746 263.333 209.833 277.307 208.94 20190718T111900.530767 20 1060
20190718T111900.540779 20 1060
20190718T111900.551447 20 1060
20190718T111900.558990 260.088 209.532 130.962 122.094 85.3204 263.333 209.833 277.229 209.068 20190718T111900.558990 20 1060
20190718T111900.570752 20 1060
20190718T111900.580290 20 1060
20190718T111900.592246 259.99 209.706 130.064 122.128 82.9169 262.778 210.444 276.918 209.088 20190718T111900.592246 20 1060
20190718T111900.602210 20 1060
20190718T111900.612206 20 1060
20190718T111900.621908 259.675 210.058 130.525 122.388 84.9414 263.133 209.867 276.888 209.16 20190718T111900.621908 20 1060
20190718T111900.630715 20 1060
20190718T111900.642721 20 1060
20190718T111900.653889 259.576 210.087 130.129 122.073 86.6273 263 210 276.48 209.217 20190718T111900.653889 20 1060
20190718T111900.666914 20 1060
20190718T111900.678751 20 1060
20190718T111900.687964 259.563 210.126 129.71 121.973 88.934 263 210 276.36 209.271 20190718T111900.687964 20 1060
20190718T111900.692218 20 1060
20190718T111900.704365 20 1060
20190718T111900.716559 259.527 210.322 129.893 121.695 88.1646 262.867 210.133 276.438 209.296 20190718T111900.716559 20 1060
20190718T111900.726091 20 1060
20190718T111900.732771 20 1060
20190718T111900.744058 259.442 210.346 129.452 121.548 88.4637 262.867 210.133 276.392 209.333 20190718T111900.744058 20 1060
20190718T111900.752217 20 1060
20190718T111900.764311 20 1060
20190718T111900.772169 259.467 210.361 129.029 121.626 87.4213 262.867 210.133 276.36 209.271 20190718T111900.772169 20 1060
20190718T111900.782859 20 1060
20190718T111900.791297 20 1060
20190718T111900.803448 259.404 210.433 129.156 121.516 88.5256 262.778 210 276.36 209.271 20190718T111900.803448 20 1060
20190718T111900.811825 20 1060
20190718T111900.823896 20 1060
20190718T111900.832310 259.294 210.503 129.163 121.772 87.4308 262.5 210 276.018 209.161 20190718T111900.832310 20 1060
20190718T111900.843861 20 1060
20190718T111900.852743 20 1060
20190718T111900.864302 259.318 210.595 129.103 121.93 87.913 262.5 210 275.997 209.296 20190718T111900.864302 20 1060
20190718T111900.874647 20 1060
20190718T111900.883496 20 1060
20190718T111900.895186 259.341 210.54 129.04 122.151 87.7455 262.5 210 276.018 209.161 20190718T111900.895186 20 1060
20190718T111900.905050 20 1060
20190718T111900.915998 20 1060
20190718T111900.924658 259.578 210.9 129.363 122.093 85.0682 262.5 210 276.018 209.161 20190718T111900.924658 20 1060
20190718T111900.937442 20 1060
20190718T111900.946436 20 1060
20190718T111900.954677 261.038 210.384 129.169 122.121 89.2381 263 210 277.306 209.226 20190718T111900.954677 20 1060
20190718T111900.962756 20 1060
20190718T111900.975275 20 1060
20190718T111900.983767 261.173 210.84 128.805 122.496 89.2704 263.095 210.095 277.185 209.31 20190718T111900.983767 20 1060
20190718T111900.995033 20 1060
20190718T111901.002846 20 1060
20190718T111901.015878 260.958 210.959 128.724 122.082 86.5495 262.867 210.133 277.276 209.296 20190718T111901.015878 20 1060
20190718T111901.025680 20 1060
20190718T111901.036288 20 1060
20190718T111901.049896 260.937 211.141 128.647 122.312 86.5772 262.867 210.133 277.276 209.296 20190718T111901.049896 20 1060
20190718T111901.057893 20 1060
20190718T111901.066465 20 1060
20190718T111901.074770 260.748 211.137 128.762 122.201 87.7515 263.095 210.095 277.276 209.296 20190718T111901.074770 20 1060
20190718T111901.085383 20 1060
20190718T111901.096458 20 1060
20190718T111901.104888 261.171 211.448 128.974 122.306 87.7612 277.173 209.5 302.784 209.78 20190718T111901.104888 20 1060
20190718T111901.115070 20 1060
20190718T111901.124689 20 1060
20190718T111901.136297 260.728 211.405 128.362 122.108 86.7935 263 209.75 277.114 209.653 20190718T111901.136297 20 1060
20190718T111901.149476 20 1060
20190718T111901.159343 20 1060
20190718T111901.168617 260.563 211.602 128.189 121.697 88.4506 276.882 209.548 302.466 210.029 20190718T111901.168617 20 1060
20190718T111901.178411 20 1060
20190718T111901.187283 20 1060
20190718T111901.196367 260.473 212.226 127.824 121.46 84.781 263.095 211.095 276.933 209.763 20190718T111901.196367 20 1060
20190718T111901.209226 20 1060
20190718T111901.217677 20 1060
20190718T111901.227223 260.458 212.089 127.94 121.179 81.7468 263 211.5 277 210 20190718T111901.227223 20 1060
20190718T111901.236110 20 1060
20190718T111901.247958 20 1060
20190718T111901.257757 261.134 211.832 127.552 120.913 83.0154 263.667 210.833 277.411 209.725 20190718T111901.257757 20 1060
20190718T111901.270803 20 1060
20190718T111901.277692 20 1060
20190718T111901.286743 261.774 211.941 127.578 121.003 80.2647 264.222 210.556 277.856 209.801 20190718T111901.286743 20 1060
20190718T111901.294898 20 1060
20190718T111901.307838 20 1060
20190718T111901.316353 266.12 212.207 127.549 119.828 76.0527 280.667 209.941 306.553 210.404 20190718T111901.316353 20 1060
20190718T111901.328319 20 1060
20190718T111901.336919 20 1060
20190718T111901.348285 278.403 212.298 127.401 122.897 80.276 287.531 210.367 313.313 211.167 20190718T111901.348285 20 1060
20190718T111901.356791 20 1060
20190718T111901.367467 20 1060
20190718T111901.376500 278.339 212.285 127.523 122.742 79.4904 287.531 210.367 313.313 211.167 20190718T111901.376500 20 1060
20190718T111901.386703 20 1060
20190718T111901.400246 20 1060
20190718T111901.409109 277.967 212.635 127.629 122.451 75.3305 273.222 211.556 287.222 210.412 20190718T111901.409109 20 1060
20190718T111901.418771 20 1060
20190718T111901.427874 20 1060
20190718T111901.438615 277.852 212.91 127.808 122.679 75.4479 273.133 211.867 286.845 211.221 20190718T111901.438615 20 1060
20190718T111901.449426 20 1060
20190718T111901.458728 20 1060
20190718T111901.467162 277.945 212.883 127.759 122.533 75.4682 287.117 211.177 312.85 211.595 20190718T111901.467162 20 1060
20190718T111901.478734 20 1060
20190718T111901.487492 20 1060
20190718T111901.498858 278.408 213.118 128.155 122.489 74.3578 287.346 211.304 313.104 211.643 20190718T111901.498858 20 1060
20190718T111901.507618 20 1060
20190718T111901.518859 20 1060
20190718T111901.527038 278.794 212.972 128.293 122.308 67.6111 287.346 211.304 313.213 211.77 20190718T111901.527038 20 1060
20190718T111901.538819 20 1060
20190718T111901.547110 20 1060
20190718T111901.558734 278.27 213.315 129.072 123.023 70.4078 287.076 211.587 312.745 212.033 20190718T111901.558734 20 1060
20190718T111901.568077 20 1060
20190718T111901.579334 20 1060
20190718T111901.586909 277.972 213.555 129.064 123.875 73.5271 287.105 211.799 312.667 212.43 20190718T111901.586909 20 1060
20190718T111901.599141 20 1060
20190718T111901.607896 20 1060
20190718T111901.619552 277.704 212.97 129.467 123.351 69.1858 286.606 211.442 312.309 212.348 20190718T111901.619552 20 1060
20190718T111901.628806 20 1060
20190718T111901.639251 20 1060
20190718T111902.648380 356.499 223.501 124.082 118.367 70.3849 331.3 216.389 356.908 217.422 20190718T111902.648380 960 1060
20190718T111902.659504 960 1060
20190718T111902.667795 960 1060
20190718T111902.678954 355.889 223.703 123.631 118.226 66.7944 330.54 216.59 356.251 217.515 20190718T111902.678954 960 1060
20190718T111902.688046 960 1060
20190718T111902.701247 960 1060
20190718T111902.708031 356.014 223.811 123.73 117.907 68.1266 330.734 216.755 356.722 217.605 20190718T111902.708031 960 1060
20190718T111902.719950 960 1060
20190718T111902.730973 960 1060
20190718T111902.739346 356.107 223.888 123.426 118.09 68.4343 330.943 216.781 356.795 217.574 20190718T111902.739346 960 1060
20190718T111902.750622 960 1060
20190718T111902.759017 960 1060
20190718T111902.766870 356.376 223.885 123.479 117.777 69.2794 331.251 216.638 356.971 217.717 20190718T111902.766870 960 1060
20190718T111902.778925 960 1060
20190718T111902.789098 960 1060
20190718T111902.798698 356.456 224.078 123.633 117.721 68.2212 331.256 216.683 357.078 217.579 20190718T111902.798698 960 1060
20190718T111902.808427 960 1060
20190718T111902.819881 960 1060
20190718T111902.827298 356.364 224.073 123.481 118.126 66.5058 331.203 216.956 357.018 217.792 20190718T111902.827298 960 1060
20190718T111902.840157 960 1060
20190718T111902.849034 960 1060
20190718T111902.858681 355.482 224.795 123.653 118.23 69.2359 330.377 217.472 356.029 218.41 20190718T111902.858681 960 1060
20190718T111902.868646 960 1060
20190718T111902.879197 960 1060
20190718T111902.888384 355.178 224.419 123.381 118.453 66.8253 330 217.352 355.899 218.132 20190718T111902.888384 960 1060
20190718T111902.898824 960 1060
20190718T111902.911251 960 1060
20190718T111902.918801 355.36 224.304 124.199 118.747 66.4183 330.182 217.148 355.928 218.12 20190718T111902.918801 960 1060
20190718T111902.930890 960 1060
20190718T111902.940514 960 1060
20190718T111902.950880 355.499 224.569 124.502 119.075 65.7532 330.577 217.304 356.353 218.349 20190718T111902.950880 960 1060
20190718T111902.959453 960 1060
20190718T111902.972288 960 1060
20190718T111902.979544 355.391 224.51 124.745 119.426 66.8428 330.123 217.28 355.892 218.182 20190718T111902.979544 960 1060
20190718T111902.992478 960 1060
20190718T111903.001477 960 1060
20190718T111903.010883 355.334 224.553 125.008 119.94 64.7462 330.066 217.151 355.972 218.186 20190718T111903.010883 960 1060
20190718T111903.021151 960 1060
20190718T111903.036006 960 1060
20190718T111903.045616 355.689 224.292 125.129 120.158 66.865 330.365 216.87 356.293 217.891 20190718T111903.045616 960 1060
20190718T111903.052439 960 1060
20190718T111903.062166 960 1060
20190718T111903.070793 355.48 224.284 125.368 120.53 65.6975 330.481 216.923 356.439 218.178 20190718T111903.070793 960 1060
20190718T111903.079359 960 1060
20190718T111903.090845 960 1060
20190718T111903.100746 355.106 224.58 125.486 120.404 63.2138 330.083 217.34 355.827 218.21 20190718T111903.100746 960 1060
20190718T111903.112019 960 1060
20190718T111903.119948 960 1060
20190718T111903.131956 354.913 224.749 125.107 120.252 61.7472 329.92 217.327 355.713 218.37 20190718T111903.131956 960 1060
20190718T111903.140564 960 1060
20190718T111903.152317 960 1060
20190718T111903.162885 354.916 224.737 124.395 119.748 64.1192 330.065 217.395 355.707 218.442 20190718T111903.162885 960 1060
20190718T111903.174545 960 1060
20190718T111903.184587 960 1060
20190718T111903.192967 355.118 224.931 123.975 119.213 63.3535 330.09 217.424 355.892 218.536 20190718T111903.192967 960 1060
20190718T111903.204116 960 1060
20190718T111903.214014 960 1060
20190718T111903.223489 355.189 224.901 123.54 118.952 65.1574 330.377 217.472 355.932 218.633 20190718T111903.223489 960 1060
20190718T111903.231071 960 1060
20190718T111903.244743 960 1060
20190718T111903.251849 355.436 225.06 121.71 117.848 65.667 330.426 217.528 356.009 218.55 20190718T111903.251849 960 1060
20190718T111903.263066 960 1060
20190718T111903.272827 960 1060
20190718T111903.284795 355.384 225.159 121.113 117.449 68.4083 330.423 217.644 356.133 218.714 20190718T111903.284795 960 1060
20190718T111903.294749 960 1060
20190718T111903.304398 960 1060
20190718T111903.311244 355.405 225.219 120.811 117.111 62.4574 330.459 217.861 356.193 219.049 20190718T111903.311244 960 1060
20190718T111903.322938 960 1060
20190718T111903.332335 960 1060
20190718T111903.343893 358.611 225.078 119.806 115.867 68.6584 331.923 217.82 357.575 218.875 20190718T111903.343893 960 1060
20190718T111903.351675 960 1060
20190718T111903.364071 960 1060
20190718T111903.373864 358.088 224.975 119.583 115.895 77.0243 331.772 217.846 357.5 218.802 20190718T111903.373864 960 1060
20190718T111903.383143 960 1060
20190718T111903.392665 960 1060
20190718T111903.405011 357.787 225.144 119.43 116.187 71.8186 331.66 218.062 357.472 218.865 20190718T111903.405011 960 1060
20190718T111903.415320 960 1060
20190718T111903.424804 960 1060
20190718T111903.436034 357.726 225.14 119.361 115.624 72.8123 331.434 218.061 357.093 219 20190718T111903.436034 960 1060
20190718T111903.445706 960 1060
20190718T111903.456119 960 1060
20190718T111903.465828 357.766 225.209 119.317 115.4 77.4714 331.346 218.092 357.053 219.104 20190718T111903.465828 960 1060
20190718T111903.475242 960 1060
20190718T111903.483654 960 1060
20190718T111903.494792 357.543 225.169 119.332 116.277 68.0885 331.358 218.025 357.152 218.891 20190718T111903.494792 960 1060
20190718T111903.502982 960 1060
20190718T111903.515541 960 1060
20190718T111903.523052 357.631 225.015 119.131 115.791 69.6821 331.327 218 357.071 218.87 20190718T111903.523052 960 1060
20190718T111903.536551 960 1060
20190718T111903.544852 960 1060
20190718T111903.555009 357.568 225.013 119.297 116.105 73.0217 331.43 217.935 357.104 218.847 20190718T111903.555009 960 1060
20190718T111903.564673 960 1060
20190718T111903.574832 960 1060
20190718T111903.584311 355.131 224.965 119.303 116.635 78.0654 330.279 218 355.991 218.962 20190718T111903.584311 960 1060
20190718T111903.595985 960 1060
20190718T111903.605398 960 1060
20190718T111903.614935 355.43 225.257 119.256 116.923 71.5422 330.249 218.207 355.827 219.065 20190718T111903.614935 960 1060
20190718T111903.624576 960 1060
20190718T111903.634945 960 1060
20190718T111903.643472 355.198 225.182 119.788 117.458 67.9273 329.906 218.172 355.682 219.289 20190718T111903.643472 960 1060
20190718T111903.654836 960 1060
20190718T111903.666824 960 1060
20190718T111903.678937 354.951 225.193 120.008 117.674 63.0914 329.608 218.16 355.51 219.281 20190718T111903.678937 960 1060
20190718T111903.688598 960 1060
20190718T111903.696917 960 1060
20190718T111903.708077 354.601 225.53 120.505 118.044 67.1448 329.454 218.59 355.288 219.452 20190718T111903.708077 960 1060
20190718T111903.715944 960 1060
20190718T111903.728596 960 1060
20190718T111903.736079 354.316 225.515 120.648 118.173 65.233 329.454 218.701 354.997 219.764 20190718T111903.736079 960 1060
20190718T111903.747081 960 1060
20190718T111903.757367 960 1060
20190718T111903.767491 354.329 224.831 121.238 118.87 62.5208 329.32 217.866 355.006 219 20190718T111903.767491 960 1060
20190718T111903.776230 960 1060
20190718T111903.787608 960 1060
20190718T111903.795107 354.512 224.78 121.786 118.78 71.5136 329.434 218.061 355.33 219.136 20190718T111903.795107 960 1060
20190718T111903.806815 960 1060
20190718T111903.814734 960 1060
20190718T111903.827632 355 225.299 122.182 119.605 70.5633 329.623 218.62 355.426 219.617 20190718T111903.827632 960 1060
20190718T111903.836012 960 1060
20190718T111903.849780 960 1060
20190718T111903.855996 354.555 225.238 122.85 120.039 66.1062 329.5 218.391 355.167 219.5 20190718T111903.855996 960 1060
20190718T111903.868068 960 1060
20190718T111903.875839 960 1060
20190718T111903.886792 354.547 225.112 123.138 120.598 70.1207 329.5 218.387 355.265 219.421 20190718T111903.886792 960 1060
20190718T111903.895538 960 1060
20190718T111903.908173 960 1060
20190718T111903.920034 354.533 225.162 123.813 121.036 68.1951 329.454 218.59 355.288 219.452 20190718T111903.920034 960 1060
20190718T111903.928329 960 1060
20190718T111903.939913 960 1060
20190718T111903.948050 354.367 225.06 124.912 121.531 66.2031 329.409 218.642 355.178 219.492 20190718T111903.948050 960 1060
20190718T111903.959966 960 1060
20190718T111903.968101 960 1060
20190718T111903.981050 354.429 225.077 124.947 121.647 63.7347 329.409 218.642 355.167 219.5 20190718T111903.981050 960 1060
20190718T111903.989604 960 1060
20190718T111904.000263 960 1060
20190718T111904.006899 354.588 225.038 125.285 122.759 65.0058 329.509 218.46 355.288 219.452 20190718T111904.006899 960 1060
20190718T111904.018969 960 1060
20190718T111904.028199 960 1060
20190718T111904.038909 354.539 225.322 125.673 123.102 71.5563 329.445 218.879 355.165 219.708 20190718T111904.038909 960 1060
20190718T111904.048031 960 1060
20190718T111904.058906 960 1060
20190718T111904.067555 354.633 225.907 126.488 123.498 72.179 329.686 219.199 355.219 219.981 20190718T111904.067555 960 1060
20190718T111904.079258 960 1060
20190718T111904.087969 960 1060
20190718T111904.098794 354.685 225.804 126.619 123.409 66.3 329.586 218.954 355.256 219.812 20190718T111904.098794 960 1060
20190718T111904.108589 960 1060
20190718T111904.120063 960 1060
20190718T111904.126841 354.975 225.551 126.964 124.03 66.986 329.736 218.726 355.623 219.733 20190718T111904.126841 960 1060
20190718T111905.015401 1900 1060
20190718T111905.026913 1900 1060
20190718T111905.035483 441.864 235.621 119.545 107.297 97.087 375.531 224.113 403.689 225.254 20190718T111905.035483 1900 1060
20190718T111905.048515 1900 1060
20190718T111905.056096 1900 1060
20190718T111905.066779 441.56 235.501 119.521 107.213 96.072 375.38 224.065 403.401 225.572 20190718T111905.066779 1900 1060
20190718T111905.077336 1900 1060
20190718T111905.088043 1900 1060
20190718T111905.095296 441.576 235.511 119.372 107.017 96.3156 375.445 224.137 403.401 225.572 20190718T111905.095296 1900 1060
20190718T111905.106858 1900 1060
20190718T111905.115668 1900 1060
20190718T111905.127986 441.787 235.744 119.466 106.945 95.186 375.477 224.104 403.544 225.557 20190718T111905.127986 1900 1060
20190718T111905.138152 1900 1060
20190718T111905.149150 1900 1060
20190718T111905.157074 441.974 235.737 119.584 106.767 95.4906 375.507 224.139 403.632 225.575 20190718T111905.157074 1900 1060
20190718T111905.168222 1900 1060
20190718T111905.180008 1900 1060
20190718T111905.188155 441.387 236.011 119.678 106.533 96.0817 375.382 224.382 403.289 225.739 20190718T111905.188155 1900 1060
20190718T111905.200291 1900 1060
20190718T111905.209207 1900 1060
20190718T111905.218777 441.062 235.933 119.559 106.334 95.7202 375.255 224.474 403.188 225.68 20190718T111905.218777 1900 1060
20190718T111905.226720 1900 1060
20190718T111905.238879 1900 1060
20190718T111905.249834 441.305 235.691 119.192 106.303 94.5705 375.368 224.218 403.327 225.601 20190718T111905.249834 1900 1060
20190718T111905.260090 1900 1060
20190718T111905.267984 1900 1060
20190718T111905.280111 441.303 235.746 119.042 106.08 94.3414 375.439 224.104 403.327 225.601 20190718T111905.280111 1900 1060
20190718T111905.290632 1900 1060
20190718T111905.299388 1900 1060
20190718T111905.308200 440.738 235.97 118.845 105.778 94.8077 375.012 224.378 403.145 225.722 20190718T111905.308200 1900 1060
20190718T111905.318739 1900 1060
20190718T111905.329260 1900 1060
20190718T111905.341477 440.694 235.716 118.828 105.67 94.8928 374.957 224.286 402.971 225.663 20190718T111905.341477 1900 1060
20190718T111905.349514 1900 1060
20190718T111905.359884 1900 1060
20190718T111905.368038 440.823 235.553 118.696 105.591 94.9577 375.293 223.957 403.078 225.579 20190718T111905.368038 1900 1060
20190718T111905.380837 1900 1060
20190718T111905.389371 1900 1060
20190718T111905.399948 424.69 223.45 117.139 108.692 89.0787 367.528 217.733 394.891 219.125 20190718T111905.399948 1900 1060
20190718T111905.408186 1900 1060
20190718T111905.421408 1900 1060
20190718T111905.433522 413.132 215.111 118.271 109.711 83.5412 361.53 213.74 388.384 215 20190718T111905.433522 1900 1060
20190718T111905.440727 1900 1060
20190718T111905.451996 1900 1060
20190718T111905.459308 413.045 215.191 118.211 109.917 84.1075 361.53 213.74 388.384 215 20190718T111905.459308 1900 1060
20190718T111905.470996 1900 1060
20190718T111905.480398 1900 1060
20190718T111905.491081 405.969 211.137 118.794 110.87 80.6537 357.935 211.63 384.508 212.811 20190718T111905.491081 1900 1060
20190718T111905.499604 1900 1060
20190718T111905.512165 1900 1060
20190718T111905.521493 404.599 210.886 119.442 111.006 77.3896 357.144 211.522 383.206 212.236 20190718T111905.521493 1900 1060
20190718T111905.533391 1900 1060
20190718T111905.540107 1900 1060
20190718T111905.553632 404.505 210.974 119.176 111.366 76.7227 356.963 211.963 383.207 212.595 20190718T111905.553632 1900 1060
20190718T111905.564969 1900 1060
20190718T111905.573515 1900 1060
20190718T111905.582447 404.242 211.087 119.326 111.221 76.741 356.569 211.891 383.053 212.761 20190718T111905.582447 1900 1060
20190718T111905.592375 1900 1060
20190718T111905.601415 1900 1060
20190718T111905.612253 404.511 211.092 119.01 111.467 76.8888 356.91 211.97 383.227 212.695 20190718T111905.612253 1900 1060
20190718T111905.622605 1900 1060
20190718T111905.632140 1900 1060
20190718T111905.640228 404.563 211.1 119.392 111.481 76.9135 357.081 211.582 383.296 212.617 20190718T111905.640228 1900 1060
20190718T111905.652052 1900 1060
20190718T111905.662779 1900 1060
20190718T111905.671644 404.708 210.983 119.706 111.349 78.9068 357.139 211.439 383.321 212.544 20190718T111905.671644 1900 1060
20190718T111905.684209 1900 1060
20190718T111905.694390 1900 1060
20190718T111905.704304 404.212 211.049 119.658 111.893 77.5657 356.5 211.559 383 212.407 20190718T111905.704304 1900 1060
20190718T111905.715488 1900 1060
20190718T111905.727673 1900 1060
20190718T111905.732188 403.924 210.992 119.734 111.557 78.334 356.175 211.539 382.945 212.558 20190718T111905.732188 1900 1060
20190718T111905.747045 1900 1060
20190718T111905.754140 1900 1060
20190718T111905.764851 403.759 211.055 119.602 111.602 77.3855 355.779 211.561 382.606 212.558 20190718T111905.764851 1900 1060
20190718T111905.775596 1900 1060
20190718T111905.784919 1900 1060
20190718T111905.795928 403.671 211.003 119.387 111.664 77.9576 355.744 211.539 382.44 212.667 20190718T111905.795928 1900 1060
20190718T111905.804982 1900 1060
20190718T111905.816250 1900 1060
20190718T111905.825847 403.857 210.954 118.816 111.101 76.8258 355.919 211.54 382.66 212.61 20190718T111905.825847 1900 1060
20190718T111905.832049 1900 1060
20190718T111905.845011 1900 1060
20190718T111905.851154 403.649 210.992 118.917 110.746 77.8658 355.779 211.561 382.559 212.5 20190718T111905.851154 1900 1060
20190718T111905.862937 1900 1060
20190718T111905.871960 1900 1060
20190718T111905.882914 411.802 213.29 119.184 108.571 74.5574 359.909 212.703 386.94 213.709 20190718T111905.882914 1900 1060
20190718T111905.892467 1900 1060
20190718T111905.903794 1900 1060
20190718T111905.911721 436.378 223.439 118.862 105.898 86.7537 373.436 218 401.318 218.748 20190718T111905.911721 1900 1060
20190718T111905.923462 1900 1060
20190718T111905.934847 1900 1060
20190718T111905.944011 438.112 226.147 118.177 106.256 88.4692 373.908 219.364 402.076 220.101 20190718T111905.944011 1900 1060
20190718T111905.956090 1900 1060
20190718T111905.964153 1900 1060
20190718T111905.974861 437.883 226.277 118.79 106.976 88.2415 373.72 219.217 401.875 219.996 20190718T111905.974861 1900 1060
20190718T111905.985954 1900 1060
20190718T111905.996057 1900 1060
20190718T111906.003865 437.711 226.335 119.26 107.435 87.7697 373.671 219.362 401.772 220.228 20190718T111906.003865 1900 1060
20190718T111906.016111 1900 1060
20190718T111906.025686 1900 1060
20190718T111906.036181 437.68 226.479 119.296 107.623 87.9695 373.5 219.5 401.59 220.393 20190718T111906.036181 1900 1060
20190718T111906.044732 1900 1060
20190718T111906.056225 1900 1060
20190718T111906.066437 437.361 226.448 119.988 107.634 87.8867 373.311 219.367 401.389 220.36 20190718T111906.066437 1900 1060
20190718T111906.075995 1900 1060
20190718T111906.084547 1900 1060
20190718T111906.095022 437.186 226.304 119.817 108.144 87.0998 373.089 219.305 401.191 220.026 20190718T111906.095022 1900 1060
20190718T111906.105398 1900 1060
20190718T111906.116143 1900 1060
20190718T111906.123626 436.963 226.523 120.077 108.704 85.9357 372.883 219.387 401.048 220.371 20190718T111906.123626 1900 1060
20190718T111906.134944 1900 1060
20190718T111906.146136 1900 1060
20190718T111906.155525 437.068 226.615 120.735 108.904 86.0215 372.902 219.559 401.101 220.5 20190718T111906.155525 1900 1060
20190718T111906.164662 1900 1060
20190718T111906.176204 1900 1060
20190718T111906.188391 437.234 226.234 120.962 109.24 84.9864 372.993 219.134 401.326 220.125 20190718T111906.188391 1900 1060
20190718T111906.198211 1900 1060
20190718T111906.207893 1900 1060
20190718T111906.215636 437.888 226.39 121.546 109.666 85.7782 373.486 219.24 401.772 220.228 20190718T111906.215636 1900 1060
20190718T111906.228410 1900 1060
20190718T111906.238141 1900 1060
20190718T111906.246934 442.688 229.992 122.035 109.268 84.653 375.706 220.501 404.212 222.056 20190718T111906.246934 1900 1060
20190718T111906.255128 1900 1060
20190718T111906.268178 1900 1060
20190718T111906.276532 442.187 233.254 121.547 109.718 87.9729 375.511 222.44 403.84 223.83 20190718T111906.276532 1900 1060
20190718T111906.286862 1900 1060
20190718T111906.296225 1900 1060
20190718T111906.307445 442.08 233.224 121.532 109.867 87.8885 375.439 222.542 403.779 223.847 20190718T111906.307445 1900 1060
20190718T111906.316793 1900 1060
20190718T111906.328719 1900 1060
20190718T111906.334997 441.945 233.244 121.989 110.244 87.8216 375.381 222.205 403.687 223.759 20190718T111906.334997 1900 1060
20190718T111906.347458 1900 1060
20190718T111906.355641 1900 1060
20190718T111906.366839 442.122 233.234 122.527 110.471 88.0674 375.422 222.217 403.886 223.542 20190718T111906.366839 1900 1060
20190718T111906.374795 1900 1060
20190718T111906.386906 1900 1060
20190718T111906.395991 442.208 233.284 122.814 110.796 88.9783 375.575 222.151 404.038 223.522 20190718T111906.395991 1900 1060
20190718T111906.408369 1900 1060
20190718T111906.415771 1900 1060
20190718T111906.427167 442.208 233.284 122.814 110.796 88.9783 375.575 222.151 404.038 223.522 20190718T111906.427167 1900 1060
20190718T111906.440146 1900 1060
20190718T111906.447776 1900 1060
20190718T111906.460015 441.497 233.704 123.293 111.041 89.0614 375.129 222.343 403.314 223.801 20190718T111906.460015 1900 1060
20190718T111906.468033 1900 1060
20190718T111906.480190 1900 1060
20190718T111906.489307 441.382 233.447 123.264 111.392 88.7053 375.058 222.077 403.34 223.611 20190718T111906.489307 1900 1060
20190718T111906.499568 1900 1060
20190718T111906.508636 1900 1060
