20180611T083303.409744 20 20
20180611T083303.421934 20 20
20180611T083303.428802 233.91 201.171 84.5228 74.0301 144.944 249.933 242.548 276.672 244.37 20180611T083303.428802 20 20
20180611T083303.440772 20 20
20180611T083303.453053 20 20
20180611T083303.461796 234.555 201.162 84.7828 73.8318 145.057 250.835 242.9 277.24 244.437 20180611T083303.461796 20 20
20180611T083303.472586 20 20
20180611T083303.480759 20 20
20180611T083303.492735 234.884 201.273 84.1797 73.8041 144.756 251.09 242.985 277.444 244.52 20180611T083303.492735 20 20
20180611T083303.501115 20 20
20180611T083303.512710 20 20
20180611T083303.520720 234.615 201.285 84.5509 73.6867 145.072 250.835 242.9 277.056 244.518 20180611T083303.520720 20 20
20180611T083303.532211 20 20
20180611T083303.540082 20 20
20180611T083303.552095 234.154 201.446 83.7207 73.6035 146.493 250.419 243.185 276.948 244.833 20180611T083303.552095 20 20
20180611T083303.560224 20 20
20180611T083303.572076 20 20
20180611T083303.580077 234.154 201.705 83.8624 73.5381 145.743 250.387 243.387 277 245 20180611T083303.580077 20 20
20180611T083303.592972 20 20
20180611T083303.600954 20 20
20180611T083303.612087 235.038 201.823 83.4117 73.7722 144.607 251.081 243.296 277.642 245 20180611T083303.612087 20 20
20180611T083303.620645 20 20
20180611T083303.632079 20 20
20180611T083303.640089 234.904 201.92 83.3767 73.6049 144.26 251.126 243.67 278.006 245.182 20180611T083303.640089 20 20
20180611T083303.652156 20 20
20180611T083303.660139 20 20
20180611T083303.672076 233.845 201.475 83.2265 73.3916 145.752 249.891 243.075 276.444 244.661 20180611T083303.672076 20 20
20180611T083303.682256 20 20
20180611T083303.692487 20 20
20180611T083303.704478 234.028 201.237 83.4851 73.2553 145.576 250 242.886 276.62 244.516 20180611T083303.704478 20 20
20180611T083303.712295 20 20
20180611T083303.724081 20 20
20180611T083303.732113 232.717 201.627 83.61 73.0988 146.169 249.646 243.226 276.448 244.65 20180611T083303.732113 20 20
20180611T083303.744082 20 20
20180611T083303.752086 20 20
20180611T083303.764087 233.806 201.341 83.3665 73.699 145.66 249.978 242.891 276.575 244.581 20180611T083303.764087 20 20
20180611T083303.772114 20 20
20180611T083303.784109 20 20
20180611T083303.792083 234.121 201.232 83.6159 73.4616 146.359 250.556 243.015 277 244.5 20180611T083303.792083 20 20
20180611T083303.804121 20 20
20180611T083303.812086 20 20
20180611T083303.824086 234.185 201.414 83.8682 73.4063 146.515 250.58 243.121 277.284 244.519 20180611T083303.824086 20 20
20180611T083303.832505 20 20
20180611T083303.844080 20 20
20180611T083303.852102 234.146 201.468 84.1068 73.3588 146.814 250.711 243.114 277.24 244.568 20180611T083303.852102 20 20
20180611T083303.864078 20 20
20180611T083303.872076 20 20
20180611T083303.884084 234.195 201.384 84.0347 73.3218 145.842 250.886 242.961 277.169 244.503 20180611T083303.884084 20 20
20180611T083303.892138 20 20
20180611T083303.904073 20 20
20180611T083303.912075 233.873 201.247 83.4674 73.6417 145.524 250.274 242.956 276.744 244.436 20180611T083303.912075 20 20
20180611T083303.924124 20 20
20180611T083303.932087 20 20
20180611T083303.944111 233.707 201.136 83.2716 73.8059 144.067 250.047 242.826 276.552 244.35 20180611T083303.944111 20 20
20180611T083303.956085 20 20
20180611T083303.964073 20 20
20180611T083303.976104 233.747 201.153 83.3529 73.4783 145.252 250.047 242.826 276.548 244.497 20180611T083303.976104 20 20
20180611T083303.984091 20 20
20180611T083303.996078 20 20
20180611T083304.004076 233.852 200.99 83.3378 73.5982 144.129 250.111 242.599 276.847 244.291 20180611T083304.004076 20 20
20180611T083304.016087 20 20
20180611T083304.024076 20 20
20180611T083304.036474 233.693 200.663 83.6591 73.2607 145.495 249.884 242.313 276.433 244 20180611T083304.036474 20 20
20180611T083304.044484 20 20
20180611T083304.056851 20 20
20180611T083304.065241 233.149 200.58 83.6733 73.2457 145.204 249.606 242.103 276.226 243.588 20180611T083304.065241 20 20
20180611T083304.076947 20 20
20180611T083304.085023 20 20
20180611T083304.096082 234.846 200.853 83.5445 73.8893 144.466 250.757 242.161 277.573 243.922 20180611T083304.096082 20 20
20180611T083304.104116 20 20
20180611T083304.116109 20 20
20180611T083304.124060 234.99 200.86 83.6443 74.0097 144.947 251.257 242.264 277.621 243.897 20180611T083304.124060 20 20
20180611T083304.136108 20 20
20180611T083304.144121 20 20
20180611T083304.156071 234.835 200.683 83.8084 74.0354 146.131 250.862 242.18 277.608 243.815 20180611T083304.156071 20 20
20180611T083304.164080 20 20
20180611T083304.176074 20 20
20180611T083304.184080 234.424 200.486 84.4794 73.689 147.013 250.727 242.225 277.181 243.672 20180611T083304.184080 20 20
20180611T083304.196090 20 20
20180611T083304.208070 20 20
20180611T083304.216074 233.827 200.731 84.4598 74.2371 145.55 249.952 242.218 276.656 243.833 20180611T083304.216074 20 20
20180611T083304.229813 20 20
20180611T083304.236586 20 20
20180611T083304.248591 233.766 200.825 84.5785 74.318 144.697 249.927 242.285 276.452 243.919 20180611T083304.248591 20 20
20180611T083304.260243 20 20
20180611T083304.268377 20 20
20180611T083304.276379 233.997 201.001 85.2092 74.3446 145.927 250.365 242.751 276.847 244.291 20180611T083304.276379 20 20
20180611T083304.289808 20 20
20180611T083304.296592 20 20
20180611T083304.308589 234.115 200.918 84.9 74.3505 147.088 250.333 242.733 276.847 244.291 20180611T083304.308589 20 20
20180611T083304.321286 20 20
20180611T083304.328477 20 20
20180611T083304.336476 233.489 201.004 84.8431 75.0289 144.945 249.648 242.345 276.383 243.973 20180611T083304.336476 20 20
20180611T083304.348951 20 20
20180611T083304.356103 20 20
20180611T083304.368083 233.672 200.822 85.2114 74.931 146.334 249.784 242.278 276.362 243.887 20180611T083304.368083 20 20
20180611T083304.376067 20 20
20180611T083304.388070 20 20
20180611T083304.396058 233.614 200.597 85.1695 75.0375 144.718 249.733 242.055 276.304 243.52 20180611T083304.396058 20 20
20180611T083304.409801 20 20
20180611T083304.416587 20 20
20180611T083304.428591 233.343 200.447 85.2662 75.0212 144.678 249.5 241.855 276.29 243.426 20180611T083304.428591 20 20
20180611T083304.439886 20 20
20180611T083304.448102 20 20
20180611T083304.460375 233.631 200.164 85.406 75.245 144.759 249.69 241.948 276.333 243.075 20180611T083304.460375 20 20
20180611T083304.469027 20 20
20180611T083304.480077 20 20
20180611T083304.488865 233.721 200.178 85.7864 75.2669 143.874 249.731 241.98 276.385 243.013 20180611T083304.488865 20 20
20180611T083304.500870 20 20
20180611T083304.508869 20 20
20180611T083304.520870 233.554 200.064 86.0377 75.4509 145.081 249.705 241.912 276.263 242.949 20180611T083304.520870 20 20
20180611T083304.528981 20 20
20180611T083304.540075 20 20
20180611T083304.548077 233.598 200.271 85.9562 76.1049 144.217 249.705 241.912 276.216 243.072 20180611T083304.548077 20 20
20180611T083304.560081 20 20
20180611T083304.568070 20 20
20180611T083304.580375 233.391 200.279 86.3611 75.8585 144.482 249.382 241.93 275.874 243.164 20180611T083304.580375 20 20
20180611T083304.588952 20 20
20180611T083304.600100 20 20
20180611T083304.608073 233.021 200.342 86.2255 76.3997 143.266 249.029 241.946 275.624 242.898 20180611T083304.608073 20 20
20180611T083304.620071 20 20
20180611T083304.628148 20 20
20180611T083304.641244 232.671 200.263 86.6422 75.9051 145.037 248.898 241.712 275.506 243.179 20180611T083304.641244 20 20
20180611T083304.648927 20 20
20180611T083304.660068 20 20
20180611T083304.668063 232.51 200.407 86.317 76.524 144.417 248.685 241.839 274.858 242.852 20180611T083304.668063 20 20
20180611T083304.680078 20 20
20180611T083304.688076 20 20
20180611T083304.700075 231.904 200.085 86.4239 76.4915 143.865 247.755 241.597 274.5 242.827 20180611T083304.700075 20 20
20180611T083304.712073 20 20
20180611T083304.720099 20 20
20180611T083304.732063 231.365 199.758 86.8198 76.1525 143.316 247.377 240.993 274.317 242.65 20180611T083304.732063 20 20
20180611T083304.740082 20 20
20180611T083304.753025 20 20
20180611T083304.761497 232.597 199.411 87.2105 75.8954 144.809 248.879 241.249 275.333 242.652 20180611T083304.761497 20 20
20180611T083304.772064 20 20
20180611T083304.780101 20 20
20180611T083304.792867 232.886 199.77 87.1053 76.4806 141.621 249 241.182 275.37 242.582 20180611T083304.792867 20 20
20180611T083304.800967 20 20
20180611T083304.812463 20 20
20180611T083304.820067 232.371 199.418 86.8623 75.9193 144.048 248.593 241.047 275 242.5 20180611T083304.820067 20 20
20180611T083304.832073 20 20
20180611T083304.840069 20 20
20180611T083304.852072 232.421 199.761 86.8681 76.5814 142.12 248.409 241.105 275 242.5 20180611T083304.852072 20 20
20180611T083304.860125 20 20
20180611T083304.872098 20 20
20180611T083304.881491 231.846 200.092 87.4002 76.3569 143.271 247.961 241.477 274.497 242.723 20180611T083304.881491 20 20
20180611T083304.892118 20 20
20180611T083304.900128 20 20
20180611T083305.537234 332.267 195.674 89.9627 83.2852 10.5481 308.919 237.685 333.87 237.725 20180611T083305.537234 960 20
20180611T083305.548603 960 20
20180611T083305.556068 960 20
20180611T083305.568719 332.437 196.385 90.6609 84.6755 11.1098 309 237.919 333.816 238.305 20180611T083305.568719 960 20
20180611T083305.577001 960 20
20180611T083305.588466 960 20
20180611T083305.596597 332.264 196.26 91.0255 84.9685 11.6768 308.896 237.743 333.905 237.929 20180611T083305.596597 960 20
20180611T083305.608063 960 20
20180611T083305.616097 960 20
20180611T083305.628093 332.25 196.437 91.1699 85.6349 12.118 308.942 237.675 333.845 237.969 20180611T083305.628093 960 20
20180611T083305.636092 960 20
20180611T083305.648065 960 20
20180611T083305.656053 332.506 196.435 91.4069 85.7699 12.1446 309.207 237.654 333.905 237.929 20180611T083305.656053 960 20
20180611T083305.669275 960 20
20180611T083305.677126 960 20
20180611T083305.688716 333.057 196.342 91.7632 85.5828 12.687 309.855 237.908 334.682 237.736 20180611T083305.688716 960 20
20180611T083305.697799 960 20
20180611T083305.708099 960 20
20180611T083305.720056 333.483 196.241 91.6395 85.2523 12.0637 310.231 237.931 335 238.101 20180611T083305.720056 960 20
20180611T083305.728137 960 20
20180611T083305.740064 960 20
20180611T083305.748866 334.189 196.559 91.4762 85.5415 11.3524 310.897 237.915 335.905 238.231 20180611T083305.748866 960 20
20180611T083305.762445 960 20
20180611T083305.768920 960 20
20180611T083305.780071 334.259 195.997 91.5115 84.1281 9.59674 310.949 238.064 335.697 238.409 20180611T083305.780071 960 20
20180611T083305.788079 960 20
20180611T083305.800070 960 20
20180611T083305.808715 333.81 196.032 90.7042 83.6535 9.74622 310.516 238.164 335.652 238.273 20180611T083305.808715 960 20
20180611T083305.821925 960 20
20180611T083305.828069 960 20
20180611T083305.840073 333.817 196.202 90.4135 83.4504 7.72523 310.539 238.187 335.681 238.417 20180611T083305.840073 960 20
20180611T083305.848079 960 20
20180611T083305.860066 960 20
20180611T083305.869040 333.949 196.772 89.6302 83.5754 10.4297 310.706 238.242 335.896 238.704 20180611T083305.869040 960 20
20180611T083305.882300 960 20
20180611T083305.888124 960 20
20180611T083305.900070 333.87 196.281 89.1485 82.2135 10.8721 310.706 238.242 335.841 238.674 20180611T083305.900070 960 20
20180611T083305.908882 960 20
20180611T083305.920056 960 20
20180611T083305.928589 333.783 196.382 88.5433 81.7382 8.59053 310.706 238.242 335.841 238.674 20180611T083305.928589 960 20
20180611T083305.940700 960 20
20180611T083305.948756 960 20
20180611T083305.961031 333.982 196.423 88.1451 81.2879 10.9056 310.706 238.242 335.681 238.583 20180611T083305.961031 960 20
20180611T083305.972067 960 20
20180611T083305.980062 960 20
20180611T083305.993032 333.69 196.554 87.2894 82.1405 9.58792 310.642 237.907 335.594 238.333 20180611T083305.993032 960 20
20180611T083306.002637 960 20
20180611T083306.012870 960 20
20180611T083306.020065 333.686 196.83 87.6453 81.002 10.318 310.751 238.316 335.845 238.806 20180611T083306.020065 960 20
20180611T083306.032370 960 20
20180611T083306.040404 960 20
20180611T083306.052362 335.26 196.707 87.2424 80.7497 9.60175 312.411 238.449 337 239 20180611T083306.052362 960 20
20180611T083306.062271 960 20
20180611T083306.072352 960 20
20180611T083306.080354 335.062 196.513 87.4493 80.0539 10.7534 312.162 238.423 336.801 239.035 20180611T083306.080354 960 20
20180611T083306.092094 960 20
20180611T083306.100060 960 20
20180611T083306.112064 334.387 197.034 86.8507 81.5998 12.3344 311.613 238.373 336.454 238.965 20180611T083306.112064 960 20
20180611T083306.120063 960 20
20180611T083306.132056 960 20
20180611T083306.140680 334.315 197.194 86.9351 81.5152 10.3063 311.608 238.626 336.348 239.065 20180611T083306.140680 960 20
20180611T083306.152825 960 20
20180611T083306.160123 960 20
20180611T083306.172060 334.251 197.402 86.9773 81.4844 10.1799 311.347 239.05 336.45 239.283 20180611T083306.172060 960 20
20180611T083306.180056 960 20
20180611T083306.192058 960 20
20180611T083306.200087 334.418 197.434 86.7098 81.2215 9.08847 311.662 238.833 336.454 239.121 20180611T083306.200087 960 20
20180611T083306.213020 960 20
20180611T083306.224066 960 20
20180611T083306.232060 334.568 197.743 86.7971 81.5512 10.1605 311.724 239.182 336.5 239.34 20180611T083306.232060 960 20
20180611T083306.244059 960 20
20180611T083306.252055 960 20
20180611T083306.265479 334.407 197.528 86.6788 81.6174 10.0773 311.712 239.119 336.454 239.121 20180611T083306.265479 960 20
20180611T083306.274404 960 20
20180611T083306.284060 960 20
20180611T083306.292055 334.329 197.041 86.9218 81.2548 12.5283 311.462 238.808 336.429 239.198 20180611T083306.292055 960 20
20180611T083306.304699 960 20
20180611T083306.312706 960 20
20180611T083306.324701 334.339 196.958 86.9719 81.4649 12.4851 311.751 238.592 336.68 238.98 20180611T083306.324701 960 20
20180611T083306.333099 960 20
20180611T083306.345291 960 20
20180611T083306.352639 334.269 196.752 87.1275 81.2451 11.2477 311.613 238.515 336.348 238.908 20180611T083306.352639 960 20
20180611T083306.364078 960 20
20180611T083306.372056 960 20
20180611T083306.384066 334.444 197.167 86.9607 82.239 10.2783 312.063 238.575 336.738 239.142 20180611T083306.384066 960 20
20180611T083306.392047 960 20
20180611T083306.404048 960 20
20180611T083306.412551 334.958 197.17 87.2577 81.9223 10.7541 312.44 238.614 337.374 239.163 20180611T083306.412551 960 20
20180611T083306.425481 960 20
20180611T083306.432569 960 20
20180611T083306.444566 335.146 196.964 87.2903 81.5797 14.1863 312.26 238.766 337.15 239.15 20180611T083306.444566 960 20
20180611T083306.457188 960 20
20180611T083306.464090 960 20
20180611T083306.476050 334.415 196.759 87.6151 81.441 13.1613 311.86 238.633 336.565 239.02 20180611T083306.476050 960 20
20180611T083306.484067 960 20
20180611T083306.496062 960 20
20180611T083306.504057 334.225 197.122 87.1325 82.7918 13.6909 311.455 238.559 336.199 238.965 20180611T083306.504057 960 20
20180611T083306.517244 960 20
20180611T083306.525036 960 20
20180611T083306.537240 334.059 196.569 87.9161 81.3466 11.1512 311.038 238.615 336 239 20180611T083306.537240 960 20
20180611T083306.544424 960 20
20180611T083306.556057 960 20
20180611T083306.564055 334.295 196.545 88.1237 81.0884 13.8033 311.458 238.711 336.429 239.198 20180611T083306.564055 960 20
20180611T083306.576056 960 20
20180611T083306.584052 960 20
20180611T083306.596578 334.705 196.629 88.2325 81.6817 11.3399 311.86 238.633 336.546 239.121 20180611T083306.596578 960 20
20180611T083306.604322 960 20
20180611T083306.616084 960 20
20180611T083306.624058 334.285 196.449 88.5967 81.7444 14.1846 311.235 238.531 336 239 20180611T083306.624058 960 20
20180611T083306.636058 960 20
20180611T083306.644085 960 20
20180611T083306.656058 333.393 195.843 89.0911 81.6358 11.9293 310.379 238.354 335.246 238.5 20180611T083306.656058 960 20
20180611T083306.664096 960 20
20180611T083306.676051 960 20
20180611T083306.684051 333.863 196.021 88.7368 81.955 14.7891 310.84 238.352 335.896 238.704 20180611T083306.684051 960 20
20180611T083306.696061 960 20
20180611T083306.704095 960 20
20180611T083306.716044 334.784 196.89 88.5616 83.573 14.1708 312.14 238.633 336.738 239.142 20180611T083306.716044 960 20
20180611T083306.728053 960 20
20180611T083306.736077 960 20
20180611T083306.748050 333.655 197.27 88.851 83.0505 14.3181 311.027 238.797 335.778 239.273 20180611T083306.748050 960 20
20180611T083306.756093 960 20
20180611T083306.768055 960 20
20180611T083306.776051 333.354 196.941 89.0292 83.3331 14.8661 310.5 238.667 335.447 239.089 20180611T083306.776051 960 20
20180611T083306.788053 960 20
20180611T083306.796049 960 20
20180611T083306.808053 333.387 197.242 89.4386 83.1774 13.9628 310.459 238.797 335.374 239.163 20180611T083306.808053 960 20
20180611T083306.818283 960 20
20180611T083306.828557 960 20
20180611T083306.837012 333.538 197.195 89.607 83.45 12.3832 310.855 238.961 335.778 239.127 20180611T083306.837012 960 20
20180611T083306.848051 960 20
20180611T083306.856052 960 20
20180611T083306.868053 333.79 197.46 89.8989 84.3031 14.5101 310.855 238.961 335.845 239.109 20180611T083306.868053 960 20
20180611T083306.876145 960 20
20180611T083306.888064 960 20
20180611T083306.896031 332.708 196.911 90.9101 83.0236 11.655 309.898 238.956 334.778 239.127 20180611T083306.896031 960 20
20180611T083306.908051 960 20
20180611T083306.916072 960 20
20180611T083306.928835 332.1 196.95 90.5705 84.1369 14.2341 309.027 238.797 334.119 239.048 20180611T083306.928835 960 20
20180611T083306.936994 960 20
20180611T083306.948045 960 20
20180611T083306.956702 332.434 197.236 91.2863 85.0493 13.5243 309.706 238.763 334.283 239.208 20180611T083306.956702 960 20
20180611T083306.968469 960 20
20180611T083306.980462 960 20
20180611T083306.988450 332.386 197.253 91.2805 85.325 12.9111 309.779 238.824 334.319 239.126 20180611T083306.988450 960 20
20180611T083307.000862 960 20
20180611T083307.008051 960 20
20180611T083307.020046 332.664 197.023 91.9295 84.6527 12.6907 309.917 238.861 334.778 239.127 20180611T083307.020046 960 20
20180611T083307.028100 960 20
20180611T083309.369207 1900 20
20180611T083309.377198 430.043 206.189 92.3428 77.2089 52.2655 364.287 245.594 392.992 243.76 20180611T083309.377198 1900 20
20180611T083309.388846 1900 20
20180611T083309.396030 1900 20
20180611T083309.408433 429.503 206.234 92.5375 77.8041 52.1731 363.53 245.687 392.206 243.942 20180611T083309.408433 1900 20
20180611T083309.418157 1900 20
20180611T083309.428430 1900 20
20180611T083309.436039 429.111 206.105 92.2698 77.6001 52.9726 363.108 245.626 392.093 243.725 20180611T083309.436039 1900 20
20180611T083309.448068 1900 20
20180611T083309.456103 1900 20
20180611T083309.468030 428.749 206.231 92.5946 78.1403 52.2346 362.764 245.769 391.727 243.845 20180611T083309.468030 1900 20
20180611T083309.477850 1900 20
20180611T083309.488332 1900 20
20180611T083309.500032 428.725 206.231 93.2684 78.5238 52.7888 362.768 245.635 391.489 243.793 20180611T083309.500032 1900 20
20180611T083309.508076 1900 20
20180611T083309.520034 1900 20
20180611T083309.528032 427.849 206.215 93.6035 78.9743 53.0467 362.128 245.538 390.808 243.766 20180611T083309.528032 1900 20
20180611T083309.540032 1900 20
20180611T083309.549470 1900 20
20180611T083309.560025 427.819 205.986 94.0171 78.8845 53.3474 362.162 245.47 390.807 243.6 20180611T083309.560025 1900 20
20180611T083309.568964 1900 20
20180611T083309.580022 1900 20
20180611T083309.588020 428.17 206.017 95.1945 79.4249 51.7779 362.522 245.463 391.196 243.589 20180611T083309.588020 1900 20
20180611T083309.600705 1900 20
20180611T083309.608060 1900 20
20180611T083309.620100 427.844 205.857 95.0809 79.6198 53.3471 362.229 245.281 391.035 243.558 20180611T083309.620100 1900 20
20180611T083309.629319 1900 20
20180611T083309.640853 1900 20
20180611T083309.648029 428.253 206.156 95.8361 80.3956 53.2422 362.572 245.377 391.322 243.623 20180611T083309.648029 1900 20
20180611T083309.660546 1900 20
20180611T083309.668528 1900 20
20180611T083309.680556 428.338 206.017 96.4115 80.4878 52.7111 362.681 245.453 391.464 243.571 20180611T083309.680556 1900 20
20180611T083309.688742 1900 20
20180611T083309.700023 1900 20
20180611T083309.708017 427.84 205.92 97.1678 80.8126 52.3117 362.371 245.31 391.011 243.535 20180611T083309.708017 1900 20
20180611T083309.720030 1900 20
20180611T083309.728084 1900 20
20180611T083309.740674 427.371 206.208 97.1103 81.249 53.1374 361.98 245.407 390.717 243.709 20180611T083309.740674 1900 20
20180611T083309.752034 1900 20
20180611T083309.760024 1900 20
20180611T083309.772022 426.789 206.281 98.1356 81.4898 52.1052 361.555 245.62 390.206 243.942 20180611T083309.772022 1900 20
20180611T083309.780697 1900 20
20180611T083309.792173 1900 20
20180611T083309.800070 426.709 206.535 97.5873 81.4473 53.2243 361.147 245.528 390.092 243.779 20180611T083309.800070 1900 20
20180611T083309.813066 1900 20
20180611T083309.821060 1900 20
20180611T083309.832023 426.166 206.352 98.7104 81.6012 52.2989 360.835 245.6 389.533 243.82 20180611T083309.832023 1900 20
20180611T083309.841291 1900 20
20180611T083309.852081 1900 20
20180611T083309.860335 426.061 206.325 99.2609 81.3527 52.0784 360.915 245.564 389.643 243.885 20180611T083309.860335 1900 20
20180611T083309.872327 1900 20
20180611T083309.880330 1900 20
20180611T083309.893202 426.143 206.38 98.3613 81.2175 52.6137 360.941 245.641 389.77 243.914 20180611T083309.893202 1900 20
20180611T083309.902234 1900 20
20180611T083309.913054 1900 20
20180611T083309.920345 425.613 206.002 98.0031 81.2144 52.6939 360.371 245.31 389.163 243.405 20180611T083309.920345 1900 20
20180611T083309.932053 1900 20
20180611T083309.940045 1900 20
20180611T083309.952326 425.856 205.878 98.3185 81.3538 51.9487 360.778 245.336 389.628 243.337 20180611T083309.952326 1900 20
20180611T083309.960738 1900 20
20180611T083309.972316 1900 20
20180611T083309.980324 426.343 206.08 97.7414 80.9209 52.7334 361.119 245.571 389.868 243.547 20180611T083309.980324 1900 20
20180611T083309.992025 1900 20
20180611T083310.004050 1900 20
20180611T083310.012013 425.355 206.17 97.8701 81.0207 52.8768 360.395 245.444 389.375 243.558 20180611T083310.012013 1900 20
20180611T083310.024900 1900 20
20180611T083310.032885 1900 20
20180611T083310.044009 425.501 206.385 97.7495 80.6164 51.9457 360.321 245.467 389.23 243.556 20180611T083310.044009 1900 20
20180611T083310.053815 1900 20
20180611T083310.064017 1900 20
20180611T083310.072018 425.504 206.684 97.4566 80.7226 52.3385 360.508 245.762 389.28 244 20180611T083310.072018 1900 20
20180611T083310.085446 1900 20
20180611T083310.093446 1900 20
20180611T083310.105187 425.227 206.643 97.3049 80.7982 53.4684 360.395 246.049 389.175 244.119 20180611T083310.105187 1900 20
20180611T083310.114972 1900 20
20180611T083310.124046 1900 20
20180611T083310.132019 425.369 207.036 97.2316 80.7103 53.0086 360.378 246.211 388.955 243.902 20180611T083310.132019 1900 20
20180611T083310.145035 1900 20
20180611T083310.152992 1900 20
20180611T083310.165441 425.057 206.931 97.9115 81.0479 52.0101 360.378 246.211 388.955 243.902 20180611T083310.165441 1900 20
20180611T083310.173445 1900 20
20180611T083310.184891 1900 20
20180611T083310.191998 424.84 206.929 97.3679 81.1059 53.406 359.857 245.875 388.691 243.809 20180611T083310.191998 1900 20
20180611T083310.204423 1900 20
20180611T083310.212408 1900 20
20180611T083310.224418 424.963 206.774 97.8465 81.274 52.9514 360.032 245.889 388.804 244.129 20180611T083310.224418 1900 20
20180611T083310.232453 1900 20
20180611T083310.244014 1900 20
20180611T083310.256034 425.244 206.552 99.0873 81.6433 52.2489 360.516 245.706 389.214 243.775 20180611T083310.256034 1900 20
20180611T083310.264943 1900 20
20180611T083310.276092 1900 20
20180611T083310.284047 425.581 206.614 99.8075 81.817 52.7005 360.579 245.733 389.453 243.772 20180611T083310.284047 1900 20
20180611T083310.296049 1900 20
20180611T083310.304015 1900 20
20180611T083310.316005 425.705 206.551 100.098 82.5378 53.0119 360.84 245.709 389.643 243.885 20180611T083310.316005 1900 20
20180611T083310.324603 1900 20
20180611T083310.336017 1900 20
20180611T083310.344013 425.773 206.747 100.433 82.897 53.034 361.111 245.614 389.975 243.854 20180611T083310.344013 1900 20
20180611T083310.356018 1900 20
20180611T083310.364320 1900 20
20180611T083310.376309 425.596 206.681 101.209 83.3442 53.598 360.87 245.682 389.74 243.882 20180611T083310.376309 1900 20
20180611T083310.384167 1900 20
20180611T083310.396013 1900 20
20180611T083310.404012 425.413 206.897 102.172 83.1278 53.5917 360.757 245.744 389.462 243.98 20180611T083310.404012 1900 20
20180611T083310.416542 1900 20
20180611T083310.423988 1900 20
20180611T083310.436013 425.367 206.778 102.604 83.9901 52.8083 360.478 245.978 389.318 244.019 20180611T083310.436013 1900 20
20180611T083310.444066 1900 20
20180611T083310.456644 1900 20
20180611T083310.465415 425.193 206.734 102.722 84.2335 52.7921 360.478 245.978 389.28 244 20180611T083310.465415 1900 20
20180611T083310.477733 1900 20
20180611T083310.484527 1900 20
20180611T083310.496539 425.177 206.818 103.493 84.6063 53.2953 360.448 245.873 389.28 244 20180611T083310.496539 1900 20
20180611T083310.508921 1900 20
20180611T083310.516881 1900 20
20180611T083310.528009 425.022 206.739 103.667 84.6293 53.3149 360.402 245.646 388.952 243.94 20180611T083310.528009 1900 20
20180611T083310.539736 1900 20
20180611T083310.548058 1900 20
20180611T083310.556008 424.232 206.408 104.267 85.1143 52.5559 359.718 245.356 388.603 243.56 20180611T083310.556008 1900 20
20180611T083310.568019 1900 20
20180611T083310.576014 1900 20
20180611T083310.588008 424.432 206.298 104.316 85.4849 52.4599 359.786 245.269 388.603 243.274 20180611T083310.588008 1900 20
20180611T083310.598242 1900 20
20180611T083310.608004 1900 20
20180611T083310.616988 426.051 206.768 105.126 85.8072 53.2184 361.225 245.599 390.07 243.856 20180611T083310.616988 1900 20
20180611T083310.628015 1900 20
20180611T083310.636013 1900 20
20180611T083310.648010 425.934 206.69 105.068 85.8069 52.9453 361.149 245.589 390.055 243.596 20180611T083310.648010 1900 20
20180611T083310.656108 1900 20
20180611T083310.668011 1900 20
20180611T083310.676000 425.085 206.861 105.071 86.0325 52.8331 360.243 245.519 389.093 243.725 20180611T083310.676000 1900 20
20180611T083310.688009 1900 20
20180611T083310.696004 1900 20
20180611T083310.708658 425.013 206.771 105.451 85.9575 52.0512 360.132 245.603 388.88 243.709 20180611T083310.708658 1900 20
20180611T083310.717031 1900 20
20180611T083310.728010 1900 20
20180611T083310.736012 424.564 206.888 105.165 85.8348 51.9528 359.869 245.811 388.784 244.004 20180611T083310.736012 1900 20
20180611T083310.748043 1900 20
20180611T083310.760217 1900 20
20180611T083310.768009 424.796 206.927 105.568 85.6049 52.1211 360.092 245.952 388.936 244.115 20180611T083310.768009 1900 20
20180611T083310.780047 1900 20
20180611T083310.788005 1900 20
20180611T083310.800008 425.114 207.21 105.67 85.7455 53.05 360.422 246.249 389.133 243.924 20180611T083310.800008 1900 20
20180611T083310.810743 1900 20
20180611T083310.820420 1900 20
20180611T083310.828417 424.969 207.274 105.642 85.7457 52.0015 360.179 246.075 388.912 243.92 20180611T083310.828417 1900 20
20180611T083310.840975 1900 20
20180611T083310.848658 1900 20
20180611T083310.860645 425.011 207.358 105.674 86.4168 52.3687 360.345 246.1 388.955 243.902 20180611T083310.860645 1900 20
20180611T083312.229478 1900 540
20180611T083312.242407 1900 540
20180611T083312.248565 428.904 247.705 96.1567 85.3634 70.5389 366.083 263.024 393.122 263.296 20180611T083312.248565 1900 540
20180611T083312.260044 1900 540
20180611T083312.272035 1900 540
20180611T083312.280038 428.657 247.692 95.7347 85.308 70.3973 365.952 262.94 392.667 263.087 20180611T083312.280038 1900 540
20180611T083312.293097 1900 540
20180611T083312.301102 1900 540
20180611T083312.312077 429.002 247.574 95.5128 84.9771 71.2536 365.952 262.94 392.952 262.952 20180611T083312.312077 1900 540
20180611T083312.320453 1900 540
20180611T083312.332447 1900 540
20180611T083312.340451 429.026 247.319 95.7202 84.8277 71.6116 365.976 262.659 392.907 262.683 20180611T083312.340451 1900 540
20180611T083312.352443 1900 540
20180611T083312.360475 1900 540
20180611T083312.372012 428.98 247.43 95.5593 84.6572 69.9451 365.945 262.631 392.907 262.683 20180611T083312.372012 1900 540
20180611T083312.380046 1900 540
20180611T083312.392080 1900 540
20180611T083312.400028 429.045 247.207 94.9376 84.9478 69.4021 366.239 262.737 393.409 262.719 20180611T083312.400028 1900 540
20180611T083312.412865 1900 540
20180611T083312.420029 1900 540
20180611T083312.432444 429.301 247.192 94.8095 84.3046 69.317 366.345 262.871 393.5 262.672 20180611T083312.432444 1900 540
20180611T083312.440052 1900 540
20180611T083312.453257 1900 540
20180611T083312.461520 428.995 247.201 94.9225 84.3361 69.8951 366.083 263.024 393.109 263.175 20180611T083312.461520 1900 540
20180611T083312.472591 1900 540
20180611T083312.480834 1900 540
20180611T083312.492858 428.429 247.236 94.5821 84.4526 69.6387 365.727 262.936 392.646 263.005 20180611T083312.492858 1900 540
20180611T083312.502665 1900 540
20180611T083312.512340 1900 540
20180611T083312.524335 427.705 247.122 94.5411 83.7028 70.3496 365.024 262.878 391.9 262.833 20180611T083312.524335 1900 540
20180611T083312.532078 1900 540
20180611T083312.544068 1900 540
20180611T083312.552036 427.575 247.217 94.4761 83.8807 69.9801 364.953 262.864 391.651 262.952 20180611T083312.552036 1900 540
20180611T083312.564033 1900 540
20180611T083312.572030 1900 540
20180611T083312.584022 427.508 247.133 94.3861 83.4897 69.8634 364.952 262.94 391.552 262.922 20180611T083312.584022 1900 540
20180611T083312.593650 1900 540
20180611T083312.604821 1900 540
20180611T083312.612065 427.543 247.002 94.5057 83.456 70.628 364.866 262.988 391.519 262.809 20180611T083312.612065 1900 540
20180611T083312.624396 1900 540
20180611T083312.633249 1900 540
20180611T083312.645225 427.044 246.755 94.1304 83.9895 69.7626 364.132 262.292 391.069 262.55 20180611T083312.645225 1900 540
20180611T083312.652598 1900 540
20180611T083312.665115 1900 540
20180611T083312.673142 426.633 246.276 94.2101 84.069 68.3636 363.784 262.102 390.824 262.152 20180611T083312.673142 1900 540
20180611T083312.684028 1900 540
20180611T083312.692002 1900 540
20180611T083312.704089 427.509 246.62 94.429 84.1032 71.1861 364.868 262.272 392.033 262.426 20180611T083312.704089 1900 540
20180611T083312.712087 1900 540
20180611T083312.724023 1900 540
20180611T083312.731997 427.724 246.558 94.677 83.852 70.3675 365.051 262.444 392.167 262.569 20180611T083312.731997 1900 540
20180611T083312.744056 1900 540
20180611T083312.752023 1900 540
20180611T083312.764088 427.066 246.821 94.6921 84.1618 70.6609 364.397 262.714 391.414 262.609 20180611T083312.764088 1900 540
20180611T083312.776105 1900 540
20180611T083312.784025 1900 540
20180611T083312.796045 426.758 246.809 94.6157 83.9287 72.0346 364.075 262.812 391.497 262.947 20180611T083312.796045 1900 540
20180611T083312.806763 1900 540
20180611T083312.816558 1900 540
20180611T083312.824559 426.599 247.339 94.5031 83.9524 70.5922 363.902 263.023 391.05 263.45 20180611T083312.824559 1900 540
20180611T083312.836030 1900 540
20180611T083312.844021 1900 540
20180611T083312.856038 426.272 247.445 94.3311 84.0847 70.7874 363.761 263.38 390.721 263.594 20180611T083312.856038 1900 540
20180611T083312.864925 1900 540
20180611T083312.876114 1900 540
20180611T083312.884057 426.1 247.655 94.3153 83.9935 70.6731 363.5 263.545 390.556 263.722 20180611T083312.884057 1900 540
20180611T083312.896022 1900 540
20180611T083312.904053 1900 540
20180611T083312.916020 425.747 247.338 93.9935 83.7015 70.5046 363.278 263.388 390.317 263.35 20180611T083312.916020 1900 540
20180611T083312.924732 1900 540
20180611T083312.937021 1900 540
20180611T083312.946210 426.148 247.265 93.9107 83.3292 71.8864 363.38 263.204 390.586 263.431 20180611T083312.946210 1900 540
20180611T083312.956055 1900 540
20180611T083312.964039 1900 540
20180611T083312.976115 426.648 247.218 93.8743 83.233 71.6466 364.083 263.024 391.415 263.191 20180611T083312.976115 1900 540
20180611T083312.984039 1900 540
20180611T083312.996046 1900 540
20180611T083313.004016 427.125 246.939 93.4442 83.4425 72.5951 364.5 262.9 391.567 263 20180611T083313.004016 1900 540
20180611T083313.016048 1900 540
20180611T083313.028080 1900 540
20180611T083313.036033 427.266 246.87 93.4041 83.3443 70.9408 364.439 262.963 391.402 262.947 20180611T083313.036033 1900 540
20180611T083313.048028 1900 540
20180611T083313.056055 1900 540
20180611T083313.068010 427.199 246.667 92.5836 83.7686 69.9562 364.68 262.771 391.448 262.747 20180611T083313.068010 1900 540
20180611T083313.076554 1900 540
20180611T083313.088090 1900 540
20180611T083313.096025 427.109 246.591 92.8352 83.1723 71.5577 364.797 262.68 391.621 262.836 20180611T083313.096025 1900 540
20180611T083313.109088 1900 540
20180611T083313.117096 1900 540
20180611T083313.128018 427.13 246.678 92.8583 83.2433 70.9256 364.345 262.964 391.402 262.947 20180611T083313.128018 1900 540
20180611T083313.136047 1900 540
20180611T083313.148025 1900 540
20180611T083313.156026 427.124 246.763 92.6378 83.1024 71.3438 364.345 262.964 391.514 263.027 20180611T083313.156026 1900 540
20180611T083313.168061 1900 540
20180611T083313.176016 1900 540
20180611T083313.188005 426.987 246.821 92.4691 83.2352 70.0022 364.39 262.984 391.466 263.106 20180611T083313.188005 1900 540
20180611T083313.196103 1900 540
20180611T083313.208024 1900 540
20180611T083313.216000 427.263 246.799 92.8826 82.9755 71.0392 364.533 262.938 391.567 263 20180611T083313.216000 1900 540
20180611T083313.229482 1900 540
20180611T083313.236986 1900 540
20180611T083313.248553 427.561 246.446 92.7212 83.163 71.0585 364.961 262.789 391.601 262.923 20180611T083313.248553 1900 540
20180611T083313.261487 1900 540
20180611T083313.268689 1900 540
20180611T083313.280672 427.541 246.373 93.0154 83.25 70.8854 364.986 262.644 391.608 262.749 20180611T083313.280672 1900 540
20180611T083313.288644 1900 540
20180611T083313.300115 1900 540
20180611T083313.308027 427.528 246.046 92.6849 83.2904 69.0796 365.041 262.346 391.766 262.485 20180611T083313.308027 1900 540
20180611T083313.320551 1900 540
20180611T083313.328022 1900 540
20180611T083313.340013 427.708 245.828 92.8077 83.0919 70.6606 364.878 262.211 392.055 262.191 20180611T083313.340013 1900 540
20180611T083313.348898 1900 540
20180611T083313.360140 1900 540
20180611T083313.368019 429.009 246.273 92.7677 83.6124 70.9022 366.604 262.73 393.448 262.747 20180611T083313.368019 1900 540
20180611T083313.380847 1900 540
20180611T083313.388066 1900 540
20180611T083313.400009 429.23 246.287 92.8934 83.5711 71.2417 366.943 262.789 393.519 262.809 20180611T083313.400009 1900 540
20180611T083313.408121 1900 540
20180611T083313.420072 1900 540
20180611T083313.428011 428.94 246.27 92.7913 83.0759 71.2905 366.359 262.878 393.497 262.947 20180611T083313.428011 1900 540
20180611T083313.440022 1900 540
20180611T083313.447995 1900 540
20180611T083313.460023 428.642 246.423 92.8309 83.4396 71.7154 365.897 263 392.91 262.926 20180611T083313.460023 1900 540
20180611T083313.468077 1900 540
20180611T083313.480016 1900 540
20180611T083313.487991 428.083 246.413 92.9324 83.0467 70.7998 365.631 263.043 392.5 263.167 20180611T083313.487991 1900 540
20180611T083313.500082 1900 540
20180611T083313.512010 1900 540
20180611T083313.520028 428.171 246.463 92.663 83.2402 72.0208 365.675 263.107 392.554 263.298 20180611T083313.520028 1900 540
20180611T083313.533753 1900 540
20180611T083313.541078 1900 540
20180611T083313.552021 428.261 246.458 92.492 83.2392 73.1571 365.831 263.144 392.863 263.383 20180611T083313.552021 1900 540
20180611T083313.561095 1900 540
20180611T083313.572056 1900 540
20180611T083313.580030 427.992 246.16 92.6039 83.417 71.4747 365.593 262.907 392.585 262.809 20180611T083313.580030 1900 540
20180611T083313.593184 1900 540
20180611T083313.600052 1900 540
20180611T083313.612017 427.661 245.944 92.3437 83.7879 71.5708 365.244 262.582 392.268 262.464 20180611T083313.612017 1900 540
20180611T083313.621152 1900 540
20180611T083313.632049 1900 540
20180611T083313.640021 427.968 245.783 92.5107 83.62 71.9729 365.587 262.442 392.63 262.582 20180611T083313.640021 1900 540
20180611T083313.652057 1900 540
20180611T083313.660015 1900 540
20180611T083313.672419 428.272 245.693 92.6187 83.529 71.2541 365.952 262.528 392.847 262.614 20180611T083313.672419 1900 540
20180611T083313.680438 1900 540
20180611T083313.692432 1900 540
20180611T083313.700416 428.205 245.756 92.6423 83.7617 71.9854 365.952 262.528 392.847 262.614 20180611T083313.700416 1900 540
20180611T083313.712842 1900 540
20180611T083313.720815 1900 540
20180611T083314.529790 333.589 243.795 96.5287 93.0987 179.601 310.953 262.538 335.837 262.911 20180611T083314.529790 960 540
20180611T083314.540038 960 540
20180611T083314.548017 960 540
20180611T083314.560232 333.587 243.874 96.0133 92.5778 3.21642 310.987 262.778 335.837 262.911 20180611T083314.560232 960 540
20180611T083314.568018 960 540
20180611T083314.579998 960 540
20180611T083314.588009 333.729 244.031 94.9934 91.6716 1.66077 311 263.282 335.59 263.043 20180611T083314.588009 960 540
20180611T083314.600034 960 540
20180611T083314.608012 960 540
20180611T083314.620000 333.732 243.893 94.5513 91.3102 5.31308 310.948 263.32 335.59 263.043 20180611T083314.620000 960 540
20180611T083314.628040 960 540
20180611T083314.640026 960 540
20180611T083314.648033 334.082 243.995 93.6492 90.0032 5.44125 311.05 263.308 336.068 263.171 20180611T083314.648033 960 540
20180611T083314.660056 960 540
20180611T083314.668011 960 540
20180611T083314.680318 334.006 243.836 92.9643 89.21 2.16666 311 263.282 336.158 263.237 20180611T083314.680318 960 540
20180611T083314.688338 960 540
20180611T083314.700002 960 540
20180611T083314.707977 333.446 243.376 91.7747 88.7143 3.46033 310.207 262.587 335.119 263.048 20180611T083314.707977 960 540
20180611T083314.720099 960 540
20180611T083314.729206 960 540
20180611T083314.742351 333.271 243.068 91.524 88.5463 4.58109 310.05 262.308 335.091 262.409 20180611T083314.742351 960 540
20180611T083314.749240 960 540
20180611T083314.760038 960 540
20180611T083314.772037 334.734 243.41 90.8522 87.8493 179.961 311.953 262.538 336.687 263.131 20180611T083314.772037 960 540
20180611T083314.780014 960 540
20180611T083314.791996 960 540
20180611T083314.800006 334.851 243.458 90.4203 87.3067 2.38617 312.17 262.68 337.028 263.194 20180611T083314.800006 960 540
20180611T083314.812054 960 540
20180611T083314.820006 960 540
20180611T083314.832543 334.278 243.474 89.6033 86.5538 172.805 311.577 262.814 336.386 263 20180611T083314.832543 960 540
20180611T083314.841570 960 540
20180611T083314.852653 960 540
20180611T083314.860659 334.185 243.572 89.094 86.0471 3.89429 311.379 263.023 336.25 263 20180611T083314.860659 960 540
20180611T083314.872033 960 540
20180611T083314.880836 960 540
20180611T083314.892128 333.778 243.693 88.3541 85.2603 179.305 311.071 263.475 335.778 263.127 20180611T083314.892128 960 540
20180611T083314.901004 960 540
20180611T083314.912813 960 540
20180611T083314.920807 333.107 243.755 88.1487 84.7838 6.33344 310.422 263.43 335.441 263.045 20180611T083314.920807 960 540
20180611T083314.932082 960 540
20180611T083314.940027 960 540
20180611T083314.952009 333.143 243.724 87.2083 84.102 0.803177 310.372 263.288 335.235 263.523 20180611T083314.952009 960 540
20180611T083314.960510 960 540
20180611T083314.972006 960 540
20180611T083314.979981 332.698 243.585 86.8093 83.751 2.91376 310.013 263.386 335 263.193 20180611T083314.979981 960 540
20180611T083314.992108 960 540
20180611T083315.000007 960 540
20180611T083315.011996 330.937 243.357 86.367 83.6579 174.04 309.027 262.871 333.657 263.111 20180611T083315.011996 960 540
20180611T083315.024525 960 540
20180611T083315.032045 960 540
20180611T083315.044074 330.965 243.228 86.2754 83.5216 175.052 309.038 262.66 333.649 263 20180611T083315.044074 960 540
20180611T083315.052081 960 540
20180611T083315.064028 960 540
20180611T083315.072066 331.211 242.985 85.8365 83.3272 177.131 309.074 262.574 333.82 262.901 20180611T083315.072066 960 540
20180611T083315.084066 960 540
20180611T083315.092038 960 540
20180611T083315.103996 331.242 242.904 85.3675 83.0359 174.736 309.074 262.574 334 262.807 20180611T083315.103996 960 540
20180611T083315.112007 960 540
20180611T083315.123993 960 540
20180611T083315.132014 331.82 242.856 85.8679 82.955 178.185 309.874 262.403 334.425 262.4 20180611T083315.132014 960 540
20180611T083315.144028 960 540
20180611T083315.152039 960 540
20180611T083315.163998 331.888 242.872 85.4362 82.8119 175.48 309.926 262.364 334.59 262.419 20180611T083315.163998 960 540
20180611T083315.172318 960 540
20180611T083315.184304 960 540
20180611T083315.192408 331.682 242.879 84.9587 82.6279 177.776 309.874 262.403 334.198 262.619 20180611T083315.192408 960 540
20180611T083315.204434 960 540
20180611T083315.212393 960 540
20180611T083315.224401 331.609 242.753 84.8278 82.0848 174.051 309.758 262.388 334.138 262.594 20180611T083315.224401 960 540
20180611T083315.232048 960 540
20180611T083315.244027 960 540
20180611T083315.252019 331.906 242.751 84.5538 81.8544 179.876 309.874 262.403 334.559 262.532 20180611T083315.252019 960 540
20180611T083315.264323 960 540
20180611T083315.276069 960 540
20180611T083315.283997 332.111 242.825 84.7112 81.7752 2.22742 309.976 262.388 334.667 262.849 20180611T083315.283997 960 540
20180611T083315.296032 960 540
20180611T083315.303997 960 540
20180611T083315.316313 332.54 243.007 84.3458 81.3042 178.985 310.069 262.597 335.111 262.667 20180611T083315.316313 960 540
20180611T083315.324544 960 540
20180611T083315.336397 960 540
20180611T083315.344809 332.859 242.852 84.1826 81.3189 0.660736 310.724 262.5 335.248 262.709 20180611T083315.344809 960 540
20180611T083315.356025 960 540
20180611T083315.363994 960 540
20180611T083315.376081 332.585 242.622 84.1347 81.5578 178.195 310.05 262.308 335.099 262.234 20180611T083315.376081 960 540
20180611T083315.384035 960 540
20180611T083315.396026 960 540
20180611T083315.404024 332.778 242.557 83.9261 81.5146 2.64035 310.154 262.13 335.222 262.171 20180611T083315.404024 960 540
20180611T083315.416030 960 540
20180611T083315.424005 960 540
20180611T083315.435996 334.195 243.013 83.9591 81.1419 179.112 311.8 262.58 336.648 263.038 20180611T083315.435996 960 540
20180611T083315.445057 960 540
20180611T083315.455997 960 540
20180611T083315.464006 334.24 243.091 84.1844 81.2727 176.209 311.8 262.58 336.687 263.131 20180611T083315.464006 960 540
20180611T083315.476092 960 540
20180611T083315.483978 960 540
20180611T083315.496985 333.781 242.988 84.2553 81.1993 175.97 311.406 262.667 335.99 262.905 20180611T083315.496985 960 540
20180611T083315.506216 960 540
20180611T083315.516513 960 540
20180611T083315.528512 333.409 243.004 84.1903 81.3008 175.006 311.074 262.574 335.932 262.829 20180611T083315.528512 960 540
20180611T083315.537129 960 540
20180611T083315.548820 960 540
20180611T083315.556032 332.84 242.857 84.4023 81.57 175.064 310.673 262.587 335.387 262.748 20180611T083315.556032 960 540
20180611T083315.568022 960 540
20180611T083315.576917 960 540
20180611T083315.587999 332.839 242.929 84.5035 81.6804 175.104 310.711 262.642 335.526 262.877 20180611T083315.587999 960 540
20180611T083315.596037 960 540
20180611T083315.608307 960 540
20180611T083315.616307 332.742 243.501 84.8455 82.1239 175.702 311.027 262.871 335.657 263.111 20180611T083315.616307 960 540
20180611T083315.628028 960 540
20180611T083315.635996 960 540
20180611T083315.647998 332.797 243.158 84.6079 82.1762 177.822 310.885 262.506 335.526 262.877 20180611T083315.647998 960 540
20180611T083315.656004 960 540
20180611T083315.667993 960 540
20180611T083315.675993 333.177 243.38 85.2546 82.3794 174.495 311.17 262.68 335.982 263.063 20180611T083315.675993 960 540
20180611T083315.689469 960 540
20180611T083315.696815 960 540
20180611T083315.708533 333.689 243.347 85.7615 82.7478 173.262 311.733 262.815 336.333 263.237 20180611T083315.708533 960 540
20180611T083315.719531 960 540
20180611T083315.728307 960 540
20180611T083315.736289 334.497 243.503 85.5186 83.1819 167.813 312.218 262.635 337.305 263.314 20180611T083315.736289 960 540
20180611T083315.748675 960 540
20180611T083315.756635 960 540
20180611T083315.768651 334.666 243.558 85.8033 83.4313 174.78 312.635 262.952 337.657 263.111 20180611T083315.768651 960 540
20180611T083315.780648 960 540
20180611T083315.788027 960 540
20180611T083315.800060 335.245 243.567 85.7775 83.6562 176.525 313.211 263.106 337.769 263.056 20180611T083315.800060 960 540
20180611T083315.808041 960 540
20180611T083315.819992 960 540
20180611T083315.828001 335.36 243.63 86.1277 83.5967 176.798 313.059 262.963 338.09 263.099 20180611T083315.828001 960 540
20180611T083315.840027 960 540
20180611T083315.848029 960 540
20180611T083315.860091 335.3 243.678 86.2308 83.6657 179.384 313.031 263.287 337.769 263.056 20180611T083315.860091 960 540
20180611T083315.868041 960 540
20180611T083315.880347 960 540
20180611T083315.887994 335.428 243.581 86.2642 83.6867 179.999 313.091 263.068 337.957 263.145 20180611T083315.887994 960 540
20180611T083315.900028 960 540
20180611T083315.909117 960 540
20180611T083315.919994 335.489 243.451 86.399 84.2645 172.37 313.081 263.187 337.81 263.105 20180611T083315.919994 960 540
20180611T083315.928441 960 540
20180611T083315.940028 960 540
20180611T083315.948069 335.294 243.486 86.4992 84.1345 172.703 312.884 263 337.741 263.083 20180611T083315.948069 960 540
20180611T083315.960522 960 540
20180611T083315.968009 960 540
20180611T083315.980053 335.278 243.341 86.933 84.0318 175.461 313.027 262.871 337.649 263 20180611T083315.980053 960 540
20180611T083315.988282 960 540
20180611T083316.000020 960 540
20180611T083316.008033 334.897 243.067 86.63 84.3907 175.578 312.654 262.478 337.387 262.748 20180611T083316.008033 960 540
20180611T083316.020032 960 540
20180611T083316.523966 20 540
20180611T083316.535997 233.72 247.858 88.4629 83.1258 132.835 250.061 267.235 276.203 267.68 20180611T083316.535997 20 540
20180611T083316.547824 20 540
20180611T083316.556012 20 540
20180611T083316.563982 233.532 247.83 87.8924 82.8897 130.957 249.604 267.111 275.92 267.58 20180611T083316.563982 20 540
20180611T083316.576502 20 540
20180611T083316.584503 20 540
20180611T083316.596773 233.579 247.619 87.2992 82.8576 130.971 249.614 267.029 275.882 267.379 20180611T083316.596773 20 540
20180611T083316.606588 20 540
20180611T083316.615979 20 540
20180611T083316.623982 233.89 247.657 87.14 82.9298 132.317 250.192 266.968 276.167 267.431 20180611T083316.623982 20 540
20180611T083316.637430 20 540
20180611T083316.644792 20 540
20180611T083316.656499 233.975 247.345 87.0706 82.4531 134.593 250.169 266.897 276.201 267.174 20180611T083316.656499 20 540
20180611T083316.666507 20 540
20180611T083316.677302 20 540
20180611T083316.685037 233.55 247.304 86.9613 81.9858 132.43 249.828 266.848 276.085 267.035 20180611T083316.685037 20 540
20180611T083316.695981 20 540
20180611T083316.703999 20 540
20180611T083316.716033 232.696 246.888 86.6606 81.6672 134.507 249.113 266.15 275.139 266.931 20180611T083316.716033 20 540
20180611T083316.723965 20 540
20180611T083316.735974 20 540
20180611T083316.743953 232.876 246.958 86.5953 81.5274 132.401 249.158 266.284 275.333 266.925 20180611T083316.743953 20 540
20180611T083316.757182 20 540
20180611T083316.764772 20 540
20180611T083316.777169 234.083 247.137 86.108 80.9744 131.437 250.259 266.728 276.54 267.007 20180611T083316.777169 20 540
20180611T083316.789420 20 540
20180611T083316.796037 20 540
20180611T083316.808018 234.233 247.086 85.9508 80.7696 131.457 250.239 266.946 276.454 267.121 20180611T083316.808018 20 540
20180611T083316.816012 20 540
20180611T083316.827979 20 540
20180611T083316.836006 233.725 247.169 85.5325 80.4617 128.917 250.169 266.897 276.139 267.069 20180611T083316.836006 20 540
20180611T083316.848004 20 540
20180611T083316.855978 20 540
20180611T083316.867965 233.596 247.241 85.1648 80.3788 131.251 249.556 266.944 276.053 267.16 20180611T083316.867965 20 540
20180611T083316.876000 20 540
20180611T083316.887970 20 540
20180611T083316.896291 233.083 247.347 84.8076 79.8063 129.143 249.389 266.861 275.56 267.38 20180611T083316.896291 20 540
20180611T083316.908284 20 540
20180611T083316.915990 20 540
20180611T083316.927970 233.012 247.383 84.706 79.5801 132.34 249.514 266.986 275.716 267.444 20180611T083316.927970 20 540
20180611T083316.936013 20 540
20180611T083316.947971 20 540
20180611T083316.955972 232.846 247.519 84.5496 79.2353 130.425 249.324 266.913 275.233 267.597 20180611T083316.955972 20 540
20180611T083316.967974 20 540
20180611T083316.975965 20 540
20180611T083316.989181 232.301 247.385 84.1153 79.2662 132.176 249.044 266.791 274.716 267.043 20180611T083316.989181 20 540
20180611T083316.997267 20 540
20180611T083317.008895 20 540
20180611T083317.016246 232.315 246.904 83.7172 79.2428 130.413 248.924 266.248 275.091 267.068 20180611T083317.016246 20 540
20180611T083317.028283 20 540
20180611T083317.040283 20 540
20180611T083317.048292 232.609 246.852 83.6757 78.8205 129.446 249.303 265.995 275.333 266.925 20180611T083317.048292 20 540
20180611T083317.060273 20 540
20180611T083317.068975 20 540
20180611T083317.080957 232.951 246.825 83.4097 78.6668 130.561 249.622 266.099 275.765 266.955 20180611T083317.080957 20 540
20180611T083317.089375 20 540
20180611T083317.099976 20 540
20180611T083317.107981 233.079 246.745 83.1445 78.6195 129.888 249.703 266.056 275.986 266.837 20180611T083317.107981 20 540
20180611T083317.120004 20 540
20180611T083317.128012 20 540
20180611T083317.139964 233.346 246.711 82.6096 78.1075 130.263 250.279 265.868 276.068 266.796 20180611T083317.139964 20 540
20180611T083317.147976 20 540
20180611T083317.160035 20 540
20180611T083317.167968 233.369 246.575 82.7246 77.6203 131.916 250.338 265.856 276.012 266.63 20180611T083317.167968 20 540
20180611T083317.181033 20 540
20180611T083317.189033 20 540
20180611T083317.199964 233.269 246.657 82.0884 77.091 133.373 250.249 265.799 276.203 266.758 20180611T083317.199964 20 540
20180611T083317.208989 20 540
20180611T083317.220799 20 540
20180611T083317.227945 233.323 246.625 81.7935 77.0599 133.047 250.288 265.788 276.222 266.778 20180611T083317.227945 20 540
20180611T083317.240880 20 540
20180611T083317.248379 20 540
20180611T083317.260042 233.379 246.632 81.6504 76.7306 133.615 250.232 265.879 276.173 266.807 20180611T083317.260042 20 540
20180611T083317.270616 20 540
20180611T083317.280050 20 540
20180611T083317.291957 233.882 246.625 81.6721 76.6481 132.245 250.716 266.015 276.661 266.774 20180611T083317.291957 20 540
20180611T083317.299976 20 540
20180611T083317.312053 20 540
20180611T083317.319967 234.26 246.755 81.3146 76.6784 134.318 251.015 266.108 276.833 267.174 20180611T083317.319967 20 540
20180611T083317.331996 20 540
20180611T083317.340867 20 540
20180611T083317.351948 234.16 246.689 81.3782 76.407 134.226 250.81 266.076 276.738 267.142 20180611T083317.351948 20 540
20180611T083317.361893 20 540
20180611T083317.372858 20 540
20180611T083317.379972 233.297 246.02 80.9988 76.5523 131.876 249.635 265.625 275.925 266.459 20180611T083317.379972 20 540
20180611T083317.393535 20 540
20180611T083317.400805 20 540
20180611T083317.412371 233.554 245.918 80.6967 76.5916 132.678 250.237 265.554 276.322 266.462 20180611T083317.412371 20 540
20180611T083317.420420 20 540
20180611T083317.432380 20 540
20180611T083317.440493 234.978 246.387 80.8612 76.6007 132.755 251.338 266.123 277.931 266.903 20180611T083317.440493 20 540
20180611T083317.452958 20 540
20180611T083317.460626 20 540
20180611T083317.472615 235.096 246.545 81.1477 76.2408 133.74 251.386 266.19 277.85 266.98 20180611T083317.472615 20 540
20180611T083317.481703 20 540
20180611T083317.492101 20 540
20180611T083317.499975 234.668 246.329 80.6491 76.132 132.741 251.192 266.105 277.273 266.96 20180611T083317.499975 20 540
20180611T083317.512049 20 540
20180611T083317.519976 20 540
20180611T083317.532049 234.51 246.403 80.7188 76.266 132.354 250.978 266.249 277.139 267 20180611T083317.532049 20 540
20180611T083317.544008 20 540
20180611T083317.551954 20 540
20180611T083317.563958 234.161 246.531 80.653 76.1532 132.961 250.87 266.417 276.778 266.882 20180611T083317.563958 20 540
20180611T083317.571975 20 540
20180611T083317.583983 20 540
20180611T083317.592027 234.124 246.719 80.5344 76.0864 132.585 250.774 266.608 276.711 267.164 20180611T083317.592027 20 540
20180611T083317.605176 20 540
20180611T083317.612790 20 540
20180611T083317.624771 233.72 246.734 80.7021 76.0196 133.873 249.968 266.688 276.032 267.5 20180611T083317.624771 20 540
20180611T083317.632089 20 540
20180611T083317.644009 20 540
20180611T083317.652024 233.127 246.62 80.9658 76.0258 135.789 249.847 266.514 276 267.129 20180611T083317.652024 20 540
20180611T083317.664032 20 540
20180611T083317.671996 20 540
20180611T083317.683953 233.862 246.428 80.6365 75.9153 131.843 250.343 266.164 276.552 266.747 20180611T083317.683953 20 540
20180611T083317.692131 20 540
20180611T083317.703966 20 540
20180611T083317.711990 233.812 246.269 80.7262 75.8311 131.109 250.138 266.1 276.333 266.925 20180611T083317.711990 20 540
20180611T083317.724039 20 540
20180611T083317.731978 20 540
20180611T083317.744007 233.74 246.197 80.6008 75.8274 131.669 250.039 266.103 276.333 266.925 20180611T083317.744007 20 540
20180611T083317.751987 20 540
20180611T083317.763973 20 540
20180611T083317.771966 233.791 246.095 80.3862 75.9968 132.68 250.295 265.932 276.27 266.748 20180611T083317.771966 20 540
20180611T083317.784005 20 540
20180611T083317.795989 20 540
20180611T083317.803970 233.717 245.894 80.2306 76.1071 134.267 250.195 265.79 276.339 266.411 20180611T083317.803970 20 540
20180611T083317.815970 20 540
20180611T083317.823966 20 540
20180611T083317.835950 233.73 245.757 80.2163 75.9331 131.102 250.134 265.866 276.322 266.462 20180611T083317.835950 20 540
20180611T083317.847139 20 540
20180611T083317.856787 20 540
20180611T083317.865172 233.838 246.103 80.3125 75.7309 132.824 250.181 266 276.333 266.925 20180611T083317.865172 20 540
20180611T083317.875966 20 540
20180611T083317.883968 20 540
20180611T083317.895980 233.805 246.169 80.1945 75.822 132.166 250.231 266.069 276.27 266.748 20180611T083317.895980 20 540
20180611T083317.904008 20 540
20180611T083317.916000 20 540
20180611T083317.923969 233.745 246.291 79.9283 75.9031 131.657 250.258 266.164 276.333 266.925 20180611T083317.923969 20 540
20180611T083317.935992 20 540
20180611T083317.943971 20 540
20180611T083317.955960 233.573 246.421 79.9034 75.9362 129.358 250.152 266.114 276.181 266.903 20180611T083317.955960 20 540
20180611T083317.963999 20 540
20180611T083317.976076 20 540
20180611T083317.983948 233.114 246.259 80.3007 75.6673 130.092 249.484 266.023 275.933 266.6 20180611T083317.983948 20 540
20180611T083317.996005 20 540
20180611T083318.003948 20 540
20180611T083318.016039 232.594 245.968 80.2355 75.9673 128.605 249.295 265.795 275.346 266.301 20180611T083318.016039 20 540
20180611T083318.719933 20 1060
20180611T083318.731982 20 1060
20180611T083318.739929 239.218 290.545 85.0832 83.5612 72.7038 254.596 289.128 280.494 289.296 20180611T083318.739929 20 1060
20180611T083318.751988 20 1060
20180611T083318.759960 20 1060
20180611T083318.772261 239.294 290.522 84.8344 83.3345 78.3583 254.537 289.216 280.385 289.333 20180611T083318.772261 20 1060
20180611T083318.780253 20 1060
20180611T083318.791991 20 1060
20180611T083318.803998 238.535 290.545 84.0745 83.03 81.5511 254.013 289.126 279.914 289.172 20180611T083318.803998 20 1060
20180611T083318.812014 20 1060
20180611T083318.823957 20 1060
20180611T083318.831954 238.553 290.562 83.7245 83.0267 78.1052 254.054 289.456 279.981 289.152 20180611T083318.831954 20 1060
20180611T083318.843988 20 1060
20180611T083318.851979 20 1060
20180611T083318.863949 238.975 290.698 83.1764 82.1096 74.1813 254.519 289.574 280.561 288.927 20180611T083318.863949 20 1060
20180611T083318.871951 20 1060
20180611T083318.883963 20 1060
20180611T083318.891947 239.122 290.819 82.2891 81.8736 87.9346 254.73 289.553 280.561 288.927 20180611T083318.891947 20 1060
20180611T083318.903985 20 1060
20180611T083318.911999 20 1060
20180611T083318.923971 238.19 290.369 81.6144 80.3002 78.9402 253.857 289 279.837 288.911 20180611T083318.923971 20 1060
20180611T083318.932483 20 1060
20180611T083318.943989 20 1060
20180611T083318.951956 238.149 290.096 80.8436 80.267 72.154 253.608 288.749 279.845 288.62 20180611T083318.951956 20 1060
20180611T083318.964270 20 1060
20180611T083318.972255 20 1060
20180611T083318.984276 238.375 289.751 80.7282 79.4336 69.7545 254.209 288.395 279.944 288.269 20180611T083318.984276 20 1060
20180611T083318.993478 20 1060
20180611T083319.004014 20 1060
20180611T083319.011933 238.705 289.722 80.0019 79.7176 30.3058 253.942 288.292 280.167 288.167 20180611T083319.011933 20 1060
20180611T083319.024948 20 1060
20180611T083319.032591 20 1060
20180611T083319.044626 238.857 289.619 79.3047 78.8644 60.5992 254.307 288.265 280.463 288.024 20180611T083319.044626 20 1060
20180611T083319.056943 20 1060
20180611T083319.063978 20 1060
20180611T083319.075939 238.975 289.615 79.1152 78.7439 97.0866 254.569 288.207 280.721 287.915 20180611T083319.075939 20 1060
20180611T083319.083999 20 1060
20180611T083319.095952 20 1060
20180611T083319.103947 238.894 289.564 78.6925 78.2488 64.5441 254.328 288.18 280.659 287.837 20180611T083319.103947 20 1060
20180611T083319.117003 20 1060
20180611T083319.124995 20 1060
20180611T083319.135945 238.573 289.218 78.4638 78.0825 29.9844 254.085 288.106 280.1 288 20180611T083319.135945 20 1060
20180611T083319.143942 20 1060
20180611T083319.155954 20 1060
20180611T083319.163942 237.831 289.281 78.1691 77.5514 75.5636 253.634 288.251 279.778 287.829 20180611T083319.163942 20 1060
20180611T083319.177131 20 1060
20180611T083319.184758 20 1060
20180611T083319.196752 237.921 289.342 78.0786 77.6733 42.3411 253.603 288.374 279.717 287.875 20180611T083319.196752 20 1060
20180611T083319.204313 20 1060
20180611T083319.215944 20 1060
20180611T083319.223932 237.816 290.068 77.9898 77.3587 63.8788 253.655 288.469 279.635 288.357 20180611T083319.223932 20 1060
20180611T083319.236009 20 1060
20180611T083319.243923 20 1060
20180611T083319.255952 238.45 289.583 77.8188 77.2438 69.6414 253.976 288.388 279.63 288.252 20180611T083319.255952 20 1060
20180611T083319.264810 20 1060
20180611T083319.275947 20 1060
20180611T083319.283921 238.229 289.446 77.4464 76.9291 60.0326 253.897 288 279.905 287.929 20180611T083319.283921 20 1060
20180611T083319.298359 20 1060
20180611T083319.307954 20 1060
20180611T083319.315943 238.018 289.22 77.5093 76.6018 76.9634 253.634 287.923 279.74 287.724 20180611T083319.315943 20 1060
20180611T083319.327981 20 1060
20180611T083319.335936 20 1060
20180611T083319.347927 238.494 289.054 76.9867 76.5426 81.2511 253.88 288.193 279.881 287.615 20180611T083319.347927 20 1060
20180611T083319.358226 20 1060
20180611T083319.367948 20 1060
20180611T083319.376016 239.178 289.297 76.5309 76.0524 44.3287 254.977 288.086 280.778 287.829 20180611T083319.376016 20 1060
20180611T083319.387948 20 1060
20180611T083319.395927 20 1060
20180611T083319.407930 239.048 289.091 76.0856 75.8334 122.946 254.797 288.031 280.717 287.792 20180611T083319.407930 20 1060
20180611T083319.417699 20 1060
20180611T083319.428471 20 1060
20180611T083319.436912 238.684 289.144 76.0351 75.1199 77.7672 254.301 287.776 280.25 287.479 20180611T083319.436912 20 1060
20180611T083319.447951 20 1060
20180611T083319.455925 20 1060
20180611T083319.467978 237.791 288.939 75.5934 75.2291 74.9478 253.661 287.655 279.623 287.5 20180611T083319.467978 20 1060
20180611T083319.476864 20 1060
20180611T083319.487947 20 1060
20180611T083319.495943 237.889 289.154 75.7011 74.5114 75.922 253.634 287.923 279.683 287.69 20180611T083319.495943 20 1060
20180611T083319.508838 20 1060
20180611T083319.515916 20 1060
20180611T083319.528774 238.544 289.312 75.4011 74.2623 92.4506 254.328 288.18 280.061 287.932 20180611T083319.528774 20 1060
20180611T083319.539013 20 1060
20180611T083319.547945 20 1060
20180611T083319.559927 238.699 289.453 74.9483 74.2469 96.7892 254.317 288.35 280.265 288.045 20180611T083319.559927 20 1060
20180611T083319.567949 20 1060
20180611T083319.579935 20 1060
20180611T083319.587933 238.026 289.107 74.8117 74.0975 100.404 253.81 288.351 279.778 287.952 20180611T083319.587933 20 1060
20180611T083319.599971 20 1060
20180611T083319.607939 20 1060
20180611T083319.619963 237.75 289.111 74.9901 73.9534 67.1785 253.433 288.167 279.488 287.724 20180611T083319.619963 20 1060
20180611T083319.631448 20 1060
20180611T083319.640253 20 1060
20180611T083319.648249 238.007 288.99 74.6184 73.596 86.4187 253.801 287.795 279.697 287.591 20180611T083319.648249 20 1060
20180611T083319.660926 20 1060
20180611T083319.668919 20 1060
20180611T083319.680597 238.043 288.676 74.9188 73.1323 97.7443 253.74 287.718 279.688 287.475 20180611T083319.680597 20 1060
20180611T083319.693540 20 1060
20180611T083319.699972 20 1060
20180611T083319.707955 237.997 288.76 74.7252 73.4147 87.4844 253.685 287.558 279.778 287.127 20180611T083319.707955 20 1060
20180611T083319.719934 20 1060
20180611T083319.727940 20 1060
20180611T083319.740028 238.332 288.72 74.3809 73.5824 80.4922 253.879 287.612 279.845 287.109 20180611T083319.740028 20 1060
20180611T083319.749663 20 1060
20180611T083319.760466 20 1060
20180611T083319.768433 238.568 288.664 74.0361 73.0139 83.5918 254.357 287.591 280.174 287.22 20180611T083319.768433 20 1060
20180611T083319.781021 20 1060
20180611T083319.788978 20 1060
20180611T083319.799976 238.465 288.685 74.2497 73.0195 81.3945 254.142 287.648 280.217 287.264 20180611T083319.799976 20 1060
20180611T083319.812598 20 1060
20180611T083319.819945 20 1060
20180611T083319.831954 238.507 288.617 73.9458 72.662 70.5458 254.142 287.648 280.174 287.22 20180611T083319.831954 20 1060
20180611T083319.839967 20 1060
20180611T083319.851949 20 1060
20180611T083319.860076 238.652 288.922 73.339 72.8902 59.2857 254.173 287.875 280.101 287.391 20180611T083319.860076 20 1060
20180611T083319.871943 20 1060
20180611T083319.879936 20 1060
20180611T083319.891931 238.745 288.969 73.1523 72.7602 79.6329 254.194 287.883 280.25 287.479 20180611T083319.891931 20 1060
20180611T083319.899951 20 1060
20180611T083319.911944 20 1060
20180611T083319.919927 238.836 288.924 73.2542 72.5931 97.0313 254.357 288.208 280.38 287.5 20180611T083319.919927 20 1060
20180611T083319.931933 20 1060
20180611T083319.939921 20 1060
20180611T083319.953734 238.769 288.753 73.0632 72.6769 109.238 254.211 287.661 280.217 287.391 20180611T083319.953734 20 1060
20180611T083319.960471 20 1060
20180611T083319.971941 20 1060
20180611T083319.979928 238.3 288.612 73.1804 72.7427 64.619 253.879 287.612 279.845 287.109 20180611T083319.979928 20 1060
20180611T083319.991942 20 1060
20180611T083319.999944 20 1060
20180611T083320.011997 238.209 288.169 73.5755 72.294 73.4247 253.608 287.322 279.608 287.294 20180611T083320.011997 20 1060
20180611T083320.019965 20 1060
20180611T083320.031968 20 1060
20180611T083320.039917 238.906 288.226 73.6399 72.4778 88.8785 254.395 287.277 280.173 286.807 20180611T083320.039917 20 1060
20180611T083320.053722 20 1060
20180611T083320.065152 20 1060
20180611T083320.073406 239.103 288.247 73.4378 72.6726 88.9138 254.554 287.298 280.254 286.942 20180611T083320.073406 20 1060
20180611T083320.083962 20 1060
20180611T083320.091956 20 1060
20180611T083320.103922 238.83 288.287 73.5854 72.4487 95.6516 254.317 287.35 280.139 286.903 20180611T083320.103922 20 1060
20180611T083320.111932 20 1060
20180611T083320.123952 20 1060
20180611T083320.131930 238.471 288.52 73.1931 72.8597 83.6049 253.926 287.426 279.845 287.109 20180611T083320.131930 20 1060
20180611T083320.145124 20 1060
20180611T083320.153121 20 1060
20180611T083320.165118 238.339 288.554 73.5001 72.7244 79.4188 253.879 287.612 279.845 287.109 20180611T083320.165118 20 1060
20180611T083320.175258 20 1060
20180611T083320.183935 20 1060
20180611T083320.191921 238.5 288.583 73.1931 72.6058 75.5758 253.879 287.612 279.763 287.563 20180611T083320.191921 20 1060
20180611T083320.203937 20 1060
20180611T083320.211942 20 1060
20180611T083321.009652 332.582 287.283 80.2636 78.69 156.791 310.75 285 335.5 285 20180611T083321.009652 960 1060
20180611T083321.019962 960 1060
20180611T083321.027951 960 1060
20180611T083321.039920 332.585 287.089 80.1737 78.386 169.54 310.62 284.96 335.57 285.022 20180611T083321.039920 960 1060
20180611T083321.047979 960 1060
20180611T083321.060982 960 1060
20180611T083321.071918 332.424 287.04 79.8076 78.0526 160.541 310.38 285.04 335.412 284.912 20180611T083321.071918 960 1060
20180611T083321.080588 960 1060
20180611T083321.092565 960 1060
20180611T083321.100580 332.213 287.266 79.6211 77.4636 171.542 310.25 285.042 335.412 284.912 20180611T083321.100580 960 1060
20180611T083321.111955 960 1060
20180611T083321.119934 960 1060
20180611T083321.131908 332.247 287.236 79.4333 77.336 165.874 310.5 285.083 335.352 285.133 20180611T083321.131908 960 1060
20180611T083321.139918 960 1060
20180611T083321.151902 960 1060
20180611T083321.161686 332.87 287.646 79.1531 77.1875 166.088 311.031 285.287 335.57 285.215 20180611T083321.161686 960 1060
20180611T083321.171988 960 1060
20180611T083321.179908 960 1060
20180611T083321.191946 332.868 287.601 79.0932 77.1511 163.324 310.853 285.193 335.54 285.333 20180611T083321.191946 960 1060
20180611T083321.200734 960 1060
20180611T083321.211922 960 1060
20180611T083321.219905 333.348 287.791 79.1964 76.9816 162.304 311.304 285.38 336.256 285.378 20180611T083321.219905 960 1060
20180611T083321.232338 960 1060
20180611T083321.240310 960 1060
20180611T083321.251918 333.336 287.659 79.0409 77.0272 158.082 311.188 285.394 336.284 285.157 20180611T083321.251918 960 1060
20180611T083321.260990 960 1060
20180611T083321.272890 960 1060
20180611T083321.280878 332.66 287.335 78.9083 76.7587 162.626 310.76 284.907 335.618 285.059 20180611T083321.280878 960 1060
20180611T083321.291953 960 1060
20180611T083321.299914 960 1060
20180611T083321.311914 332.552 287.196 79.0891 76.7658 162.694 310.5 285 335.412 284.912 20180611T083321.311914 960 1060
20180611T083321.325095 960 1060
20180611T083321.331951 960 1060
20180611T083321.343936 333.998 287.539 78.9656 76.5238 161.07 311.885 285.346 336.635 285.26 20180611T083321.343936 960 1060
20180611T083321.352002 960 1060
20180611T083321.363909 960 1060
20180611T083321.371973 334.409 287.594 79.0123 76.6989 160.148 312.1 285.4 337 285.5 20180611T083321.371973 960 1060
20180611T083321.383959 960 1060
20180611T083321.391939 960 1060
20180611T083321.403943 334.336 287.721 78.8239 76.9855 155.953 311.846 285.5 336.778 285.278 20180611T083321.403943 960 1060
20180611T083321.412837 960 1060
20180611T083321.423911 960 1060
20180611T083321.431910 333.942 287.799 79.0607 76.8082 158.609 311.846 285.5 336.533 285.419 20180611T083321.431910 960 1060
20180611T083321.444807 960 1060
20180611T083321.451928 960 1060
20180611T083321.463909 334.254 288.074 79.0666 76.6274 163.244 311.864 285.605 336.566 285.768 20180611T083321.463909 960 1060
20180611T083321.471980 960 1060
20180611T083321.483924 960 1060
20180611T083321.491956 334.403 288.423 79.1108 76.98 162.28 311.958 285.799 336.5 286 20180611T083321.491956 960 1060
20180611T083321.503948 960 1060
20180611T083321.513088 960 1060
20180611T083321.525115 334.863 288.686 79.3688 77.1943 162.676 312.027 286 337.185 286.284 20180611T083321.525115 960 1060
20180611T083321.532754 960 1060
20180611T083321.544775 960 1060
20180611T083321.551895 334.488 288.498 79.2301 77.0641 157.918 312 286 336.678 286.333 20180611T083321.551895 960 1060
20180611T083321.563960 960 1060
20180611T083321.575938 960 1060
20180611T083321.585368 334.13 288.032 79.6802 77.2068 154.72 311.63 285.58 336.313 285.768 20180611T083321.585368 960 1060
20180611T083321.595983 960 1060
20180611T083321.603915 960 1060
20180611T083321.615907 334.207 287.938 79.335 77.3425 157.756 311.621 285.464 336.438 285.573 20180611T083321.615907 960 1060
20180611T083321.625410 960 1060
20180611T083321.636319 960 1060
20180611T083321.644329 334.287 287.605 79.4227 77.0066 157.266 311.792 285.333 336.465 285.202 20180611T083321.644329 960 1060
20180611T083321.655918 960 1060
20180611T083321.663943 960 1060
20180611T083321.676710 334.434 287.621 79.5559 77.2823 158.405 311.909 285.144 336.531 285.156 20180611T083321.676710 960 1060
20180611T083321.685309 960 1060
20180611T083321.695997 960 1060
20180611T083321.703909 334.501 287.526 79.5943 77.1671 163.72 312.119 285.148 336.611 285.378 20180611T083321.703909 960 1060
20180611T083321.715954 960 1060
20180611T083321.723909 960 1060
20180611T083321.735913 334.74 287.66 79.9439 77.5633 162.258 312.429 285.246 337.146 285.104 20180611T083321.735913 960 1060
20180611T083321.745053 960 1060
20180611T083321.755916 960 1060
20180611T083321.763889 334.736 287.731 79.8763 77.345 166.523 312.305 285.22 336.82 285.538 20180611T083321.763889 960 1060
20180611T083321.775987 960 1060
20180611T083321.783895 960 1060
20180611T083321.795915 334.44 287.625 79.6955 77.3878 162.113 312.109 285.217 336.635 285.26 20180611T083321.795915 960 1060
20180611T083321.804126 960 1060
20180611T083321.815913 960 1060
20180611T083321.827935 334.151 287.515 80.1738 77.7424 154.527 311.861 285.111 336.313 285.232 20180611T083321.827935 960 1060
20180611T083321.835945 960 1060
20180611T083321.847903 960 1060
20180611T083321.856095 333.758 287.419 80.2886 77.9317 167.926 311.5 285 336.313 285.232 20180611T083321.856095 960 1060
20180611T083321.869364 960 1060
20180611T083321.876892 960 1060
20180611T083321.888712 334.155 287.412 80.0228 77.9524 156.381 311.861 285.111 336.352 285.133 20180611T083321.888712 960 1060
20180611T083321.897796 960 1060
20180611T083321.908216 960 1060
20180611T083321.916221 334.301 287.417 80.1433 77.8423 156.823 312 285.072 336.352 285.133 20180611T083321.916221 960 1060
20180611T083321.928730 960 1060
20180611T083321.935933 960 1060
20180611T083321.948438 333.804 287.016 80.3541 77.8692 165.253 311.423 284.853 336.312 285 20180611T083321.948438 960 1060
20180611T083321.957770 960 1060
20180611T083321.968786 960 1060
20180611T083321.976407 333.625 286.818 80.2493 77.7349 158.992 311.167 284.75 336.293 285.32 20180611T083321.976407 960 1060
20180611T083321.987916 960 1060
20180611T083321.995895 960 1060
20180611T083322.007903 334.614 287.32 80.1636 77.4961 164.709 312.27 285.143 336.618 285.059 20180611T083322.007903 960 1060
20180611T083322.015916 960 1060
20180611T083322.027918 960 1060
20180611T083322.035884 335.046 287.252 79.7367 77.3708 166.848 312.765 285.045 337.552 285.105 20180611T083322.035884 960 1060
20180611T083322.047952 960 1060
20180611T083322.056802 960 1060
20180611T083322.067906 334.513 287.404 79.5625 77.1274 162.072 312.059 285.037 336.854 285.167 20180611T083322.067906 960 1060
20180611T083322.082263 960 1060
20180611T083322.087935 960 1060
20180611T083322.099914 334.061 287.312 79.4359 77.1704 157.022 312 285.072 336.5 285.188 20180611T083322.099914 960 1060
20180611T083322.107910 960 1060
20180611T083322.119904 960 1060
20180611T083322.127961 333.449 287.42 79.4973 77.1244 158.524 311.232 285.348 336.097 285.054 20180611T083322.127961 960 1060
20180611T083322.141361 960 1060
20180611T083322.148882 960 1060
20180611T083322.160877 333.801 287.642 78.9882 77.1434 158.801 311.442 285.327 336.24 285.26 20180611T083322.160877 960 1060
20180611T083322.168872 960 1060
20180611T083322.180826 960 1060
20180611T083322.188787 334.128 287.873 78.8568 77.2575 160.807 311.846 285.5 336.538 285.656 20180611T083322.188787 960 1060
20180611T083322.200796 960 1060
20180611T083322.208776 960 1060
20180611T083322.219933 333.98 287.854 78.4983 77.2778 159.467 311.673 285.541 336.505 285.535 20180611T083322.219933 960 1060
20180611T083322.228789 960 1060
20180611T083322.240772 960 1060
20180611T083322.247901 333.337 287.291 79.2477 76.5613 158.484 311.081 285.187 335.81 285.105 20180611T083322.247901 960 1060
20180611T083322.260715 960 1060
20180611T083322.267887 960 1060
20180611T083322.279901 333.409 287.003 79.1545 76.4394 160.939 311.031 285.109 335.949 285.051 20180611T083322.279901 960 1060
20180611T083322.288772 960 1060
20180611T083322.300803 960 1060
20180611T083322.307889 333.309 286.786 78.8217 76.8956 163.272 310.986 284.769 335.944 284.917 20180611T083322.307889 960 1060
20180611T083322.320565 960 1060
20180611T083322.332706 960 1060
20180611T083322.340881 333.061 286.636 78.7069 76.6907 168.221 310.846 284.5 335.571 284.786 20180611T083322.340881 960 1060
20180611T083322.352322 960 1060
20180611T083322.360464 960 1060
20180611T083322.372714 333.611 286.622 78.6772 76.8008 158.57 311.253 284.52 336.23 284.77 20180611T083322.372714 960 1060
20180611T083322.381950 960 1060
20180611T083322.391962 960 1060
20180611T083322.399939 333.729 286.602 78.9422 76.5873 158.681 311.641 284.68 336.254 285.095 20180611T083322.399939 960 1060
20180611T083322.413019 960 1060
20180611T083322.419960 960 1060
20180611T083322.431896 333.682 286.727 78.9068 76.7283 162.325 311.585 284.769 336.42 285.198 20180611T083322.431896 960 1060
20180611T083322.439921 960 1060
20180611T083322.451968 960 1060
20180611T083322.460106 333.592 286.704 78.8771 76.9106 157.19 311.423 284.853 336.218 285.372 20180611T083322.460106 960 1060
20180611T083322.471940 960 1060
20180611T083322.479915 960 1060
20180611T083322.491904 333.106 286.774 78.8257 77.2824 157.994 311 284.654 335.6 284.9 20180611T083322.491904 960 1060
20180611T083322.499894 960 1060
20180611T083322.825096 1900 1060
20180611T083322.837114 415.707 285.822 80.1522 73.6343 101.048 357.305 282.944 383.56 283.44 20180611T083322.837114 1900 1060
20180611T083322.845564 1900 1060
20180611T083322.855908 1900 1060
20180611T083322.863901 416.868 286.016 80.6057 73.8286 101.758 358.039 283.092 384.432 283.591 20180611T083322.863901 1900 1060
20180611T083322.877373 1900 1060
20180611T083322.884722 1900 1060
20180611T083322.896428 417.108 286.051 80.8615 73.6162 101.559 358.324 282.978 384.618 283.521 20180611T083322.896428 1900 1060
20180611T083322.905876 1900 1060
20180611T083322.916206 1900 1060
20180611T083322.924213 422.126 286.158 81.2006 73.3316 100.944 360.823 282.847 387.638 283.452 20180611T083322.924213 1900 1060
20180611T083322.937137 1900 1060
20180611T083322.944908 1900 1060
20180611T083322.956443 422.494 285.977 81.7134 73.3787 100.977 361.134 282.927 387.877 283.519 20180611T083322.956443 1900 1060
20180611T083322.966162 1900 1060
20180611T083322.975974 1900 1060
20180611T083322.983900 422.629 285.621 82.3213 73.891 101.681 361.362 282.708 388.054 282.939 20180611T083322.983900 1900 1060
20180611T083322.996585 1900 1060
20180611T083323.004893 1900 1060
20180611T083323.016722 422.351 285.493 82.2849 74.3291 99.6877 361 282.285 388 282.903 20180611T083323.016722 1900 1060
20180611T083323.025561 1900 1060
20180611T083323.035907 1900 1060
20180611T083323.044330 422.306 285.201 82.4753 74.7255 100.181 361.294 282.325 387.885 282.654 20180611T083323.044330 1900 1060
20180611T083323.057380 1900 1060
20180611T083323.064550 1900 1060
20180611T083323.076425 422.354 285.169 82.3608 74.613 100.481 361.393 282.063 387.846 282.5 20180611T083323.076425 1900 1060
20180611T083323.089662 1900 1060
20180611T083323.096756 1900 1060
20180611T083323.108702 421.91 285.104 82.4514 74.296 100.776 360.886 282 387.643 282.409 20180611T083323.108702 1900 1060
20180611T083323.116010 1900 1060
20180611T083323.127901 1900 1060
20180611T083323.135940 421.704 285.219 82.49 74.3054 100.464 360.727 282 387.351 282.643 20180611T083323.135940 1900 1060
20180611T083323.147908 1900 1060
20180611T083323.155910 1900 1060
20180611T083323.167893 421.52 285.151 82.0973 74.3239 99.891 360.634 282 387.351 282.643 20180611T083323.167893 1900 1060
20180611T083323.175905 1900 1060
20180611T083323.187903 1900 1060
20180611T083323.195900 421.525 285.099 82.3463 74.3997 101.08 360.863 282 387.351 282.643 20180611T083323.195900 1900 1060
20180611T083323.210913 1900 1060
20180611T083323.216716 1900 1060
20180611T083323.227904 421.489 285.204 82.6456 74.3423 101.284 360.624 282.089 387.235 282.667 20180611T083323.227904 1900 1060
20180611T083323.237325 1900 1060
20180611T083323.248723 1900 1060
20180611T083323.256709 421.285 285.105 82.7312 74.5667 100.088 360.583 282.067 387.19 282.589 20180611T083323.256709 1900 1060
20180611T083323.267920 1900 1060
20180611T083323.275942 1900 1060
20180611T083323.287929 421.204 286.985 82.9413 74.8394 102.203 360.565 282.546 387 283.346 20180611T083323.287929 1900 1060
20180611T083323.295893 1900 1060
20180611T083323.307904 1900 1060
20180611T083323.316549 420.88 286.125 82.9174 75.1419 102.802 360.324 282.242 386.827 282.987 20180611T083323.316549 1900 1060
20180611T083323.329731 1900 1060
20180611T083323.340690 1900 1060
20180611T083323.347899 421.382 286.218 82.887 75.0038 101.152 360.648 282.324 387.231 282.871 20180611T083323.347899 1900 1060
20180611T083323.359933 1900 1060
20180611T083323.367893 1900 1060
20180611T083323.379894 422.063 286.28 83.3851 74.6423 102.319 361.132 282.571 388.071 283.27 20180611T083323.379894 1900 1060
20180611T083323.387936 1900 1060
20180611T083323.399896 1900 1060
20180611T083323.407896 421.936 286.253 83.5236 74.7167 102.927 360.86 282.512 387.582 283.111 20180611T083323.407896 1900 1060
20180611T083323.419896 1900 1060
20180611T083323.427897 1900 1060
20180611T083323.439897 421.638 286.392 83.2212 74.7731 101.982 360.724 282.5 387.542 283.301 20180611T083323.439897 1900 1060
20180611T083323.449104 1900 1060
20180611T083323.460216 1900 1060
20180611T083323.468883 421.258 286.451 82.9838 74.879 100.949 360.613 282.515 387.042 283.333 20180611T083323.468883 1900 1060
20180611T083323.479969 1900 1060
20180611T083323.487893 1900 1060
20180611T083323.499904 421.151 286.556 83.2247 74.7878 101.833 360.5 282.5 387.184 283.525 20180611T083323.499904 1900 1060
20180611T083323.507931 1900 1060
20180611T083323.519902 1900 1060
20180611T083323.527883 421.521 287.018 83.061 74.5569 102.336 360.71 283.081 387.242 283.612 20180611T083323.527883 1900 1060
20180611T083323.539914 1900 1060
20180611T083323.547888 1900 1060
20180611T083323.559925 421.545 286.976 82.847 74.546 104.06 360.891 283.26 387.242 283.612 20180611T083323.559925 1900 1060
20180611T083323.567889 1900 1060
20180611T083323.579899 1900 1060
20180611T083323.591986 420.982 286.592 82.6555 74.4775 102.349 360.269 282.683 386.674 283.624 20180611T083323.591986 1900 1060
20180611T083323.604329 1900 1060
20180611T083323.612569 1900 1060
20180611T083323.619890 421.014 286.521 82.803 74.171 103.053 360.5 282.5 387.13 283.5 20180611T083323.619890 1900 1060
20180611T083323.632800 1900 1060
20180611T083323.639895 1900 1060
20180611T083323.651904 421.766 286.462 82.5582 74.4454 102.219 360.724 282.5 387.56 283.201 20180611T083323.651904 1900 1060
20180611T083323.659979 1900 1060
20180611T083323.671932 1900 1060
20180611T083323.679890 421.928 286.421 82.5771 74.3933 102.438 360.897 282.544 387.707 283.116 20180611T083323.679890 1900 1060
20180611T083323.694081 1900 1060
20180611T083323.700713 1900 1060
20180611T083323.712702 422.392 286.339 82.9792 74.0794 103.264 361.347 282.516 388.155 283.163 20180611T083323.712702 1900 1060
20180611T083323.723742 1900 1060
20180611T083323.732858 1900 1060
20180611T083323.740029 422.492 286.366 82.84 74.4984 104.148 361.455 282.531 388.222 283.127 20180611T083323.740029 1900 1060
20180611T083323.751946 1900 1060
20180611T083323.760296 1900 1060
20180611T083323.771894 422.399 286.553 82.9002 74.455 104.603 361.455 282.559 388.136 283.442 20180611T083323.771894 1900 1060
20180611T083323.780771 1900 1060
20180611T083323.791926 1900 1060
20180611T083323.800181 422.48 286.507 82.9158 74.305 104.032 361.333 282.465 388.099 283.355 20180611T083323.800181 1900 1060
20180611T083323.811941 1900 1060
20180611T083323.819918 1900 1060
20180611T083323.832010 422.41 286.499 82.7696 74.727 104.964 361.455 282.559 388.136 283.442 20180611T083323.832010 1900 1060
20180611T083323.843892 1900 1060
20180611T083323.851888 1900 1060
20180611T083323.863924 422.345 286.522 82.5911 74.3392 104.818 361.132 282.571 388.042 283.333 20180611T083323.863924 1900 1060
20180611T083323.871963 1900 1060
20180611T083323.883928 1900 1060
20180611T083323.891891 422.436 286.371 82.2762 74.409 105.601 361.611 282.514 388.184 283.149 20180611T083323.891891 1900 1060
20180611T083323.903894 1900 1060
20180611T083323.911910 1900 1060
20180611T083323.923897 422.828 286.297 82.6647 74.0161 101.679 361.914 282.529 388.276 283.74 20180611T083323.923897 1900 1060
20180611T083323.932783 1900 1060
20180611T083323.943922 1900 1060
20180611T083323.951881 422.635 286.135 82.5375 74.0924 103.979 361.724 282.5 388.341 283.163 20180611T083323.951881 1900 1060
20180611T083323.964384 1900 1060
20180611T083323.972215 1900 1060
20180611T083323.984192 422.457 285.95 82.7509 74.143 103.885 361.392 282.18 387.905 282.837 20180611T083323.984192 1900 1060
20180611T083323.992165 1900 1060
20180611T083324.003927 1900 1060
20180611T083324.011888 422.529 285.903 82.5727 74.2407 104.102 361.495 282.139 388.052 282.68 20180611T083324.011888 1900 1060
20180611T083324.023913 1900 1060
20180611T083324.031869 1900 1060
20180611T083324.043899 423.019 286.145 82.6198 74.5376 102.432 362.171 282.214 388.789 283.041 20180611T083324.043899 1900 1060
20180611T083324.052157 1900 1060
20180611T083324.063887 1900 1060
20180611T083324.072692 423.672 286.257 82.8603 74.323 102.756 362.613 282.515 389.213 283 20180611T083324.072692 1900 1060
20180611T083324.086154 1900 1060
20180611T083324.095916 1900 1060
20180611T083324.103922 423.5 286.273 83.0866 74.3246 103.113 362.5 282.5 389.255 283.163 20180611T083324.103922 1900 1060
20180611T083324.115890 1900 1060
20180611T083324.123886 1900 1060
20180611T083324.135896 422.916 286.242 83.018 74.5796 104.049 361.856 282.577 388.5 283.683 20180611T083324.135896 1900 1060
20180611T083324.143926 1900 1060
20180611T083324.155883 1900 1060
20180611T083324.163881 422.599 286.227 83.3504 74.7329 102.296 361.724 282.5 388.184 283.149 20180611T083324.163881 1900 1060
20180611T083324.175899 1900 1060
20180611T083324.183973 1900 1060
20180611T083324.195896 422.648 286.311 83.1408 75.0723 104.296 361.724 282.5 388.136 283.442 20180611T083324.195896 1900 1060
20180611T083324.204979 1900 1060
20180611T083324.215897 1900 1060
20180611T083324.223880 422.756 286.355 83.2971 74.7304 104.762 361.874 282.56 388.261 283.464 20180611T083324.223880 1900 1060
20180611T083324.236985 1900 1060
20180611T083324.244983 1900 1060
20180611T083324.255890 422.495 286.072 83.5947 74.3589 102.868 361.132 282.571 387.941 283.037 20180611T083324.255890 1900 1060
20180611T083324.264873 1900 1060
20180611T083324.276416 1900 1060
20180611T083324.284856 422.275 286.02 83.4869 75.0072 102.467 361 282.5 387.986 282.936 20180611T083324.284856 1900 1060
20180611T083324.295937 1900 1060
20180611T083324.303867 1900 1060
