04165522872 960 540
04165522880 960 540
04165522892 960 540
04165522900 960 540
04165522912 960 540
04165522920 960 540
04165522932 960 540
04165522940 960 540
04165522952 960 540
04165522960 960 540
04165522972 960 540
04165522980 960 540
04165522992 960 540
04165523000 960 540
04165523012 960 540
04165523020 960 540
04165523032 960 540
04165523040 960 540
04165523052 960 540
04165523064 960 540
04165523072 960 540
04165523084 960 540
04165523092 960 540
04165523104 960 540
04165523112 960 540
04165523124 960 540
04165523132 960 540
04165523144 960 540
04165523152 960 540
04165523164 960 540
04165523172 960 540
04165523184 960 540
04165523192 960 540
04165523204 960 540
04165523212 960 540
04165523224 960 540
04165523232 960 540
04165523244 960 540
04165523252 960 540
04165523264 960 540
04165523272 960 540
04165523284 960 540
04165523292 960 540
04165523304 960 540
04165523316 960 540
04165523324 960 540
04165523336 960 540
04165523344 960 540
04165523356 960 540
04165523364 960 540
04165523376 960 540
04165523384 960 540
04165523396 960 540
04165523404 960 540
04165523416 960 540
04165523424 960 540
04165523436 960 540
04165523444 960 540
04165523456 960 540
04165523464 960 540
04165523476 960 540
04165523484 960 540
04165523496 960 540
04165523504 960 540
04165523516 960 540
04165523524 960 540
04165523536 960 540
04165523544 960 540
04165523556 960 540
04165523568 960 540
04165523576 960 540
04165523588 960 540
04165523596 960 540
04165523608 960 540
04165523616 960 540
04165523628 960 540
04165523636 960 540
04165523648 960 540
04165523656 960 540
04165523668 960 540
04165523676 960 540
04165523688 960 540
04165523696 960 540
04165523708 960 540
04165523716 960 540
04165523728 960 540
04165523736 960 540
04165523748 960 540
04165523756 960 540
04165523768 960 540
04165523776 960 540
04165523788 960 540
04165523796 960 540
04165523808 960 540
04165523820 960 540
04165523828 960 540
04165523840 960 540
04165523848 960 540
04165523860 960 540
04165523868 960 540
04165523880 960 540
04165523888 960 540
04165523900 960 540
04165523908 960 540
04165523920 960 540
04165523928 960 540
04165523940 960 540
04165523948 960 540
04165523960 960 540
04165523968 960 540
04165523980 960 540
04165523988 960 540
04165524000 960 540
04165524008 960 540
04165524020 960 540
04165524028 960 540
04165524040 960 540
04165524048 960 540
04165524060 960 540
04165524072 960 540
04165524080 960 540
04165524092 960 540
04165524100 960 540
04165524112 960 540
04165524120 960 540
04165524132 960 540
04165524140 960 540
04165524152 960 540
04165524160 960 540
04165524172 960 540
04165524180 960 540
04165524192 960 540
04165524200 960 540
04165524212 960 540
04165524220 960 540
04165524232 960 540
04165524240 960 540
04165524252 960 540
04165524260 960 540
04165524272 960 540
04165524280 960 540
04165524292 960 540
04165524300 960 540
04165524312 960 540
04165524324 960 540
04165524332 960 540
04165524344 960 540
04165524352 960 540
04165524364 960 540
04165524372 960 540
04165524384 960 540
04165524392 960 540
04165524404 960 540
04165524412 960 540
04165524424 960 540
04165524432 960 540
04165524444 960 540
04165524452 960 540
04165524464 960 540
04165524472 960 540
04165524484 960 540
04165524492 960 540
04165524504 960 540
04165524512 960 540
04165524524 960 540
04165524532 960 540
04165524544 960 540
04165524552 960 540
04165524564 960 540
04165524576 960 540
04165524584 960 540
04165524596 960 540
04165524604 960 540
04165524616 960 540
04165524624 960 540
04165524636 960 540
04165524644 960 540
04165524656 960 540
04165524664 960 540
04165524676 960 540
04165524684 960 540
04165524696 960 540
04165524704 960 540
04165524716 960 540
04165524724 960 540
04165524736 960 540
04165524744 960 540
04165524756 960 540
04165524764 960 540
04165524776 960 540
04165524784 960 540
04165524796 960 540
04165524804 960 540
04165524816 960 540
04165524828 960 540
04165524836 960 540
04165524848 960 540
04165524856 960 540
04165524868 960 540
04165524876 960 540
04165524888 960 540
04165524896 960 540
04165524908 960 540
04165524916 960 540
04165524928 960 540
04165524936 960 540
04165524948 960 540
04165524956 960 540
04165524968 960 540
04165524976 960 540
04165524988 960 540
04165524996 960 540
04165525008 960 540
04165525016 960 540
04165525028 960 540
04165525036 960 540
04165525048 960 540
04165525056 960 540
04165525068 960 540
04165525080 960 540
04165525088 960 540
04165525100 960 540
04165525108 960 540
04165525120 960 540
04165525128 960 540
04165525140 960 540
04165525148 960 540
04165525160 960 540
04165525168 960 540
04165525180 960 540
04165525188 960 540
04165525200 960 540
04165525208 960 540
04165525220 960 540
04165525228 960 540
04165525240 960 540
04165525248 960 540
04165525260 960 540
04165525268 960 540
04165525280 960 540
04165525288 960 540
04165525300 960 540
04165525308 960 540
04165525320 960 540
04165525332 960 540
04165525340 960 540
04165525352 960 540
04165525360 960 540
04165525372 960 540
04165525380 960 540
04165525392 960 540
04165525400 960 540
04165525412 960 540
04165525420 960 540
04165525432 960 540
04165525440 960 540
04165525452 960 540
04165525460 960 540
04165525472 960 540
04165525480 960 540
04165525492 960 540
04165525500 960 540
04165525512 960 540
04165525520 960 540
04165525532 960 540
04165525540 960 540
04165525552 960 540
04165525560 960 540
04165525572 960 540
04165525584 960 540
04165525592 960 540
04165525604 960 540
04165525612 960 540
04165525624 960 540
04165525632 960 540
04165525644 960 540
04165525652 960 540
04165525664 960 540
04165525672 960 540
04165525684 960 540
04165525692 960 540
04165525704 960 540
04165525712 960 540
04165525724 960 540
04165525732 960 540
04165525744 960 540
04165525752 960 540
04165525764 960 540
04165525772 960 540
04165525784 960 540
04165525792 960 540
04165525804 960 540
04165525812 960 540
04165525824 960 540
04165525836 960 540
04165525844 960 540
04165525856 960 540
04165525864 960 540
04165525876 960 540
04165525884 960 540
04165525896 960 540
04165525904 960 540
04165525916 960 540
04165525924 960 540
04165525936 960 540
04165525944 960 540
04165525956 960 540
04165525964 960 540
04165525976 960 540
04165525984 960 540
04165525996 960 540
04165526004 960 540
04165526016 960 540
04165526024 960 540
04165526036 960 540
04165526044 960 540
04165526056 960 540
04165526064 960 540
04165526076 960 540
04165526088 960 540
04165526096 960 540
04165526108 960 540
04165526116 960 540
04165526128 960 540
04165526136 960 540
04165526148 960 540
04165526156 960 540
04165526168 960 540
04165526176 960 540
04165526188 960 540
04165526196 960 540
04165526208 960 540
04165526216 960 540
04165526228 960 540
04165526236 960 540
04165526248 960 540
04165526256 960 540
04165526268 960 540
04165526276 960 540
04165526288 960 540
04165526296 960 540
04165526308 960 540
04165526316 960 540
04165526328 960 540
04165526340 960 540
04165526348 960 540
04165526360 960 540
04165526368 960 540
04165526380 960 540
04165526388 960 540
04165526400 960 540
04165526408 960 540
04165526420 960 540
04165526428 960 540
04165526440 960 540
04165526448 960 540
04165526460 960 540
04165526468 960 540
04165526480 960 540
04165526488 960 540
04165526500 960 540
04165526508 960 540
04165526520 960 540
04165526528 960 540
04165526540 960 540
04165526548 960 540
04165526560 960 540
04165526568 960 540
04165526580 960 540
04165526592 960 540
04165526600 960 540
04165526612 960 540
04165526620 960 540
04165526632 960 540
04165526640 960 540
04165526652 960 540
04165526660 960 540
04165526672 960 540
04165526680 960 540
04165526692 960 540
04165526700 960 540
04165526712 960 540
04165526720 960 540
04165526732 960 540
04165526740 960 540
04165526752 960 540
04165526760 960 540
04165526772 960 540
04165526780 960 540
04165526792 960 540
04165526800 960 540
04165526812 960 540
04165526820 960 540
04165526832 960 540
04165526844 960 540
04165526852 960 540
04165526864 960 540
04165526872 960 540
04165526884 960 540
04165526892 960 540
04165526904 960 540
04165526912 960 540
04165526924 960 540
04165526932 960 540
04165526944 960 540
04165526952 960 540
04165526964 960 540
04165526972 960 540
04165526984 960 540
04165526992 960 540
04165527004 960 540
04165527012 960 540
04165527024 960 540
04165527032 960 540
04165527044 960 540
04165527052 960 540
04165527064 960 540
04165527072 960 540
04165527084 960 540
04165527096 960 540
04165527104 960 540
04165527116 960 540
04165527124 960 540
04165527136 960 540
04165527144 960 540
04165527156 960 540
04165527164 960 540
04165527176 960 540
04165527184 960 540
04165527196 960 540
04165527204 960 540
04165527216 960 540
04165527224 960 540
04165527236 960 540
04165527244 960 540
04165527256 960 540
04165527264 960 540
04165527276 960 540
04165527284 960 540
04165527296 960 540
04165527304 960 540
04165527316 960 540
04165527324 960 540
04165527336 960 540
04165527348 960 540
04165527356 960 540
04165527368 960 540
04165527376 960 540
04165527388 960 540
04165527396 960 540
04165527408 960 540
04165527416 960 540
04165527428 960 540
04165527436 960 540
04165527448 960 540
04165527456 960 540
04165527468 960 540
04165527476 960 540
04165527488 960 540
04165527496 960 540
04165527508 960 540
04165527516 960 540
04165527528 960 540
04165527536 960 540
04165527548 960 540
04165527556 960 540
04165527568 960 540
04165527576 960 540
04165527588 960 540
04165527600 960 540
04165527608 960 540
04165527620 960 540
04165527628 960 540
04165527640 960 540
04165527648 960 540
04165527660 960 540
04165527668 960 540
04165527680 960 540
04165527688 960 540
04165527700 960 540
04165527708 960 540
04165527720 960 540
04165527728 960 540
04165527740 960 540
04165527748 960 540
04165527760 960 540
04165527768 960 540
04165527780 960 540
04165527788 960 540
04165527800 960 540
04165527808 960 540
04165527820 960 540
04165527828 960 540
04165527840 960 540
04165527852 960 540
04165527860 960 540
04165527872 960 540
04165527880 960 540
04165527892 960 540
04165527900 960 540
04165527912 960 540
04165527920 960 540
04165527932 960 540
04165527940 960 540
04165527952 960 540
04165527960 960 540
04165527972 960 540
04165527980 960 540
04165527992 960 540
04165528000 960 540
04165528012 960 540
04165528020 960 540
04165528032 960 540
04165528040 960 540
04165528052 960 540
04165528060 960 540
04165528072 960 540
04165528080 960 540
04165528092 960 540
04165528104 960 540
04165528112 960 540
04165528124 960 540
04165528132 960 540
04165528144 960 540
04165528152 960 540
04165528164 960 540
04165528172 960 540
04165528184 960 540
04165528192 960 540
04165528204 960 540
04165528212 960 540
04165528224 960 540
04165528232 960 540
04165528244 960 540
04165528252 960 540
04165528264 960 540
04165528272 960 540
04165528284 960 540
04165528292 960 540
04165528304 960 540
04165528312 960 540
04165528324 960 540
04165528332 960 540
04165528344 960 540
04165528356 960 540
04165528364 960 540
04165528376 960 540
04165528384 960 540
04165528396 960 540
04165528404 960 540
04165528416 960 540
04165528424 960 540
04165528436 960 540
04165528444 960 540
04165528456 960 540
04165528464 960 540
04165528476 960 540
04165528484 960 540
04165528496 960 540
04165528504 960 540
04165528516 960 540
04165528524 960 540
04165528536 960 540
04165528544 960 540
04165528556 960 540
04165528564 960 540
04165528576 960 540
04165528584 960 540
04165528596 960 540
04165528608 960 540
04165528616 960 540
04165528628 960 540
04165528636 960 540
04165528648 960 540
04165528656 960 540
04165528668 960 540
04165528676 960 540
04165528688 960 540
04165528696 960 540
04165528708 960 540
04165528716 960 540
04165528728 960 540
04165528736 960 540
04165528748 960 540
04165528756 960 540
04165528768 960 540
04165528776 960 540
04165528788 960 540
04165528796 960 540
04165528808 960 540
04165528816 960 540
04165528828 960 540
04165528836 960 540
04165528848 960 540
04165528860 960 540
04165528868 960 540
04165528880 960 540
04165528888 960 540
04165528900 960 540
04165528908 960 540
04165528920 960 540
04165528928 960 540
04165528940 960 540
04165528948 960 540
04165528960 960 540
04165528968 960 540
04165528980 960 540
04165528988 960 540
04165529000 960 540
04165529008 960 540
04165529020 960 540
04165529028 960 540
04165529040 960 540
04165529048 960 540
04165529060 960 540
04165529068 960 540
04165529080 960 540
04165529088 960 540
04165529100 960 540
04165529112 960 540
04165529120 960 540
04165529132 960 540
04165529140 960 540
04165529152 960 540
04165529160 960 540
04165529172 960 540
04165529180 960 540
04165529192 960 540
04165529200 960 540
04165529212 960 540
04165529220 960 540
04165529232 960 540
04165529240 960 540
04165529252 960 540
04165529260 960 540
04165529272 960 540
04165529280 960 540
04165529292 960 540
04165529300 960 540
04165529312 960 540
04165529320 960 540
04165529332 960 540
04165529340 960 540
04165529352 960 540
04165529364 960 540
04165529372 960 540
04165529384 960 540
04165529392 960 540
04165529404 960 540
04165529412 960 540
04165529424 960 540
04165529432 960 540
04165529444 960 540
04165529452 960 540
04165529464 960 540
04165529472 960 540
04165529484 960 540
04165529492 960 540
04165529504 960 540
04165529512 960 540
04165529524 960 540
04165529532 960 540
04165529544 960 540
04165529552 960 540
04165529564 960 540
04165529572 960 540
04165529584 960 540
04165529592 960 540
04165529604 960 540
04165529616 960 540
04165529624 960 540
04165529636 960 540
04165529644 960 540
04165529656 960 540
04165529664 960 540
04165529676 960 540
04165529684 960 540
04165529696 960 540
04165529704 960 540
04165529716 960 540
04165529724 960 540
04165529736 960 540
04165529744 960 540
04165529756 960 540
04165529764 960 540
04165529776 960 540
04165529784 960 540
04165529796 960 540
04165529804 960 540
04165529816 960 540
04165529824 960 540
04165529836 960 540
04165529844 960 540
04165529856 960 540
04165529868 960 540
04165529876 960 540
04165529888 960 540
04165529896 960 540
04165529908 960 540
04165529916 960 540
04165529928 960 540
04165529936 960 540
04165529948 960 540
04165529956 960 540
04165529968 960 540
04165529976 960 540
04165529988 960 540
04165529996 960 540
04165530008 960 540
04165530016 960 540
04165530028 960 540
04165530036 960 540
04165530048 960 540
04165530056 960 540
04165530068 960 540
04165530076 960 540
04165530088 960 540
04165530096 960 540
04165530108 960 540
04165530120 960 540
04165530128 960 540
04165530140 960 540
04165530148 960 540
04165530160 960 540
04165530168 960 540
04165530180 960 540
04165530188 960 540
04165530200 960 540
04165530208 960 540
04165530220 960 540
04165530228 960 540
04165530240 960 540
04165530248 960 540
04165530260 960 540
04165530268 960 540
04165530280 960 540
04165530288 960 540
04165530300 960 540
04165530308 960 540
04165530320 960 540
04165530328 960 540
04165530340 960 540
04165530348 960 540
04165530360 960 540
04165530372 960 540
04165530380 960 540
04165530392 960 540
04165530400 960 540
04165530412 960 540
04165530420 960 540
04165530432 960 540
04165530440 960 540
04165530452 960 540
04165530460 960 540
04165530472 960 540
04165530480 960 540
04165530492 960 540
04165530500 960 540
04165530512 960 540
04165530520 960 540
04165530532 960 540
04165530540 960 540
04165530552 960 540
04165530560 960 540
04165530572 960 540
04165530580 960 540
04165530592 960 540
04165530600 960 540
04165530612 960 540
04165530624 960 540
04165530632 960 540
04165530644 960 540
04165530652 960 540
04165530664 960 540
04165530672 960 540
04165530684 960 540
04165530692 960 540
04165530704 960 540
04165530712 960 540
04165530724 960 540
04165530732 960 540
04165530744 960 540
04165530752 960 540
04165530764 960 540
04165530772 960 540
04165530784 960 540
04165530792 960 540
04165530804 960 540
04165530812 960 540
04165530824 960 540
04165530832 960 540
04165530844 960 540
04165530852 960 540
04165530864 960 540
04165530876 960 540
04165530884 960 540
04165530896 960 540
04165530904 960 540
04165530916 960 540
04165530924 960 540
04165530936 960 540
04165530944 960 540
04165530956 960 540
04165530964 960 540
04165530976 960 540
04165530984 960 540
04165530996 960 540
04165531004 960 540
04165531016 960 540
04165531024 960 540
04165531036 960 540
04165531044 960 540
04165531056 960 540
04165531064 960 540
04165531076 960 540
04165531084 960 540
04165531096 960 540
04165531104 960 540
04165531116 960 540
04165531128 960 540
04165531136 960 540
04165531148 960 540
04165531156 960 540
04165531168 960 540
04165531176 960 540
04165531188 960 540
04165531196 960 540
04165531208 960 540
04165531216 960 540
04165531228 960 540
04165531236 960 540
04165531248 960 540
04165531256 960 540
04165531268 960 540
04165531276 960 540
04165531288 960 540
04165531296 960 540
04165531308 960 540
04165531316 960 540
04165531328 960 540
04165531336 960 540
04165531348 960 540
04165531356 960 540
04165531368 960 540
04165531380 960 540
04165531388 960 540
04165531400 960 540
04165531408 960 540
04165531420 960 540
04165531428 960 540
04165531440 960 540
04165531448 960 540
04165531460 960 540
04165531468 960 540
04165531480 960 540
04165531488 960 540
04165531500 960 540
04165531508 960 540
04165531520 960 540
04165531528 960 540
04165531540 960 540
04165531548 960 540
04165531560 960 540
04165531568 960 540
04165531580 960 540
04165531588 960 540
04165531600 960 540
04165531608 960 540
04165531620 960 540
04165531632 960 540
04165531640 960 540
04165531652 960 540
04165531660 960 540
04165531672 960 540
04165531680 960 540
04165531692 960 540
04165531700 960 540
04165531712 960 540
04165531720 960 540
04165531732 960 540
04165531740 960 540
04165531752 960 540
04165531760 960 540
04165531772 960 540
04165531780 960 540
04165531792 960 540
04165531800 960 540
04165531812 960 540
04165531820 960 540
04165531832 960 540
04165531840 960 540
04165531852 960 540
04165531860 960 540
04165531872 960 540
04165531884 960 540
04165531892 960 540
04165531904 960 540
04165531912 960 540
04165531924 960 540
04165531932 960 540
04165531944 960 540
04165531952 960 540
04165531964 960 540
04165531972 960 540
04165531984 960 540
04165531992 960 540
04165532004 960 540
04165532012 960 540
04165532024 960 540
04165532032 960 540
04165532044 960 540
04165532052 960 540
04165532064 960 540
04165532072 960 540
04165532084 960 540
04165532092 960 540
04165532104 960 540
04165532112 960 540
04165532124 960 540
04165532136 960 540
04165532144 960 540
04165532156 960 540
04165532164 960 540
04165532176 960 540
04165532184 960 540
04165532196 960 540
04165532204 960 540
04165532216 960 540
04165532224 960 540
04165532236 960 540
04165532244 960 540
04165532256 960 540
04165532264 960 540
04165532276 960 540
04165532284 960 540
04165532296 960 540
04165532304 960 540
04165532316 960 540
04165532324 960 540
04165532336 960 540
04165532344 960 540
04165532356 960 540
04165532364 960 540
04165532376 960 540
04165532388 960 540
04165532396 960 540
04165532408 960 540
04165532416 960 540
04165532428 960 540
04165532436 960 540
04165532448 960 540
04165532456 960 540
04165532468 960 540
04165532476 960 540
04165532488 960 540
04165532496 960 540
04165532508 960 540
04165532516 960 540
04165532528 960 540
04165532536 960 540
04165532548 960 540
04165532556 960 540
04165532568 960 540
04165532576 960 540
04165532588 960 540
04165532596 960 540
04165532608 960 540
04165532616 960 540
04165532628 960 540
04165532640 960 540
04165532648 960 540
04165532660 960 540
04165532668 960 540
04165532680 960 540
04165532688 960 540
04165532700 960 540
04165532708 960 540
04165532720 960 540
04165532728 960 540
04165532740 960 540
04165532748 960 540
04165532760 960 540
04165532768 960 540
04165532780 960 540
04165532788 960 540
04165532800 960 540
04165532808 960 540
04165532820 960 540
04165532828 960 540
04165532840 960 540
04165532848 960 540
04165532860 960 540
04165532868 960 540
04165532880 960 540
04165532892 960 540
04165532900 960 540
04165532912 960 540
04165532920 960 540
04165532932 960 540
04165532940 960 540
04165532952 960 540
04165532960 960 540
04165532972 960 540
04165532980 960 540
04165532992 960 540
04165533000 960 540
04165533012 960 540
04165533020 960 540
04165533032 960 540
04165533040 960 540
04165533052 960 540
04165533060 960 540
04165533072 960 540
04165533080 960 540
04165533092 960 540
04165533100 960 540
04165533112 960 540
04165533120 960 540
04165533132 960 540
04165533144 960 540
04165533152 960 540
04165533164 960 540
04165533172 960 540
04165533184 960 540
04165533192 960 540
04165533204 960 540
04165533212 960 540
04165533224 960 540
04165533232 960 540
04165533244 960 540
04165533252 960 540
04165533264 960 540
04165533272 960 540
04165533284 960 540
04165533292 960 540
04165533304 960 540
04165533312 960 540
04165533324 960 540
04165533332 960 540
04165533344 960 540
04165533352 960 540
04165533364 960 540
04165533372 960 540
04165533384 960 540
04165533396 960 540
04165533404 960 540
04165533416 960 540
04165533424 960 540
04165533436 960 540
04165533444 960 540
04165533456 960 540
04165533464 960 540
04165533476 960 540
04165533484 960 540
04165533496 960 540
04165533504 960 540
04165533516 960 540
04165533524 960 540
04165533536 960 540
04165533544 960 540
04165533556 960 540
04165533564 960 540
04165533576 960 540
04165533584 960 540
04165533596 960 540
04165533604 960 540
04165533616 960 540
04165533624 960 540
04165533636 960 540
04165533648 960 540
04165533656 960 540
04165533668 960 540
04165533676 960 540
04165533688 960 540
04165533696 960 540
04165533708 960 540
04165533716 960 540
04165533728 960 540
04165533736 960 540
04165533748 960 540
04165533756 960 540
04165533768 960 540
04165533776 960 540
04165533788 960 540
04165533796 960 540
04165533808 960 540
04165533816 960 540
04165533828 960 540
04165533836 960 540
04165533848 960 540
04165533856 960 540
04165533868 960 540
04165533876 960 540
04165533888 960 540
04165533900 960 540
04165533908 960 540
04165533920 960 540
04165533928 960 540
04165533940 960 540
04165533948 960 540
04165533960 960 540
04165533968 960 540
04165533980 960 540
04165533988 960 540
04165534000 960 540
04165534008 960 540
04165534020 960 540
04165534028 960 540
04165534040 960 540
04165534048 960 540
04165534060 960 540
04165534068 960 540
04165534080 960 540
04165534088 960 540
04165534100 960 540
04165534108 960 540
04165534120 960 540
04165534128 960 540
04165534140 960 540
04165534152 960 540
04165534160 960 540
04165534172 960 540
04165534180 960 540
04165534192 960 540
04165534200 960 540
04165534212 960 540
04165534220 960 540
04165534232 960 540
04165534240 960 540
04165534252 960 540
04165534260 960 540
04165534272 960 540
04165534280 960 540
04165534292 960 540
04165534300 960 540
04165534312 960 540
04165534320 960 540
04165534332 960 540
04165534340 960 540
04165534352 960 540
04165534360 960 540
04165534372 960 540
04165534380 960 540
04165534392 960 540
04165534404 960 540
04165534412 960 540
04165534424 960 540
04165534432 960 540
04165534444 960 540
04165534452 960 540
04165534464 960 540
04165534472 960 540
04165534484 960 540
04165534492 960 540
04165534504 960 540
04165534512 960 540
04165534524 960 540
04165534532 960 540
04165534544 960 540
04165534552 960 540
04165534564 960 540
04165534572 960 540
04165534584 960 540
04165534592 960 540
04165534604 960 540
04165534612 960 540
04165534624 960 540
04165534632 960 540
04165534644 960 540
04165534656 960 540
04165534664 960 540
04165534676 960 540
04165534684 960 540
04165534696 960 540
04165534704 960 540
04165534716 960 540
04165534724 960 540
04165534736 960 540
04165534744 960 540
04165534756 960 540
04165534764 960 540
04165534776 960 540
04165534784 960 540
04165534796 960 540
04165534804 960 540
04165534816 960 540
04165534824 960 540
04165534836 960 540
04165534844 960 540
04165534856 960 540
04165534864 960 540
04165534876 960 540
04165534884 960 540
04165534896 960 540
04165534908 960 540
04165534916 960 540
04165534928 960 540
04165534936 960 540
04165534948 960 540
04165534956 960 540
04165534968 960 540
04165534976 960 540
04165534988 960 540
04165534996 960 540
04165535008 960 540
04165535016 960 540
04165535028 960 540
04165535036 960 540
04165535048 960 540
04165535056 960 540
04165535068 960 540
04165535076 960 540
04165535088 960 540
04165535096 960 540
04165535108 960 540
04165535116 960 540
04165535128 960 540
04165535136 960 540
04165535148 960 540
04165535160 960 540
04165535168 960 540
04165535180 960 540
04165535188 960 540
04165535200 960 540
04165535208 960 540
04165535220 960 540
04165535228 960 540
04165535240 960 540
04165535248 960 540
04165535260 960 540
04165535268 960 540
04165535280 960 540
04165535288 960 540
04165535300 960 540
04165535308 960 540
04165535320 960 540
04165535328 960 540
04165535340 960 540
04165535348 960 540
04165535360 960 540
04165535368 960 540
04165535380 960 540
04165535388 960 540
04165535400 960 540
04165535412 960 540
04165535420 960 540
04165535432 960 540
04165535440 960 540
04165535452 960 540
04165535460 960 540
04165535472 960 540
04165535480 960 540
04165535492 960 540
04165535500 960 540
04165535512 960 540
04165535520 960 540
04165535532 960 540
04165535540 960 540
04165535552 960 540
04165535560 960 540
04165535572 960 540
04165535580 960 540
04165535592 960 540
04165535600 960 540
04165535612 960 540
04165535620 960 540
04165535632 960 540
04165535640 960 540
04165535652 960 540
04165535664 960 540
04165535672 960 540
04165535684 960 540
04165535692 960 540
04165535704 960 540
04165535712 960 540
04165535724 960 540
04165535732 960 540
04165535744 960 540
04165535752 960 540
04165535764 960 540
04165535772 960 540
04165535784 960 540
04165535792 960 540
04165535804 960 540
04165535812 960 540
04165535824 960 540
04165535832 960 540
04165535844 960 540
04165535852 960 540
04165535864 960 540
04165535872 960 540
04165535884 960 540
04165535892 960 540
04165535904 960 540
04165535916 960 540
04165535924 960 540
04165535936 960 540
04165535944 960 540
04165535956 960 540
04165535964 960 540
04165535976 960 540
04165535984 960 540
04165535996 960 540
04165536004 960 540
04165536016 960 540
04165536024 960 540
04165536036 960 540
04165536044 960 540
04165536056 960 540
04165536064 960 540
04165536076 960 540
04165536084 960 540
04165536096 960 540
04165536104 960 540
04165536116 960 540
04165536124 960 540
04165536136 960 540
04165536144 960 540
04165536156 960 540
04165536168 960 540
04165536176 960 540
04165536188 960 540
04165536196 960 540
04165536208 960 540
04165536216 960 540
04165536228 960 540
04165536236 960 540
04165536248 960 540
04165536256 960 540
04165536268 960 540
04165536276 960 540
04165536288 960 540
04165536296 960 540
04165536308 960 540
04165536316 960 540
04165536328 960 540
04165536336 960 540
04165536348 960 540
04165536356 960 540
04165536368 960 540
04165536376 960 540
04165536388 960 540
04165536396 960 540
04165536408 960 540
04165536420 960 540
04165536428 960 540
04165536440 960 540
04165536448 960 540
04165536460 960 540
04165536468 960 540
04165536480 960 540
04165536488 960 540
04165536500 960 540
04165536508 960 540
04165536520 960 540
04165536528 960 540
04165536540 960 540
04165536548 960 540
04165536560 960 540
04165536568 960 540
04165536580 960 540
04165536588 960 540
04165536600 960 540
04165536608 960 540
04165536620 960 540
04165536628 960 540
04165536640 960 540
04165536648 960 540
04165536660 960 540
04165536672 960 540
04165536680 960 540
04165536692 960 540
04165536700 960 540
04165536712 960 540
04165536720 960 540
04165536732 960 540
04165536740 960 540
04165536752 960 540
04165536760 960 540
04165536772 960 540
04165536780 960 540
04165536792 960 540
04165536800 960 540
04165536812 960 540
04165536820 960 540
04165536832 960 540
04165536840 960 540
04165536852 960 540
04165536860 960 540
04165536872 960 540
04165536880 960 540
04165536892 960 540
04165536900 960 540
04165536912 960 540
04165536924 960 540
04165536932 960 540
04165536944 960 540
04165536952 960 540
04165536964 960 540
04165536972 960 540
04165536984 960 540
04165536992 960 540
04165537004 960 540
04165537012 960 540
04165537024 960 540
04165537032 960 540
04165537044 960 540
04165537052 960 540
04165537064 960 540
04165537072 960 540
04165537084 960 540
04165537092 960 540
04165537104 960 540
04165537112 960 540
04165537124 960 540
04165537132 960 540
04165537144 960 540
04165537152 960 540
04165537164 960 540
04165537176 960 540
04165537184 960 540
04165537196 960 540
04165537204 960 540
04165537216 960 540
04165537224 960 540
04165537236 960 540
04165537244 960 540
04165537256 960 540
04165537264 960 540
04165537276 960 540
04165537284 960 540
04165537296 960 540
04165537304 960 540
04165537316 960 540
04165537324 960 540
04165537336 960 540
04165537344 960 540
04165537356 960 540
04165537364 960 540
04165537376 960 540
04165537384 960 540
04165537396 960 540
04165537404 960 540
04165537416 960 540
04165537428 960 540
04165537436 960 540
04165537448 960 540
04165537456 960 540
04165537468 960 540
04165537476 960 540
04165537488 960 540
04165537496 960 540
04165537508 960 540
04165537516 960 540
04165537528 960 540
04165537536 960 540
04165537548 960 540
04165537556 960 540
04165537568 960 540
04165537576 960 540
04165537588 960 540
04165537596 960 540
04165537608 960 540
04165537616 960 540
04165537628 960 540
04165537636 960 540
04165537648 960 540
04165537656 960 540
04165537668 960 540
04165537680 960 540
04165537688 960 540
04165537700 960 540
04165537708 960 540
04165537720 960 540
04165537728 960 540
04165537740 960 540
04165537748 960 540
04165537760 960 540
04165537768 960 540
04165537780 960 540
04165537788 960 540
04165537800 960 540
04165537808 960 540
04165537820 960 540
04165537828 960 540
04165537840 960 540
04165537848 960 540
04165537860 960 540
04165537868 960 540
04165537880 960 540
04165537888 960 540
04165537900 960 540
04165537908 960 540
04165537920 960 540
04165537932 960 540
04165537940 960 540
04165537952 960 540
04165537960 960 540
04165537972 960 540
04165537980 960 540
04165537992 960 540
04165538000 960 540
04165538012 960 540
04165538020 960 540
04165538032 960 540
04165538040 960 540
04165538052 960 540
04165538060 960 540
04165538072 960 540
04165538080 960 540
04165538092 960 540
04165538100 960 540
04165538112 960 540
04165538120 960 540
04165538132 960 540
04165538140 960 540
04165538152 960 540
04165538160 960 540
04165538172 960 540
04165538184 960 540
04165538192 960 540
04165538204 960 540
04165538212 960 540
04165538224 960 540
04165538232 960 540
04165538244 960 540
04165538252 960 540
04165538264 960 540
04165538272 960 540
04165538284 960 540
04165538292 960 540
04165538304 960 540
04165538312 960 540
04165538324 960 540
04165538332 960 540
04165538344 960 540
04165538352 960 540
04165538364 960 540
04165538372 960 540
04165538384 960 540
04165538392 960 540
04165538404 960 540
04165538412 960 540
04165538424 960 540
04165538436 960 540
04165538444 960 540
04165538456 960 540
04165538464 960 540
04165538476 960 540
04165538484 960 540
04165538496 960 540
04165538504 960 540
04165538516 960 540
04165538524 960 540
04165538536 960 540
04165538544 960 540
04165538556 960 540
04165538564 960 540
04165538576 960 540
04165538584 960 540
04165538596 960 540
04165538604 960 540
04165538616 960 540
04165538624 960 540
04165538636 960 540
04165538644 960 540
04165538656 960 540
04165538664 960 540
04165538676 960 540
04165538688 960 540
04165538696 960 540
04165538708 960 540
04165538716 960 540
04165538728 960 540
04165538736 960 540
04165538748 960 540
04165538756 960 540
04165538768 960 540
04165538776 960 540
04165538788 960 540
04165538796 960 540
04165538808 960 540
04165538816 960 540
04165538828 960 540
04165538836 960 540
04165538848 960 540
04165538856 960 540
04165538868 960 540
04165538876 960 540
04165538888 960 540
04165538896 960 540
04165538908 960 540
04165538916 960 540
04165538928 960 540
04165538940 960 540
04165538948 960 540
04165538960 960 540
04165538968 960 540
04165538980 960 540
04165538988 960 540
04165539000 960 540
04165539008 960 540
04165539020 960 540
04165539028 960 540
04165539040 960 540
04165539048 960 540
04165539060 960 540
04165539068 960 540
04165539080 960 540
04165539088 960 540
04165539100 960 540
04165539108 960 540
04165539120 960 540
04165539128 960 540
04165539140 960 540
04165539148 960 540
04165539160 960 540
04165539168 960 540
04165539180 960 540
04165539192 960 540
04165539200 960 540
04165539212 960 540
04165539220 960 540
04165539232 960 540
04165539240 960 540
04165539252 960 540
04165539260 960 540
04165539272 960 540
04165539280 960 540
04165539292 960 540
04165539300 960 540
04165539312 960 540
04165539320 960 540
04165539332 960 540
04165539340 960 540
04165539352 960 540
04165539360 960 540
04165539372 960 540
04165539380 960 540
04165539392 960 540
04165539400 960 540
04165539412 960 540
04165539420 960 540
04165539432 960 540
04165539444 960 540
04165539452 960 540
04165539464 960 540
04165539472 960 540
04165539484 960 540
04165539492 960 540
04165539504 960 540
04165539512 960 540
04165539524 960 540
04165539532 960 540
04165539544 960 540
04165539552 960 540
04165539564 960 540
04165539572 960 540
04165539584 960 540
04165539592 960 540
04165539604 960 540
04165539612 960 540
04165539624 960 540
04165539632 960 540
04165539644 960 540
04165539652 960 540
04165539664 960 540
04165539672 960 540
04165539684 960 540
04165539696 960 540
04165539704 960 540
04165539716 960 540
04165539724 960 540
04165539736 960 540
04165539744 960 540
04165539756 960 540
04165539764 960 540
04165539776 960 540
04165539784 960 540
04165539796 960 540
04165539804 960 540
04165539816 960 540
04165539824 960 540
04165539836 960 540
04165539844 960 540
04165539856 960 540
04165539864 960 540
04165539876 960 540
04165539884 960 540
04165539896 960 540
04165539904 960 540
04165539916 960 540
04165539924 960 540
04165539936 960 540
04165539948 960 540
04165539956 960 540
04165539968 960 540
04165539976 960 540
04165539988 960 540
04165539996 960 540
04165540008 960 540
04165540016 960 540
04165540028 960 540
04165540036 960 540
04165540048 960 540
04165540056 960 540
04165540068 960 540
04165540076 960 540
04165540088 960 540
04165540096 960 540
04165540108 960 540
04165540116 960 540
04165540128 960 540
04165540136 960 540
04165540148 960 540
04165540156 960 540
04165540168 960 540
04165540176 960 540
04165540188 960 540
04165540200 960 540
04165540208 960 540
04165540220 960 540
04165540228 960 540
04165540240 960 540
04165540248 960 540
04165540260 960 540
04165540268 960 540
04165540280 960 540
04165540288 960 540
04165540300 960 540
04165540308 960 540
04165540320 960 540
04165540328 960 540
04165540340 960 540
04165540348 960 540
04165540360 960 540
04165540368 960 540
04165540380 960 540
04165540388 960 540
04165540400 960 540
04165540408 960 540
04165540420 960 540
04165540428 960 540
04165540440 960 540
04165540452 960 540
04165540460 960 540
04165540472 960 540
04165540480 960 540
04165540492 960 540
04165540500 960 540
04165540512 960 540
04165540520 960 540
04165540532 960 540
04165540540 960 540
04165540552 960 540
04165540560 960 540
04165540572 960 540
04165540580 960 540
04165540592 960 540
04165540600 960 540
04165540612 960 540
04165540620 960 540
04165540632 960 540
04165540640 960 540
04165540652 960 540
04165540660 960 540
04165540672 960 540
04165540680 960 540
04165540692 960 540
04165540704 960 540
04165540712 960 540
04165540724 960 540
04165540732 960 540
04165540744 960 540
04165540752 960 540
04165540764 960 540
04165540772 960 540
04165540784 960 540
04165540792 960 540
04165540804 960 540
04165540812 960 540
04165540824 960 540
04165540832 960 540
04165540844 960 540
04165540852 960 540
04165540864 960 540
04165540872 960 540
04165540884 960 540
04165540892 960 540
04165540904 960 540
04165540912 960 540
04165540924 960 540
04165540932 960 540
04165540944 960 540
04165540956 960 540
04165540964 960 540
04165540976 960 540
04165540984 960 540
04165540996 960 540
04165541004 960 540
04165541016 960 540
04165541024 960 540
04165541036 960 540
04165541044 960 540
04165541056 960 540
04165541064 960 540
04165541076 960 540
04165541084 960 540
04165541096 960 540
04165541104 960 540
04165541116 960 540
04165541124 960 540
04165541136 960 540
04165541144 960 540
04165541156 960 540
04165541164 960 540
04165541176 960 540
04165541184 960 540
04165541196 960 540
04165541208 960 540
04165541216 960 540
04165541228 960 540
04165541236 960 540
04165541248 960 540
04165541256 960 540
04165541268 960 540
04165541276 960 540
04165541288 960 540
04165541296 960 540
04165541308 960 540
04165541316 960 540
04165541328 960 540
04165541336 960 540
04165541348 960 540
04165541356 960 540
04165541368 960 540
04165541376 960 540
04165541388 960 540
04165541396 960 540
04165541408 960 540
04165541416 960 540
04165541428 960 540
04165541436 960 540
04165541448 960 540
04165541460 960 540
04165541468 960 540
04165541480 960 540
04165541488 960 540
04165541500 960 540
04165541508 960 540
04165541520 960 540
04165541528 960 540
04165541540 960 540
04165541548 960 540
04165541560 960 540
04165541568 960 540
04165541580 960 540
04165541588 960 540
04165541600 960 540
04165541608 960 540
04165541620 960 540
04165541628 960 540
04165541640 960 540
04165541648 960 540
04165541660 960 540
04165541668 960 540
04165541680 960 540
04165541688 960 540
04165541700 960 540
04165541712 960 540
04165541720 960 540
04165541732 960 540
04165541740 960 540
04165541752 960 540
04165541760 960 540
04165541772 960 540
04165541780 960 540
04165541792 960 540
04165541800 960 540
04165541812 960 540
04165541820 960 540
04165541832 960 540
04165541840 960 540
04165541852 960 540
04165541860 960 540
04165541872 960 540
04165541880 960 540
04165541892 960 540
04165541900 960 540
04165541912 960 540
04165541920 960 540
04165541932 960 540
04165541940 960 540
04165541952 960 540
04165541964 960 540
04165541972 960 540
04165541984 960 540
04165541992 960 540
04165542004 960 540
04165542012 960 540
04165542024 960 540
04165542032 960 540
04165542044 960 540
04165542052 960 540
04165542064 960 540
04165542072 960 540
04165542084 960 540
04165542092 960 540
04165542104 960 540
04165542112 960 540
04165542124 960 540
04165542132 960 540
04165542144 960 540
04165542152 960 540
04165542164 960 540
04165542172 960 540
04165542184 960 540
04165542192 960 540
04165542204 960 540
04165542216 960 540
04165542224 960 540
04165542236 960 540
04165542244 960 540
04165542256 960 540
04165542264 960 540
04165542276 960 540
04165542284 960 540
04165542296 960 540
04165542304 960 540
04165542316 960 540
04165542324 960 540
04165542336 960 540
04165542344 960 540
04165542356 960 540
04165542364 960 540
04165542376 960 540
04165542384 960 540
04165542396 960 540
04165542404 960 540
04165542416 960 540
04165542424 960 540
04165542436 960 540
04165542444 960 540
04165542456 960 540
04165542468 960 540
04165542476 960 540
04165542488 960 540
04165542496 960 540
04165542508 960 540
04165542516 960 540
04165542528 960 540
04165542536 960 540
04165542548 960 540
04165542556 960 540
04165542568 960 540
04165542576 960 540
04165542588 960 540
04165542596 960 540
04165542608 960 540
04165542616 960 540
04165542628 960 540
04165542636 960 540
04165542648 960 540
04165542656 960 540
04165542668 960 540
04165542676 960 540
04165542688 960 540
04165542696 960 540
04165542708 960 540
04165542720 960 540
04165542728 960 540
04165542740 960 540
04165542748 960 540
04165542760 960 540
04165542768 960 540
04165542780 960 540
04165542788 960 540
04165542800 960 540
04165542808 960 540
04165542820 960 540
04165542828 960 540
04165542840 960 540
04165542848 960 540
04165542860 960 540
04165542868 960 540
04165542880 960 540
04165542888 960 540
04165542900 960 540
04165542908 960 540
04165542920 960 540
04165542928 960 540
04165542940 960 540
04165542948 960 540
04165542960 960 540
04165542972 960 540
04165542980 960 540
04165542992 960 540
04165543000 960 540
04165543012 960 540
04165543020 960 540
04165543032 960 540
04165543040 960 540
04165543052 960 540
04165543060 960 540
04165543072 960 540
04165543080 960 540
04165543092 960 540
04165543100 960 540
04165543112 960 540
04165543120 960 540
04165543132 960 540
04165543140 960 540
04165543152 960 540
04165543160 960 540
04165543172 960 540
04165543180 960 540
04165543192 960 540
04165543200 960 540
04165543212 960 540
04165543224 960 540
04165543232 960 540
04165543244 960 540
04165543252 960 540
04165543264 960 540
04165543272 960 540
04165543284 960 540
04165543292 960 540
04165543304 960 540
04165543312 960 540
04165543324 960 540
04165543332 960 540
04165543344 960 540
04165543352 960 540
04165543364 960 540
04165543372 960 540
04165543384 960 540
04165543392 960 540
04165543404 960 540
04165543412 960 540
04165543424 960 540
04165543432 960 540
04165543444 960 540
04165543452 960 540
04165543464 960 540
04165543476 960 540
04165543484 960 540
04165543496 960 540
04165543504 960 540
04165543516 960 540
04165543524 960 540
04165543536 960 540
04165543544 960 540
04165543556 960 540
04165543564 960 540
04165543576 960 540
04165543584 960 540
04165543596 960 540
04165543604 960 540
04165543616 960 540
04165543624 960 540
04165543636 960 540
04165543644 960 540
04165543656 960 540
04165543664 960 540
04165543676 960 540
04165543684 960 540
04165543696 960 540
04165543704 960 540
04165543716 960 540
04165543728 960 540
04165543736 960 540
04165543748 960 540
04165543756 960 540
04165543768 960 540
04165543776 960 540
04165543788 960 540
04165543796 960 540
04165543808 960 540
04165543816 960 540
04165543828 960 540
04165543836 960 540
04165543848 960 540
04165543856 960 540
04165543868 960 540
04165543876 960 540
04165543888 960 540
04165543896 960 540
04165543908 960 540
04165543916 960 540
04165543928 960 540
04165543936 960 540
04165543948 960 540
04165543956 960 540
04165543968 960 540
04165543980 960 540
04165543988 960 540
04165544000 960 540
04165544008 960 540
04165544020 960 540
04165544028 960 540
04165544040 960 540
04165544048 960 540
04165544060 960 540
04165544068 960 540
04165544080 960 540
04165544088 960 540
04165544100 960 540
04165544108 960 540
04165544120 960 540
04165544128 960 540
04165544140 960 540
04165544148 960 540
04165544160 960 540
04165544168 960 540
04165544180 960 540
04165544188 960 540
04165544200 960 540
04165544208 960 540
04165544220 960 540
04165544232 960 540
04165544240 960 540
04165544252 960 540
04165544260 960 540
04165544272 960 540
04165544280 960 540
04165544292 960 540
04165544300 960 540
04165544312 960 540
04165544320 960 540
04165544332 960 540
04165544340 960 540
04165544352 960 540
04165544360 960 540
04165544372 960 540
04165544380 960 540
04165544392 960 540
04165544400 960 540
04165544412 960 540
04165544420 960 540
04165544432 960 540
04165544440 960 540
04165544452 960 540
04165544460 960 540
04165544472 960 540
04165544484 960 540
04165544492 960 540
04165544504 960 540
04165544512 960 540
04165544524 960 540
04165544532 960 540
04165544544 960 540
04165544552 960 540
04165544564 960 540
04165544572 960 540
04165544584 960 540
04165544592 960 540
04165544604 960 540
04165544612 960 540
04165544624 960 540
04165544632 960 540
04165544644 960 540
04165544652 960 540
04165544664 960 540
04165544672 960 540
04165544684 960 540
04165544692 960 540
04165544704 960 540
04165544712 960 540
04165544724 960 540
04165544736 960 540
04165544744 960 540
04165544756 960 540
04165544764 960 540
04165544776 960 540
04165544784 960 540
04165544795 960 540
04165544803 960 540
04165544815 960 540
04165544823 960 540
04165544836 960 540
04165544843 960 540
04165544855 960 540
04165544863 960 540
04165544875 960 540
04165544883 960 540
04165544896 960 540
04165544903 960 540
04165544915 960 540
04165544923 960 540
04165544935 960 540
04165544943 960 540
04165544955 960 540
04165544963 960 540
04165544975 960 540
04165544987 960 540
04165544995 960 540
04165545007 960 540
04165545015 960 540
04165545027 960 540
04165545035 960 540
04165545047 960 540
04165545055 960 540
04165545067 960 540
04165545075 960 540
04165545087 960 540
04165545095 960 540
04165545108 960 540
04165545115 960 540
04165545127 960 540
04165545135 960 540
04165545147 960 540
04165545155 960 540
04165545167 960 540
04165545175 960 540
04165545187 960 540
04165545195 960 540
04165545207 960 540
04165545215 960 540
04165545227 960 540
04165545239 960 540
04165545247 960 540
04165545259 960 540
04165545267 960 540
04165545279 960 540
04165545287 960 540
04165545299 960 540
04165545307 960 540
04165545319 960 540
04165545327 960 540
04165545339 960 540
04165545347 960 540
04165545360 960 540
04165545367 960 540
04165545379 960 540
04165545387 960 540
04165545399 960 540
04165545407 960 540
04165545419 960 540
04165545427 960 540
04165545440 960 540
04165545447 960 540
04165545459 960 540
04165545467 960 540
04165545479 960 540
04165545492 960 540
04165545499 960 540
04165545512 960 540
04165545519 960 540
04165545531 960 540
04165545539 960 540
04165545551 960 540
04165545559 960 540
04165545571 960 540
04165545579 960 540
04165545591 960 540
04165545600 960 540
04165545611 960 540
04165545619 960 540
04165545631 960 540
04165545639 960 540
04165545651 960 540
04165545659 960 540
04165545671 960 540
04165545679 960 540
04165545691 960 540
04165545699 960 540
04165545711 960 540
04165545719 960 540
04165545731 960 540
04165545743 960 540
04165545751 960 540
04165545763 960 540
04165545771 960 540
04165545783 960 540
04165545791 960 540
04165545803 960 540
04165545812 960 540
04165545823 960 540
04165545831 960 540
04165545843 960 540
04165545851 960 540
04165545863 960 540
04165545871 960 540
04165545883 960 540
04165545891 960 540
04165545903 960 540
04165545911 960 540
04165545923 960 540
04165545931 960 540
04165545943 960 540
04165545951 960 540
04165545963 960 540
04165545971 960 540
04165545983 960 540
04165545995 960 540
04165546003 960 540
04165546015 960 540
04165546023 960 540
04165546035 960 540
04165546043 960 540
04165546055 960 540
04165546063 960 540
04165546075 960 540
04165546083 960 540
04165546095 960 540
04165546103 960 540
04165546115 960 540
04165546123 960 540
04165546135 960 540
04165546143 960 540
04165546155 960 540
04165546163 960 540
04165546175 960 540
04165546183 960 540
04165546195 960 540
04165546203 960 540
04165546215 960 540
04165546223 960 540
04165546235 960 540
04165546247 960 540
04165546255 960 540
04165546267 960 540
04165546275 960 540
04165546287 960 540
04165546295 960 540
04165546307 960 540
04165546315 960 540
04165546327 960 540
04165546335 960 540
04165546347 960 540
04165546356 960 540
04165546367 960 540
04165546375 960 540
04165546387 960 540
04165546395 960 540
04165546407 960 540
04165546415 960 540
04165546427 960 540
04165546435 960 540
04165546447 960 540
04165546455 960 540
04165546467 960 540
04165546475 960 540
04165546487 960 540
04165546499 960 540
04165546507 960 540
04165546519 960 540
04165546528 960 540
04165546539 960 540
04165546547 960 540
04165546559 960 540
04165546567 960 540
04165546579 960 540
04165546587 960 540
04165546599 960 540
04165546607 960 540
04165546619 960 540
04165546627 960 540
04165546639 960 540
04165546647 960 540
04165546659 960 540
04165546667 960 540
04165546679 960 540
04165546687 960 540
04165546699 960 540
04165546707 960 540
04165546719 960 540
04165546727 960 540
04165546739 960 540
04165546751 960 540
04165546759 960 540
04165546771 960 540
04165546779 960 540
04165546791 960 540
04165546799 960 540
04165546811 960 540
04165546819 960 540
04165546831 960 540
04165546839 960 540
04165546851 960 540
04165546859 960 540
04165546871 960 540
04165546879 960 540
04165546892 960 540
04165546899 960 540
04165546911 960 540
04165546919 960 540
04165546931 960 540
04165546939 960 540
04165546951 960 540
04165546959 960 540
04165546971 960 540
04165546979 960 540
04165546991 960 540
04165547003 960 540
04165547011 960 540
04165547023 960 540
04165547031 960 540
04165547043 960 540
04165547051 960 540
04165547063 960 540
04165547071 960 540
04165547083 960 540
04165547091 960 540
04165547103 960 540
04165547111 960 540
04165547123 960 540
04165547131 960 540
04165547143 960 540
04165547151 960 540
04165547163 960 540
04165547171 960 540
04165547183 960 540
04165547191 960 540
04165547203 960 540
04165547211 960 540
04165547223 960 540
04165547231 960 540
04165547243 960 540
04165547255 960 540
04165547263 960 540
04165547275 960 540
04165547283 960 540
04165547295 960 540
04165547303 960 540
04165547315 960 540
04165547323 960 540
04165547335 960 540
04165547343 960 540
04165547355 960 540
04165547363 960 540
04165547375 960 540
04165547383 960 540
04165547395 960 540
04165547403 960 540
04165547415 960 540
04165547423 960 540
04165547435 960 540
04165547443 960 540
04165547455 960 540
04165547463 960 540
04165547475 960 540
04165547483 960 540
04165547495 960 540
04165547507 960 540
04165547515 960 540
04165547527 960 540
04165547535 960 540
04165547547 960 540
04165547555 960 540
04165547567 960 540
04165547575 960 540
04165547588 960 540
04165547595 960 540
04165547607 960 540
04165547615 960 540
04165547627 960 540
04165547635 960 540
04165547647 960 540
04165547655 960 540
04165547667 960 540
04165547675 960 540
04165547687 960 540
04165547695 960 540
