15133432913 20 20
15133432921 20 20
15133432934 20 20
15133432943 20 20
15133432951 20 20
15133432963 20 20
15133432972 20 20
15133432985 20 20
15133432994 20 20
15133433007 20 20
15133433015 20 20
15133433027 20 20
15133433035 20 20
15133433047 20 20
15133433055 20 20
15133433067 20 20
15133433075 20 20
15133433087 20 20
15133433095 20 20
15133433107 20 20
15133433115 20 20
15133433127 20 20
15133433135 20 20
15133433147 20 20
15133433155 20 20
15133433167 20 20
15133433175 20 20
15133433187 20 20
15133433195 20 20
15133433207 20 20
15133433219 20 20
15133433227 20 20
15133433239 20 20
15133433247 20 20
15133433259 20 20
15133433267 20 20
15133433279 20 20
15133433287 20 20
15133433299 20 20
15133433307 20 20
15133433319 20 20
15133433327 20 20
15133433339 20 20
15133433347 20 20
15133433359 20 20
15133433367 20 20
15133433379 20 20
15133433387 20 20
15133433399 20 20
15133433407 20 20
15133433419 20 20
15133433427 20 20
15133433439 20 20
15133433447 20 20
15133433459 20 20
15133433471 20 20
15133433479 20 20
15133433491 20 20
15133433499 20 20
15133433511 20 20
15133433519 20 20
15133433531 20 20
15133433539 20 20
15133433551 20 20
15133433559 20 20
15133433571 20 20
15133433579 20 20
15133433591 20 20
15133433599 20 20
15133433611 20 20
15133433619 20 20
15133433631 20 20
15133433639 20 20
15133433651 20 20
15133433659 20 20
15133433671 20 20
15133433679 20 20
15133433691 20 20
15133433699 20 20
15133433711 20 20
15133433723 20 20
15133433731 20 20
15133433743 20 20
15133433751 20 20
15133433763 20 20
15133433771 20 20
15133433783 20 20
15133433791 20 20
15133433803 20 20
15133433811 20 20
15133433823 20 20
15133433831 20 20
15133433843 20 20
15133433851 20 20
15133433863 20 20
15133433871 20 20
15133433883 20 20
15133433891 20 20
15133433903 20 20
15133433911 20 20
15133433923 20 20
15133433931 20 20
15133433943 20 20
15133433951 20 20
15133433963 20 20
15133433975 20 20
15133433983 20 20
15133433995 20 20
15133434003 20 20
15133434015 20 20
15133434023 20 20
15133434035 20 20
15133434043 20 20
15133434055 20 20
15133434063 20 20
15133434075 20 20
15133434083 20 20
15133434095 20 20
15133434103 20 20
15133434115 20 20
15133434123 20 20
15133434135 20 20
15133434143 20 20
15133434155 20 20
15133434163 20 20
15133434175 20 20
15133434183 20 20
15133434195 20 20
15133434203 20 20
15133434215 20 20
15133434227 20 20
15133434235 20 20
15133434247 20 20
15133434255 20 20
15133434267 20 20
15133434275 20 20
15133434287 20 20
15133434295 20 20
15133434307 20 20
15133434315 20 20
15133434327 20 20
15133434335 20 20
15133434347 20 20
15133434355 20 20
15133434367 20 20
15133434375 20 20
15133434387 20 20
15133434395 20 20
15133434407 20 20
15133434416 20 20
15133435422 960 20
15133435434 960 20
15133435442 960 20
15133435454 960 20
15133435462 960 20
15133435474 960 20
15133435486 960 20
15133435494 960 20
15133435506 960 20
15133435514 960 20
15133435526 960 20
15133435534 960 20
15133435546 960 20
15133435554 960 20
15133435566 960 20
15133435574 960 20
15133435586 960 20
15133435594 960 20
15133435606 960 20
15133435614 960 20
15133435626 960 20
15133435634 960 20
15133435646 960 20
15133435654 960 20
15133435666 960 20
15133435674 960 20
15133435686 960 20
15133435693 960 20
15133435706 960 20
15133435714 960 20
15133435726 960 20
15133435738 960 20
15133435746 960 20
15133435758 960 20
15133435766 960 20
15133435778 960 20
15133435786 960 20
15133435798 960 20
15133435806 960 20
15133435817 960 20
15133435826 960 20
15133435837 960 20
15133435846 960 20
15133435858 960 20
15133435866 960 20
15133435878 960 20
15133435886 960 20
15133435898 960 20
15133435906 960 20
15133435918 960 20
15133435926 960 20
15133435938 960 20
15133435946 960 20
15133435958 960 20
15133435966 960 20
15133435978 960 20
15133435990 960 20
15133435998 960 20
15133436010 960 20
15133436018 960 20
15133436030 960 20
15133436038 960 20
15133436050 960 20
15133436058 960 20
15133436070 960 20
15133436078 960 20
15133436090 960 20
15133436098 960 20
15133436110 960 20
15133436118 960 20
15133436130 960 20
15133436138 960 20
15133436150 960 20
15133436158 960 20
15133436170 960 20
15133436178 960 20
15133436190 960 20
15133436198 960 20
15133436210 960 20
15133436218 960 20
15133436230 960 20
15133436242 960 20
15133436250 960 20
15133436262 960 20
15133436270 960 20
15133436282 960 20
15133436290 960 20
15133436302 960 20
15133436310 960 20
15133436322 960 20
15133436330 960 20
15133436342 960 20
15133436350 960 20
15133436362 960 20
15133436370 960 20
15133436382 960 20
15133436390 960 20
15133436402 960 20
15133436410 960 20
15133436422 960 20
15133436430 960 20
15133436442 960 20
15133436450 960 20
15133436462 960 20
15133436470 960 20
15133436482 960 20
15133436494 960 20
15133436502 960 20
15133436514 960 20
15133436522 960 20
15133436534 960 20
15133436542 960 20
15133436554 960 20
15133436562 960 20
15133436574 960 20
15133436582 960 20
15133436594 960 20
15133436602 960 20
15133436614 960 20
15133436622 960 20
15133436634 960 20
15133436642 960 20
15133436654 960 20
15133436662 960 20
15133436674 960 20
15133436682 960 20
15133436694 960 20
15133436702 960 20
15133436714 960 20
15133436722 960 20
15133436734 960 20
15133436746 960 20
15133436754 960 20
15133436766 960 20
15133436774 960 20
15133436786 960 20
15133436794 960 20
15133436806 960 20
15133436814 960 20
15133436826 960 20
15133436834 960 20
15133436846 960 20
15133436854 960 20
15133436865 960 20
15133436873 960 20
15133436885 960 20
15133436893 960 20
15133436905 960 20
15133436914 960 20
15133437822 1900 20
15133437834 1900 20
15133437842 1900 20
15133437854 1900 20
15133437862 1900 20
15133437874 1900 20
15133437882 1900 20
15133437894 1900 20
15133437902 1900 20
15133437914 1900 20
15133437922 1900 20
15133437934 1900 20
15133437942 1900 20
15133437954 1900 20
15133437962 1900 20
15133437974 1900 20
15133437982 1900 20
15133437994 1900 20
15133438006 1900 20
15133438014 1900 20
15133438026 1900 20
15133438034 1900 20
15133438046 1900 20
15133438054 1900 20
15133438066 1900 20
15133438074 1900 20
15133438086 1900 20
15133438094 1900 20
15133438106 1900 20
15133438114 1900 20
15133438126 1900 20
15133438134 1900 20
15133438146 1900 20
15133438154 1900 20
15133438166 1900 20
15133438174 1900 20
15133438186 1900 20
15133438193 1900 20
15133438205 1900 20
15133438213 1900 20
15133438225 1900 20
15133438234 1900 20
15133438246 1900 20
15133438257 1900 20
15133438265 1900 20
15133438277 1900 20
15133438285 1900 20
15133438297 1900 20
15133438305 1900 20
15133438317 1900 20
15133438326 1900 20
15133438337 1900 20
15133438345 1900 20
15133438358 1900 20
15133438366 1900 20
15133438378 1900 20
15133438386 1900 20
15133438398 1900 20
15133438406 1900 20
15133438418 1900 20
15133438426 1900 20
15133438438 1900 20
15133438446 1900 20
15133438458 1900 20
15133438466 1900 20
15133438478 1900 20
15133438486 1900 20
15133438498 1900 20
15133438510 1900 20
15133438518 1900 20
15133438530 1900 20
15133438538 1900 20
15133438550 1900 20
15133438558 1900 20
15133438570 1900 20
15133438578 1900 20
15133438590 1900 20
15133438598 1900 20
15133438610 1900 20
15133438618 1900 20
15133438630 1900 20
15133438638 1900 20
15133438650 1900 20
15133438658 1900 20
15133438670 1900 20
15133438678 1900 20
15133438690 1900 20
15133438698 1900 20
15133438710 1900 20
15133438718 1900 20
15133438730 1900 20
15133438738 1900 20
15133438750 1900 20
15133438762 1900 20
15133438770 1900 20
15133438782 1900 20
15133438790 1900 20
15133438802 1900 20
15133438810 1900 20
15133438822 1900 20
15133438830 1900 20
15133438842 1900 20
15133438850 1900 20
15133438862 1900 20
15133438870 1900 20
15133438882 1900 20
15133438890 1900 20
15133438902 1900 20
15133438910 1900 20
15133438922 1900 20
15133438930 1900 20
15133438942 1900 20
15133438950 1900 20
15133438962 1900 20
15133438970 1900 20
15133438982 1900 20
15133438990 1900 20
15133439002 1900 20
15133439014 1900 20
15133439022 1900 20
15133439034 1900 20
15133439042 1900 20
15133439054 1900 20
15133439062 1900 20
15133439074 1900 20
15133439082 1900 20
15133439094 1900 20
15133439102 1900 20
15133439114 1900 20
15133439122 1900 20
15133439134 1900 20
15133439142 1900 20
15133439154 1900 20
15133439162 1900 20
15133439174 1900 20
15133439182 1900 20
15133439194 1900 20
15133439202 1900 20
15133439214 1900 20
15133439222 1900 20
15133439234 1900 20
15133439242 1900 20
15133439254 1900 20
15133439266 1900 20
15133439274 1900 20
15133439286 1900 20
15133439294 1900 20
15133439306 1900 20
15133439314 1900 20
15133440010 1900 540
15133440022 1900 540
15133440030 1900 540
15133440042 1900 540
15133440050 1900 540
15133440061 1900 540
15133440070 1900 540
15133440082 1900 540
15133440090 1900 540
15133440101 1900 540
15133440110 1900 540
15133440121 1900 540
15133440130 1900 540
15133440141 1900 540
15133440150 1900 540
15133440162 1900 540
15133440170 1900 540
15133440182 1900 540
15133440190 1900 540
15133440201 1900 540
15133440209 1900 540
15133440221 1900 540
15133440229 1900 540
15133440242 1900 540
15133440250 1900 540
15133440262 1900 540
15133440274 1900 540
15133440282 1900 540
15133440294 1900 540
15133440302 1900 540
15133440313 1900 540
15133440321 1900 540
15133440333 1900 540
15133440342 1900 540
15133440354 1900 540
15133440362 1900 540
15133440374 1900 540
15133440382 1900 540
15133440393 1900 540
15133440402 1900 540
15133440413 1900 540
15133440422 1900 540
15133440434 1900 540
15133440442 1900 540
15133440454 1900 540
15133440462 1900 540
15133440473 1900 540
15133440481 1900 540
15133440493 1900 540
15133440502 1900 540
15133440513 1900 540
15133440525 1900 540
15133440534 1900 540
15133440546 1900 540
15133440554 1900 540
15133440566 1900 540
15133440574 1900 540
15133440586 1900 540
15133440594 1900 540
15133440606 1900 540
15133440614 1900 540
15133440626 1900 540
15133440634 1900 540
15133440646 1900 540
15133440654 1900 540
15133440666 1900 540
15133440674 1900 540
15133440686 1900 540
15133440694 1900 540
15133440706 1900 540
15133440714 1900 540
15133440726 1900 540
15133440734 1900 540
15133440746 1900 540
15133440754 1900 540
15133440766 1900 540
15133440778 1900 540
15133440786 1900 540
15133440798 1900 540
15133440806 1900 540
15133440818 1900 540
15133440826 1900 540
15133440838 1900 540
15133440846 1900 540
15133440858 1900 540
15133440866 1900 540
15133440878 1900 540
15133440886 1900 540
15133440898 1900 540
15133440906 1900 540
15133440918 1900 540
15133440926 1900 540
15133440938 1900 540
15133440946 1900 540
15133440958 1900 540
15133440966 1900 540
15133440978 1900 540
15133440986 1900 540
15133440998 1900 540
15133441006 1900 540
15133441018 1900 540
15133441030 1900 540
15133441038 1900 540
15133441050 1900 540
15133441058 1900 540
15133441070 1900 540
15133441078 1900 540
15133441090 1900 540
15133441098 1900 540
15133441110 1900 540
15133441118 1900 540
15133441130 1900 540
15133441138 1900 540
15133441150 1900 540
15133441158 1900 540
15133441170 1900 540
15133441178 1900 540
15133441190 1900 540
15133441198 1900 540
15133441210 1900 540
15133441218 1900 540
15133441230 1900 540
15133441238 1900 540
15133441250 1900 540
15133441258 1900 540
15133441270 1900 540
15133441282 1900 540
15133441290 1900 540
15133441302 1900 540
15133441310 1900 540
15133441322 1900 540
15133441330 1900 540
15133441342 1900 540
15133441350 1900 540
15133441361 1900 540
15133441370 1900 540
15133441381 1900 540
15133441390 1900 540
15133441401 1900 540
15133441410 1900 540
15133441421 1900 540
15133441430 1900 540
15133441442 1900 540
15133441450 1900 540
15133441462 1900 540
15133441470 1900 540
15133441482 1900 540
15133441490 1900 540
15133441502 1900 540
15133442542 950 540
15133442550 950 540
15133442561 950 540
15133442569 950 540
15133442581 950 540
15133442589 950 540
15133442601 950 540
15133442609 950 540
15133442621 950 540
15133442629 950 540
15133442642 950 540
15133442649 950 540
15133442661 950 540
15133442669 950 540
15133442681 950 540
15133442689 950 540
15133442701 950 540
15133442709 950 540
15133442722 950 540
15133442729 950 540
15133442742 950 540
15133442750 950 540
15133442762 950 540
15133442770 950 540
15133442782 950 540
15133442794 950 540
15133442802 950 540
15133442814 950 540
15133442822 950 540
15133442834 950 540
15133442842 950 540
15133442854 950 540
15133442862 950 540
15133442874 950 540
15133442882 950 540
15133442894 950 540
15133442902 950 540
15133442914 950 540
15133442922 950 540
15133442934 950 540
15133442942 950 540
15133442954 950 540
15133442962 950 540
15133442974 950 540
15133442982 950 540
15133442994 950 540
15133443002 950 540
15133443014 950 540
15133443022 950 540
15133443034 950 540
15133443046 950 540
15133443054 950 540
15133443066 950 540
15133443074 950 540
15133443086 950 540
15133443094 950 540
15133443106 950 540
15133443114 950 540
15133443126 950 540
15133443134 950 540
15133443146 950 540
15133443154 950 540
15133443166 950 540
15133443174 950 540
15133443186 950 540
15133443194 950 540
15133443206 950 540
15133443213 950 540
15133443226 950 540
15133443233 950 540
15133443246 950 540
15133443253 950 540
15133443265 950 540
15133443274 950 540
15133443285 950 540
15133443297 950 540
15133443306 950 540
15133443317 950 540
15133443325 950 540
15133443338 950 540
15133443346 950 540
15133443358 950 540
15133443366 950 540
15133443377 950 540
15133443385 950 540
15133443397 950 540
15133443405 950 540
15133443417 950 540
15133443426 950 540
15133443437 950 540
15133443446 950 540
15133443458 950 540
15133443466 950 540
15133443478 950 540
15133443486 950 540
15133443498 950 540
15133443506 950 540
15133443518 950 540
15133443526 950 540
15133443538 950 540
15133443550 950 540
15133443558 950 540
15133443570 950 540
15133443578 950 540
15133443590 950 540
15133443598 950 540
15133443610 950 540
15133443618 950 540
15133443630 950 540
15133443638 950 540
15133443650 950 540
15133443658 950 540
15133443670 950 540
15133443678 950 540
15133443690 950 540
15133443698 950 540
15133443710 950 540
15133443718 950 540
15133443730 950 540
15133443738 950 540
15133443750 950 540
15133443758 950 540
15133443770 950 540
15133443778 950 540
15133443790 950 540
15133443802 950 540
15133443810 950 540
15133443822 950 540
15133443830 950 540
15133443842 950 540
15133443850 950 540
15133443862 950 540
15133443870 950 540
15133443882 950 540
15133443890 950 540
15133443902 950 540
15133443910 950 540
15133443922 950 540
15133443930 950 540
15133443942 950 540
15133443950 950 540
15133443962 950 540
15133443970 950 540
15133443982 950 540
15133443989 950 540
15133444002 950 540
15133444009 950 540
15133444022 950 540
15133444030 950 540
15133444778 20 540
15133444786 20 540
15133444798 20 540
15133444810 20 540
15133444818 20 540
15133444830 20 540
15133444838 20 540
15133444850 20 540
15133444858 20 540
15133444870 20 540
15133444878 20 540
15133444890 20 540
15133444898 20 540
15133444910 20 540
15133444918 20 540
15133444930 20 540
15133444938 20 540
15133444950 20 540
15133444958 20 540
15133444970 20 540
15133444978 20 540
15133444990 20 540
15133444998 20 540
15133445010 20 540
15133445018 20 540
15133445030 20 540
15133445042 20 540
15133445050 20 540
15133445062 20 540
15133445070 20 540
15133445082 20 540
15133445090 20 540
15133445102 20 540
15133445110 20 540
15133445122 20 540
15133445130 20 540
15133445142 20 540
15133445150 20 540
15133445162 20 540
15133445170 20 540
15133445182 20 540
15133445190 20 540
15133445202 20 540
15133445210 20 540
15133445222 20 540
15133445230 20 540
15133445242 20 540
15133445250 20 540
15133445262 20 540
15133445270 20 540
15133445282 20 540
15133445294 20 540
15133445302 20 540
15133445314 20 540
15133445322 20 540
15133445334 20 540
15133445342 20 540
15133445354 20 540
15133445362 20 540
15133445373 20 540
15133445381 20 540
15133445393 20 540
15133445401 20 540
15133445413 20 540
15133445421 20 540
15133445433 20 540
15133445442 20 540
15133445454 20 540
15133445462 20 540
15133445474 20 540
15133445482 20 540
15133445494 20 540
15133445502 20 540
15133445514 20 540
15133445522 20 540
15133445534 20 540
15133445546 20 540
15133445554 20 540
15133445566 20 540
15133445574 20 540
15133445586 20 540
15133445594 20 540
15133445606 20 540
15133445613 20 540
15133445625 20 540
15133445633 20 540
15133445645 20 540
15133445653 20 540
15133445665 20 540
15133445673 20 540
15133445685 20 540
15133445693 20 540
15133445705 20 540
15133445713 20 540
15133445725 20 540
15133445733 20 540
15133445745 20 540
15133445753 20 540
15133445765 20 540
15133445773 20 540
15133445785 20 540
15133445797 20 540
15133445805 20 540
15133445817 20 540
15133445826 20 540
15133445838 20 540
15133445846 20 540
15133445858 20 540
15133445866 20 540
15133445878 20 540
15133445886 20 540
15133445898 20 540
15133445906 20 540
15133445918 20 540
15133445926 20 540
15133445938 20 540
15133445946 20 540
15133445958 20 540
15133445966 20 540
15133445978 20 540
15133445986 20 540
15133445998 20 540
15133446006 20 540
15133446018 20 540
15133446026 20 540
15133446038 20 540
15133446050 20 540
15133446058 20 540
15133446070 20 540
15133446078 20 540
15133446089 20 540
15133446098 20 540
15133446110 20 540
15133446118 20 540
15133446129 20 540
15133446137 20 540
15133446150 20 540
15133446157 20 540
15133446169 20 540
15133446178 20 540
15133446190 20 540
15133446197 20 540
15133446210 20 540
15133446217 20 540
15133446229 20 540
15133446237 20 540
15133446249 20 540
15133446257 20 540
15133447218 20 1060
15133447226 20 1060
15133447237 20 1060
15133447245 20 1060
15133447257 20 1060
15133447265 20 1060
15133447277 20 1060
15133447285 20 1060
15133447297 20 1060
15133447309 20 1060
15133447317 20 1060
15133447329 20 1060
15133447338 20 1060
15133447350 20 1060
15133447357 20 1060
15133447369 20 1060
15133447377 20 1060
15133447389 20 1060
15133447397 20 1060
15133447409 20 1060
15133447417 20 1060
15133447430 20 1060
15133447437 20 1060
15133447450 20 1060
15133447458 20 1060
15133447470 20 1060
15133447478 20 1060
15133447490 20 1060
15133447498 20 1060
15133447510 20 1060
15133447518 20 1060
15133447530 20 1060
15133447538 20 1060
15133447550 20 1060
15133447562 20 1060
15133447570 20 1060
15133447582 20 1060
15133447590 20 1060
15133447602 20 1060
15133447610 20 1060
15133447622 20 1060
15133447630 20 1060
15133447642 20 1060
15133447650 20 1060
15133447662 20 1060
15133447670 20 1060
15133447682 20 1060
15133447690 20 1060
15133447702 20 1060
15133447710 20 1060
15133447722 20 1060
15133447730 20 1060
15133447742 20 1060
15133447750 20 1060
15133447762 20 1060
15133447770 20 1060
15133447782 20 1060
15133447789 20 1060
15133447801 20 1060
15133447814 20 1060
15133447822 20 1060
15133447834 20 1060
15133447842 20 1060
15133447854 20 1060
15133447861 20 1060
15133447874 20 1060
15133447882 20 1060
15133447894 20 1060
15133447902 20 1060
15133447914 20 1060
15133447922 20 1060
15133447934 20 1060
15133447942 20 1060
15133447954 20 1060
15133447962 20 1060
15133447974 20 1060
15133447982 20 1060
15133447994 20 1060
15133448002 20 1060
15133448014 20 1060
15133448022 20 1060
15133448034 20 1060
15133448042 20 1060
15133448054 20 1060
15133448066 20 1060
15133448074 20 1060
15133448086 20 1060
15133448094 20 1060
15133448106 20 1060
15133448114 20 1060
15133448126 20 1060
15133448133 20 1060
15133448146 20 1060
15133448154 20 1060
15133448166 20 1060
15133448174 20 1060
15133448186 20 1060
15133448194 20 1060
15133448206 20 1060
15133448214 20 1060
15133448226 20 1060
15133448234 20 1060
15133448246 20 1060
15133448254 20 1060
15133448266 20 1060
15133448273 20 1060
15133448286 20 1060
15133448294 20 1060
15133448306 20 1060
15133448318 20 1060
15133448326 20 1060
15133448338 20 1060
15133448346 20 1060
15133448358 20 1060
15133448365 20 1060
15133448378 20 1060
15133448386 20 1060
15133448398 20 1060
15133448406 20 1060
15133448418 20 1060
15133448426 20 1060
15133448438 20 1060
15133448446 20 1060
15133448458 20 1060
15133448466 20 1060
15133448478 20 1060
15133448485 20 1060
15133448497 20 1060
15133448505 20 1060
15133448517 20 1060
15133448525 20 1060
15133448537 20 1060
15133448545 20 1060
15133448557 20 1060
15133448569 20 1060
15133448577 20 1060
15133448589 20 1060
15133448597 20 1060
15133448609 20 1060
15133448617 20 1060
15133448629 20 1060
15133448637 20 1060
15133448649 20 1060
15133448657 20 1060
15133448669 20 1060
15133448677 20 1060
15133448689 20 1060
15133448697 20 1060
15133448709 20 1060
15133449434 950 1060
15133449446 950 1060
15133449454 950 1060
15133449465 950 1060
15133449473 950 1060
15133449485 950 1060
15133449493 950 1060
15133449505 950 1060
15133449513 950 1060
15133449525 950 1060
15133449533 950 1060
15133449545 950 1060
15133449553 950 1060
15133449565 950 1060
15133449577 950 1060
15133449585 950 1060
15133449597 950 1060
15133449605 950 1060
15133449617 950 1060
15133449625 950 1060
15133449637 950 1060
15133449645 950 1060
15133449657 950 1060
15133449665 950 1060
15133449677 950 1060
15133449685 950 1060
15133449697 950 1060
15133449705 950 1060
15133449717 950 1060
15133449725 950 1060
15133449737 950 1060
15133449745 950 1060
15133449757 950 1060
15133449765 950 1060
15133449777 950 1060
15133449785 950 1060
15133449797 950 1060
15133449805 950 1060
15133449817 950 1060
15133449829 950 1060
15133449837 950 1060
15133449849 950 1060
15133449857 950 1060
15133449870 950 1060
15133449877 950 1060
15133449889 950 1060
15133449897 950 1060
15133449909 950 1060
15133449917 950 1060
15133449929 950 1060
15133449937 950 1060
15133449949 950 1060
15133449957 950 1060
15133449969 950 1060
15133449977 950 1060
15133449989 950 1060
15133449997 950 1060
15133450009 950 1060
15133450017 950 1060
15133450029 950 1060
15133450037 950 1060
15133450049 950 1060
15133450057 950 1060
15133450070 950 1060
15133450081 950 1060
15133450090 950 1060
15133450102 950 1060
15133450110 950 1060
15133450122 950 1060
15133450129 950 1060
15133450141 950 1060
15133450150 950 1060
15133450162 950 1060
15133450170 950 1060
15133450182 950 1060
15133450189 950 1060
15133450201 950 1060
15133450209 950 1060
15133450221 950 1060
15133450229 950 1060
15133450241 950 1060
15133450249 950 1060
15133450261 950 1060
15133450269 950 1060
15133450281 950 1060
15133450289 950 1060
15133450301 950 1060
15133450309 950 1060
15133450321 950 1060
15133450333 950 1060
15133450341 950 1060
15133450353 950 1060
15133450361 950 1060
15133450373 950 1060
15133450381 950 1060
15133450393 950 1060
15133450401 950 1060
15133450413 950 1060
15133450421 950 1060
15133450433 950 1060
15133450441 950 1060
15133450453 950 1060
15133450461 950 1060
15133450473 950 1060
15133450481 950 1060
15133450493 950 1060
15133450501 950 1060
15133450513 950 1060
15133450521 950 1060
15133450533 950 1060
15133450541 950 1060
15133450554 950 1060
15133450562 950 1060
15133450574 950 1060
15133450586 950 1060
15133450593 950 1060
15133450605 950 1060
15133450613 950 1060
15133450626 950 1060
15133450633 950 1060
15133450645 950 1060
15133450653 950 1060
15133450666 950 1060
15133450673 950 1060
15133450685 950 1060
15133450694 950 1060
15133450705 950 1060
15133450713 950 1060
15133450725 950 1060
15133450733 950 1060
15133450745 950 1060
15133450753 950 1060
15133450765 950 1060
15133450773 950 1060
15133450785 950 1060
15133450793 950 1060
15133450805 950 1060
15133450813 950 1060
15133450825 950 1060
15133450837 950 1060
15133450845 950 1060
15133450857 950 1060
15133450865 950 1060
15133450877 950 1060
15133450885 950 1060
15133450897 950 1060
15133450905 950 1060
15133450917 950 1060
15133450926 950 1060
15133452178 1900 1060
15133452185 1900 1060
15133452197 1900 1060
15133452205 1900 1060
15133452217 1900 1060
15133452225 1900 1060
15133452237 1900 1060
15133452245 1900 1060
15133452257 1900 1060
15133452265 1900 1060
15133452277 1900 1060
15133452285 1900 1060
15133452297 1900 1060
15133452305 1900 1060
15133452317 1900 1060
15133452325 1900 1060
15133452337 1900 1060
15133452349 1900 1060
15133452357 1900 1060
15133452369 1900 1060
15133452377 1900 1060
15133452389 1900 1060
15133452397 1900 1060
15133452409 1900 1060
15133452417 1900 1060
15133452429 1900 1060
15133452437 1900 1060
15133452449 1900 1060
15133452457 1900 1060
15133452469 1900 1060
15133452477 1900 1060
15133452489 1900 1060
15133452497 1900 1060
15133452509 1900 1060
15133452517 1900 1060
15133452529 1900 1060
15133452537 1900 1060
15133452549 1900 1060
15133452557 1900 1060
15133452569 1900 1060
15133452577 1900 1060
15133452589 1900 1060
15133452601 1900 1060
15133452609 1900 1060
15133452621 1900 1060
15133452629 1900 1060
15133452641 1900 1060
15133452649 1900 1060
15133452661 1900 1060
15133452669 1900 1060
15133452681 1900 1060
15133452689 1900 1060
15133452701 1900 1060
15133452709 1900 1060
15133452721 1900 1060
15133452729 1900 1060
15133452741 1900 1060
15133452749 1900 1060
15133452761 1900 1060
15133452769 1900 1060
15133452781 1900 1060
15133452789 1900 1060
15133452801 1900 1060
15133452809 1900 1060
15133452821 1900 1060
15133452829 1900 1060
15133452841 1900 1060
15133452853 1900 1060
15133452861 1900 1060
15133452873 1900 1060
15133452881 1900 1060
15133452893 1900 1060
15133452901 1900 1060
15133452913 1900 1060
15133452921 1900 1060
15133452933 1900 1060
15133452941 1900 1060
15133452953 1900 1060
15133452961 1900 1060
15133452973 1900 1060
15133452981 1900 1060
15133452993 1900 1060
15133453001 1900 1060
15133453013 1900 1060
15133453021 1900 1060
15133453033 1900 1060
15133453041 1900 1060
15133453053 1900 1060
15133453061 1900 1060
15133453073 1900 1060
15133453081 1900 1060
15133453093 1900 1060
15133453105 1900 1060
15133453113 1900 1060
15133453125 1900 1060
15133453133 1900 1060
15133453145 1900 1060
15133453153 1900 1060
15133453165 1900 1060
15133453173 1900 1060
15133453185 1900 1060
15133453193 1900 1060
15133453205 1900 1060
15133453213 1900 1060
15133453225 1900 1060
15133453233 1900 1060
15133453245 1900 1060
15133453253 1900 1060
15133453265 1900 1060
15133453273 1900 1060
15133453285 1900 1060
15133453293 1900 1060
15133453305 1900 1060
15133453313 1900 1060
15133453325 1900 1060
15133453333 1900 1060
15133453345 1900 1060
15133453357 1900 1060
15133453365 1900 1060
15133453377 1900 1060
15133453385 1900 1060
15133453397 1900 1060
15133453405 1900 1060
15133453417 1900 1060
15133453425 1900 1060
15133453437 1900 1060
15133453445 1900 1060
15133453457 1900 1060
15133453465 1900 1060
15133453477 1900 1060
15133453485 1900 1060
15133453497 1900 1060
15133453505 1900 1060
15133453517 1900 1060
15133453525 1900 1060
15133453537 1900 1060
15133453545 1900 1060
15133453557 1900 1060
15133453565 1900 1060
15133453577 1900 1060
15133453585 1900 1060
15133453597 1900 1060
15133453609 1900 1060
15133453617 1900 1060
15133453629 1900 1060
15133453637 1900 1060
15133453649 1900 1060
15133453657 1900 1060
