15103830340 960 540
15103830348 960 540
15103830351 960 540
15103830360 960 540
15103830368 960 540
15103830380 960 540
15103830388 960 540
15103830400 960 540
15103830408 960 540
15103830420 960 540
15103830428 960 540
15103830442 960 540
15103830450 960 540
15103830462 960 540
15103830470 960 540
15103830482 960 540
15103830490 960 540
15103830502 960 540
15103830510 960 540
15103830522 960 540
15103830530 960 540
15103830542 960 540
15103830550 960 540
15103830562 960 540
15103830574 960 540
15103830582 960 540
15103830594 960 540
15103830602 960 540
15103830614 960 540
15103830622 960 540
15103830634 960 540
15103830642 960 540
15103830654 960 540
15103830662 960 540
15103830674 960 540
15103830682 960 540
15103830694 960 540
15103830702 960 540
15103830714 960 540
15103830722 960 540
15103830734 960 540
15103830742 960 540
15103830754 960 540
15103830762 960 540
15103830774 960 540
15103830782 960 540
15103830794 960 540
15103830802 960 540
15103830814 960 540
15103830826 960 540
15103830834 960 540
15103830846 960 540
15103830854 960 540
15103830866 960 540
15103830874 960 540
15103830886 960 540
15103830894 960 540
15103830906 960 540
15103830914 960 540
15103830926 960 540
15103830934 960 540
15103830946 960 540
15103830954 960 540
15103830966 960 540
15103830974 960 540
15103830986 960 540
15103830994 960 540
15103831006 960 540
15103831014 960 540
15103831026 960 540
15103831034 960 540
15103831046 960 540
15103831054 960 540
15103831066 960 540
15103831078 960 540
15103831086 960 540
15103831098 960 540
15103831106 960 540
15103831118 960 540
15103831126 960 540
15103831138 960 540
15103831146 960 540
15103831158 960 540
15103831166 960 540
15103831178 960 540
15103831186 960 540
15103831198 960 540
15103831206 960 540
15103831218 960 540
15103831226 960 540
15103831238 960 540
15103831246 960 540
15103831258 960 540
15103831266 960 540
15103831278 960 540
15103831286 960 540
15103831298 960 540
15103831306 960 540
15103831318 960 540
15103831330 960 540
15103831338 960 540
15103831350 960 540
15103831358 960 540
15103831370 960 540
15103831378 960 540
15103831390 960 540
15103831398 960 540
15103831410 960 540
15103831418 960 540
15103831430 960 540
15103831438 960 540
15103831450 960 540
15103831458 960 540
15103831470 960 540
15103831478 960 540
15103831490 960 540
15103831498 960 540
15103831510 960 540
15103831518 960 540
15103831530 960 540
15103831538 960 540
15103831550 960 540
15103831558 960 540
15103831570 960 540
15103831582 960 540
15103831590 960 540
15103831602 960 540
15103831610 960 540
15103831622 960 540
15103831630 960 540
15103831642 960 540
15103831650 960 540
15103831662 960 540
15103831670 960 540
15103831682 960 540
15103831690 960 540
15103831702 960 540
15103831710 960 540
15103831722 960 540
15103831730 960 540
15103831742 960 540
15103831750 960 540
15103831762 960 540
15103831770 960 540
15103831782 960 540
15103831790 960 540
15103831802 960 540
15103831810 960 540
15103831822 960 540
15103831834 960 540
15103831842 960 540
15103831854 960 540
15103831862 960 540
15103831874 960 540
15103831882 960 540
15103831894 960 540
15103831902 960 540
15103831914 960 540
15103831922 960 540
15103831934 960 540
15103831942 960 540
15103831954 960 540
15103831962 960 540
15103831974 960 540
15103831982 960 540
15103831994 960 540
15103832002 960 540
15103832014 960 540
15103832022 960 540
15103832034 960 540
15103832042 960 540
15103832054 960 540
15103832062 960 540
15103832074 960 540
15103832086 960 540
15103832094 960 540
15103832106 960 540
15103832114 960 540
15103832126 960 540
15103832134 960 540
15103832146 960 540
15103832154 960 540
15103832166 960 540
15103832174 960 540
15103832186 960 540
15103832194 960 540
15103832206 960 540
15103832214 960 540
15103832226 960 540
15103832234 960 540
15103832246 960 540
15103832254 960 540
15103832266 960 540
15103832274 960 540
15103832286 960 540
15103832294 960 540
15103832306 960 540
15103832314 960 540
15103832326 960 540
15103832338 960 540
15103832346 960 540
15103832358 960 540
15103832366 960 540
15103832378 960 540
15103832386 960 540
15103832398 960 540
15103832406 960 540
15103832418 960 540
15103832426 960 540
15103832438 960 540
15103832446 960 540
15103832458 960 540
15103832466 960 540
15103832478 960 540
15103832486 960 540
15103832498 960 540
15103832506 960 540
15103832518 960 540
15103832526 960 540
15103832538 960 540
15103832546 960 540
15103832558 960 540
15103832566 960 540
15103832578 960 540
15103832590 960 540
15103832598 960 540
15103832610 960 540
15103832618 960 540
15103832630 960 540
15103832638 960 540
15103832650 960 540
15103832658 960 540
15103832670 960 540
15103832678 960 540
15103832690 960 540
15103832698 960 540
15103832710 960 540
15103832718 960 540
15103832730 960 540
15103832738 960 540
15103832750 960 540
15103832758 960 540
15103832770 960 540
15103832778 960 540
15103832790 960 540
15103832798 960 540
15103832810 960 540
15103832818 960 540
15103832830 960 540
15103832842 960 540
15103832850 960 540
15103832862 960 540
15103832870 960 540
15103832882 960 540
15103832890 960 540
15103832902 960 540
15103832910 960 540
15103832922 960 540
15103832930 960 540
15103832942 960 540
15103832950 960 540
15103832962 960 540
15103832970 960 540
15103832982 960 540
15103832990 960 540
15103833002 960 540
15103833010 960 540
15103833022 960 540
15103833030 960 540
15103833042 960 540
15103833050 960 540
15103833062 960 540
15103833070 960 540
15103833082 960 540
15103833094 960 540
15103833102 960 540
15103833114 960 540
15103833122 960 540
15103833134 960 540
15103833142 960 540
15103833154 960 540
15103833162 960 540
15103833174 960 540
15103833182 960 540
15103833194 960 540
15103833202 960 540
15103833214 960 540
15103833222 960 540
15103833234 960 540
15103833242 960 540
15103833254 960 540
15103833262 960 540
15103833274 960 540
15103833282 960 540
15103833294 960 540
15103833302 960 540
15103833314 960 540
15103833322 960 540
15103833334 960 540
15103833346 960 540
15103833354 960 540
15103833366 960 540
15103833374 960 540
15103833386 960 540
15103833394 960 540
15103833406 960 540
15103833414 960 540
15103833426 960 540
15103833434 960 540
15103833446 960 540
15103833454 960 540
15103833466 960 540
15103833474 960 540
15103833486 960 540
15103833494 960 540
15103833506 960 540
15103833514 960 540
15103833526 960 540
15103833534 960 540
15103833546 960 540
15103833554 960 540
15103833566 960 540
15103833574 960 540
15103833586 960 540
15103833598 960 540
15103833606 960 540
15103833618 960 540
15103833626 960 540
15103833638 960 540
15103833646 960 540
15103833658 960 540
15103833666 960 540
15103833678 960 540
15103833686 960 540
15103833698 960 540
15103833706 960 540
15103833718 960 540
15103833726 960 540
15103833738 960 540
15103833746 960 540
15103833758 960 540
15103833766 960 540
15103833778 960 540
15103833786 960 540
15103833798 960 540
15103833806 960 540
15103833818 960 540
15103833826 960 540
15103833838 960 540
15103833850 960 540
15103833858 960 540
15103833870 960 540
15103833878 960 540
15103833890 960 540
15103833898 960 540
15103833910 960 540
15103833918 960 540
15103833930 960 540
15103833938 960 540
15103833950 960 540
15103833958 960 540
15103833970 960 540
15103833978 960 540
15103833990 960 540
15103833998 960 540
15103834010 960 540
15103834018 960 540
15103834030 960 540
15103834038 960 540
15103834050 960 540
15103834058 960 540
15103834070 960 540
15103834078 960 540
15103834090 960 540
15103834102 960 540
15103834110 960 540
15103834122 960 540
15103834130 960 540
15103834142 960 540
15103834150 960 540
15103834162 960 540
15103834170 960 540
15103834182 960 540
15103834190 960 540
15103834202 960 540
15103834210 960 540
15103834222 960 540
15103834230 960 540
15103834242 960 540
15103834250 960 540
15103834262 960 540
15103834270 960 540
15103834282 960 540
15103834290 960 540
15103834302 960 540
15103834310 960 540
15103834322 960 540
15103834330 960 540
15103834342 960 540
15103834354 960 540
15103834362 960 540
15103834374 960 540
15103834382 960 540
15103834394 960 540
15103834402 960 540
15103834414 960 540
15103834422 960 540
15103834434 960 540
15103834442 960 540
15103834454 960 540
15103834462 960 540
15103834474 960 540
15103834482 960 540
15103834494 960 540
15103834502 960 540
15103834514 960 540
15103834522 960 540
15103834534 960 540
15103834542 960 540
15103834554 960 540
15103834562 960 540
15103834574 960 540
15103834582 960 540
15103834594 960 540
15103834606 960 540
15103834614 960 540
15103834626 960 540
15103834634 960 540
15103834646 960 540
15103834654 960 540
15103834666 960 540
15103834674 960 540
15103834686 960 540
15103834694 960 540
15103834706 960 540
15103834714 960 540
15103834726 960 540
15103834734 960 540
15103834746 960 540
15103834754 960 540
15103834766 960 540
15103834774 960 540
15103834786 960 540
15103834794 960 540
15103834806 960 540
15103834814 960 540
15103834826 960 540
15103834834 960 540
15103834846 960 540
15103834858 960 540
15103834866 960 540
15103834878 960 540
15103834886 960 540
15103834898 960 540
15103834906 960 540
15103834918 960 540
15103834926 960 540
15103834938 960 540
15103834946 960 540
15103834958 960 540
15103834966 960 540
15103834978 960 540
15103834986 960 540
15103834998 960 540
15103835006 960 540
15103835018 960 540
15103835026 960 540
15103835038 960 540
15103835046 960 540
15103835058 960 540
15103835066 960 540
15103835078 960 540
15103835086 960 540
15103835098 960 540
15103835111 960 540
15103835118 960 540
15103835129 960 540
15103835137 960 540
15103835150 960 540
15103835157 960 540
15103835168 960 540
15103835176 960 540
15103835188 960 540
15103835196 960 540
15103835208 960 540
15103835216 960 540
15103835228 960 540
15103835236 960 540
15103835248 960 540
15103835256 960 540
15103835268 960 540
15103835276 960 540
15103835288 960 540
15103835296 960 540
15103835308 960 540
15103835316 960 540
15103835328 960 540
15103835336 960 540
15103835348 960 540
15103835360 960 540
15103835368 960 540
15103835380 960 540
15103835388 960 540
15103835400 960 540
15103835408 960 540
15103835420 960 540
15103835428 960 540
15103835440 960 540
15103835448 960 540
15103835460 960 540
15103835468 960 540
15103835480 960 540
15103835488 960 540
15103835500 960 540
15103835508 960 540
15103835520 960 540
15103835528 960 540
15103835540 960 540
15103835547 960 540
15103835560 960 540
15103835568 960 540
15103835579 960 540
15103835587 960 540
15103835599 960 540
15103835612 960 540
15103835620 960 540
15103835632 960 540
15103835640 960 540
15103835652 960 540
15103835660 960 540
15103835672 960 540
15103835680 960 540
15103835692 960 540
15103835700 960 540
15103835712 960 540
15103835720 960 540
15103835732 960 540
15103835740 960 540
15103835752 960 540
15103835760 960 540
15103835772 960 540
15103835780 960 540
15103835792 960 540
15103835800 960 540
15103835812 960 540
15103835820 960 540
15103835832 960 540
15103835840 960 540
15103835852 960 540
15103835864 960 540
15103835872 960 540
15103835884 960 540
15103835892 960 540
15103835904 960 540
15103835912 960 540
15103835924 960 540
15103835932 960 540
15103835944 960 540
15103835952 960 540
15103835964 960 540
15103835972 960 540
15103835984 960 540
15103835992 960 540
15103836004 960 540
15103836012 960 540
15103836024 960 540
15103836032 960 540
15103836044 960 540
15103836052 960 540
15103836064 960 540
15103836072 960 540
15103836084 960 540
15103836092 960 540
15103836104 960 540
15103836116 960 540
15103836124 960 540
15103836136 960 540
15103836144 960 540
15103836156 960 540
15103836164 960 540
15103836176 960 540
15103836184 960 540
15103836196 960 540
15103836204 960 540
15103836216 960 540
15103836224 960 540
15103836236 960 540
15103836244 960 540
15103836257 960 540
15103836265 960 540
15103836277 960 540
15103836285 960 540
15103836297 960 540
15103836305 960 540
15103836317 960 540
15103836325 960 540
15103836337 960 540
15103836345 960 540
15103836357 960 540
15103836369 960 540
15103836377 960 540
15103836389 960 540
15103836397 960 540
15103836409 960 540
15103836417 960 540
15103836429 960 540
15103836437 960 540
15103836449 960 540
15103836457 960 540
15103836469 960 540
15103836477 960 540
15103836489 960 540
15103836497 960 540
15103836509 960 540
15103836517 960 540
15103836529 960 540
15103836537 960 540
15103836549 960 540
15103836557 960 540
15103836569 960 540
15103836577 960 540
15103836589 960 540
15103836597 960 540
15103836609 960 540
15103836621 960 540
15103836629 960 540
15103836641 960 540
15103836649 960 540
15103836661 960 540
15103836669 960 540
15103836681 960 540
15103836689 960 540
15103836701 960 540
15103836709 960 540
15103836721 960 540
15103836729 960 540
15103836741 960 540
15103836749 960 540
15103836761 960 540
15103836769 960 540
15103836781 960 540
15103836789 960 540
15103836801 960 540
15103836809 960 540
15103836821 960 540
15103836829 960 540
15103836841 960 540
15103836849 960 540
15103836861 960 540
15103836873 960 540
15103836881 960 540
15103836893 960 540
15103836901 960 540
15103836913 960 540
15103836921 960 540
15103836933 960 540
15103836941 960 540
15103836953 960 540
15103836961 960 540
15103836973 960 540
15103836981 960 540
15103836993 960 540
15103837001 960 540
15103837013 960 540
15103837021 960 540
15103837033 960 540
15103837041 960 540
15103837053 960 540
15103837061 960 540
15103837073 960 540
15103837081 960 540
15103837093 960 540
15103837101 960 540
15103837113 960 540
15103837125 960 540
15103837133 960 540
15103837145 960 540
15103837153 960 540
15103837165 960 540
15103837173 960 540
15103837185 960 540
15103837193 960 540
15103837205 960 540
15103837213 960 540
15103837225 960 540
15103837233 960 540
15103837245 960 540
15103837253 960 540
15103837265 960 540
15103837273 960 540
15103837285 960 540
15103837293 960 540
15103837305 960 540
15103837313 960 540
15103837325 960 540
15103837333 960 540
15103837345 960 540
15103837353 960 540
15103837365 960 540
15103837377 960 540
15103837385 960 540
15103837397 960 540
15103837405 960 540
15103837417 960 540
15103837425 960 540
15103837437 960 540
15103837445 960 540
15103837457 960 540
15103837465 960 540
15103837477 960 540
15103837485 960 540
15103837497 960 540
15103837505 960 540
15103837517 960 540
15103837525 960 540
15103837537 960 540
15103837545 960 540
15103837557 960 540
15103837565 960 540
15103837577 960 540
15103837585 960 540
15103837597 960 540
15103837605 960 540
15103837617 960 540
15103837629 960 540
15103837637 960 540
15103837649 960 540
15103837657 960 540
15103837669 960 540
15103837677 960 540
15103837689 960 540
15103837697 960 540
15103837709 960 540
15103837717 960 540
15103837729 960 540
15103837737 960 540
15103837749 960 540
15103837757 960 540
15103837769 960 540
15103837777 960 540
15103837789 960 540
15103837797 960 540
15103837809 960 540
15103837817 960 540
15103837829 960 540
15103837837 960 540
15103837849 960 540
15103837857 960 540
15103837869 960 540
15103837881 960 540
15103837889 960 540
15103837901 960 540
15103837909 960 540
15103837921 960 540
15103837929 960 540
15103837941 960 540
15103837949 960 540
15103837961 960 540
15103837969 960 540
15103837981 960 540
15103837989 960 540
15103838001 960 540
15103838009 960 540
15103838021 960 540
15103838029 960 540
15103838041 960 540
15103838049 960 540
15103838061 960 540
15103838069 960 540
15103838081 960 540
15103838089 960 540
15103838101 960 540
15103838109 960 540
15103838121 960 540
15103838133 960 540
15103838141 960 540
15103838153 960 540
15103838161 960 540
15103838173 960 540
15103838181 960 540
15103838193 960 540
15103838201 960 540
15103838213 960 540
15103838221 960 540
15103838233 960 540
15103838241 960 540
15103838253 960 540
15103838261 960 540
15103838273 960 540
15103838281 960 540
15103838293 960 540
15103838301 960 540
15103838313 960 540
15103838321 960 540
15103838333 960 540
15103838341 960 540
15103838353 960 540
15103838361 960 540
15103838373 960 540
15103838385 960 540
15103838393 960 540
15103838405 960 540
15103838413 960 540
15103838425 960 540
15103838433 960 540
15103838445 960 540
15103838453 960 540
15103838465 960 540
15103838473 960 540
15103838485 960 540
15103838493 960 540
15103838505 960 540
15103838513 960 540
15103838525 960 540
15103838533 960 540
15103838545 960 540
15103838553 960 540
15103838565 960 540
15103838573 960 540
15103838585 960 540
15103838593 960 540
15103838605 960 540
15103838613 960 540
15103838625 960 540
15103838637 960 540
15103838645 960 540
15103838657 960 540
15103838665 960 540
15103838677 960 540
15103838685 960 540
15103838697 960 540
15103838705 960 540
15103838717 960 540
15103838725 960 540
15103838737 960 540
15103838745 960 540
15103838757 960 540
15103838765 960 540
15103838777 960 540
15103838785 960 540
15103838797 960 540
15103838805 960 540
15103838817 960 540
15103838825 960 540
15103838837 960 540
15103838845 960 540
15103838857 960 540
15103838865 960 540
15103838877 960 540
15103838889 960 540
15103838897 960 540
15103838909 960 540
15103838917 960 540
15103838929 960 540
15103838937 960 540
15103838949 960 540
15103838957 960 540
15103838969 960 540
15103838977 960 540
15103838989 960 540
15103838997 960 540
15103839009 960 540
15103839017 960 540
15103839029 960 540
15103839037 960 540
15103839049 960 540
15103839057 960 540
15103839069 960 540
15103839077 960 540
15103839089 960 540
15103839097 960 540
15103839109 960 540
15103839117 960 540
15103839129 960 540
15103839141 960 540
15103839149 960 540
15103839161 960 540
15103839169 960 540
15103839181 960 540
15103839189 960 540
15103839201 960 540
15103839209 960 540
15103839221 960 540
15103839229 960 540
15103839241 960 540
15103839249 960 540
15103839261 960 540
15103839269 960 540
15103839281 960 540
15103839289 960 540
15103839301 960 540
15103839309 960 540
15103839321 960 540
15103839329 960 540
15103839341 960 540
15103839349 960 540
15103839361 960 540
15103839369 960 540
15103839381 960 540
15103839393 960 540
15103839401 960 540
15103839413 960 540
15103839421 960 540
15103839433 960 540
15103839441 960 540
15103839453 960 540
15103839461 960 540
15103839473 960 540
15103839481 960 540
15103839493 960 540
15103839501 960 540
15103839513 960 540
15103839521 960 540
15103839533 960 540
15103839541 960 540
15103839553 960 540
15103839561 960 540
15103839573 960 540
15103839581 960 540
15103839593 960 540
15103839601 960 540
15103839613 960 540
15103839621 960 540
15103839633 960 540
15103839645 960 540
15103839653 960 540
15103839665 960 540
15103839673 960 540
15103839685 960 540
15103839693 960 540
15103839705 960 540
15103839713 960 540
15103839725 960 540
15103839733 960 540
15103839745 960 540
15103839753 960 540
15103839765 960 540
15103839773 960 540
15103839785 960 540
15103839793 960 540
15103839805 960 540
15103839813 960 540
15103839825 960 540
15103839833 960 540
15103839845 960 540
15103839853 960 540
15103839865 960 540
15103839873 960 540
15103839885 960 540
15103839897 960 540
15103839905 960 540
15103839917 960 540
15103839925 960 540
15103839937 960 540
15103839945 960 540
15103839957 960 540
15103839965 960 540
15103839977 960 540
15103839985 960 540
15103839997 960 540
15103840005 960 540
15103840017 960 540
15103840025 960 540
15103840037 960 540
15103840045 960 540
15103840057 960 540
15103840065 960 540
15103840077 960 540
15103840085 960 540
15103840097 960 540
15103840105 960 540
15103840117 960 540
15103840125 960 540
15103840137 960 540
15103840149 960 540
15103840157 960 540
15103840169 960 540
15103840177 960 540
15103840189 960 540
15103840197 960 540
15103840209 960 540
15103840217 960 540
15103840229 960 540
15103840237 960 540
15103840249 960 540
15103840257 960 540
15103840269 960 540
15103840277 960 540
15103840289 960 540
15103840297 960 540
15103840309 960 540
15103840317 960 540
15103840329 960 540
15103840337 960 540
15103840349 960 540
15103840357 960 540
15103840369 960 540
15103840377 960 540
15103840389 960 540
15103840401 960 540
15103840409 960 540
15103840421 960 540
15103840429 960 540
15103840441 960 540
15103840449 960 540
15103840461 960 540
15103840469 960 540
15103840481 960 540
15103840489 960 540
15103840501 960 540
15103840509 960 540
15103840521 960 540
15103840529 960 540
15103840541 960 540
15103840549 960 540
15103840561 960 540
15103840569 960 540
15103840581 960 540
15103840589 960 540
15103840601 960 540
15103840609 960 540
15103840621 960 540
15103840629 960 540
15103840641 960 540
15103840653 960 540
15103840661 960 540
15103840673 960 540
15103840681 960 540
15103840693 960 540
15103840701 960 540
15103840713 960 540
15103840721 960 540
15103840733 960 540
15103840741 960 540
15103840753 960 540
15103840761 960 540
15103840773 960 540
15103840781 960 540
15103840793 960 540
15103840801 960 540
15103840813 960 540
15103840821 960 540
15103840833 960 540
15103840841 960 540
15103840853 960 540
15103840861 960 540
15103840873 960 540
15103840881 960 540
15103840893 960 540
15103840905 960 540
15103840913 960 540
15103840925 960 540
15103840933 960 540
15103840945 960 540
15103840953 960 540
15103840965 960 540
15103840973 960 540
15103840985 960 540
15103840993 960 540
15103841005 960 540
15103841013 960 540
15103841025 960 540
15103841033 960 540
15103841045 960 540
15103841053 960 540
15103841065 960 540
15103841073 960 540
15103841085 960 540
15103841093 960 540
15103841105 960 540
15103841113 960 540
15103841125 960 540
15103841133 960 540
15103841145 960 540
15103841157 960 540
15103841165 960 540
15103841177 960 540
15103841185 960 540
15103841197 960 540
15103841205 960 540
15103841217 960 540
15103841225 960 540
15103841237 960 540
15103841245 960 540
15103841257 960 540
15103841265 960 540
15103841277 960 540
15103841285 960 540
15103841297 960 540
15103841305 960 540
15103841317 960 540
15103841325 960 540
15103841337 960 540
15103841345 960 540
15103841357 960 540
15103841365 960 540
15103841377 960 540
15103841385 960 540
15103841397 960 540
15103841409 960 540
15103841417 960 540
15103841429 960 540
15103841437 960 540
15103841449 960 540
15103841457 960 540
15103841469 960 540
15103841477 960 540
15103841489 960 540
15103841497 960 540
15103841509 960 540
15103841517 960 540
15103841529 960 540
15103841537 960 540
15103841549 960 540
15103841557 960 540
15103841569 960 540
15103841577 960 540
15103841589 960 540
15103841597 960 540
15103841609 960 540
15103841617 960 540
15103841629 960 540
15103841637 960 540
15103841649 960 540
15103841661 960 540
15103841669 960 540
15103841681 960 540
15103841689 960 540
15103841701 960 540
15103841709 960 540
15103841721 960 540
15103841729 960 540
15103841741 960 540
15103841749 960 540
15103841761 960 540
15103841769 960 540
15103841781 960 540
15103841789 960 540
15103841801 960 540
15103841809 960 540
15103841821 960 540
15103841829 960 540
15103841841 960 540
15103841849 960 540
15103841861 960 540
15103841869 960 540
15103841881 960 540
15103841889 960 540
15103841901 960 540
15103841913 960 540
15103841921 960 540
15103841933 960 540
15103841941 960 540
15103841953 960 540
15103841961 960 540
15103841973 960 540
15103841981 960 540
15103841993 960 540
15103842001 960 540
15103842013 960 540
15103842021 960 540
15103842033 960 540
15103842041 960 540
15103842053 960 540
15103842061 960 540
15103842073 960 540
15103842081 960 540
15103842093 960 540
15103842101 960 540
15103842113 960 540
15103842121 960 540
15103842133 960 540
15103842141 960 540
15103842153 960 540
15103842165 960 540
15103842173 960 540
15103842185 960 540
15103842193 960 540
15103842205 960 540
15103842213 960 540
15103842225 960 540
15103842233 960 540
15103842245 960 540
15103842253 960 540
15103842265 960 540
15103842273 960 540
15103842285 960 540
15103842293 960 540
15103842305 960 540
15103842313 960 540
15103842325 960 540
15103842333 960 540
15103842345 960 540
15103842353 960 540
15103842365 960 540
15103842373 960 540
15103842385 960 540
15103842393 960 540
15103842405 960 540
15103842417 960 540
15103842425 960 540
15103842437 960 540
15103842445 960 540
15103842457 960 540
15103842465 960 540
15103842477 960 540
15103842485 960 540
15103842497 960 540
15103842505 960 540
15103842517 960 540
15103842525 960 540
15103842537 960 540
15103842545 960 540
15103842557 960 540
15103842565 960 540
15103842577 960 540
15103842585 960 540
15103842597 960 540
15103842605 960 540
15103842617 960 540
15103842625 960 540
15103842637 960 540
15103842645 960 540
15103842657 960 540
15103842669 960 540
15103842677 960 540
15103842689 960 540
15103842697 960 540
15103842709 960 540
15103842717 960 540
