26130902523 960 540
26130902535 960 540
26130902543 960 540
26130902555 960 540
26130902563 960 540
26130902575 960 540
26130902583 960 540
26130902595 960 540
26130902603 960 540
26130902615 960 540
26130902623 960 540
26130902635 960 540
26130902643 960 540
26130902655 960 540
26130902663 960 540
26130902675 960 540
26130902683 960 540
26130902695 960 540
26130902703 960 540
26130902715 960 540
26130902723 960 540
26130902735 960 540
26130902747 960 540
26130902755 960 540
26130902767 960 540
26130902775 960 540
26130902787 960 540
26130902795 960 540
26130902807 960 540
26130902815 960 540
26130902827 960 540
26130902835 960 540
26130902847 960 540
26130902855 960 540
26130902867 960 540
26130902875 960 540
26130902887 960 540
26130902895 960 540
26130902907 960 540
26130902915 960 540
26130902927 960 540
26130902935 960 540
26130902947 960 540
26130902955 960 540
26130902967 960 540
26130902975 960 540
26130902987 960 540
26130902999 960 540
26130903007 960 540
26130903019 960 540
26130903027 960 540
26130903039 960 540
26130903047 960 540
26130903059 960 540
26130903067 960 540
26130903079 960 540
26130903087 960 540
26130903099 960 540
26130903107 960 540
26130903119 960 540
26130903127 960 540
26130903139 960 540
26130903147 960 540
26130903159 960 540
26130903167 960 540
26130903179 960 540
26130903187 960 540
26130903199 960 540
26130903207 960 540
26130903219 960 540
26130903227 960 540
26130903239 960 540
26130903251 960 540
26130903259 960 540
26130903271 960 540
26130903279 960 540
26130903291 960 540
26130903299 960 540
26130903311 960 540
26130903319 960 540
26130903331 960 540
26130903339 960 540
26130903351 960 540
26130903359 960 540
26130903371 960 540
26130903379 960 540
26130903391 960 540
26130903399 960 540
26130903411 960 540
26130903419 960 540
26130903431 960 540
26130903439 960 540
26130903451 960 540
26130903459 960 540
26130903471 960 540
26130903479 960 540
26130903491 960 540
26130903503 960 540
26130903511 960 540
26130903523 960 540
26130903531 960 540
26130903543 960 540
26130903551 960 540
26130903563 960 540
26130903571 960 540
26130903583 960 540
26130903591 960 540
26130903603 960 540
26130903611 960 540
26130903623 960 540
26130903631 960 540
26130903643 960 540
26130903651 960 540
26130903663 960 540
26130903671 960 540
26130903683 960 540
26130903691 960 540
26130903703 960 540
26130903711 960 540
26130903723 960 540
26130903731 960 540
26130903743 960 540
26130903755 960 540
26130903763 960 540
26130903775 960 540
26130903783 960 540
26130903795 960 540
26130903803 960 540
26130903815 960 540
26130903823 960 540
26130903835 960 540
26130903843 960 540
26130903855 960 540
26130903863 960 540
26130903875 960 540
26130903883 960 540
26130903895 960 540
26130903903 960 540
26130903915 960 540
26130903923 960 540
26130903935 960 540
26130903943 960 540
26130903955 960 540
26130903963 960 540
26130903975 960 540
26130903983 960 540
26130903995 960 540
26130904007 960 540
26130904015 960 540
26130904027 960 963
26130904035 960 963
26130904047 960 963
26130904055 960 963
26130904067 960 963
26130904075 960 963
26130904087 960 963
26130904095 960 963
26130904107 960 963
26130904115 960 963
26130904127 960 963
26130904135 960 963
26130904147 960 963
26130904155 960 963
26130904167 960 963
26130904175 960 963
26130904187 960 963
26130904195 960 963
26130904207 960 963
26130904215 960 963
26130904227 960 963
26130904235 960 963
26130904247 960 963
26130904259 960 963
26130904267 960 963
26130904279 960 963
26130904287 960 963
26130904299 960 963
26130904307 960 963
26130904319 960 963
26130904327 960 963
26130904339 960 963
26130904347 960 963
26130904359 960 963
26130904367 960 963
26130904379 960 963
26130904387 960 963
26130904399 960 963
26130904407 960 963
26130904419 960 963
26130904427 960 963
26130904439 960 963
26130904447 960 963
26130904459 960 963
26130904467 960 963
26130904479 960 963
26130904487 960 963
26130904499 960 963
26130904511 960 963
26130904519 960 963
26130904531 960 963
26130904539 960 963
26130904551 960 963
26130904559 960 963
26130904571 960 963
26130904579 960 963
26130904591 960 963
26130904599 960 963
26130904611 960 963
26130904619 960 963
26130904631 960 963
26130904639 960 963
26130904651 960 963
26130904659 960 963
26130904671 960 963
26130904679 960 963
26130904691 960 963
26130904699 960 963
26130904711 960 963
26130904719 960 963
26130904731 960 963
26130904739 960 963
26130904751 960 963
26130904763 960 963
26130904771 960 963
26130904783 960 963
26130904791 960 963
26130904803 960 963
26130904811 960 963
26130904823 960 963
26130904831 960 963
26130904843 960 963
26130904851 960 963
26130904863 960 963
26130904871 960 963
26130904883 960 963
26130904891 960 963
26130904903 960 963
26130904911 960 963
26130904923 960 963
26130904931 960 963
26130904943 960 963
26130904951 960 963
26130904963 960 963
26130904971 960 963
26130904983 960 963
26130904991 960 963
26130905003 960 963
26130905015 960 963
26130905023 960 963
26130905035 960 963
26130905043 960 963
26130905055 960 963
26130905063 960 963
26130905075 960 963
26130905083 960 963
26130905095 960 963
26130905103 960 963
26130905115 960 963
26130905123 960 963
26130905135 960 963
26130905143 960 963
26130905155 960 963
26130905163 960 963
26130905175 960 963
26130905183 960 963
26130905195 960 963
26130905203 960 963
26130905215 960 963
26130905223 960 963
26130905235 960 963
26130905243 960 963
26130905255 960 963
26130905267 960 963
26130905275 960 963
26130905287 960 963
26130905295 960 963
26130905307 960 963
26130905315 960 963
26130905327 960 963
26130905335 960 963
26130905347 960 963
26130905355 960 963
26130905367 960 963
26130905375 960 963
26130905387 960 963
26130905395 960 963
26130905407 960 963
26130905415 960 963
26130905427 960 963
26130905435 960 963
26130905447 960 963
26130905455 960 963
26130905467 960 963
26130905475 960 963
26130905487 960 963
26130905495 960 963
26130905507 960 963
26130905519 960 963
26130905527 960 540
26130905539 960 540
26130905547 960 540
26130905559 960 540
26130905567 960 540
26130905579 960 540
26130905587 960 540
26130905599 960 540
26130905607 960 540
26130905619 960 540
26130905627 960 540
26130905639 960 540
26130905647 960 540
26130905659 960 540
26130905667 960 540
26130905679 960 540
26130905687 960 540
26130905699 960 540
26130905707 960 540
26130905719 960 540
26130905727 960 540
26130905739 960 540
26130905747 960 540
26130905759 960 540
26130905771 960 540
26130905779 960 540
26130905791 960 540
26130905799 960 540
26130905811 960 540
26130905819 960 540
26130905831 960 540
26130905839 960 540
26130905851 960 540
26130905859 960 540
26130905871 960 540
26130905879 960 540
26130905891 960 540
26130905899 960 540
26130905911 960 540
26130905919 960 540
26130905931 960 540
26130905939 960 540
26130905951 960 540
26130905959 960 540
26130905971 960 540
26130905979 960 540
26130905991 960 540
26130905999 960 540
26130906011 960 540
26130906023 960 540
26130906031 960 540
26130906043 960 540
26130906051 960 540
26130906063 960 540
26130906071 960 540
26130906083 960 540
26130906091 960 540
26130906103 960 540
26130906111 960 540
26130906123 960 540
26130906131 960 540
26130906143 960 540
26130906151 960 540
26130906163 960 540
26130906171 960 540
26130906183 960 540
26130906191 960 540
26130906203 960 540
26130906211 960 540
26130906223 960 540
26130906231 960 540
26130906243 960 540
26130906251 960 540
26130906263 960 540
26130906275 960 540
26130906283 960 540
26130906295 960 540
26130906303 960 540
26130906315 960 540
26130906323 960 540
26130906335 960 540
26130906343 960 540
26130906355 960 540
26130906363 960 540
26130906375 960 540
26130906383 960 540
26130906395 960 540
26130906403 960 540
26130906415 960 540
26130906423 960 540
26130906435 960 540
26130906443 960 540
26130906455 960 540
26130906463 960 540
26130906475 960 540
26130906483 960 540
26130906495 960 540
26130906503 960 540
26130906515 960 540
26130906527 960 540
26130906535 960 540
26130906547 960 540
26130906555 960 540
26130906567 960 540
26130906575 960 540
26130906587 960 540
26130906595 960 540
26130906607 960 540
26130906615 960 540
26130906627 960 540
26130906635 960 540
26130906647 960 540
26130906655 960 540
26130906667 960 540
26130906675 960 540
26130906687 960 540
26130906695 960 540
26130906707 960 540
26130906715 960 540
26130906727 960 540
26130906735 960 540
26130906747 960 540
26130906755 960 540
26130906767 960 540
26130906779 960 540
26130906787 960 540
26130906799 960 540
26130906807 960 540
26130906819 960 540
26130906827 960 540
26130906839 960 540
26130906847 960 540
26130906859 960 540
26130906867 960 540
26130906879 960 540
26130906887 960 540
26130906899 960 540
26130906907 960 540
26130906919 960 540
26130906927 960 540
26130906939 960 540
26130906947 960 540
26130906959 960 540
26130906967 960 540
26130906979 960 540
26130906987 960 540
26130906999 960 540
26130907007 960 540
26130907019 960 540
26130907031 960 963
26130907039 960 963
26130907051 960 963
26130907059 960 963
26130907071 960 963
26130907079 960 963
26130907091 960 963
26130907099 960 963
26130907111 960 963
26130907119 960 963
26130907131 960 963
26130907139 960 963
26130907151 960 963
26130907159 960 963
26130907171 960 963
26130907179 960 963
26130907191 960 963
26130907199 960 963
26130907211 960 963
26130907219 960 963
26130907231 960 963
26130907239 960 963
26130907251 960 963
26130907259 960 963
26130907271 960 963
26130907283 960 963
26130907291 960 963
26130907303 960 963
26130907311 960 963
26130907323 960 963
26130907331 960 963
26130907343 960 963
26130907351 960 963
26130907363 960 963
26130907371 960 963
26130907383 960 963
26130907391 960 963
26130907403 960 963
26130907411 960 963
26130907423 960 963
26130907431 960 963
26130907443 960 963
26130907451 960 963
26130907463 960 963
26130907471 960 963
26130907483 960 963
26130907491 960 963
26130907503 960 963
26130907511 960 963
26130907523 960 963
26130907535 960 963
26130907543 960 963
26130907555 960 963
26130907563 960 963
26130907575 960 963
26130907583 960 963
26130907595 960 963
26130907603 960 963
26130907615 960 963
26130907623 960 963
26130907635 960 963
26130907643 960 963
26130907655 960 963
26130907663 960 963
26130907675 960 963
26130907683 960 963
26130907695 960 963
26130907703 960 963
26130907715 960 963
26130907723 960 963
26130907735 960 963
26130907743 960 963
26130907755 960 963
26130907763 960 963
26130907775 960 963
26130907787 960 963
26130907795 960 963
26130907807 960 963
26130907815 960 963
26130907827 960 963
26130907835 960 963
26130907847 960 963
26130907855 960 963
26130907867 960 963
26130907875 960 963
26130907887 960 963
26130907895 960 963
26130907907 960 963
26130907915 960 963
26130907927 960 963
26130907935 960 963
26130907947 960 963
26130907955 960 963
26130907967 960 963
26130907975 960 963
26130907987 960 963
26130907995 960 963
26130908007 960 963
26130908015 960 963
26130908027 960 963
26130908039 960 963
26130908047 960 963
26130908059 960 963
26130908067 960 963
26130908079 960 963
26130908087 960 963
26130908099 960 963
26130908107 960 963
26130908119 960 963
26130908127 960 963
26130908139 960 963
26130908147 960 963
26130908159 960 963
26130908167 960 963
26130908179 960 963
26130908187 960 963
26130908199 960 963
26130908207 960 963
26130908219 960 963
26130908227 960 963
26130908239 960 963
26130908247 960 963
26130908259 960 963
26130908267 960 963
26130908279 960 963
26130908291 960 963
26130908299 960 963
26130908311 960 963
26130908319 960 963
26130908331 960 963
26130908339 960 963
26130908351 960 963
26130908359 960 963
26130908371 960 963
26130908379 960 963
26130908391 960 963
26130908399 960 963
26130908411 960 963
26130908419 960 963
26130908431 960 963
26130908439 960 963
26130908451 960 963
26130908459 960 963
26130908471 960 963
26130908479 960 963
26130908491 960 963
26130908499 960 963
26130908511 960 963
26130908519 960 963
26130908531 960 540
26130908543 960 540
26130908551 960 540
26130908563 960 540
26130908571 960 540
26130908583 960 540
26130908591 960 540
26130908603 960 540
26130908611 960 540
26130908623 960 540
26130908631 960 540
26130908643 960 540
26130908651 960 540
26130908663 960 540
26130908671 960 540
26130908683 960 540
26130908691 960 540
26130908703 960 540
26130908711 960 540
26130908723 960 540
26130908731 960 540
26130908743 960 540
26130908751 960 540
26130908763 960 540
26130908771 960 540
26130908783 960 540
26130908795 960 540
26130908803 960 540
26130908815 960 540
26130908823 960 540
26130908835 960 540
26130908843 960 540
26130908855 960 540
26130908863 960 540
26130908875 960 540
26130908883 960 540
26130908895 960 540
26130908903 960 540
26130908915 960 540
26130908923 960 540
26130908935 960 540
26130908943 960 540
26130908955 960 540
26130908963 960 540
26130908975 960 540
26130908983 960 540
26130908995 960 540
26130909003 960 540
26130909015 960 540
26130909023 960 540
26130909035 960 540
26130909047 960 540
26130909055 960 540
26130909067 960 540
26130909075 960 540
26130909087 960 540
26130909095 960 540
26130909107 960 540
26130909115 960 540
26130909127 960 540
26130909135 960 540
26130909147 960 540
26130909155 960 540
26130909167 960 540
26130909175 960 540
26130909187 960 540
26130909195 960 540
26130909207 960 540
26130909215 960 540
26130909227 960 540
26130909235 960 540
26130909247 960 540
26130909255 960 540
26130909267 960 540
26130909275 960 540
26130909287 960 540
26130909299 960 540
26130909307 960 540
26130909319 960 540
26130909327 960 540
26130909339 960 540
26130909347 960 540
26130909359 960 540
26130909367 960 540
26130909379 960 540
26130909387 960 540
26130909399 960 540
26130909407 960 540
26130909419 960 540
26130909427 960 540
26130909439 960 540
26130909447 960 540
26130909459 960 540
26130909467 960 540
26130909479 960 540
26130909487 960 540
26130909499 960 540
26130909507 960 540
26130909519 960 540
26130909527 960 540
26130909539 960 540
26130909551 960 540
26130909559 960 540
26130909571 960 540
26130909579 960 540
26130909591 960 540
26130909599 960 540
26130909611 960 540
26130909619 960 540
26130909631 960 540
26130909639 960 540
26130909651 960 540
26130909659 960 540
26130909671 960 540
26130909679 960 540
26130909691 960 540
26130909699 960 540
26130909711 960 540
26130909719 960 540
26130909731 960 540
26130909739 960 540
26130909751 960 540
26130909759 960 540
26130909771 960 540
26130909779 960 540
26130909791 960 540
26130909803 960 540
26130909811 960 540
26130909823 960 540
26130909831 960 540
26130909843 960 540
26130909851 960 540
26130909863 960 540
26130909871 960 540
26130909883 960 540
26130909891 960 540
26130909903 960 540
26130909911 960 540
26130909923 960 540
26130909931 960 540
26130909943 960 540
26130909951 960 540
26130909963 960 540
26130909971 960 540
26130909983 960 540
26130909991 960 540
26130910003 960 540
26130910011 960 540
26130910023 960 540
26130910031 960 751
26130910043 960 751
26130910055 960 751
26130910063 960 751
26130910075 960 751
26130910083 960 751
26130910095 960 751
26130910103 960 751
26130910115 960 751
26130910123 960 751
26130910135 960 751
26130910143 960 751
26130910155 960 751
26130910163 960 751
26130910175 960 751
26130910183 960 751
26130910195 960 751
26130910203 960 751
26130910215 960 751
26130910223 960 751
26130910235 960 751
26130910243 960 751
26130910255 960 751
26130910263 960 751
26130910275 960 751
26130910283 960 751
26130910295 960 751
26130910307 960 751
26130910315 960 751
26130910327 960 751
26130910335 960 751
26130910347 960 751
26130910355 960 751
26130910367 960 751
26130910375 960 751
26130910387 960 751
26130910395 960 751
26130910407 960 751
26130910415 960 751
26130910427 960 751
26130910435 960 751
26130910447 960 751
26130910455 960 751
26130910467 960 751
26130910475 960 751
26130910487 960 751
26130910495 960 751
26130910507 960 751
26130910515 960 751
26130910527 960 751
26130910535 960 751
26130910547 960 751
26130910559 960 751
26130910567 960 751
26130910579 960 751
26130910587 960 751
26130910599 960 751
26130910607 960 751
26130910619 960 751
26130910627 960 751
26130910639 960 751
26130910647 960 751
26130910659 960 751
26130910667 960 751
26130910679 960 751
26130910687 960 751
26130910699 960 751
26130910707 960 751
26130910719 960 751
26130910727 960 751
26130910739 960 751
26130910747 960 751
26130910759 960 751
26130910767 960 751
26130910779 960 751
26130910787 960 751
26130910799 960 751
26130910811 960 751
26130910819 960 751
26130910831 960 751
26130910839 960 751
26130910851 960 751
26130910859 960 751
26130910871 960 751
26130910879 960 751
26130910891 960 751
26130910899 960 751
26130910911 960 751
26130910919 960 751
26130910931 960 751
26130910939 960 751
26130910951 960 751
26130910959 960 751
26130910971 960 751
26130910979 960 751
26130910991 960 751
26130910999 960 751
26130911011 960 751
26130911019 960 751
26130911031 960 751
26130911039 960 751
26130911051 960 751
26130911063 960 751
26130911071 960 751
26130911083 960 751
26130911091 960 751
26130911103 960 751
26130911111 960 751
26130911123 960 751
26130911131 960 751
26130911143 960 751
26130911151 960 751
26130911163 960 751
26130911171 960 751
26130911183 960 751
26130911191 960 751
26130911203 960 751
26130911211 960 751
26130911223 960 751
26130911231 960 751
26130911243 960 751
26130911251 960 751
26130911263 960 751
26130911271 960 751
26130911283 960 751
26130911291 960 751
26130911303 960 751
26130911315 960 751
26130911323 960 751
26130911335 960 751
26130911343 960 751
26130911355 960 751
26130911363 960 751
26130911375 960 751
26130911383 960 751
26130911395 960 751
26130911403 960 751
26130911415 960 751
26130911423 960 751
26130911435 960 751
26130911443 960 751
26130911455 960 751
26130911463 960 751
26130911475 960 751
26130911483 960 751
26130911495 960 751
26130911503 960 751
26130911515 960 751
26130911523 960 751
26130911535 960 540
26130911543 960 540
26130911555 960 540
26130911567 960 540
26130911575 960 540
26130911587 960 540
26130911595 960 540
26130911607 960 540
26130911615 960 540
26130911627 960 540
26130911635 960 540
26130911647 960 540
26130911655 960 540
26130911667 960 540
26130911675 960 540
26130911687 960 540
26130911695 960 540
26130911707 960 540
26130911715 960 540
26130911727 960 540
26130911735 960 540
26130911747 960 540
26130911755 960 540
26130911767 960 540
26130911775 960 540
26130911787 960 540
26130911795 960 540
26130911807 960 540
26130911819 960 540
26130911827 960 540
26130911839 960 540
26130911847 960 540
26130911859 960 540
26130911867 960 540
26130911879 960 540
26130911887 960 540
26130911899 960 540
26130911907 960 540
26130911919 960 540
26130911927 960 540
26130911939 960 540
26130911947 960 540
26130911959 960 540
26130911967 960 540
26130911979 960 540
26130911987 960 540
26130911999 960 540
26130912007 960 540
26130912019 960 540
26130912027 960 540
26130912039 960 540
26130912047 960 540
26130912059 960 540
26130912071 960 540
26130912079 960 540
26130912091 960 540
26130912099 960 540
26130912111 960 540
26130912119 960 540
26130912131 960 540
26130912139 960 540
26130912151 960 540
26130912159 960 540
26130912171 960 540
26130912179 960 540
26130912191 960 540
26130912199 960 540
26130912211 960 540
26130912219 960 540
26130912231 960 540
26130912239 960 540
26130912251 960 540
26130912259 960 540
26130912271 960 540
26130912279 960 540
26130912291 960 540
26130912299 960 540
26130912311 960 540
26130912323 960 540
26130912331 960 540
26130912343 960 540
26130912351 960 540
26130912363 960 540
26130912371 960 540
26130912383 960 540
26130912391 960 540
26130912403 960 540
26130912411 960 540
26130912423 960 540
26130912431 960 540
26130912443 960 540
26130912451 960 540
26130912463 960 540
26130912471 960 540
26130912483 960 540
26130912491 960 540
26130912503 960 540
26130912511 960 540
26130912523 960 540
26130912531 960 540
26130912543 960 540
26130912551 960 540
26130912563 960 540
26130912575 960 540
26130912583 960 540
26130912595 960 540
26130912603 960 540
26130912615 960 540
26130912623 960 540
26130912635 960 540
26130912643 960 540
26130912655 960 540
26130912663 960 540
26130912675 960 540
26130912683 960 540
26130912695 960 540
26130912703 960 540
26130912715 960 540
26130912723 960 540
26130912735 960 540
26130912743 960 540
26130912755 960 540
26130912763 960 540
26130912775 960 540
26130912783 960 540
26130912795 960 540
26130912803 960 540
26130912815 960 540
26130912827 960 540
26130912835 960 540
26130912847 960 540
26130912855 960 540
26130912867 960 540
26130912875 960 540
26130912887 960 540
26130912895 960 540
26130912907 960 540
26130912915 960 540
26130912927 960 540
26130912935 960 540
26130912947 960 540
26130912955 960 540
26130912967 960 540
26130912975 960 540
26130912987 960 540
26130912995 960 540
26130913007 960 540
26130913015 960 540
26130913027 960 540
26130913035 960 751
26130913047 960 751
26130913055 960 751
26130913067 960 751
26130913079 960 751
26130913087 960 751
26130913099 960 751
26130913107 960 751
26130913119 960 751
26130913127 960 751
26130913139 960 751
26130913147 960 751
26130913159 960 751
26130913167 960 751
26130913179 960 751
26130913187 960 751
26130913199 960 751
26130913207 960 751
26130913219 960 751
26130913227 960 751
26130913239 960 751
26130913247 960 751
26130913259 960 751
26130913267 960 751
26130913279 960 751
26130913287 960 751
26130913299 960 751
26130913307 960 751
26130913319 960 751
26130913331 960 751
26130913339 960 751
26130913351 960 751
26130913359 960 751
26130913371 960 751
26130913379 960 751
26130913391 960 751
26130913399 960 751
26130913411 960 751
26130913419 960 751
26130913431 960 751
26130913439 960 751
26130913451 960 751
26130913459 960 751
26130913471 960 751
26130913479 960 751
26130913491 960 751
26130913499 960 751
26130913511 960 751
26130913519 960 751
26130913531 960 751
26130913539 960 751
26130913551 960 751
26130913559 960 751
26130913571 960 751
26130913583 960 751
26130913591 960 751
26130913603 960 751
26130913611 960 751
26130913623 960 751
26130913631 960 751
26130913643 960 751
26130913651 960 751
26130913663 960 751
26130913671 960 751
26130913683 960 751
26130913691 960 751
26130913703 960 751
26130913711 960 751
26130913723 960 751
26130913731 960 751
26130913743 960 751
26130913751 960 751
26130913763 960 751
26130913771 960 751
26130913783 960 751
26130913791 960 751
26130913803 960 751
26130913811 960 751
26130913823 960 751
26130913835 960 751
26130913843 960 751
26130913855 960 751
26130913863 960 751
26130913875 960 751
26130913883 960 751
26130913895 960 751
26130913903 960 751
26130913915 960 751
26130913923 960 751
26130913935 960 751
26130913943 960 751
26130913955 960 751
26130913963 960 751
26130913975 960 751
26130913983 960 751
26130913995 960 751
26130914003 960 751
26130914015 960 751
26130914023 960 751
26130914035 960 751
26130914043 960 751
26130914055 960 751
26130914063 960 751
26130914075 960 751
26130914087 960 751
26130914095 960 751
26130914107 960 751
26130914115 960 751
26130914127 960 751
26130914135 960 751
26130914147 960 751
26130914155 960 751
26130914167 960 751
26130914175 960 751
26130914187 960 751
26130914195 960 751
26130914207 960 751
26130914215 960 751
26130914227 960 751
26130914235 960 751
26130914247 960 751
26130914255 960 751
26130914267 960 751
26130914275 960 751
26130914287 960 751
26130914295 960 751
26130914307 960 751
26130914315 960 751
26130914327 960 751
26130914339 960 751
26130914347 960 751
26130914359 960 751
26130914367 960 751
26130914379 960 751
26130914387 960 751
26130914399 960 751
26130914407 960 751
26130914419 960 751
26130914427 960 751
26130914439 960 751
26130914447 960 751
26130914459 960 751
26130914467 960 751
26130914479 960 751
26130914487 960 751
26130914499 960 751
26130914507 960 751
26130914519 960 751
26130914527 960 751
26130914539 960 540
26130914547 960 540
26130914559 960 540
26130914567 960 540
26130914579 960 540
26130914591 960 540
26130914599 960 540
26130914611 960 540
26130914619 960 540
26130914631 960 540
26130914639 960 540
26130914651 960 540
26130914659 960 540
26130914671 960 540
26130914679 960 540
26130914691 960 540
26130914699 960 540
26130914711 960 540
26130914719 960 540
26130914731 960 540
26130914739 960 540
26130914751 960 540
26130914759 960 540
26130914771 960 540
26130914779 960 540
26130914791 960 540
26130914799 960 540
26130914811 960 540
26130914819 960 540
26130914831 960 540
26130914843 960 540
26130914851 960 540
26130914863 960 540
26130914871 960 540
26130914883 960 540
26130914891 960 540
26130914903 960 540
26130914911 960 540
26130914923 960 540
26130914931 960 540
26130914943 960 540
26130914951 960 540
26130914963 960 540
26130914971 960 540
26130914983 960 540
26130914991 960 540
26130915003 960 540
26130915011 960 540
26130915023 960 540
26130915031 960 540
26130915043 960 540
26130915051 960 540
26130915063 960 540
26130915071 960 540
26130915083 960 540
26130915095 960 540
26130915103 960 540
26130915115 960 540
26130915123 960 540
26130915135 960 540
26130915143 960 540
26130915155 960 540
26130915163 960 540
26130915175 960 540
26130915183 960 540
26130915195 960 540
26130915203 960 540
26130915215 960 540
26130915223 960 540
26130915235 960 540
26130915243 960 540
26130915255 960 540
26130915263 960 540
26130915275 960 540
26130915283 960 540
26130915295 960 540
26130915303 960 540
26130915315 960 540
26130915323 960 540
26130915335 960 540
26130915347 960 540
26130915355 960 540
26130915367 960 540
26130915375 960 540
26130915387 960 540
26130915395 960 540
26130915407 960 540
26130915415 960 540
26130915427 960 540
26130915435 960 540
26130915447 960 540
26130915455 960 540
26130915467 960 540
26130915475 960 540
26130915487 960 540
26130915495 960 540
26130915507 960 540
26130915515 960 540
26130915527 960 540
26130915535 960 540
26130915547 960 540
26130915555 960 540
26130915567 960 540
26130915575 960 540
26130915587 960 540
26130915599 960 540
26130915607 960 540
26130915619 960 540
26130915627 960 540
26130915639 960 540
26130915647 960 540
26130915659 960 540
26130915667 960 540
26130915679 960 540
26130915687 960 540
26130915699 960 540
26130915707 960 540
26130915719 960 540
26130915727 960 540
26130915739 960 540
26130915747 960 540
26130915759 960 540
26130915767 960 540
26130915779 960 540
26130915787 960 540
26130915799 960 540
26130915807 960 540
26130915819 960 540
26130915827 960 540
26130915839 960 540
26130915851 960 540
26130915859 960 540
26130915871 960 540
26130915879 960 540
26130915891 960 540
26130915899 960 540
26130915911 960 540
26130915919 960 540
26130915931 960 540
26130915939 960 540
26130915951 960 540
26130915959 960 540
26130915971 960 540
26130915979 960 540
26130915991 960 540
26130915999 960 540
26130916011 960 540
26130916019 960 540
26130916031 960 540
26130916039 960 328
26130916051 960 328
26130916059 960 328
26130916071 960 328
26130916079 960 328
26130916091 960 328
26130916103 960 328
26130916111 960 328
26130916123 960 328
26130916131 960 328
26130916143 960 328
26130916151 960 328
26130916163 960 328
26130916171 960 328
26130916183 960 328
26130916191 960 328
26130916203 960 328
26130916211 960 328
26130916223 960 328
26130916231 960 328
26130916243 960 328
26130916251 960 328
26130916263 960 328
26130916271 960 328
26130916283 960 328
26130916291 960 328
26130916303 960 328
26130916311 960 328
26130916323 960 328
26130916331 960 328
26130916343 960 328
26130916355 960 328
26130916363 960 328
26130916375 960 328
26130916383 960 328
26130916395 960 328
26130916403 960 328
26130916415 960 328
26130916423 960 328
26130916435 960 328
26130916443 960 328
26130916455 960 328
26130916463 960 328
26130916475 960 328
26130916483 960 328
26130916495 960 328
26130916503 960 328
26130916515 960 328
26130916523 960 328
26130916535 960 328
26130916543 960 328
26130916555 960 328
26130916563 960 328
26130916575 960 328
26130916583 960 328
26130916595 960 328
26130916607 960 328
26130916615 960 328
26130916627 960 328
26130916635 960 328
26130916647 960 328
26130916655 960 328
26130916667 960 328
26130916675 960 328
26130916687 960 328
26130916695 960 328
26130916707 960 328
26130916715 960 328
26130916727 960 328
26130916735 960 328
26130916747 960 328
26130916755 960 328
26130916767 960 328
26130916775 960 328
26130916787 960 328
26130916795 960 328
26130916807 960 328
26130916815 960 328
26130916827 960 328
26130916835 960 328
26130916847 960 328
26130916859 960 328
26130916867 960 328
26130916879 960 328
26130916887 960 328
26130916899 960 328
26130916907 960 328
26130916919 960 328
26130916927 960 328
26130916939 960 328
26130916947 960 328
26130916959 960 328
26130916967 960 328
26130916979 960 328
26130916987 960 328
26130916999 960 328
26130917007 960 328
26130917019 960 328
26130917027 960 328
26130917039 960 328
26130917047 960 328
26130917059 960 328
26130917067 960 328
26130917079 960 328
26130917087 960 328
26130917099 960 328
26130917111 960 328
26130917119 960 328
26130917131 960 328
26130917139 960 328
26130917151 960 328
26130917159 960 328
26130917171 960 328
26130917179 960 328
26130917191 960 328
26130917199 960 328
26130917211 960 328
26130917219 960 328
26130917231 960 328
26130917239 960 328
26130917251 960 328
26130917259 960 328
26130917271 960 328
26130917279 960 328
26130917291 960 328
26130917299 960 328
26130917311 960 328
26130917319 960 328
26130917331 960 328
26130917339 960 328
26130917351 960 328
26130917363 960 328
26130917371 960 328
26130917383 960 328
26130917391 960 328
26130917403 960 328
26130917411 960 328
26130917423 960 328
26130917431 960 328
26130917443 960 328
26130917451 960 328
26130917463 960 328
26130917471 960 328
26130917483 960 328
26130917491 960 328
26130917503 960 328
26130917511 960 328
26130917523 960 328
26130917531 960 328
26130917543 960 540
26130917551 960 540
26130917563 960 540
26130917571 960 540
26130917583 960 540
26130917591 960 540
26130917603 960 540
26130917615 960 540
26130917623 960 540
26130917635 960 540
26130917643 960 540
26130917655 960 540
26130917663 960 540
26130917675 960 540
26130917683 960 540
26130917695 960 540
26130917703 960 540
26130917715 960 540
26130917723 960 540
26130917735 960 540
26130917743 960 540
26130917755 960 540
26130917763 960 540
26130917775 960 540
26130917783 960 540
26130917795 960 540
26130917803 960 540
26130917815 960 540
26130917823 960 540
26130917835 960 540
26130917843 960 540
26130917855 960 540
26130917867 960 540
26130917875 960 540
26130917887 960 540
26130917895 960 540
26130917907 960 540
26130917915 960 540
26130917927 960 540
26130917935 960 540
26130917947 960 540
26130917955 960 540
26130917967 960 540
26130917975 960 540
26130917987 960 540
26130917995 960 540
26130918007 960 540
26130918015 960 540
26130918027 960 540
26130918035 960 540
26130918047 960 540
26130918055 960 540
26130918067 960 540
26130918075 960 540
26130918087 960 540
26130918095 960 540
26130918107 960 540
26130918119 960 540
26130918127 960 540
26130918139 960 540
26130918147 960 540
26130918159 960 540
26130918167 960 540
26130918179 960 540
26130918187 960 540
26130918199 960 540
26130918207 960 540
26130918219 960 540
26130918227 960 540
26130918239 960 540
26130918247 960 540
26130918259 960 540
26130918267 960 540
26130918279 960 540
26130918287 960 540
26130918299 960 540
26130918307 960 540
26130918319 960 540
26130918327 960 540
26130918339 960 540
26130918347 960 540
26130918359 960 540
26130918371 960 540
26130918379 960 540
26130918391 960 540
26130918399 960 540
26130918411 960 540
26130918419 960 540
26130918431 960 540
26130918439 960 540
26130918451 960 540
26130918459 960 540
26130918471 960 540
26130918479 960 540
26130918491 960 540
26130918499 960 540
26130918511 960 540
26130918519 960 540
26130918531 960 540
26130918539 960 540
26130918551 960 540
26130918559 960 540
26130918571 960 540
26130918579 960 540
26130918591 960 540
26130918599 960 540
26130918611 960 540
26130918623 960 540
26130918631 960 540
26130918643 960 540
26130918651 960 540
26130918663 960 540
26130918671 960 540
26130918683 960 540
26130918691 960 540
26130918703 960 540
26130918711 960 540
26130918723 960 540
26130918731 960 540
26130918743 960 540
26130918751 960 540
26130918763 960 540
26130918771 960 540
26130918783 960 540
26130918791 960 540
26130918803 960 540
26130918811 960 540
26130918823 960 540
26130918831 960 540
26130918843 960 540
26130918851 960 540
26130918863 960 540
26130918875 960 540
26130918883 960 540
26130918895 960 540
26130918903 960 540
26130918915 960 540
26130918923 960 540
26130918935 960 540
26130918943 960 540
26130918955 960 540
26130918963 960 540
26130918975 960 540
26130918983 960 540
26130918995 960 540
26130919003 960 540
26130919015 960 540
26130919023 960 540
26130919035 960 540
26130919043 960 328
26130919055 960 328
26130919063 960 328
26130919075 960 328
26130919083 960 328
26130919095 960 328
26130919103 960 328
26130919115 960 328
26130919127 960 328
26130919135 960 328
26130919147 960 328
26130919155 960 328
26130919167 960 328
26130919175 960 328
26130919187 960 328
26130919195 960 328
26130919207 960 328
26130919215 960 328
26130919227 960 328
26130919235 960 328
26130919247 960 328
26130919255 960 328
26130919267 960 328
26130919275 960 328
26130919287 960 328
26130919295 960 328
26130919307 960 328
26130919315 960 328
26130919327 960 328
26130919335 960 328
26130919347 960 328
26130919355 960 328
26130919367 960 328
26130919379 960 328
26130919387 960 328
26130919399 960 328
26130919407 960 328
26130919419 960 328
26130919427 960 328
26130919439 960 328
26130919447 960 328
26130919459 960 328
26130919467 960 328
26130919479 960 328
26130919487 960 328
26130919499 960 328
26130919507 960 328
26130919519 960 328
26130919527 960 328
26130919539 960 328
26130919547 960 328
26130919559 960 328
26130919567 960 328
26130919579 960 328
26130919587 960 328
26130919599 960 328
26130919607 960 328
26130919619 960 328
26130919631 960 328
26130919639 960 328
26130919651 960 328
26130919659 960 328
26130919671 960 328
26130919679 960 328
26130919691 960 328
26130919699 960 328
26130919711 960 328
26130919719 960 328
26130919731 960 328
26130919739 960 328
26130919751 960 328
26130919759 960 328
26130919771 960 328
26130919779 960 328
26130919791 960 328
26130919799 960 328
26130919811 960 328
26130919819 960 328
26130919831 960 328
26130919839 960 328
26130919851 960 328
26130919859 960 328
26130919871 960 328
26130919883 960 328
26130919891 960 328
26130919903 960 328
26130919911 960 328
26130919923 960 328
26130919931 960 328
26130919943 960 328
26130919951 960 328
26130919963 960 328
26130919971 960 328
26130919983 960 328
26130919991 960 328
26130920003 960 328
26130920011 960 328
26130920023 960 328
26130920031 960 328
26130920043 960 328
26130920051 960 328
26130920063 960 328
26130920071 960 328
26130920083 960 328
26130920091 960 328
26130920103 960 328
26130920111 960 328
26130920123 960 328
26130920135 960 328
26130920143 960 328
26130920155 960 328
26130920163 960 328
26130920175 960 328
26130920183 960 328
26130920195 960 328
26130920203 960 328
26130920215 960 328
26130920223 960 328
26130920235 960 328
26130920243 960 328
26130920255 960 328
26130920263 960 328
26130920275 960 328
26130920283 960 328
26130920295 960 328
26130920303 960 328
26130920315 960 328
26130920323 960 328
26130920335 960 328
26130920343 960 328
26130920355 960 328
26130920363 960 328
26130920375 960 328
26130920387 960 328
26130920395 960 328
26130920407 960 328
26130920415 960 328
26130920427 960 328
26130920435 960 328
26130920447 960 328
26130920455 960 328
26130920467 960 328
26130920475 960 328
26130920487 960 328
26130920495 960 328
26130920507 960 328
26130920515 960 328
26130920527 960 328
26130920535 960 328
26130920547 960 540
26130920555 960 540
26130920567 960 540
26130920575 960 540
26130920587 960 540
26130920595 960 540
26130920607 960 540
26130920615 960 540
26130920627 960 540
26130920639 960 540
26130920647 960 540
26130920659 960 540
26130920667 960 540
26130920679 960 540
26130920687 960 540
26130920699 960 540
26130920707 960 540
26130920719 960 540
26130920727 960 540
26130920739 960 540
26130920747 960 540
26130920759 960 540
26130920767 960 540
26130920779 960 540
26130920787 960 540
26130920799 960 540
26130920807 960 540
26130920819 960 540
26130920827 960 540
26130920839 960 540
26130920847 960 540
26130920859 960 540
26130920867 960 540
26130920879 960 540
26130920891 960 540
26130920899 960 540
26130920911 960 540
26130920919 960 540
26130920931 960 540
26130920939 960 540
26130920951 960 540
26130920959 960 540
26130920971 960 540
26130920979 960 540
26130920991 960 540
26130920999 960 540
26130921011 960 540
26130921019 960 540
26130921031 960 540
26130921039 960 540
26130921051 960 540
26130921059 960 540
26130921071 960 540
26130921079 960 540
26130921091 960 540
26130921099 960 540
26130921111 960 540
26130921119 960 540
26130921131 960 540
26130921143 960 540
26130921151 960 540
26130921163 960 540
26130921171 960 540
26130921183 960 540
26130921191 960 540
26130921203 960 540
26130921211 960 540
26130921223 960 540
26130921231 960 540
26130921243 960 540
26130921251 960 540
26130921263 960 540
26130921271 960 540
26130921283 960 540
26130921291 960 540
26130921303 960 540
26130921311 960 540
26130921323 960 540
26130921331 960 540
26130921343 960 540
26130921351 960 540
26130921363 960 540
26130921371 960 540
26130921383 960 540
26130921395 960 540
26130921403 960 540
26130921415 960 540
26130921423 960 540
26130921435 960 540
26130921443 960 540
26130921455 960 540
26130921463 960 540
26130921475 960 540
26130921483 960 540
26130921495 960 540
26130921503 960 540
26130921515 960 540
26130921523 960 540
26130921535 960 540
26130921543 960 540
26130921555 960 540
26130921563 960 540
26130921575 960 540
26130921583 960 540
26130921595 960 540
26130921603 960 540
26130921615 960 540
26130921623 960 540
26130921635 960 540
26130921647 960 540
26130921655 960 540
26130921667 960 540
26130921675 960 540
26130921687 960 540
26130921695 960 540
26130921707 960 540
26130921715 960 540
26130921727 960 540
26130921735 960 540
26130921747 960 540
26130921755 960 540
26130921767 960 540
26130921775 960 540
26130921787 960 540
26130921795 960 540
26130921807 960 540
26130921815 960 540
26130921827 960 540
26130921835 960 540
26130921847 960 540
26130921855 960 540
26130921867 960 540
26130921875 960 540
26130921887 960 540
26130921899 960 540
26130921907 960 540
26130921919 960 540
26130921927 960 540
26130921939 960 540
26130921947 960 540
26130921959 960 540
26130921967 960 540
26130921979 960 540
26130921987 960 540
26130921999 960 540
26130922007 960 540
26130922019 960 540
26130922027 960 540
26130922039 960 540
26130922047 960 116
26130922059 960 116
26130922067 960 116
26130922079 960 116
26130922087 960 116
26130922099 960 116
26130922107 960 116
26130922119 960 116
26130922127 960 116
26130922139 960 116
26130922151 960 116
26130922159 960 116
26130922171 960 116
26130922179 960 116
26130922191 960 116
26130922199 960 116
26130922211 960 116
26130922219 960 116
26130922231 960 116
26130922239 960 116
26130922251 960 116
26130922259 960 116
26130922271 960 116
26130922279 960 116
26130922291 960 116
26130922299 960 116
26130922311 960 116
26130922319 960 116
26130922331 960 116
26130922339 960 116
26130922351 960 116
26130922359 960 116
26130922371 960 116
26130922379 960 116
26130922391 960 116
26130922403 960 116
26130922411 960 116
26130922423 960 116
26130922431 960 116
26130922443 960 116
26130922451 960 116
26130922463 960 116
26130922471 960 116
26130922483 960 116
26130922491 960 116
26130922503 960 116
26130922511 960 116
26130922523 960 116
26130922531 960 116
26130922543 960 116
26130922551 960 116
26130922563 960 116
26130922571 960 116
26130922583 960 116
26130922591 960 116
26130922603 960 116
26130922611 960 116
26130922623 960 116
26130922631 960 116
26130922643 960 116
26130922655 960 116
26130922663 960 116
26130922675 960 116
26130922683 960 116
26130922695 960 116
26130922703 960 116
26130922715 960 116
26130922723 960 116
26130922735 960 116
26130922743 960 116
26130922755 960 116
26130922763 960 116
26130922775 960 116
26130922783 960 116
26130922795 960 116
26130922803 960 116
26130922815 960 116
26130922823 960 116
26130922835 960 116
26130922843 960 116
26130922855 960 116
26130922863 960 116
26130922875 960 116
26130922883 960 116
26130922895 960 116
26130922907 960 116
26130922915 960 116
26130922927 960 116
26130922935 960 116
26130922947 960 116
26130922955 960 116
26130922967 960 116
26130922975 960 116
26130922987 960 116
26130922995 960 116
26130923007 960 116
26130923015 960 116
26130923027 960 116
26130923035 960 116
26130923047 960 116
26130923055 960 116
26130923067 960 116
26130923075 960 116
26130923087 960 116
26130923095 960 116
26130923107 960 116
26130923115 960 116
26130923127 960 116
26130923135 960 116
26130923147 960 116
26130923159 960 116
26130923167 960 116
26130923179 960 116
26130923187 960 116
26130923199 960 116
26130923207 960 116
26130923219 960 116
26130923227 960 116
26130923239 960 116
26130923247 960 116
26130923259 960 116
26130923267 960 116
26130923279 960 116
26130923287 960 116
26130923299 960 116
26130923307 960 116
26130923319 960 116
26130923327 960 116
26130923339 960 116
26130923347 960 116
26130923359 960 116
26130923367 960 116
26130923379 960 116
26130923387 960 116
26130923399 960 116
26130923411 960 116
26130923419 960 116
26130923431 960 116
26130923439 960 116
26130923451 960 116
26130923459 960 116
26130923471 960 116
26130923479 960 116
26130923491 960 116
26130923499 960 116
26130923511 960 116
26130923519 960 116
26130923531 960 116
26130923539 960 116
26130923551 960 540
26130923559 960 540
26130923571 960 540
26130923579 960 540
26130923591 960 540
26130923599 960 540
26130923611 960 540
26130923619 960 540
26130923631 960 540
26130923639 960 540
26130923651 960 540
26130923663 960 540
26130923671 960 540
26130923683 960 540
26130923691 960 540
26130923703 960 540
26130923711 960 540
26130923723 960 540
26130923731 960 540
26130923743 960 540
26130923751 960 540
26130923763 960 540
26130923771 960 540
26130923783 960 540
26130923791 960 540
26130923803 960 540
26130923811 960 540
26130923823 960 540
26130923831 960 540
26130923843 960 540
26130923851 960 540
26130923863 960 540
26130923871 960 540
26130923883 960 540
26130923891 960 540
26130923903 960 540
26130923915 960 540
26130923923 960 540
26130923935 960 540
26130923943 960 540
26130923955 960 540
26130923963 960 540
26130923975 960 540
26130923983 960 540
26130923995 960 540
26130924003 960 540
26130924015 960 540
26130924023 960 540
26130924035 960 540
26130924043 960 540
26130924055 960 540
26130924063 960 540
26130924075 960 540
26130924083 960 540
26130924095 960 540
26130924103 960 540
26130924115 960 540
26130924123 960 540
26130924135 960 540
26130924143 960 540
26130924155 960 540
26130924167 960 540
26130924175 960 540
26130924187 960 540
26130924195 960 540
26130924207 960 540
26130924215 960 540
26130924227 960 540
26130924235 960 540
26130924247 960 540
26130924255 960 540
26130924267 960 540
26130924275 960 540
26130924287 960 540
26130924295 960 540
26130924307 960 540
26130924315 960 540
26130924327 960 540
26130924335 960 540
26130924347 960 540
26130924355 960 540
26130924367 960 540
26130924375 960 540
26130924387 960 540
26130924395 960 540
26130924407 960 540
26130924419 960 540
26130924427 960 540
26130924439 960 540
26130924447 960 540
26130924459 960 540
26130924467 960 540
26130924479 960 540
26130924487 960 540
26130924499 960 540
26130924507 960 540
26130924519 960 540
26130924527 960 540
26130924539 960 540
26130924547 960 540
26130924559 960 540
26130924567 960 540
26130924579 960 540
26130924587 960 540
26130924599 960 540
26130924607 960 540
26130924619 960 540
26130924627 960 540
26130924639 960 540
26130924647 960 540
26130924659 960 540
26130924671 960 540
26130924679 960 540
26130924691 960 540
26130924699 960 540
26130924711 960 540
26130924719 960 540
26130924731 960 540
26130924739 960 540
26130924751 960 540
26130924759 960 540
26130924771 960 540
26130924779 960 540
26130924791 960 540
26130924799 960 540
26130924811 960 540
26130924819 960 540
26130924831 960 540
26130924839 960 540
26130924851 960 540
26130924859 960 540
26130924871 960 540
26130924879 960 540
26130924891 960 540
26130924899 960 540
26130924911 960 540
26130924923 960 540
26130924931 960 540
26130924943 960 540
26130924951 960 540
26130924963 960 540
26130924971 960 540
26130924983 960 540
26130924991 960 540
26130925003 960 540
26130925011 960 540
26130925023 960 540
26130925031 960 540
26130925043 960 540
26130925051 960 116
26130925063 960 116
26130925071 960 116
26130925083 960 116
26130925091 960 116
26130925103 960 116
26130925111 960 116
26130925123 960 116
26130925131 960 116
26130925143 960 116
26130925151 960 116
26130925163 960 116
26130925175 960 116
26130925183 960 116
26130925195 960 116
26130925203 960 116
26130925215 960 116
26130925223 960 116
26130925235 960 116
26130925243 960 116
26130925255 960 116
26130925263 960 116
26130925275 960 116
26130925283 960 116
26130925295 960 116
26130925303 960 116
26130925315 960 116
26130925323 960 116
26130925335 960 116
26130925343 960 116
26130925355 960 116
26130925363 960 116
26130925375 960 116
26130925383 960 116
26130925395 960 116
26130925403 960 116
26130925415 960 116
26130925427 960 116
26130925435 960 116
26130925447 960 116
26130925455 960 116
26130925467 960 116
26130925475 960 116
26130925487 960 116
26130925495 960 116
26130925507 960 116
26130925515 960 116
26130925527 960 116
26130925535 960 116
26130925547 960 116
26130925555 960 116
26130925567 960 116
26130925575 960 116
26130925587 960 116
26130925595 960 116
26130925607 960 116
26130925615 960 116
26130925627 960 116
26130925635 960 116
26130925647 960 116
26130925655 960 116
26130925667 960 116
26130925679 960 116
26130925687 960 116
26130925699 960 116
26130925707 960 116
26130925719 960 116
26130925727 960 116
26130925739 960 116
26130925747 960 116
26130925759 960 116
26130925767 960 116
26130925779 960 116
26130925787 960 116
26130925799 960 116
26130925807 960 116
26130925819 960 116
26130925827 960 116
26130925839 960 116
26130925847 960 116
26130925859 960 116
26130925867 960 116
26130925879 960 116
26130925887 960 116
26130925899 960 116
26130925907 960 116
26130925919 960 116
26130925931 960 116
26130925939 960 116
26130925951 960 116
26130925959 960 116
26130925971 960 116
26130925979 960 116
26130925991 960 116
26130925999 960 116
26130926011 960 116
26130926019 960 116
26130926031 960 116
26130926039 960 116
26130926051 960 116
26130926059 960 116
26130926071 960 116
26130926079 960 116
26130926091 960 116
26130926099 960 116
26130926111 960 116
26130926119 960 116
26130926131 960 116
26130926139 960 116
26130926151 960 116
26130926159 960 116
26130926171 960 116
26130926183 960 116
26130926191 960 116
26130926203 960 116
26130926211 960 116
26130926223 960 116
26130926231 960 116
26130926243 960 116
26130926251 960 116
26130926263 960 116
26130926271 960 116
26130926283 960 116
26130926291 960 116
26130926303 960 116
26130926311 960 116
26130926323 960 116
26130926331 960 116
26130926343 960 116
26130926351 960 116
26130926363 960 116
26130926371 960 116
26130926383 960 116
26130926391 960 116
26130926403 960 116
26130926411 960 116
26130926423 960 116
26130926435 960 116
26130926443 960 116
26130926455 960 116
26130926463 960 116
26130926475 960 116
26130926483 960 116
26130926495 960 116
26130926503 960 116
26130926515 960 116
26130926523 960 116
26130926535 960 116
26130926543 960 116
26130926555 960 540
26130926563 960 540
26130926575 960 540
26130926583 960 540
26130926595 960 540
26130926603 960 540
26130926615 960 540
26130926623 960 540
26130926635 960 540
26130926643 960 540
26130926655 960 540
26130926663 960 540
26130926675 960 540
26130926687 960 540
26130926695 960 540
26130926707 960 540
26130926715 960 540
26130926727 960 540
26130926735 960 540
26130926747 960 540
26130926755 960 540
26130926767 960 540
26130926775 960 540
26130926787 960 540
26130926795 960 540
26130926807 960 540
26130926815 960 540
26130926827 960 540
26130926835 960 540
26130926847 960 540
26130926855 960 540
26130926867 960 540
26130926875 960 540
26130926887 960 540
26130926895 960 540
26130926907 960 540
26130926915 960 540
26130926927 960 540
26130926939 960 540
26130926947 960 540
26130926959 960 540
26130926967 960 540
26130926979 960 540
26130926987 960 540
26130926999 960 540
26130927007 960 540
26130927019 960 540
26130927027 960 540
26130927039 960 540
26130927047 960 540
26130927059 960 540
26130927067 960 540
26130927079 960 540
26130927087 960 540
26130927099 960 540
26130927107 960 540
26130927119 960 540
26130927127 960 540
26130927139 960 540
26130927147 960 540
26130927159 960 540
26130927167 960 540
26130927179 960 540
26130927191 960 540
26130927199 960 540
26130927211 960 540
26130927219 960 540
26130927231 960 540
26130927239 960 540
26130927251 960 540
26130927259 960 540
26130927271 960 540
26130927279 960 540
26130927291 960 540
26130927299 960 540
26130927311 960 540
26130927319 960 540
26130927331 960 540
26130927339 960 540
26130927351 960 540
26130927359 960 540
26130927371 960 540
26130927379 960 540
26130927391 960 540
26130927399 960 540
26130927411 960 540
26130927419 960 540
26130927431 960 540
26130927443 960 540
26130927451 960 540
26130927463 960 540
26130927471 960 540
26130927483 960 540
26130927491 960 540
26130927503 960 540
26130927511 960 540
26130927523 960 540
26130927531 960 540
26130927543 960 540
26130927551 960 540
26130927563 960 540
26130927571 960 540
26130927583 960 540
26130927591 960 540
26130927603 960 540
26130927611 960 540
26130927623 960 540
26130927631 960 540
26130927643 960 540
26130927651 960 540
26130927663 960 540
26130927671 960 540
26130927683 960 540
26130927695 960 540
26130927703 960 540
26130927715 960 540
26130927723 960 540
26130927735 960 540
26130927743 960 540
26130927755 960 540
26130927763 960 540
26130927775 960 540
26130927783 960 540
26130927795 960 540
26130927803 960 540
26130927815 960 540
26130927823 960 540
26130927835 960 540
26130927843 960 540
26130927855 960 540
26130927863 960 540
26130927875 960 540
26130927883 960 540
26130927895 960 540
26130927903 960 540
26130927915 960 540
26130927923 960 540
26130927935 960 540
26130927947 960 540
26130927955 960 540
26130927967 960 540
26130927975 960 540
26130927987 960 540
26130927995 960 540
26130928007 960 540
26130928015 960 540
26130928027 960 540
26130928035 960 540
26130928047 960 540
26130928055 960 116
26130928067 960 116
26130928075 960 116
26130928087 960 116
26130928095 960 116
26130928107 960 116
26130928115 960 116
26130928127 960 116
26130928135 960 116
26130928147 960 116
26130928155 960 116
26130928167 960 116
26130928175 960 116
26130928187 960 116
26130928199 960 116
26130928207 960 116
26130928219 960 116
26130928227 960 116
26130928239 960 116
26130928247 960 116
26130928259 960 116
26130928267 960 116
26130928279 960 116
26130928287 960 116
26130928299 960 116
26130928307 960 116
26130928319 960 116
26130928327 960 116
26130928339 960 116
26130928347 960 116
26130928359 960 116
26130928367 960 116
26130928379 960 116
26130928387 960 116
26130928399 960 116
26130928407 960 116
26130928419 960 116
26130928427 960 116
26130928439 960 116
26130928451 960 116
26130928459 960 116
26130928471 960 116
26130928479 960 116
26130928491 960 116
26130928499 960 116
26130928511 960 116
26130928519 960 116
26130928531 960 116
26130928539 960 116
26130928551 960 116
26130928559 960 116
26130928571 960 116
26130928579 960 116
26130928591 960 116
26130928599 960 116
26130928611 960 116
26130928619 960 116
26130928631 960 116
26130928639 960 116
26130928651 960 116
26130928659 960 116
26130928671 960 116
26130928679 960 116
26130928691 960 116
26130928703 960 116
26130928711 960 116
26130928723 960 116
26130928731 960 116
26130928743 960 116
26130928751 960 116
26130928763 960 116
26130928771 960 116
26130928783 960 116
26130928791 960 116
26130928803 960 116
26130928811 960 116
26130928823 960 116
26130928831 960 116
26130928843 960 116
26130928851 960 116
26130928863 960 116
26130928871 960 116
26130928883 960 116
26130928891 960 116
26130928903 960 116
26130928911 960 116
26130928923 960 116
26130928931 960 116
26130928943 960 116
26130928955 960 116
26130928963 960 116
26130928975 960 116
26130928983 960 116
26130928995 960 116
26130929003 960 116
26130929015 960 116
26130929023 960 116
26130929035 960 116
26130929043 960 116
26130929055 960 116
26130929063 960 116
26130929075 960 116
26130929083 960 116
26130929095 960 116
26130929103 960 116
26130929115 960 116
26130929123 960 116
26130929135 960 116
26130929143 960 116
26130929155 960 116
26130929163 960 116
26130929175 960 116
26130929183 960 116
26130929195 960 116
26130929207 960 116
26130929215 960 116
26130929227 960 116
26130929235 960 116
26130929247 960 116
26130929255 960 116
26130929267 960 116
26130929275 960 116
26130929287 960 116
26130929295 960 116
26130929307 960 116
26130929315 960 116
26130929327 960 116
26130929335 960 116
26130929347 960 116
26130929355 960 116
26130929367 960 116
26130929375 960 116
26130929387 960 116
26130929395 960 116
26130929407 960 116
26130929415 960 116
26130929427 960 116
26130929435 960 116
26130929447 960 116
26130929459 960 116
26130929467 960 116
26130929479 960 116
26130929487 960 116
26130929499 960 116
26130929507 960 116
26130929519 960 116
26130929527 960 116
26130929539 960 116
26130929547 960 116
26130929559 960 540
26130929567 960 540
26130929579 960 540
26130929587 960 540
26130929599 960 540
26130929607 960 540
26130929619 960 540
26130929627 960 540
26130929639 960 540
26130929647 960 540
26130929659 960 540
26130929667 960 540
26130929679 960 540
26130929687 960 540
26130929699 960 540
26130929711 960 540
26130929719 960 540
26130929731 960 540
26130929739 960 540
26130929751 960 540
26130929759 960 540
26130929771 960 540
26130929779 960 540
26130929791 960 540
26130929799 960 540
26130929811 960 540
26130929819 960 540
26130929831 960 540
26130929839 960 540
26130929851 960 540
26130929859 960 540
26130929871 960 540
26130929879 960 540
26130929891 960 540
26130929899 960 540
26130929911 960 540
26130929919 960 540
26130929931 960 540
26130929939 960 540
26130929951 960 540
26130929963 960 540
26130929971 960 540
26130929983 960 540
26130929991 960 540
26130930003 960 540
26130930011 960 540
26130930023 960 540
26130930031 960 540
26130930043 960 540
26130930051 960 540
26130930063 960 540
26130930071 960 540
26130930083 960 540
26130930091 960 540
26130930103 960 540
26130930111 960 540
26130930123 960 540
26130930131 960 540
26130930143 960 540
26130930151 960 540
26130930163 960 540
26130930171 960 540
26130930183 960 540
26130930191 960 540
26130930203 960 540
26130930215 960 540
26130930223 960 540
26130930235 960 540
26130930243 960 540
26130930255 960 540
26130930263 960 540
26130930275 960 540
26130930283 960 540
26130930295 960 540
26130930303 960 540
26130930315 960 540
26130930323 960 540
26130930335 960 540
26130930343 960 540
26130930355 960 540
26130930363 960 540
26130930375 960 540
26130930383 960 540
26130930395 960 540
26130930403 960 540
26130930415 960 540
26130930423 960 540
26130930435 960 540
26130930443 960 540
26130930455 960 540
26130930467 960 540
26130930475 960 540
26130930487 960 540
26130930495 960 540
26130930507 960 540
26130930515 960 540
26130930527 960 540
26130930535 960 540
26130930547 960 540
26130930555 960 540
26130930567 960 540
26130930575 960 540
26130930587 960 540
26130930595 960 540
26130930607 960 540
26130930615 960 540
26130930627 960 540
26130930635 960 540
26130930647 960 540
26130930655 960 540
26130930667 960 540
26130930675 960 540
26130930687 960 540
26130930695 960 540
26130930707 960 540
26130930719 960 540
26130930727 960 540
26130930739 960 540
26130930747 960 540
26130930759 960 540
26130930767 960 540
26130930779 960 540
26130930787 960 540
26130930799 960 540
26130930807 960 540
26130930819 960 540
26130930827 960 540
26130930839 960 540
26130930847 960 540
26130930859 960 540
26130930867 960 540
26130930879 960 540
26130930887 960 540
26130930899 960 540
26130930907 960 540
26130930919 960 540
26130930927 960 540
26130930939 960 540
26130930947 960 540
26130930959 960 540
26130930971 960 540
26130930979 960 540
26130930991 960 540
26130930999 960 540
26130931011 960 540
26130931019 960 540
26130931031 960 540
26130931039 960 540
26130931051 960 540
26130931059 960 116
26130931074 960 116
26130931081 960 116
26130931091 960 116
26130931099 960 116
26130931111 960 116
26130931119 960 116
26130931131 960 116
26130931140 960 116
26130931151 960 116
26130931159 960 116
26130931171 960 116
26130931179 960 116
26130931191 960 116
26130931199 960 116
26130931211 960 116
26130931223 960 116
26130931231 960 116
26130931243 960 116
26130931251 960 116
26130931263 960 116
26130931271 960 116
26130931283 960 116
26130931291 960 116
26130931303 960 116
26130931311 960 116
26130931323 960 116
26130931331 960 116
26130931343 960 116
26130931351 960 116
26130931363 960 116
26130931371 960 116
26130931383 960 116
26130931391 960 116
26130931403 960 116
26130931411 960 116
26130931423 960 116
26130931431 960 116
26130931443 960 116
26130931451 960 116
26130931463 960 116
26130931475 960 116
26130931483 960 116
26130931495 960 116
26130931503 960 116
26130931515 960 116
26130931523 960 116
26130931535 960 116
26130931543 960 116
26130931555 960 116
26130931563 960 116
26130931575 960 116
26130931583 960 116
26130931595 960 116
26130931603 960 116
26130931615 960 116
26130931623 960 116
26130931635 960 116
26130931643 960 116
26130931655 960 116
26130931663 960 116
26130931675 960 116
26130931683 960 116
26130931695 960 116
26130931703 960 116
26130931715 960 116
26130931727 960 116
26130931735 960 116
26130931747 960 116
26130931755 960 116
26130931767 960 116
26130931775 960 116
26130931787 960 116
26130931795 960 116
26130931807 960 116
26130931815 960 116
26130931827 960 116
26130931835 960 116
26130931847 960 116
26130931855 960 116
26130931867 960 116
26130931875 960 116
26130931887 960 116
26130931895 960 116
26130931907 960 116
26130931915 960 116
26130931927 960 116
26130931935 960 116
26130931947 960 116
26130931955 960 116
26130931967 960 116
26130931979 960 116
26130931987 960 116
26130931999 960 116
26130932007 960 116
26130932019 960 116
26130932027 960 116
26130932039 960 116
26130932047 960 116
26130932059 960 116
26130932067 960 116
26130932079 960 116
26130932087 960 116
26130932100 960 116
26130932107 960 116
26130932119 960 116
26130932127 960 116
26130932139 960 116
26130932147 960 116
26130932159 960 116
26130932167 960 116
26130932179 960 116
26130932187 960 116
26130932199 960 116
26130932207 960 116
26130932219 960 116
26130932231 960 116
26130932239 960 116
26130932251 960 116
26130932259 960 116
26130932271 960 116
26130932279 960 116
26130932291 960 116
26130932299 960 116
26130932311 960 116
26130932319 960 116
26130932331 960 116
26130932339 960 116
26130932351 960 116
26130932359 960 116
26130932371 960 116
26130932379 960 116
26130932391 960 116
26130932399 960 116
26130932411 960 116
26130932419 960 116
26130932431 960 116
26130932439 960 116
26130932451 960 116
26130932459 960 116
26130932471 960 116
26130932483 960 116
26130932491 960 116
26130932503 960 116
26130932511 960 116
26130932523 960 116
26130932531 960 116
26130932543 960 116
26130932551 960 116
26130932563 960 540
26130932571 960 540
26130932583 960 540
26130932591 960 540
26130932603 960 540
26130932611 960 540
26130932623 960 540
26130932631 960 540
26130932643 960 540
26130932651 960 540
26130932663 960 540
26130932671 960 540
26130932683 960 540
26130932691 960 540
26130932703 960 540
26130932711 960 540
26130932723 960 540
26130932735 960 540
26130932743 960 540
26130932755 960 540
26130932763 960 540
26130932775 960 540
26130932783 960 540
26130932795 960 540
26130932803 960 540
26130932815 960 540
26130932823 960 540
26130932835 960 540
26130932843 960 540
26130932855 960 540
26130932863 960 540
26130932875 960 540
26130932883 960 540
26130932895 960 540
26130932903 960 540
26130932915 960 540
26130932923 960 540
26130932935 960 540
26130932943 960 540
26130932955 960 540
26130932963 960 540
26130932975 960 540
26130932987 960 540
26130932995 960 540
26130933007 960 540
26130933015 960 540
26130933027 960 540
26130933035 960 540
26130933047 960 540
26130933055 960 540
26130933067 960 540
26130933075 960 540
26130933087 960 540
26130933095 960 540
26130933107 960 540
26130933115 960 540
26130933127 960 540
26130933135 960 540
26130933147 960 540
26130933155 960 540
26130933167 960 540
26130933175 960 540
26130933187 960 540
26130933195 960 540
26130933207 960 540
26130933215 960 540
26130933227 960 540
26130933239 960 540
26130933247 960 540
26130933259 960 540
26130933267 960 540
26130933279 960 540
26130933287 960 540
26130933299 960 540
26130933307 960 540
26130933319 960 540
26130933327 960 540
26130933339 960 540
26130933347 960 540
26130933359 960 540
26130933367 960 540
26130933379 960 540
26130933387 960 540
26130933399 960 540
26130933407 960 540
26130933419 960 540
26130933427 960 540
26130933439 960 540
26130933447 960 540
26130933459 960 540
26130933467 960 540
26130933479 960 540
26130933491 960 540
26130933500 960 540
26130933511 960 540
26130933519 960 540
26130933531 960 540
26130933539 960 540
26130933551 960 540
26130933559 960 540
26130933571 960 540
26130933579 960 540
26130933591 960 540
26130933599 960 540
26130933611 960 540
26130933619 960 540
26130933631 960 540
26130933639 960 540
26130933651 960 540
26130933659 960 540
26130933671 960 540
26130933679 960 540
26130933691 960 540
26130933699 960 540
26130933711 960 540
26130933719 960 540
26130933731 960 540
26130933743 960 540
26130933751 960 540
26130933763 960 540
26130933771 960 540
26130933783 960 540
26130933791 960 540
26130933803 960 540
26130933811 960 540
26130933823 960 540
26130933831 960 540
26130933843 960 540
26130933851 960 540
26130933863 960 540
26130933871 960 540
26130933883 960 540
26130933891 960 540
26130933903 960 540
26130933911 960 540
26130933923 960 540
26130933931 960 540
26130933943 960 540
26130933951 960 540
26130933963 960 540
26130933971 960 540
26130933983 960 540
26130933995 960 540
26130934003 960 540
26130934015 960 540
26130934023 960 540
26130934035 960 540
26130934043 960 540
26130934055 960 540
26130934063 960 751
26130934075 960 751
26130934083 960 751
26130934095 960 751
26130934103 960 751
26130934115 960 751
26130934123 960 751
26130934135 960 751
26130934143 960 751
26130934155 960 751
26130934163 960 751
26130934175 960 751
26130934183 960 751
26130934195 960 751
26130934203 960 751
26130934215 960 751
26130934223 960 751
26130934235 960 751
26130934247 960 751
26130934255 960 751
26130934267 960 751
26130934275 960 751
26130934287 960 751
26130934295 960 751
26130934307 960 751
26130934315 960 751
26130934327 960 751
26130934335 960 751
26130934347 960 751
26130934355 960 751
26130934367 960 751
26130934375 960 751
26130934387 960 751
26130934395 960 751
26130934407 960 751
26130934415 960 751
26130934427 960 751
26130934435 960 751
26130934447 960 751
26130934455 960 751
26130934467 960 751
26130934475 960 751
26130934487 960 751
26130934499 960 751
26130934507 960 751
26130934519 960 751
26130934527 960 751
26130934539 960 751
26130934547 960 751
26130934559 960 751
26130934567 960 751
26130934579 960 751
26130934587 960 751
26130934599 960 751
26130934607 960 751
26130934619 960 751
26130934627 960 751
26130934639 960 751
26130934653 960 751
26130934659 960 751
26130934667 960 751
26130934842 960 751
26130934848 960 751
26130934855 960 751
26130934859 960 751
26130934864 960 751
26130934868 960 751
26130934871 960 751
26130934874 960 751
26130934877 960 751
26130934881 960 751
26130934883 960 751
26130934886 960 751
26130934888 960 751
26130934890 960 751
26130934893 960 751
26130934896 960 751
26130934898 960 751
26130934901 960 751
26130934903 960 751
26130934905 960 751
26130934908 960 751
26130934910 960 751
26130934913 960 751
26130934916 960 751
26130934919 960 751
26130934931 960 751
26130934939 960 751
26130934951 960 751
26130934959 960 751
26130934971 960 751
26130934979 960 751
26130934991 960 751
26130935003 960 751
26130935011 960 751
26130935023 960 751
26130935031 960 751
26130935043 960 751
26130935051 960 751
26130935063 960 751
26130935071 960 751
26130935083 960 751
26130935091 960 751
26130935103 960 751
26130935111 960 751
26130935123 960 751
26130935131 960 751
26130935143 960 751
26130935151 960 751
26130935163 960 751
26130935171 960 751
26130935183 960 751
26130935191 960 751
26130935203 960 751
26130935211 960 751
26130935223 960 751
26130935231 960 751
26130935243 960 751
26130935255 960 751
26130935263 960 751
26130935275 960 751
26130935283 960 751
26130935295 960 751
26130935303 960 751
26130935315 960 751
26130935323 960 751
26130935335 960 751
26130935343 960 751
26130935355 960 751
26130935363 960 751
26130935375 960 751
26130935383 960 751
26130935395 960 751
26130935403 960 751
26130935415 960 751
26130935423 960 751
26130935435 960 751
26130935443 960 751
26130935455 960 751
26130935463 960 751
26130935475 960 751
26130935483 960 751
26130935495 960 751
26130935507 960 751
26130935515 960 751
26130935527 960 751
26130935535 960 751
26130935547 960 751
26130935555 960 751
26130935567 960 540
26130935575 960 540
26130935587 960 540
26130935595 960 540
26130935607 960 540
26130935615 960 540
26130935627 960 540
26130935635 960 540
26130935647 960 540
26130935655 960 540
26130935667 960 540
26130935675 960 540
26130935687 960 540
26130935695 960 540
26130935707 960 540
26130935715 960 540
26130935727 960 540
26130935735 960 540
26130935747 960 540
26130935759 960 540
26130935767 960 540
26130935779 960 540
26130935787 960 540
26130935799 960 540
26130935807 960 540
26130935819 960 540
26130935827 960 540
26130935839 960 540
26130935847 960 540
26130935859 960 540
26130935867 960 540
26130935879 960 540
26130935887 960 540
26130935899 960 540
26130935907 960 540
26130935919 960 540
26130935927 960 540
26130935939 960 540
26130935947 960 540
26130935959 960 540
26130935967 960 540
26130935979 960 540
26130935987 960 540
26130935999 960 540
26130936011 960 540
26130936019 960 540
26130936031 960 540
26130936039 960 540
26130936051 960 540
26130936059 960 540
26130936071 960 540
26130936079 960 540
26130936091 960 540
26130936099 960 540
26130936111 960 540
26130936119 960 540
26130936131 960 540
26130936139 960 540
26130936151 960 540
26130936159 960 540
26130936171 960 540
26130936179 960 540
26130936191 960 540
26130936199 960 540
26130936211 960 540
26130936219 960 540
26130936231 960 540
26130936239 960 540
26130936251 960 540
26130936263 960 540
26130936271 960 540
26130936283 960 540
26130936291 960 540
26130936303 960 540
26130936311 960 540
26130936323 960 540
26130936331 960 540
26130936343 960 540
26130936351 960 540
26130936363 960 540
26130936370 960 540
26130936383 960 540
26130936391 960 540
26130936403 960 540
26130936411 960 540
26130936423 960 540
26130936431 960 540
26130936443 960 540
26130936451 960 540
26130936463 960 540
26130936471 960 540
26130936483 960 540
26130936491 960 540
26130936503 960 540
26130936515 960 540
26130936523 960 540
26130936535 960 540
26130936543 960 540
26130936555 960 540
26130936563 960 540
26130936575 960 540
26130936583 960 540
26130936595 960 540
26130936603 960 540
26130936615 960 540
26130936623 960 540
26130936635 960 540
26130936643 960 540
26130936655 960 540
26130936663 960 540
26130936675 960 540
26130936683 960 540
26130936695 960 540
26130936703 960 540
26130936715 960 540
26130936723 960 540
26130936735 960 540
26130936743 960 540
26130936755 960 540
26130936767 960 540
26130936775 960 540
26130936787 960 540
26130936795 960 540
26130936807 960 540
26130936815 960 540
26130936827 960 540
26130936835 960 540
26130936847 960 540
26130936855 960 540
26130936867 960 540
26130936875 960 540
26130936887 960 540
26130936895 960 540
26130936907 960 540
26130936915 960 540
26130936927 960 540
26130936935 960 540
26130936947 960 540
26130936955 960 540
26130936967 960 540
26130936975 960 540
26130936987 960 540
26130936995 960 540
26130937007 960 540
26130937019 960 540
26130937027 960 540
26130937039 960 540
26130937047 960 540
26130937059 960 540
26130937067 960 751
26130937079 960 751
26130937087 960 751
26130937099 960 751
26130937107 960 751
26130937119 960 751
26130937127 960 751
26130937139 960 751
26130937147 960 751
26130937159 960 751
26130937167 960 751
26130937179 960 751
26130937187 960 751
26130937199 960 751
26130937207 960 751
26130937219 960 751
26130937227 960 751
26130937239 960 751
26130937247 960 751
26130937259 960 751
26130937271 960 751
26130937279 960 751
26130937291 960 751
26130937299 960 751
26130937311 960 751
26130937319 960 751
26130937331 960 751
26130937339 960 751
26130937351 960 751
26130937359 960 751
26130937371 960 751
26130937379 960 751
26130937391 960 751
26130937399 960 751
26130937411 960 751
26130937419 960 751
26130937431 960 751
26130937439 960 751
26130937451 960 751
26130937459 960 751
26130937471 960 751
26130937479 960 751
26130937491 960 751
26130937499 960 751
26130937511 960 751
26130937523 960 751
26130937531 960 751
26130937543 960 751
26130937551 960 751
26130937563 960 751
26130937571 960 751
26130937583 960 751
26130937591 960 751
26130937603 960 751
26130937611 960 751
26130937623 960 751
26130937631 960 751
26130937643 960 751
26130937651 960 751
26130937663 960 751
26130937671 960 751
26130937683 960 751
26130937691 960 751
26130937703 960 751
26130937711 960 751
26130937723 960 751
26130937731 960 751
26130937743 960 751
26130937751 960 751
26130937763 960 751
26130937775 960 751
26130937783 960 751
26130937795 960 751
26130937803 960 751
26130937815 960 751
26130937823 960 751
26130937835 960 751
26130937843 960 751
26130937855 960 751
26130937863 960 751
26130937875 960 751
26130937883 960 751
26130937895 960 751
26130937903 960 751
26130937915 960 751
26130937923 960 751
26130937935 960 751
26130937943 960 751
26130937955 960 751
26130937963 960 751
26130937975 960 751
26130937983 960 751
26130937995 960 751
26130938003 960 751
26130938015 960 751
26130938027 960 751
26130938035 960 751
26130938047 960 751
26130938055 960 751
26130938067 960 751
26130938075 960 751
26130938087 960 751
26130938095 960 751
26130938107 960 751
26130938115 960 751
26130938127 960 751
26130938135 960 751
26130938147 960 751
26130938155 960 751
26130938167 960 751
26130938175 960 751
26130938187 960 751
26130938195 960 751
26130938207 960 751
26130938215 960 751
26130938227 960 751
26130938235 960 751
26130938247 960 751
26130938255 960 751
26130938267 960 751
26130938279 960 751
26130938287 960 751
26130938299 960 751
26130938307 960 751
26130938319 960 751
26130938327 960 751
26130938339 960 751
26130938347 960 751
26130938359 960 751
26130938367 960 751
26130938379 960 751
26130938387 960 751
26130938399 960 751
26130938407 960 751
26130938419 960 751
26130938427 960 751
26130938439 960 751
26130938447 960 751
26130938459 960 751
26130938467 960 751
26130938479 960 751
26130938487 960 751
26130938499 960 751
26130938507 960 751
26130938519 960 751
26130938531 960 751
26130938539 960 751
26130938551 960 751
26130938559 960 751
26130938571 960 540
26130938579 960 540
26130938591 960 540
26130938599 960 540
26130938611 960 540
26130938619 960 540
26130938631 960 540
26130938639 960 540
26130938651 960 540
26130938659 960 540
26130938671 960 540
26130938679 960 540
26130938691 960 540
26130938699 960 540
26130938711 960 540
26130938719 960 540
26130938731 960 540
26130938739 960 540
26130938751 960 540
26130938759 960 540
26130938771 960 540
26130938783 960 540
26130938791 960 540
26130938803 960 540
26130938811 960 540
26130938823 960 540
26130938831 960 540
26130938843 960 540
26130938851 960 540
26130938863 960 540
26130938871 960 540
26130938883 960 540
26130938891 960 540
26130938903 960 540
26130938911 960 540
26130938923 960 540
26130938931 960 540
26130938943 960 540
26130938951 960 540
26130938963 960 540
26130938971 960 540
26130938983 960 540
26130938991 960 540
26130939003 960 540
26130939011 960 540
26130939023 960 540
26130939035 960 540
26130939043 960 540
26130939055 960 540
26130939063 960 540
26130939075 960 540
26130939083 960 540
26130939095 960 540
26130939103 960 540
26130939115 960 540
26130939123 960 540
26130939135 960 540
26130939143 960 540
26130939155 960 540
26130939163 960 540
26130939175 960 540
26130939183 960 540
26130939195 960 540
26130939203 960 540
26130939215 960 540
26130939223 960 540
26130939235 960 540
26130939243 960 540
26130939255 960 540
26130939263 960 540
26130939275 960 540
26130939287 960 540
26130939295 960 540
26130939307 960 540
26130939315 960 540
26130939327 960 540
26130939335 960 540
26130939347 960 540
26130939355 960 540
26130939367 960 540
26130939375 960 540
26130939387 960 540
26130939395 960 540
26130939407 960 540
26130939415 960 540
26130939427 960 540
26130939435 960 540
26130939447 960 540
26130939455 960 540
26130939467 960 540
26130939475 960 540
26130939487 960 540
26130939495 960 540
26130939507 960 540
26130939515 960 540
26130939527 960 540
26130939539 960 540
26130939547 960 540
26130939559 960 540
26130939567 960 540
26130939579 960 540
26130939587 960 540
26130939599 960 540
26130939607 960 540
26130939619 960 540
26130939627 960 540
26130939639 960 540
26130939647 960 540
26130939659 960 540
26130939667 960 540
26130939679 960 540
26130939687 960 540
26130939699 960 540
26130939707 960 540
26130939719 960 540
26130939727 960 540
26130939739 960 540
26130939747 960 540
26130939759 960 540
26130939767 960 540
26130939779 960 540
26130939791 960 540
26130939799 960 540
26130939811 960 540
26130939819 960 540
26130939831 960 540
26130939839 960 540
26130939851 960 540
26130939859 960 540
26130939871 960 540
26130939879 960 540
26130939891 960 540
26130939899 960 540
26130939911 960 540
26130939919 960 540
26130939931 960 540
26130939939 960 540
26130939951 960 540
26130939959 960 540
26130939971 960 540
26130939979 960 540
26130939991 960 540
26130939999 960 540
26130940011 960 540
26130940019 960 540
26130940031 960 540
26130940043 960 540
26130940051 960 540
26130940063 960 540
26130940071 960 963
26130940083 960 963
26130940091 960 963
26130940103 960 963
26130940111 960 963
26130940123 960 963
26130940131 960 963
26130940143 960 963
26130940151 960 963
26130940163 960 963
26130940171 960 963
26130940183 960 963
26130940191 960 963
26130940203 960 963
26130940211 960 963
26130940223 960 963
26130940231 960 963
26130940243 960 963
26130940251 960 963
26130940263 960 963
26130940271 960 963
26130940283 960 963
26130940295 960 963
26130940303 960 963
26130940315 960 963
26130940323 960 963
26130940335 960 963
26130940343 960 963
26130940355 960 963
26130940363 960 963
26130940375 960 963
26130940383 960 963
26130940395 960 963
26130940403 960 963
26130940415 960 963
26130940423 960 963
26130940435 960 963
26130940443 960 963
26130940455 960 963
26130940463 960 963
26130940475 960 963
26130940483 960 963
26130940495 960 963
26130940503 960 963
26130940515 960 963
26130940523 960 963
26130940535 960 963
26130940547 960 963
26130940555 960 963
26130940567 960 963
26130940575 960 963
26130940587 960 963
26130940595 960 963
26130940607 960 963
26130940615 960 963
26130940627 960 963
26130940635 960 963
26130940647 960 963
26130940655 960 963
26130940667 960 963
26130940675 960 963
26130940687 960 963
26130940695 960 963
26130940707 960 963
26130940715 960 963
26130940727 960 963
26130940735 960 963
26130940747 960 963
26130940755 960 963
26130940767 960 963
26130940775 960 963
26130940787 960 963
26130940799 960 963
26130940807 960 963
26130940819 960 963
26130940827 960 963
26130940839 960 963
26130940847 960 963
26130940859 960 963
26130940867 960 963
26130940879 960 963
26130940887 960 963
26130940899 960 963
26130940907 960 963
26130940919 960 963
26130940927 960 963
26130940939 960 963
26130940947 960 963
26130940959 960 963
26130940967 960 963
26130940979 960 963
26130940987 960 963
26130940999 960 963
26130941007 960 963
26130941019 960 963
26130941027 960 963
26130941039 960 963
26130941051 960 963
26130941059 960 963
26130941071 960 963
26130941079 960 963
26130941091 960 963
26130941099 960 963
26130941111 960 963
26130941119 960 963
26130941131 960 963
26130941139 960 963
26130941151 960 963
26130941159 960 963
26130941171 960 963
26130941179 960 963
26130941191 960 963
26130941199 960 963
26130941211 960 963
26130941219 960 963
26130941231 960 963
26130941239 960 963
26130941251 960 963
26130941259 960 963
26130941271 960 963
26130941279 960 963
26130941291 960 963
26130941303 960 963
26130941311 960 963
26130941323 960 963
26130941331 960 963
26130941343 960 963
26130941351 960 963
26130941363 960 963
26130941371 960 963
26130941383 960 963
26130941391 960 963
26130941403 960 963
26130941411 960 963
26130941423 960 963
26130941431 960 963
26130941443 960 963
26130941451 960 963
26130941463 960 963
26130941471 960 963
26130941483 960 963
26130941491 960 963
26130941503 960 963
26130941511 960 963
26130941523 960 963
26130941531 960 963
26130941543 960 963
26130941555 960 963
26130941563 960 963
26130941575 960 540
26130941583 960 540
26130941595 960 540
26130941603 960 540
26130941615 960 540
26130941623 960 540
26130941635 960 540
26130941643 960 540
26130941655 960 540
26130941663 960 540
26130941675 960 540
26130941683 960 540
26130941695 960 540
26130941703 960 540
26130941715 960 540
26130941723 960 540
26130941735 960 540
26130941743 960 540
26130941755 960 540
26130941763 960 540
26130941775 960 540
26130941783 960 540
26130941795 960 540
26130941807 960 540
26130941815 960 540
26130941827 960 540
26130941835 960 540
26130941847 960 540
26130941855 960 540
26130941867 960 540
26130941875 960 540
26130941887 960 540
26130941895 960 540
26130941907 960 540
26130941915 960 540
26130941927 960 540
26130941935 960 540
26130941947 960 540
26130941955 960 540
26130941967 960 540
26130941975 960 540
26130941987 960 540
26130941995 960 540
26130942007 960 540
26130942015 960 540
26130942027 960 540
26130942035 960 540
26130942047 960 540
26130942059 960 540
26130942067 960 540
26130942079 960 540
26130942087 960 540
26130942099 960 540
26130942107 960 540
26130942119 960 540
26130942127 960 540
26130942139 960 540
26130942147 960 540
26130942159 960 540
26130942167 960 540
26130942179 960 540
26130942187 960 540
26130942199 960 540
26130942207 960 540
26130942219 960 540
26130942227 960 540
26130942239 960 540
26130942247 960 540
26130942259 960 540
26130942267 960 540
26130942279 960 540
26130942287 960 540
26130942299 960 540
26130942311 960 540
26130942319 960 540
26130942331 960 540
26130942339 960 540
26130942351 960 540
26130942359 960 540
26130942371 960 540
26130942379 960 540
26130942391 960 540
26130942399 960 540
26130942411 960 540
26130942419 960 540
26130942431 960 540
26130942439 960 540
26130942451 960 540
26130942459 960 540
26130942471 960 540
26130942479 960 540
26130942491 960 540
26130942499 960 540
26130942511 960 540
26130942519 960 540
26130942531 960 540
26130942539 960 540
26130942551 960 540
26130942563 960 540
26130942571 960 540
26130942583 960 540
26130942591 960 540
26130942603 960 540
26130942611 960 540
26130942623 960 540
26130942631 960 540
26130942643 960 540
26130942651 960 540
26130942663 960 540
26130942671 960 540
26130942683 960 540
26130942691 960 540
26130942703 960 540
26130942711 960 540
26130942723 960 540
26130942731 960 540
26130942743 960 540
26130942751 960 540
26130942763 960 540
26130942771 960 540
26130942783 960 540
26130942791 960 540
26130942803 960 540
26130942815 960 540
26130942823 960 540
26130942835 960 540
26130942843 960 540
26130942855 960 540
26130942863 960 540
26130942875 960 540
26130942883 960 540
26130942895 960 540
26130942903 960 540
26130942915 960 540
26130942923 960 540
26130942935 960 540
26130942943 960 540
26130942955 960 540
26130942963 960 540
26130942975 960 540
26130942983 960 540
26130942995 960 540
26130943003 960 540
26130943015 960 540
26130943023 960 540
26130943035 960 540
26130943043 960 540
26130943055 960 540
26130943067 960 540
26130943075 960 963
26130943088 960 963
26130943095 960 963
26130943107 960 963
26130943115 960 963
26130943127 960 963
26130943135 960 963
26130943147 960 963
26130943155 960 963
26130943167 960 963
26130943175 960 963
26130943187 960 963
26130943195 960 963
26130943207 960 963
26130943215 960 963
26130943227 960 963
26130943235 960 963
26130943247 960 963
26130943255 960 963
26130943267 960 963
26130943275 960 963
26130943287 960 963
26130943295 960 963
26130943307 960 963
26130943319 960 963
26130943327 960 963
26130943339 960 963
26130943347 960 963
26130943359 960 963
26130943367 960 963
26130943379 960 963
26130943387 960 963
26130943399 960 963
26130943407 960 963
26130943419 960 963
26130943427 960 963
26130943439 960 963
26130943447 960 963
26130943459 960 963
26130943467 960 963
26130943479 960 963
26130943487 960 963
26130943499 960 963
26130943507 960 963
26130943519 960 963
26130943527 960 963
26130943539 960 963
26130943547 960 963
26130943559 960 963
26130943571 960 963
26130943579 960 963
26130943591 960 963
26130943599 960 963
26130943611 960 963
26130943619 960 963
26130943631 960 963
26130943639 960 963
26130943651 960 963
26130943659 960 963
26130943671 960 963
26130943679 960 963
26130943691 960 963
26130943699 960 963
26130943711 960 963
26130943719 960 963
26130943731 960 963
26130943739 960 963
26130943751 960 963
26130943759 960 963
26130943771 960 963
26130943779 960 963
26130943791 960 963
26130943799 960 963
26130943811 960 963
26130943823 960 963
26130943831 960 963
26130943843 960 963
26130943851 960 963
26130943863 960 963
26130943871 960 963
26130943883 960 963
26130943891 960 963
26130943903 960 963
26130943911 960 963
26130943923 960 963
26130943931 960 963
26130943943 960 963
26130943951 960 963
26130943963 960 963
26130943971 960 963
26130943983 960 963
26130943991 960 963
26130944003 960 963
26130944011 960 963
26130944023 960 963
26130944031 960 963
26130944043 960 963
26130944051 960 963
26130944063 960 963
26130944075 960 963
26130944083 960 963
26130944095 960 963
26130944103 960 963
26130944115 960 963
26130944123 960 963
26130944135 960 963
26130944143 960 963
26130944155 960 963
26130944163 960 963
26130944175 960 963
26130944183 960 963
26130944195 960 963
26130944203 960 963
26130944215 960 963
26130944223 960 963
26130944235 960 963
26130944243 960 963
26130944255 960 963
26130944263 960 963
26130944275 960 963
26130944283 960 963
26130944295 960 963
26130944303 960 963
26130944315 960 963
26130944327 960 963
26130944335 960 963
26130944347 960 963
26130944355 960 963
26130944367 960 963
26130944375 960 963
26130944387 960 963
26130944395 960 963
26130944407 960 963
26130944415 960 963
26130944427 960 963
26130944435 960 963
26130944447 960 963
26130944455 960 963
26130944467 960 963
26130944475 960 963
26130944487 960 963
26130944495 960 963
26130944507 960 963
26130944515 960 963
26130944527 960 963
26130944535 960 963
26130944547 960 963
26130944555 960 963
26130944567 960 963
26130944579 960 540
26130944587 960 540
26130944599 960 540
26130944607 960 540
26130944619 960 540
26130944627 960 540
26130944639 960 540
26130944647 960 540
26130944659 960 540
26130944667 960 540
26130944679 960 540
26130944687 960 540
26130944699 960 540
26130944707 960 540
26130944719 960 540
26130944727 960 540
26130944739 960 540
26130944747 960 540
26130944759 960 540
26130944767 960 540
26130944779 960 540
26130944787 960 540
26130944799 960 540
26130944807 960 540
26130944819 960 540
26130944831 960 540
26130944839 960 540
26130944851 960 540
26130944859 960 540
26130944871 960 540
26130944879 960 540
26130944891 960 540
26130944899 960 540
26130944911 960 540
26130944919 960 540
26130944931 960 540
26130944939 960 540
26130944951 960 540
26130944959 960 540
26130944971 960 540
26130944979 960 540
26130944991 960 540
26130944999 960 540
26130945011 960 540
26130945019 960 540
26130945031 960 540
26130945039 960 540
26130945051 960 540
26130945059 960 540
26130945071 960 540
26130945083 960 540
26130945091 960 540
26130945103 960 540
26130945111 960 540
26130945123 960 540
26130945131 960 540
26130945143 960 540
26130945151 960 540
26130945163 960 540
26130945171 960 540
26130945183 960 540
26130945191 960 540
26130945203 960 540
26130945211 960 540
26130945223 960 540
26130945231 960 540
26130945243 960 540
26130945251 960 540
26130945263 960 540
26130945271 960 540
26130945283 960 540
26130945291 960 540
26130945303 960 540
26130945311 960 540
26130945323 960 540
26130945335 960 540
26130945343 960 540
26130945355 960 540
26130945363 960 540
26130945375 960 540
26130945383 960 540
26130945395 960 540
26130945403 960 540
26130945415 960 540
26130945423 960 540
26130945435 960 540
26130945443 960 540
26130945455 960 540
26130945463 960 540
26130945475 960 540
26130945483 960 540
26130945495 960 540
26130945503 960 540
26130945515 960 540
26130945523 960 540
26130945535 960 540
26130945543 960 540
26130945555 960 540
26130945563 960 540
26130945575 960 540
26130945587 960 540
26130945595 960 540
26130945607 960 540
26130945615 960 540
26130945627 960 540
26130945635 960 540
26130945647 960 540
26130945655 960 540
26130945667 960 540
26130945675 960 540
26130945687 960 540
26130945695 960 540
26130945707 960 540
26130945715 960 540
26130945727 960 540
26130945735 960 540
26130945747 960 540
26130945755 960 540
26130945767 960 540
26130945775 960 540
26130945787 960 540
26130945795 960 540
26130945807 960 540
26130945815 960 540
26130945827 960 540
26130945839 960 540
26130945847 960 540
26130945859 960 540
26130945867 960 540
26130945879 960 540
26130945887 960 540
26130945899 960 540
26130945907 960 540
26130945919 960 540
26130945927 960 540
26130945939 960 540
26130945947 960 540
26130945959 960 540
26130945967 960 540
26130945979 960 540
26130945987 960 540
26130945999 960 540
26130946007 960 540
26130946019 960 540
26130946027 960 540
26130946039 960 540
26130946047 960 540
26130946059 960 540
26130946067 960 540
26130946079 960 328
26130946091 960 328
26130946099 960 328
26130946111 960 328
26130946119 960 328
26130946131 960 328
26130946139 960 328
26130946151 960 328
26130946159 960 328
26130946171 960 328
26130946179 960 328
26130946191 960 328
26130946199 960 328
26130946211 960 328
26130946219 960 328
26130946231 960 328
26130946239 960 328
26130946251 960 328
26130946259 960 328
26130946271 960 328
26130946279 960 328
26130946291 960 328
26130946299 960 328
26130946310 960 328
26130946318 960 328
26130946330 960 328
26130946343 960 328
26130946351 960 328
26130946362 960 328
26130946371 960 328
26130946382 960 328
26130946390 960 328
26130946403 960 328
26130946411 960 328
26130946423 960 328
26130946431 960 328
26130946443 960 328
26130946451 960 328
26130946463 960 328
26130946471 960 328
26130946483 960 328
26130946491 960 328
26130946503 960 328
26130946511 960 328
26130946523 960 328
26130946531 960 328
26130946543 960 328
26130946551 960 328
26130946563 960 328
26130946571 960 328
26130946583 960 328
26130946595 960 328
26130946603 960 328
26130946615 960 328
26130946623 960 328
26130946635 960 328
26130946643 960 328
26130946655 960 328
26130946663 960 328
26130946675 960 328
26130946683 960 328
26130946695 960 328
26130946703 960 328
26130946715 960 328
26130946723 960 328
26130946735 960 328
26130946743 960 328
26130946755 960 328
26130946763 960 328
26130946775 960 328
26130946783 960 328
26130946795 960 328
26130946803 960 328
26130946815 960 328
26130946823 960 328
26130946835 960 328
26130946847 960 328
26130946855 960 328
26130946867 960 328
26130946875 960 328
26130946887 960 328
26130946895 960 328
26130946907 960 328
26130946915 960 328
26130946927 960 328
26130946935 960 328
26130946947 960 328
26130946955 960 328
26130946967 960 328
26130946975 960 328
26130946987 960 328
26130946995 960 328
26130947007 960 328
26130947015 960 328
26130947027 960 328
26130947035 960 328
26130947047 960 328
26130947055 960 328
26130947067 960 328
26130947075 960 328
26130947087 960 328
26130947099 960 328
26130947107 960 328
26130947119 960 328
26130947127 960 328
26130947139 960 328
26130947147 960 328
26130947159 960 328
26130947167 960 328
26130947179 960 328
26130947187 960 328
26130947199 960 328
26130947207 960 328
26130947219 960 328
26130947227 960 328
26130947239 960 328
26130947247 960 328
26130947259 960 328
26130947267 960 328
26130947279 960 328
26130947287 960 328
26130947299 960 328
26130947307 960 328
26130947319 960 328
26130947327 960 328
26130947339 960 328
26130947351 960 328
26130947359 960 328
26130947371 960 328
26130947379 960 328
26130947391 960 328
26130947399 960 328
26130947411 960 328
26130947419 960 328
26130947431 960 328
26130947439 960 328
26130947451 960 328
26130947459 960 328
26130947471 960 328
26130947479 960 328
26130947491 960 328
26130947499 960 328
26130947511 960 328
26130947519 960 328
26130947531 960 328
26130947539 960 328
26130947551 960 328
26130947559 960 328
26130947571 960 328
26130947579 960 328
26130947591 960 540
26130947603 960 540
26130947611 960 540
26130947623 960 540
26130947631 960 540
26130947643 960 540
26130947651 960 540
26130947663 960 540
26130947671 960 540
26130947683 960 540
26130947691 960 540
26130947703 960 540
26130947711 960 540
26130947723 960 540
26130947731 960 540
26130947743 960 540
26130947751 960 540
26130947763 960 540
26130947771 960 540
26130947783 960 540
26130947791 960 540
26130947803 960 540
26130947811 960 540
26130947823 960 540
26130947831 960 540
26130947843 960 540
26130947855 960 540
26130947863 960 540
26130947875 960 540
26130947883 960 540
26130947895 960 540
26130947903 960 540
26130947915 960 540
26130947923 960 540
26130947935 960 540
26130947943 960 540
26130947955 960 540
26130947963 960 540
26130947975 960 540
26130947983 960 540
26130947995 960 540
26130948003 960 540
26130948015 960 540
26130948023 960 540
26130948035 960 540
26130948043 960 540
26130948055 960 540
26130948063 960 540
26130948075 960 540
26130948083 960 540
26130948095 960 540
26130948107 960 540
26130948115 960 540
26130948127 960 540
26130948135 960 540
26130948147 960 540
26130948155 960 540
26130948167 960 540
26130948175 960 540
26130948187 960 540
26130948195 960 540
26130948207 960 540
26130948215 960 540
26130948227 960 540
26130948235 960 540
26130948247 960 540
26130948255 960 540
26130948267 960 540
26130948275 960 540
26130948287 960 540
26130948295 960 540
26130948307 960 540
26130948315 960 540
26130948327 960 540
26130948335 960 540
26130948347 960 540
26130948359 960 540
26130948367 960 540
26130948379 960 540
26130948387 960 540
26130948399 960 540
26130948407 960 540
26130948419 960 540
26130948427 960 540
26130948439 960 540
26130948447 960 540
26130948459 960 540
26130948467 960 540
26130948479 960 540
26130948487 960 540
26130948499 960 540
26130948507 960 540
26130948519 960 540
26130948527 960 540
26130948539 960 540
26130948547 960 540
26130948559 960 540
26130948567 960 540
26130948579 960 540
26130948587 960 540
26130948599 960 540
26130948611 960 540
26130948619 960 540
26130948631 960 540
26130948639 960 540
26130948651 960 540
26130948659 960 540
26130948671 960 540
26130948679 960 540
26130948691 960 540
26130948699 960 540
26130948711 960 540
26130948719 960 540
26130948731 960 540
26130948739 960 540
26130948751 960 540
26130948759 960 540
26130948771 960 540
26130948779 960 540
26130948791 960 540
26130948799 960 540
26130948811 960 540
26130948819 960 540
26130948831 960 540
26130948839 960 540
26130948851 960 540
26130948863 960 540
26130948871 960 540
26130948883 960 540
26130948891 960 540
26130948903 960 540
26130948911 960 540
26130948923 960 540
26130948931 960 540
26130948943 960 540
26130948951 960 540
26130948963 960 540
26130948971 960 540
26130948983 960 540
26130948991 960 540
26130949003 960 540
26130949011 960 540
26130949023 960 540
26130949031 960 540
26130949043 960 540
26130949051 960 540
26130949063 960 540
26130949071 960 540
26130949083 960 328
26130949092 960 328
26130949103 960 328
26130949115 960 328
26130949123 960 328
26130949135 960 328
26130949143 960 328
26130949155 960 328
26130949163 960 328
26130949175 960 328
26130949183 960 328
26130949195 960 328
26130949203 960 328
26130949215 960 328
26130949223 960 328
26130949235 960 328
26130949243 960 328
26130949255 960 328
26130949263 960 328
26130949275 960 328
26130949283 960 328
26130949295 960 328
26130949303 960 328
26130949315 960 328
26130949323 960 328
26130949335 960 328
26130949343 960 328
26130949355 960 328
26130949367 960 328
26130949375 960 328
26130949387 960 328
26130949395 960 328
26130949407 960 328
26130949415 960 328
26130949427 960 328
26130949435 960 328
26130949447 960 328
26130949455 960 328
26130949467 960 328
26130949475 960 328
26130949487 960 328
26130949495 960 328
26130949507 960 328
26130949515 960 328
26130949527 960 328
26130949535 960 328
26130949547 960 328
26130949555 960 328
26130949567 960 328
26130949575 960 328
26130949587 960 328
26130949595 960 328
26130949607 960 328
26130949619 960 328
26130949627 960 328
26130949639 960 328
26130949647 960 328
26130949659 960 328
26130949667 960 328
26130949679 960 328
26130949687 960 328
26130949699 960 328
26130949707 960 328
26130949719 960 328
26130949727 960 328
26130949739 960 328
26130949747 960 328
26130949759 960 328
26130949767 960 328
26130949779 960 328
26130949787 960 328
26130949799 960 328
26130949807 960 328
26130949819 960 328
26130949827 960 328
26130949839 960 328
26130949847 960 328
26130949859 960 328
26130949871 960 328
26130949879 960 328
26130949891 960 328
26130949899 960 328
26130949911 960 328
26130949919 960 328
26130949931 960 328
26130949939 960 328
26130949951 960 328
26130949959 960 328
26130949971 960 328
26130949979 960 328
26130949991 960 328
26130949999 960 328
26130950011 960 328
26130950019 960 328
26130950031 960 328
26130950039 960 328
26130950051 960 328
26130950059 960 328
26130950071 960 328
26130950079 960 328
26130950091 960 328
26130950099 960 328
26130950111 960 328
26130950123 960 328
26130950131 960 328
26130950143 960 328
26130950151 960 328
26130950163 960 328
26130950171 960 328
26130950183 960 328
26130950191 960 328
26130950203 960 328
26130950211 960 328
26130950223 960 328
26130950231 960 328
26130950243 960 328
26130950251 960 328
26130950263 960 328
26130950271 960 328
26130950283 960 328
26130950291 960 328
26130950303 960 328
26130950311 960 328
26130950323 960 328
26130950331 960 328
26130950343 960 328
26130950351 960 328
26130950363 960 328
26130950375 960 328
26130950383 960 328
26130950395 960 328
26130950403 960 328
26130950415 960 328
26130950423 960 328
26130950435 960 328
26130950443 960 328
26130950455 960 328
26130950463 960 328
26130950475 960 328
26130950483 960 328
26130950495 960 328
26130950503 960 328
26130950515 960 328
26130950523 960 328
26130950535 960 328
26130950543 960 328
26130950555 960 328
26130950563 960 328
26130950575 960 328
26130950583 960 328
