15163858711 960 540
15163858723 960 540
15163858731 960 540
15163858743 960 540
15163858751 960 540
15163858763 960 540
15163858775 960 540
15163858783 960 540
15163858796 960 540
15163858804 960 540
15163858816 960 540
15163858824 960 540
15163858836 960 540
15163858844 960 540
15163858856 960 540
15163858864 960 540
15163858876 960 540
15163858884 960 540
15163858896 960 540
15163858904 960 540
15163858916 960 540
15163858924 960 540
15163858936 960 540
15163858944 960 540
15163858956 960 540
15163858964 960 540
15163858976 960 540
15163858984 960 540
15163858996 960 540
15163859004 960 540
15163859016 960 540
15163859028 960 540
15163859036 960 540
15163859048 960 540
15163859056 960 540
15163859068 960 540
15163859076 960 540
15163859088 960 540
15163859096 960 540
15163859108 960 540
15163859116 960 540
15163859128 960 540
15163859136 960 540
15163859148 960 540
15163859156 960 540
15163859168 960 540
15163859176 960 540
15163859188 960 540
15163859196 960 540
15163859208 960 540
15163859216 960 540
15163859228 960 540
15163859236 960 540
15163859248 960 540
15163859256 960 540
15163859268 960 540
15163859280 960 540
15163859288 960 540
15163859300 960 540
15163859308 960 540
15163859320 960 540
15163859328 960 540
15163859340 960 540
15163859348 960 540
15163859360 960 540
15163859368 960 540
15163859380 960 540
15163859388 960 540
15163859400 960 540
15163859408 960 540
15163859420 960 540
15163859428 960 540
15163859440 960 540
15163859448 960 540
15163859460 960 540
15163859468 960 540
15163859480 960 540
15163859488 960 540
15163859500 960 540
15163859508 960 540
15163859520 960 540
15163859532 960 540
15163859540 960 540
15163859552 960 540
15163859560 960 540
15163859572 960 540
15163859580 960 540
15163859592 960 540
15163859600 960 540
15163859612 960 540
15163859620 960 540
15163859632 960 540
15163859640 960 540
15163859652 960 540
15163859660 960 540
15163859672 960 540
15163859680 960 540
15163859692 960 540
15163859700 960 540
15163859712 960 540
15163859720 960 540
15163859732 960 540
15163859740 960 540
15163859752 960 540
15163859760 960 540
15163859772 960 540
15163859784 960 540
15163859792 960 540
15163859804 960 540
15163859812 960 540
15163859824 960 540
15163859832 960 540
15163859844 960 540
15163859852 960 540
15163859864 960 540
15163859872 960 540
15163859884 960 540
15163859892 960 540
15163859904 960 540
15163859912 960 540
15163859924 960 540
15163859932 960 540
15163859944 960 540
15163859952 960 540
15163859964 960 540
15163859972 960 540
15163859984 960 540
15163859992 960 540
15163900004 960 540
15163900012 960 540
15163900024 960 540
15163900036 960 540
15163900044 960 540
15163900056 960 540
15163900064 960 540
15163900076 960 540
15163900084 960 540
15163900096 960 540
15163900104 960 540
15163900116 960 540
15163900124 960 540
15163900136 960 540
15163900144 960 540
15163900156 960 540
15163900164 960 540
15163900176 960 540
15163900184 960 540
15163900196 960 540
15163900204 960 540
15163900216 610 540
15163900224 610 540
15163900236 610 540
15163900244 610 540
15163900256 610 540
15163900264 610 540
15163900276 610 540
15163900288 610 540
15163900296 610 540
15163900308 610 540
15163900316 610 540
15163900328 610 540
15163900336 610 540
15163900348 610 540
15163900356 610 540
15163900368 610 540
15163900376 610 540
15163900388 610 540
15163900396 610 540
15163900408 610 540
15163900416 610 540
15163900428 610 540
15163900436 610 540
15163900447 610 540
15163900455 610 540
15163900466 610 540
15163900474 610 540
15163900487 610 540
15163900495 610 540
15163900507 610 540
15163900515 610 540
15163900527 610 540
15163900539 610 540
15163900547 610 540
15163900559 610 540
15163900567 610 540
15163900579 610 540
15163900587 610 540
15163900599 610 540
15163900607 610 540
15163900619 610 540
15163900627 610 540
15163900639 610 540
15163900647 610 540
15163900659 610 540
15163900667 610 540
15163900679 610 540
15163900687 610 540
15163900699 610 540
15163900707 610 540
15163900719 610 540
15163900727 610 540
15163900739 610 540
15163900747 610 540
15163900759 610 540
15163900767 610 540
15163900779 610 540
15163900791 610 540
15163900799 610 540
15163900811 610 540
15163900819 610 540
15163900831 610 540
15163900839 610 540
15163900851 610 540
15163900859 610 540
15163900871 610 540
15163900879 610 540
15163900891 610 540
15163900899 610 540
15163900911 610 540
15163900919 610 540
15163900931 610 540
15163900939 610 540
15163900951 610 540
15163900959 610 540
15163900971 610 540
15163900979 610 540
15163900991 610 540
15163900999 610 540
15163901011 610 540
15163901019 610 540
15163901031 610 540
15163901043 610 540
15163901051 610 540
15163901063 610 540
15163901071 610 540
15163901083 610 540
15163901091 610 540
15163901103 610 540
15163901111 610 540
15163901123 610 540
15163901131 610 540
15163901143 610 540
15163901151 610 540
15163901163 610 540
15163901171 610 540
15163901183 610 540
15163901191 610 540
15163901203 610 540
15163901211 610 540
15163901223 610 540
15163901231 610 540
15163901243 610 540
15163901251 610 540
15163901263 610 540
15163901271 610 540
15163901283 610 540
15163901296 610 540
15163901304 610 540
15163901316 610 540
15163901324 610 540
15163901336 610 540
15163901344 610 540
15163901356 610 540
15163901364 610 540
15163901376 610 540
15163901384 610 540
15163901396 610 540
15163901404 610 540
15163901416 610 540
15163901424 610 540
15163901436 610 540
15163901444 610 540
15163901456 610 540
15163901464 610 540
15163901476 610 540
15163901484 610 540
15163901496 610 540
15163901504 610 540
15163901516 610 540
15163901524 610 540
15163901536 610 540
15163901548 610 540
15163901556 610 540
15163901568 610 540
15163901576 610 540
15163901588 610 540
15163901596 610 540
15163901608 610 540
15163901616 610 540
15163901628 610 540
15163901636 610 540
15163901648 610 540
15163901656 610 540
15163901668 610 540
15163901676 610 540
15163901688 610 540
15163901696 610 540
15163901708 610 540
15163901716 960 540
15163901728 960 540
15163901736 960 540
15163901748 960 540
15163901756 960 540
15163901768 960 540
15163901776 960 540
15163901788 960 540
15163901800 960 540
15163901808 960 540
15163901820 960 540
15163901828 960 540
15163901840 960 540
15163901848 960 540
15163901860 960 540
15163901868 960 540
15163901880 960 540
15163901888 960 540
15163901900 960 540
15163901908 960 540
15163901920 960 540
15163901928 960 540
15163901940 960 540
15163901948 960 540
15163901960 960 540
15163901968 960 540
15163901980 960 540
15163901988 960 540
15163902000 960 540
15163902008 960 540
15163902020 960 540
15163902028 960 540
15163902040 960 540
15163902052 960 540
15163902060 960 540
15163902072 960 540
15163902080 960 540
15163902092 960 540
15163902100 960 540
15163902112 960 540
15163902120 960 540
15163902132 960 540
15163902140 960 540
15163902152 960 540
15163902160 960 540
15163902172 960 540
15163902180 960 540
15163902192 960 540
15163902200 960 540
15163902212 960 540
15163902220 960 540
15163902232 960 540
15163902240 960 540
15163902252 960 540
15163902260 960 540
15163902272 960 540
15163902280 960 540
15163902292 960 540
15163902304 960 540
15163902312 960 540
15163902324 960 540
15163902332 960 540
15163902344 960 540
15163902352 960 540
15163902364 960 540
15163902372 960 540
15163902384 960 540
15163902392 960 540
15163902404 960 540
15163902412 960 540
15163902424 960 540
15163902432 960 540
15163902444 960 540
15163902452 960 540
15163902464 960 540
15163902472 960 540
15163902484 960 540
15163902492 960 540
15163902504 960 540
15163902512 960 540
15163902524 960 540
15163902532 960 540
15163902544 960 540
15163902556 960 540
15163902564 960 540
15163902576 960 540
15163902584 960 540
15163902596 960 540
15163902604 960 540
15163902616 960 540
15163902624 960 540
15163902636 960 540
15163902644 960 540
15163902656 960 540
15163902664 960 540
15163902676 960 540
15163902684 960 540
15163902696 960 540
15163902704 960 540
15163902716 960 540
15163902724 960 540
15163902736 960 540
15163902744 960 540
15163902756 960 540
15163902764 960 540
15163902776 960 540
15163902784 960 540
15163902796 960 540
15163902808 960 540
15163902816 960 540
15163902828 960 540
15163902836 960 540
15163902848 960 540
15163902856 960 540
15163902868 960 540
15163902876 960 540
15163902888 960 540
15163902896 960 540
15163902908 960 540
15163902916 960 540
15163902928 960 540
15163902936 960 540
15163902948 960 540
15163902956 960 540
15163902968 960 540
15163902976 960 540
15163902988 960 540
15163902996 960 540
15163903008 960 540
15163903016 960 540
15163903028 960 540
15163903036 960 540
15163903048 960 540
15163903060 960 540
15163903068 960 540
15163903080 960 540
15163903088 960 540
15163903100 960 540
15163903108 960 540
15163903120 960 540
15163903128 960 540
15163903140 960 540
15163903148 960 540
15163903160 960 540
15163903168 960 540
15163903180 960 540
15163903188 960 540
15163903200 960 540
15163903208 960 540
15163903220 610 540
15163903228 610 540
15163903240 610 540
15163903248 610 540
15163903260 610 540
15163903268 610 540
15163903280 610 540
15163903288 610 540
15163903300 610 540
15163903312 610 540
15163903320 610 540
15163903332 610 540
15163903340 610 540
15163903352 610 540
15163903360 610 540
15163903372 610 540
15163903380 610 540
15163903392 610 540
15163903400 610 540
15163903412 610 540
15163903420 610 540
15163903432 610 540
15163903440 610 540
15163903452 610 540
15163903460 610 540
15163903472 610 540
15163903480 610 540
15163903492 610 540
15163903500 610 540
15163903512 610 540
15163903520 610 540
15163903532 610 540
15163903540 610 540
15163903552 610 540
15163903564 610 540
15163903572 610 540
15163903584 610 540
15163903592 610 540
15163903604 610 540
15163903612 610 540
15163903624 610 540
15163903632 610 540
15163903644 610 540
15163903652 610 540
15163903664 610 540
15163903672 610 540
15163903684 610 540
15163903692 610 540
15163903704 610 540
15163903712 610 540
15163903724 610 540
15163903732 610 540
15163903744 610 540
15163903752 610 540
15163903764 610 540
15163903772 610 540
15163903784 610 540
15163903792 610 540
15163903804 610 540
15163903816 610 540
15163903824 610 540
15163903836 610 540
15163903844 610 540
15163903856 610 540
15163903864 610 540
15163903876 610 540
15163903884 610 540
15163903896 610 540
15163903904 610 540
15163903916 610 540
15163903924 610 540
15163903936 610 540
15163903944 610 540
15163903956 610 540
15163903964 610 540
15163903976 610 540
15163903984 610 540
15163903996 610 540
15163904004 610 540
15163904016 610 540
15163904024 610 540
15163904036 610 540
15163904044 610 540
15163904056 610 540
15163904068 610 540
15163904076 610 540
15163904088 610 540
15163904096 610 540
15163904108 610 540
15163904116 610 540
15163904128 610 540
15163904136 610 540
15163904148 610 540
15163904156 610 540
15163904168 610 540
15163904176 610 540
15163904188 610 540
15163904196 610 540
15163904208 610 540
15163904216 610 540
15163904228 610 540
15163904236 610 540
15163904248 610 540
15163904256 610 540
15163904268 610 540
15163904276 610 540
15163904288 610 540
15163904296 610 540
15163904308 610 540
15163904320 610 540
15163904328 610 540
15163904340 610 540
15163904348 610 540
15163904360 610 540
15163904368 610 540
15163904380 610 540
15163904388 610 540
15163904400 610 540
15163904408 610 540
15163904420 610 540
15163904428 610 540
15163904440 610 540
15163904448 610 540
15163904460 610 540
15163904468 610 540
15163904480 610 540
15163904488 610 540
15163904500 610 540
15163904508 610 540
15163904520 610 540
15163904528 610 540
15163904540 610 540
15163904548 610 540
15163904560 610 540
15163904572 610 540
15163904580 610 540
15163904592 610 540
15163904600 610 540
15163904612 610 540
15163904620 610 540
15163904632 610 540
15163904640 610 540
15163904652 610 540
15163904660 610 540
15163904672 610 540
15163904680 610 540
15163904692 610 540
15163904700 610 540
15163904712 610 540
15163904720 960 540
15163904732 960 540
15163904740 960 540
15163904752 960 540
15163904760 960 540
15163904772 960 540
15163904780 960 540
15163904792 960 540
15163904800 960 540
15163904812 960 540
15163904824 960 540
15163904832 960 540
15163904844 960 540
15163904852 960 540
15163904864 960 540
15163904872 960 540
15163904884 960 540
15163904892 960 540
15163904904 960 540
15163904912 960 540
15163904924 960 540
15163904932 960 540
15163904944 960 540
15163904952 960 540
15163904964 960 540
15163904972 960 540
15163904984 960 540
15163904992 960 540
15163905004 960 540
15163905012 960 540
15163905024 960 540
15163905032 960 540
15163905044 960 540
15163905052 960 540
15163905064 960 540
15163905076 960 540
15163905084 960 540
15163905096 960 540
15163905104 960 540
15163905116 960 540
15163905124 960 540
15163905136 960 540
15163905144 960 540
15163905156 960 540
15163905164 960 540
15163905176 960 540
15163905184 960 540
15163905196 960 540
15163905204 960 540
15163905216 960 540
15163905224 960 540
15163905236 960 540
15163905244 960 540
15163905256 960 540
15163905264 960 540
15163905276 960 540
15163905284 960 540
15163905296 960 540
15163905304 960 540
15163905316 960 540
15163905328 960 540
15163905336 960 540
15163905348 960 540
15163905356 960 540
15163905368 960 540
15163905376 960 540
15163905388 960 540
15163905396 960 540
15163905408 960 540
15163905416 960 540
15163905428 960 540
15163905436 960 540
15163905448 960 540
15163905456 960 540
15163905468 960 540
15163905476 960 540
15163905488 960 540
15163905496 960 540
15163905508 960 540
15163905516 960 540
15163905528 960 540
15163905536 960 540
15163905548 960 540
15163905556 960 540
15163905568 960 540
15163905580 960 540
15163905588 960 540
15163905600 960 540
15163905608 960 540
15163905620 960 540
15163905628 960 540
15163905640 960 540
15163905648 960 540
15163905660 960 540
15163905668 960 540
15163905680 960 540
15163905688 960 540
15163905700 960 540
15163905708 960 540
15163905720 960 540
15163905728 960 540
15163905740 960 540
15163905748 960 540
15163905760 960 540
15163905768 960 540
15163905780 960 540
15163905788 960 540
15163905800 960 540
15163905808 960 540
15163905820 960 540
15163905832 960 540
15163905840 960 540
15163905852 960 540
15163905860 960 540
15163905872 960 540
15163905880 960 540
15163905892 960 540
15163905900 960 540
15163905912 960 540
15163905920 960 540
15163905932 960 540
15163905940 960 540
15163905952 960 540
15163905960 960 540
15163905972 960 540
15163905980 960 540
15163905992 960 540
15163906000 960 540
15163906012 960 540
15163906020 960 540
15163906032 960 540
15163906040 960 540
15163906052 960 540
15163906060 960 540
15163906072 960 540
15163906084 960 540
15163906092 960 540
15163906104 960 540
15163906112 960 540
15163906124 960 540
15163906132 960 540
15163906144 960 540
15163906152 960 540
15163906164 960 540
15163906172 960 540
15163906184 960 540
15163906192 960 540
15163906204 960 540
15163906212 960 540
15163906224 1310 540
15163906232 1310 540
15163906244 1310 540
15163906252 1310 540
15163906264 1310 540
15163906272 1310 540
15163906284 1310 540
15163906292 1310 540
15163906304 1310 540
15163906312 1310 540
15163906324 1310 540
15163906336 1310 540
15163906344 1310 540
15163906356 1310 540
15163906364 1310 540
15163906376 1310 540
15163906384 1310 540
15163906396 1310 540
15163906404 1310 540
15163906416 1310 540
15163906424 1310 540
15163906436 1310 540
15163906444 1310 540
15163906456 1310 540
15163906464 1310 540
15163906476 1310 540
15163906484 1310 540
15163906496 1310 540
15163906504 1310 540
15163906516 1310 540
15163906524 1310 540
15163906536 1310 540
15163906544 1310 540
15163906556 1310 540
15163906564 1310 540
15163906576 1310 540
15163906588 1310 540
15163906596 1310 540
15163906608 1310 540
15163906616 1310 540
15163906628 1310 540
15163906636 1310 540
15163906648 1310 540
15163906656 1310 540
15163906668 1310 540
15163906676 1310 540
15163906688 1310 540
15163906696 1310 540
15163906708 1310 540
15163906716 1310 540
15163906728 1310 540
15163906736 1310 540
15163906748 1310 540
15163906756 1310 540
15163906768 1310 540
15163906776 1310 540
15163906788 1310 540
15163906796 1310 540
15163906808 1310 540
15163906816 1310 540
15163906828 1310 540
15163906840 1310 540
15163906848 1310 540
15163906860 1310 540
15163906868 1310 540
15163906880 1310 540
15163906888 1310 540
15163906900 1310 540
15163906908 1310 540
15163906920 1310 540
15163906928 1310 540
15163906940 1310 540
15163906948 1310 540
15163906960 1310 540
15163906968 1310 540
15163906980 1310 540
15163906988 1310 540
15163907000 1310 540
15163907008 1310 540
15163907020 1310 540
15163907028 1310 540
15163907040 1310 540
15163907048 1310 540
15163907060 1310 540
15163907068 1310 540
15163907080 1310 540
15163907092 1310 540
15163907100 1310 540
15163907112 1310 540
15163907120 1310 540
15163907132 1310 540
15163907140 1310 540
15163907152 1310 540
15163907160 1310 540
15163907172 1310 540
15163907180 1310 540
15163907192 1310 540
15163907200 1310 540
15163907212 1310 540
15163907220 1310 540
15163907232 1310 540
15163907240 1310 540
15163907252 1310 540
15163907260 1310 540
15163907272 1310 540
15163907280 1310 540
15163907292 1310 540
15163907300 1310 540
15163907312 1310 540
15163907320 1310 540
15163907332 1310 540
15163907344 1310 540
15163907352 1310 540
15163907364 1310 540
15163907372 1310 540
15163907384 1310 540
15163907392 1310 540
15163907404 1310 540
15163907412 1310 540
15163907424 1310 540
15163907432 1310 540
15163907444 1310 540
15163907452 1310 540
15163907464 1310 540
15163907472 1310 540
15163907484 1310 540
15163907492 1310 540
15163907504 1310 540
15163907512 1310 540
15163907524 1310 540
15163907532 1310 540
15163907544 1310 540
15163907552 1310 540
15163907564 1310 540
15163907572 1310 540
15163907584 1310 540
15163907596 1310 540
15163907604 1310 540
15163907616 1310 540
15163907624 1310 540
15163907636 1310 540
15163907644 1310 540
15163907656 1310 540
15163907664 1310 540
15163907676 1310 540
15163907684 1310 540
15163907696 1310 540
15163907704 1310 540
15163907716 1310 540
15163907724 960 540
15163907736 960 540
15163907744 960 540
15163907756 960 540
15163907764 960 540
15163907776 960 540
15163907784 960 540
15163907796 960 540
15163907804 960 540
15163907816 960 540
15163907824 960 540
15163907836 960 540
15163907848 960 540
15163907856 960 540
15163907868 960 540
15163907876 960 540
15163907888 960 540
15163907896 960 540
15163907908 960 540
15163907916 960 540
15163907928 960 540
15163907936 960 540
15163907948 960 540
15163907956 960 540
15163907968 960 540
15163907976 960 540
15163907988 960 540
15163907996 960 540
15163908008 960 540
15163908016 960 540
15163908028 960 540
15163908036 960 540
15163908048 960 540
15163908056 960 540
15163908068 960 540
15163908076 960 540
15163908088 960 540
15163908100 960 540
15163908108 960 540
15163908120 960 540
15163908128 960 540
15163908140 960 540
15163908148 960 540
15163908160 960 540
15163908168 960 540
15163908180 960 540
15163908188 960 540
15163908200 960 540
15163908208 960 540
15163908220 960 540
15163908228 960 540
15163908240 960 540
15163908248 960 540
15163908260 960 540
15163908268 960 540
15163908280 960 540
15163908288 960 540
15163908300 960 540
15163908308 960 540
15163908320 960 540
15163908328 960 540
15163908340 960 540
15163908352 960 540
15163908360 960 540
15163908372 960 540
15163908380 960 540
15163908392 960 540
15163908400 960 540
15163908412 960 540
15163908420 960 540
15163908432 960 540
15163908440 960 540
15163908452 960 540
15163908460 960 540
15163908472 960 540
15163908480 960 540
15163908492 960 540
15163908500 960 540
15163908512 960 540
15163908520 960 540
15163908532 960 540
15163908540 960 540
15163908552 960 540
15163908560 960 540
15163908572 960 540
15163908580 960 540
15163908592 960 540
15163908604 960 540
15163908612 960 540
15163908624 960 540
15163908632 960 540
15163908644 960 540
15163908652 960 540
15163908664 960 540
15163908672 960 540
15163908684 960 540
15163908692 960 540
15163908704 960 540
15163908712 960 540
15163908724 960 540
15163908732 960 540
15163908744 960 540
15163908752 960 540
15163908764 960 540
15163908772 960 540
15163908784 960 540
15163908792 960 540
15163908804 960 540
15163908812 960 540
15163908824 960 540
15163908832 960 540
15163908844 960 540
15163908856 960 540
15163908864 960 540
15163908876 960 540
15163908884 960 540
15163908896 960 540
15163908904 960 540
15163908916 960 540
15163908924 960 540
15163908936 960 540
15163908944 960 540
15163908956 960 540
15163908964 960 540
15163908976 960 540
15163908984 960 540
15163908996 960 540
15163909004 960 540
15163909016 960 540
15163909024 960 540
15163909036 960 540
15163909044 960 540
15163909056 960 540
15163909064 960 540
15163909076 960 540
15163909084 960 540
15163909096 960 540
15163909108 960 540
15163909116 960 540
15163909128 960 540
15163909136 960 540
15163909148 960 540
15163909156 960 540
15163909168 960 540
15163909176 960 540
15163909188 960 540
15163909196 960 540
15163909208 960 540
15163909216 960 540
15163909228 1135 540
15163909236 1135 540
15163909248 1135 540
15163909256 1135 540
15163909268 1135 540
15163909276 1135 540
15163909288 1135 540
15163909296 1135 540
15163909308 1135 540
15163909316 1135 540
15163909328 1135 540
15163909336 1135 540
15163909348 1135 540
15163909360 1135 540
15163909368 1135 540
15163909380 1135 540
15163909388 1135 540
15163909400 1135 540
15163909408 1135 540
15163909420 1135 540
15163909428 1135 540
15163909440 1135 540
15163909448 1135 540
15163909460 1135 540
15163909468 1135 540
15163909480 1135 540
15163909488 1135 540
15163909500 1135 540
15163909508 1135 540
15163909520 1135 540
15163909528 1135 540
15163909540 1135 540
15163909548 1135 540
15163909560 1135 540
15163909568 1135 540
15163909580 1135 540
15163909588 1135 540
15163909600 1135 540
15163909612 1135 540
15163909620 1135 540
15163909632 1135 540
15163909640 1135 540
15163909652 1135 540
15163909660 1135 540
15163909672 1135 540
15163909680 1135 540
15163909692 1135 540
15163909700 1135 540
15163909712 1135 540
15163909720 1135 540
15163909732 1135 540
15163909740 1135 540
15163909752 1135 540
15163909760 1135 540
15163909772 1135 540
15163909780 1135 540
15163909792 1135 540
15163909800 1135 540
15163909812 1135 540
15163909820 1135 540
15163909832 1135 540
15163909840 1135 540
15163909852 1135 540
15163909864 1135 540
15163909872 1135 540
15163909884 1135 540
15163909892 1135 540
15163909904 1135 540
15163909912 1135 540
15163909924 1135 540
15163909932 1135 540
15163909944 1135 540
15163909952 1135 540
15163909964 1135 540
15163909972 1135 540
15163909984 1135 540
15163909992 1135 540
15163910004 1135 540
15163910012 1135 540
15163910024 1135 540
15163910032 1135 540
15163910044 1135 540
15163910052 1135 540
15163910064 1135 540
15163910072 1135 540
15163910084 1135 540
15163910092 1135 540
15163910104 1135 540
15163910116 1135 540
15163910124 1135 540
15163910136 1135 540
15163910144 1135 540
15163910156 1135 540
15163910164 1135 540
15163910176 1135 540
15163910184 1135 540
15163910196 1135 540
15163910204 1135 540
15163910216 1135 540
15163910224 1135 540
15163910236 1135 540
15163910244 1135 540
15163910256 1135 540
15163910264 1135 540
15163910276 1135 540
15163910284 1135 540
15163910296 1135 540
15163910304 1135 540
15163910316 1135 540
15163910324 1135 540
15163910336 1135 540
15163910344 1135 540
15163910356 1135 540
15163910368 1135 540
15163910376 1135 540
15163910388 1135 540
15163910396 1135 540
15163910408 1135 540
15163910416 1135 540
15163910428 1135 540
15163910436 1135 540
15163910448 1135 540
15163910456 1135 540
15163910468 1135 540
15163910476 1135 540
15163910488 1135 540
15163910496 1135 540
15163910508 1135 540
15163910516 1135 540
15163910528 1135 540
15163910536 1135 540
15163910548 1135 540
15163910556 1135 540
15163910568 1135 540
15163910576 1135 540
15163910588 1135 540
15163910596 1135 540
15163910608 1135 540
15163910620 1135 540
15163910628 1135 540
15163910640 1135 540
15163910648 1135 540
15163910660 1135 540
15163910668 1135 540
15163910680 1135 540
15163910688 1135 540
15163910700 1135 540
15163910708 1135 540
15163910720 1135 540
15163910728 960 540
15163910740 960 540
15163910748 960 540
15163910760 960 540
15163910768 960 540
15163910780 960 540
15163910788 960 540
15163910800 960 540
15163910808 960 540
15163910820 960 540
15163910828 960 540
15163910840 960 540
15163910848 960 540
15163910860 960 540
15163910872 960 540
15163910880 960 540
15163910892 960 540
15163910900 960 540
15163910912 960 540
15163910920 960 540
15163910932 960 540
15163910940 960 540
15163910952 960 540
15163910960 960 540
15163910972 960 540
15163910980 960 540
15163910992 960 540
15163911000 960 540
15163911012 960 540
15163911020 960 540
15163911032 960 540
15163911040 960 540
15163911052 960 540
15163911060 960 540
15163911072 960 540
15163911080 960 540
15163911092 960 540
15163911100 960 540
15163911112 960 540
15163911124 960 540
15163911132 960 540
15163911144 960 540
15163911152 960 540
15163911164 960 540
15163911172 960 540
15163911184 960 540
15163911192 960 540
15163911204 960 540
15163911212 960 540
15163911224 960 540
15163911232 960 540
15163911244 960 540
15163911252 960 540
15163911264 960 540
15163911272 960 540
15163911284 960 540
15163911292 960 540
15163911304 960 540
15163911312 960 540
15163911324 960 540
15163911332 960 540
15163911344 960 540
15163911352 960 540
15163911364 960 540
15163911376 960 540
15163911384 960 540
15163911396 960 540
15163911404 960 540
15163911416 960 540
15163911424 960 540
15163911436 960 540
15163911444 960 540
15163911456 960 540
15163911464 960 540
15163911476 960 540
15163911484 960 540
15163911496 960 540
15163911504 960 540
15163911516 960 540
15163911524 960 540
15163911536 960 540
15163911544 960 540
15163911556 960 540
15163911564 960 540
15163911576 960 540
15163911584 960 540
15163911596 960 540
15163911604 960 540
15163911616 960 540
15163911628 960 540
15163911636 960 540
15163911648 960 540
15163911656 960 540
15163911668 960 540
15163911676 960 540
15163911688 960 540
15163911696 960 540
15163911708 960 540
15163911716 960 540
15163911728 960 540
15163911736 960 540
15163911748 960 540
15163911756 960 540
15163911768 960 540
15163911776 960 540
15163911788 960 540
15163911796 960 540
15163911808 960 540
15163911816 960 540
15163911828 960 540
15163911836 960 540
15163911848 960 540
15163911856 960 540
15163911868 960 540
15163911880 960 540
15163911888 960 540
15163911900 960 540
15163911908 960 540
15163911920 960 540
15163911928 960 540
15163911940 960 540
15163911948 960 540
15163911960 960 540
15163911968 960 540
15163911980 960 540
15163911988 960 540
15163912000 960 540
15163912008 960 540
15163912020 960 540
15163912028 960 540
15163912040 960 540
15163912048 960 540
15163912060 960 540
15163912068 960 540
15163912080 960 540
15163912088 960 540
15163912100 960 540
15163912108 960 540
15163912120 960 540
15163912132 960 540
15163912140 960 540
15163912152 960 540
15163912160 960 540
15163912172 960 540
15163912180 960 540
15163912192 960 540
15163912200 960 540
15163912212 960 540
15163912220 960 540
15163912232 260 540
15163912240 260 540
15163912252 260 540
15163912260 260 540
15163912272 260 540
15163912280 260 540
15163912292 260 540
15163912300 260 540
15163912312 260 540
15163912320 260 540
15163912332 260 540
15163912340 260 540
15163912352 260 540
15163912360 260 540
15163912372 260 540
15163912384 260 540
15163912392 260 540
15163912404 260 540
15163912412 260 540
15163912424 260 540
15163912432 260 540
15163912444 260 540
15163912452 260 540
15163912464 260 540
15163912472 260 540
15163912484 260 540
15163912492 260 540
15163912504 260 540
15163912512 260 540
15163912524 260 540
15163912532 260 540
15163912544 260 540
15163912552 260 540
15163912564 260 540
15163912572 260 540
15163912584 260 540
15163912592 260 540
15163912604 260 540
15163912612 260 540
15163912624 260 540
15163912636 260 540
15163912644 260 540
15163912656 260 540
15163912664 260 540
15163912676 260 540
15163912684 260 540
15163912696 260 540
15163912704 260 540
15163912716 260 540
15163912724 260 540
15163912736 260 540
15163912744 260 540
15163912756 260 540
15163912764 260 540
15163912776 260 540
15163912784 260 540
15163912796 260 540
15163912804 260 540
15163912816 260 540
15163912824 260 540
15163912836 260 540
15163912844 260 540
15163912856 260 540
15163912864 260 540
15163912876 260 540
15163912888 260 540
15163912896 260 540
15163912908 260 540
15163912916 260 540
15163912928 260 540
15163912936 260 540
15163912948 260 540
15163912956 260 540
15163912968 260 540
15163912976 260 540
15163912988 260 540
15163912996 260 540
15163913008 260 540
15163913016 260 540
15163913028 260 540
15163913036 260 540
15163913048 260 540
15163913056 260 540
15163913068 260 540
15163913076 260 540
15163913088 260 540
15163913096 260 540
15163913108 260 540
15163913116 260 540
15163913128 260 540
15163913140 260 540
15163913148 260 540
15163913160 260 540
15163913168 260 540
15163913180 260 540
15163913188 260 540
15163913200 260 540
15163913208 260 540
15163913220 260 540
15163913228 260 540
15163913240 260 540
15163913248 260 540
15163913260 260 540
15163913268 260 540
15163913280 260 540
15163913288 260 540
15163913300 260 540
15163913308 260 540
15163913320 260 540
15163913328 260 540
15163913340 260 540
15163913348 260 540
15163913360 260 540
15163913368 260 540
15163913380 260 540
15163913392 260 540
15163913400 260 540
15163913412 260 540
15163913420 260 540
15163913432 260 540
15163913440 260 540
15163913452 260 540
15163913460 260 540
15163913472 260 540
15163913480 260 540
15163913492 260 540
15163913500 260 540
15163913512 260 540
15163913520 260 540
15163913532 260 540
15163913540 260 540
15163913552 260 540
15163913560 260 540
15163913572 260 540
15163913580 260 540
15163913592 260 540
15163913600 260 540
15163913612 260 540
15163913620 260 540
15163913632 260 540
15163913644 260 540
15163913652 260 540
15163913664 260 540
15163913672 260 540
15163913684 260 540
15163913692 260 540
15163913704 260 540
15163913712 260 540
15163913724 260 540
15163913732 960 540
15163913744 960 540
15163913752 960 540
15163913764 960 540
15163913772 960 540
15163913784 960 540
15163913792 960 540
15163913804 960 540
15163913812 960 540
15163913824 960 540
15163913832 960 540
15163913844 960 540
15163913852 960 540
15163913864 960 540
15163913872 960 540
15163913884 960 540
15163913896 960 540
15163913904 960 540
15163913916 960 540
15163913924 960 540
15163913936 960 540
15163913944 960 540
15163913956 960 540
15163913964 960 540
15163913976 960 540
15163913984 960 540
15163913996 960 540
15163914004 960 540
15163914016 960 540
15163914024 960 540
15163914036 960 540
15163914044 960 540
15163914056 960 540
15163914064 960 540
15163914076 960 540
15163914084 960 540
15163914096 960 540
15163914104 960 540
15163914116 960 540
15163914124 960 540
15163914136 960 540
15163914148 960 540
15163914156 960 540
15163914168 960 540
15163914176 960 540
15163914188 960 540
15163914196 960 540
15163914208 960 540
15163914216 960 540
15163914228 960 540
15163914236 960 540
15163914248 960 540
15163914256 960 540
15163914268 960 540
15163914276 960 540
15163914288 960 540
15163914296 960 540
15163914308 960 540
15163914316 960 540
15163914328 960 540
15163914336 960 540
15163914348 960 540
15163914356 960 540
15163914368 960 540
15163914376 960 540
15163914388 960 540
15163914400 960 540
15163914408 960 540
15163914420 960 540
15163914428 960 540
15163914440 960 540
15163914448 960 540
15163914460 960 540
15163914468 960 540
15163914480 960 540
15163914488 960 540
15163914500 960 540
15163914508 960 540
15163914520 960 540
15163914528 960 540
15163914540 960 540
15163914548 960 540
15163914560 960 540
15163914568 960 540
15163914580 960 540
15163914588 960 540
15163914600 960 540
15163914608 960 540
15163914620 960 540
15163914628 960 540
15163914640 960 540
15163914652 960 540
15163914660 960 540
15163914672 960 540
15163914680 960 540
15163914692 960 540
15163914700 960 540
15163914712 960 540
15163914720 960 540
15163914732 960 540
15163914740 960 540
15163914752 960 540
15163914760 960 540
15163914772 960 540
15163914780 960 540
15163914792 960 540
15163914800 960 540
15163914812 960 540
15163914820 960 540
15163914832 960 540
15163914840 960 540
15163914852 960 540
15163914860 960 540
15163914872 960 540
15163914880 960 540
15163914892 960 540
15163914904 960 540
15163914912 960 540
15163914924 960 540
15163914932 960 540
15163914944 960 540
15163914952 960 540
15163914964 960 540
15163914972 960 540
15163914984 960 540
15163914992 960 540
15163915004 960 540
15163915012 960 540
15163915024 960 540
15163915032 960 540
15163915044 960 540
15163915052 960 540
15163915064 960 540
15163915072 960 540
15163915084 960 540
15163915092 960 540
15163915104 960 540
15163915112 960 540
15163915124 960 540
15163915132 960 540
15163915144 960 540
15163915156 960 540
15163915164 960 540
15163915176 960 540
15163915184 960 540
15163915196 960 540
15163915204 960 540
15163915216 960 540
15163915224 960 540
15163915236 1660 540
15163915244 1660 540
15163915256 1660 540
15163915264 1660 540
15163915276 1660 540
15163915284 1660 540
15163915296 1660 540
15163915304 1660 540
15163915316 1660 540
15163915324 1660 540
15163915336 1660 540
15163915344 1660 540
15163915356 1660 540
15163915364 1660 540
15163915376 1660 540
15163915384 1660 540
15163915396 1660 540
15163915408 1660 540
15163915416 1660 540
15163915428 1660 540
15163915436 1660 540
15163915448 1660 540
15163915456 1660 540
15163915468 1660 540
15163915476 1660 540
15163915488 1660 540
15163915496 1660 540
15163915508 1660 540
15163915516 1660 540
15163915528 1660 540
15163915536 1660 540
15163915548 1660 540
15163915556 1660 540
15163915568 1660 540
15163915576 1660 540
15163915588 1660 540
15163915596 1660 540
15163915608 1660 540
15163915616 1660 540
15163915628 1660 540
15163915636 1660 540
15163915648 1660 540
15163915660 1660 540
15163915668 1660 540
15163915680 1660 540
15163915688 1660 540
15163915700 1660 540
15163915708 1660 540
15163915720 1660 540
15163915728 1660 540
15163915740 1660 540
15163915748 1660 540
15163915760 1660 540
15163915768 1660 540
15163915780 1660 540
15163915788 1660 540
15163915800 1660 540
15163915808 1660 540
15163915820 1660 540
15163915828 1660 540
15163915840 1660 540
15163915848 1660 540
15163915860 1660 540
15163915868 1660 540
15163915880 1660 540
15163915888 1660 540
15163915900 1660 540
15163915912 1660 540
15163915920 1660 540
15163915932 1660 540
15163915940 1660 540
15163915952 1660 540
15163915960 1660 540
15163915972 1660 540
15163915980 1660 540
15163915992 1660 540
15163916000 1660 540
15163916012 1660 540
15163916020 1660 540
15163916032 1660 540
15163916040 1660 540
15163916052 1660 540
15163916060 1660 540
15163916072 1660 540
15163916080 1660 540
15163916092 1660 540
15163916100 1660 540
15163916112 1660 540
15163916120 1660 540
15163916132 1660 540
15163916140 1660 540
15163916152 1660 540
15163916164 1660 540
15163916172 1660 540
15163916184 1660 540
15163916192 1660 540
15163916204 1660 540
15163916212 1660 540
15163916224 1660 540
15163916232 1660 540
15163916244 1660 540
15163916252 1660 540
15163916264 1660 540
15163916272 1660 540
15163916284 1660 540
15163916292 1660 540
15163916304 1660 540
15163916312 1660 540
15163916324 1660 540
15163916332 1660 540
15163916344 1660 540
15163916352 1660 540
15163916364 1660 540
15163916372 1660 540
15163916384 1660 540
15163916392 1660 540
15163916404 1660 540
15163916416 1660 540
15163916424 1660 540
15163916436 1660 540
15163916444 1660 540
15163916456 1660 540
15163916464 1660 540
15163916476 1660 540
15163916484 1660 540
15163916496 1660 540
15163916504 1660 540
15163916516 1660 540
15163916524 1660 540
15163916536 1660 540
15163916544 1660 540
15163916556 1660 540
15163916564 1660 540
15163916576 1660 540
15163916584 1660 540
15163916596 1660 540
15163916603 1660 540
15163916616 1660 540
15163916624 1660 540
15163916636 1660 540
15163916644 1660 540
15163916656 1660 540
15163916668 1660 540
15163916676 1660 540
15163916688 1660 540
15163916696 1660 540
15163916708 1660 540
15163916716 1660 540
15163916728 1660 540
15163916736 960 540
15163916748 960 540
15163916756 960 540
15163916768 960 540
15163916776 960 540
15163916788 960 540
15163916796 960 540
15163916808 960 540
15163916816 960 540
15163916828 960 540
15163916836 960 540
15163916848 960 540
15163916856 960 540
15163916868 960 540
15163916876 960 540
15163916888 960 540
15163916896 960 540
15163916908 960 540
15163916920 960 540
15163916928 960 540
15163916940 960 540
15163916948 960 540
15163916960 960 540
15163916968 960 540
15163916980 960 540
15163916988 960 540
15163917000 960 540
15163917008 960 540
15163917020 960 540
15163917028 960 540
15163917040 960 540
15163917048 960 540
15163917059 960 540
15163917067 960 540
15163917079 960 540
15163917087 960 540
15163917099 960 540
15163917107 960 540
15163917119 960 540
15163917127 960 540
15163917139 960 540
15163917148 960 540
15163917160 960 540
15163917172 960 540
15163917179 960 540
15163917191 960 540
15163917200 960 540
15163917211 960 540
15163917220 960 540
15163917232 960 540
15163917240 960 540
15163917252 960 540
15163917260 960 540
15163917272 960 540
15163917280 960 540
15163917292 960 540
15163917300 960 540
15163917312 960 540
15163917320 960 540
15163917332 960 540
15163917340 960 540
15163917352 960 540
15163917360 960 540
15163917372 960 540
15163917379 960 540
15163917391 960 540
15163917400 960 540
15163917411 960 540
15163917424 960 540
15163917432 960 540
15163917444 960 540
15163917451 960 540
15163917464 960 540
15163917472 960 540
15163917484 960 540
15163917492 960 540
15163917504 960 540
15163917512 960 540
15163917524 960 540
15163917532 960 540
15163917544 960 540
15163917552 960 540
15163917564 960 540
15163917572 960 540
15163917584 960 540
15163917592 960 540
15163917604 960 540
15163917612 960 540
15163917623 960 540
15163917632 960 540
15163917644 960 540
15163917652 960 540
15163917664 960 540
15163917676 960 540
15163917683 960 540
15163917695 960 540
15163917703 960 540
15163917716 960 540
15163917724 960 540
15163917736 960 540
15163917743 960 540
15163917755 960 540
15163917763 960 540
15163917775 960 540
15163917784 960 540
15163917795 960 540
15163917804 960 540
15163917815 960 540
15163917824 960 540
15163917836 960 540
15163917844 960 540
15163917856 960 540
15163917864 960 540
15163917876 960 540
15163917884 960 540
15163917896 960 540
15163917904 960 540
15163917916 960 540
15163917928 960 540
15163917935 960 540
15163917948 960 540
15163917956 960 540
15163917968 960 540
15163917975 960 540
15163917987 960 540
15163917996 960 540
15163918008 960 540
15163918016 960 540
15163918027 960 540
15163918035 960 540
15163918048 960 540
15163918055 960 540
15163918068 960 540
15163918075 960 540
15163918088 960 540
15163918095 960 540
15163918108 960 540
15163918115 960 540
15163918127 960 540
15163918136 960 540
15163918148 960 540
15163918156 960 540
15163918167 960 540
15163918179 960 540
15163918187 960 540
15163918199 960 540
15163918207 960 540
15163918219 960 540
15163918227 960 540
15163918240 1660 540
15163918248 1660 540
15163918260 1660 540
15163918268 1660 540
15163918280 1660 540
15163918288 1660 540
15163918299 1660 540
15163918308 1660 540
15163918320 1660 540
15163918327 1660 540
15163918340 1660 540
15163918347 1660 540
15163918359 1660 540
15163918367 1660 540
15163918379 1660 540
15163918387 1660 540
15163918399 1660 540
15163918408 1660 540
15163918419 1660 540
15163918431 1660 540
15163918439 1660 540
15163918451 1660 540
15163918459 1660 540
15163918471 1660 540
15163918479 1660 540
15163918491 1660 540
15163918499 1660 540
15163918511 1660 540
15163918519 1660 540
15163918531 1660 540
15163918540 1660 540
15163918551 1660 540
15163918559 1660 540
15163918571 1660 540
15163918580 1660 540
15163918591 1660 540
15163918599 1660 540
15163918611 1660 540
15163918619 1660 540
15163918631 1660 540
15163918639 1660 540
15163918652 1660 540
15163918660 1660 540
15163918671 1660 540
15163918683 1660 540
15163918691 1660 540
15163918704 1660 540
15163918711 1660 540
15163918723 1660 540
15163918732 1660 540
15163918744 1660 540
15163918752 1660 540
15163918763 1660 540
15163918771 1660 540
15163918783 1660 540
15163918791 1660 540
15163918803 1660 540
15163918811 1660 540
15163918823 1660 540
15163918831 1660 540
15163918844 1660 540
15163918852 1660 540
15163918863 1660 540
15163918872 1660 540
15163918883 1660 540
15163918891 1660 540
15163918903 1660 540
15163918912 1660 540
15163918924 1660 540
15163918935 1660 540
15163918944 1660 540
15163918956 1660 540
15163918963 1660 540
15163918976 1660 540
15163918984 1660 540
15163918995 1660 540
15163919004 1660 540
15163919016 1660 540
15163919023 1660 540
15163919036 1660 540
15163919044 1660 540
15163919055 1660 540
15163919064 1660 540
15163919076 1660 540
15163919084 1660 540
15163919096 1660 540
15163919104 1660 540
15163919115 1660 540
15163919124 1660 540
15163919136 1660 540
15163919143 1660 540
15163919155 1660 540
15163919164 1660 540
15163919176 1660 540
15163919187 1660 540
15163919196 1660 540
15163919207 1660 540
15163919215 1660 540
15163919227 1660 540
15163919236 1660 540
15163919248 1660 540
15163919255 1660 540
15163919267 1660 540
15163919275 1660 540
15163919287 1660 540
15163919295 1660 540
15163919307 1660 540
15163919315 1660 540
15163919327 1660 540
15163919336 1660 540
15163919348 1660 540
15163919356 1660 540
15163919368 1660 540
15163919375 1660 540
15163919388 1660 540
15163919395 1660 540
15163919407 1660 540
15163919416 1660 540
15163919427 1660 540
15163919439 1660 540
15163919448 1660 540
15163919460 1660 540
15163919467 1660 540
15163919479 1660 540
15163919488 1660 540
15163919499 1660 540
15163919507 1660 540
15163919519 1660 540
15163919528 1660 540
15163919539 1660 540
15163919548 1660 540
15163919560 1660 540
15163919567 1660 540
15163919579 1660 540
15163919587 1660 540
15163919599 1660 540
15163919608 1660 540
15163919619 1660 540
15163919627 1660 540
15163919640 1660 540
15163919648 1660 540
15163919659 1660 540
15163919667 1660 540
15163919679 1660 540
15163919691 1660 540
15163919700 1660 540
15163919712 1660 540
15163919719 1660 540
15163919731 1660 540
15163919740 960 540
15163919752 960 540
15163919760 960 540
15163919771 960 540
15163919780 960 540
15163919791 960 540
15163919799 960 540
15163919811 960 540
15163919820 960 540
15163919831 960 540
15163919840 960 540
15163919852 960 540
15163919860 960 540
15163919872 960 540
15163919880 960 540
15163919892 960 540
15163919900 960 540
15163919912 960 540
15163919920 960 540
15163919932 960 540
15163919944 960 540
15163919952 960 540
15163919964 960 540
15163919972 960 540
15163919984 960 540
15163919992 960 540
15163920004 960 540
15163920012 960 540
15163920024 960 540
15163920032 960 540
15163920044 960 540
15163920052 960 540
15163920064 960 540
15163920072 960 540
15163920084 960 540
15163920092 960 540
15163920104 960 540
15163920112 960 540
15163920124 960 540
15163920132 960 540
15163920144 960 540
15163920152 960 540
15163920164 960 540
15163920172 960 540
15163920184 960 540
15163920196 960 540
15163920204 960 540
15163920215 960 540
15163920223 960 540
15163920235 960 540
15163920243 960 540
15163920256 960 540
15163920263 960 540
15163920275 960 540
15163920284 960 540
15163920295 960 540
15163920304 960 540
15163920315 960 540
15163920324 960 540
15163920335 960 540
15163920343 960 540
15163920355 960 540
15163920364 960 540
15163920375 960 540
15163920383 960 540
15163920395 960 540
15163920403 960 540
15163920415 960 540
15163920423 960 540
15163920435 960 540
15163920447 960 540
15163920456 960 540
15163920467 960 540
15163920476 960 540
15163920487 960 540
15163920496 960 540
15163920507 960 540
15163920515 960 540
15163920527 960 540
15163920535 960 540
15163920548 960 540
15163920555 960 540
15163920568 960 540
15163920575 960 540
15163920588 960 540
15163920595 960 540
15163920607 960 540
15163920616 960 540
15163920627 960 540
15163920635 960 540
15163920648 960 540
15163920656 960 540
15163920667 960 540
15163920675 960 540
15163920688 960 540
15163920699 960 540
15163920707 960 540
15163920720 960 540
15163920727 960 540
15163920739 960 540
15163920747 960 540
15163920759 960 540
15163920768 960 540
15163920780 960 540
15163920788 960 540
15163920799 960 540
15163920807 960 540
15163920819 960 540
15163920827 960 540
15163920840 960 540
15163920847 960 540
15163920860 960 540
15163920868 960 540
15163920880 960 540
15163920888 960 540
15163920900 960 540
15163920908 960 540
15163920920 960 540
15163920928 960 540
15163920939 960 540
15163920952 960 540
15163920960 960 540
15163920972 960 540
15163920979 960 540
15163920991 960 540
15163921000 960 540
15163921011 960 540
15163921020 960 540
15163921031 960 540
15163921039 960 540
15163921051 960 540
15163921059 960 540
15163921072 960 540
15163921079 960 540
15163921091 960 540
15163921099 960 540
15163921111 960 540
15163921119 960 540
15163921131 960 540
15163921139 960 540
15163921151 960 540
15163921159 960 540
15163921171 960 540
15163921179 960 540
15163921191 960 540
15163921203 960 540
15163921211 960 540
15163921223 960 540
15163921231 960 540
15163921244 785 540
15163921252 785 540
15163921264 785 540
15163921271 785 540
15163921283 785 540
15163921291 785 540
15163921303 785 540
15163921311 785 540
15163921323 785 540
15163921331 785 540
15163921343 785 540
15163921351 785 540
15163921363 785 540
15163921371 785 540
15163921383 785 540
15163921391 785 540
15163921403 785 540
15163921411 785 540
15163921423 785 540
15163921431 785 540
15163921443 785 540
15163921455 785 540
15163921463 785 540
15163921475 785 540
15163921483 785 540
15163921495 785 540
15163921503 785 540
15163921515 785 540
15163921523 785 540
15163921535 785 540
15163921543 785 540
15163921555 785 540
15163921563 785 540
15163921575 785 540
15163921583 785 540
15163921595 785 540
15163921603 785 540
15163921615 785 540
15163921623 785 540
15163921635 785 540
15163921643 785 540
15163921655 785 540
15163921663 785 540
15163921675 785 540
15163921683 785 540
15163921695 785 540
15163921707 785 540
15163921716 785 540
15163921727 785 540
15163921735 785 540
15163921747 785 540
15163921755 785 540
15163921767 785 540
15163921775 785 540
15163921787 785 540
15163921795 785 540
15163921807 785 540
15163921815 785 540
15163921827 785 540
15163921836 785 540
15163921847 785 540
15163921856 785 540
15163921868 785 540
15163921876 785 540
15163921888 785 540
15163921895 785 540
15163921907 785 540
15163921916 785 540
15163921927 785 540
15163921936 785 540
15163921947 785 540
15163921959 785 540
15163921967 785 540
15163921979 785 540
15163921987 785 540
15163921999 785 540
15163922007 785 540
15163922019 785 540
15163922027 785 540
15163922039 785 540
15163922048 785 540
15163922059 785 540
15163922067 785 540
15163922079 785 540
15163922087 785 540
15163922099 785 540
15163922107 785 540
15163922119 785 540
15163922127 785 540
15163922139 785 540
15163922147 785 540
15163922160 785 540
15163922168 785 540
15163922180 785 540
15163922188 785 540
15163922200 785 540
15163922212 785 540
15163922219 785 540
15163922232 785 540
15163922240 785 540
15163922251 785 540
15163922259 785 540
15163922272 785 540
15163922279 785 540
15163922291 785 540
15163922299 785 540
15163922311 785 540
15163922319 785 540
15163922331 785 540
15163922339 785 540
15163922351 785 540
15163922359 785 540
15163922371 785 540
15163922379 785 540
15163922391 785 540
15163922399 785 540
15163922411 785 540
15163922419 785 540
15163922431 785 540
15163922439 785 540
15163922451 785 540
15163922463 785 540
15163922471 785 540
15163922483 785 540
15163922492 785 540
15163922504 785 540
15163922511 785 540
15163922523 785 540
15163922531 785 540
15163922543 785 540
15163922551 785 540
15163922563 785 540
15163922571 785 540
15163922583 785 540
15163922591 785 540
15163922603 785 540
15163922611 785 540
15163922623 785 540
15163922631 785 540
15163922644 785 540
15163922651 785 540
15163922663 785 540
15163922671 785 540
15163922683 785 540
15163922691 785 540
15163922703 785 540
15163922715 785 540
15163922723 785 540
15163922735 785 540
15163922743 960 540
15163922756 960 540
15163922764 960 540
15163922776 960 540
15163922784 960 540
15163922795 960 540
15163922803 960 540
15163922816 960 540
15163922823 960 540
15163922836 960 540
15163922844 960 540
15163922855 960 540
15163922863 960 540
15163922875 960 540
15163922883 960 540
15163922895 960 540
15163922903 960 540
15163922915 960 540
15163922923 960 540
15163922935 960 540
15163922943 960 540
15163922955 960 540
15163922967 960 540
15163922975 960 540
15163922987 960 540
15163922995 960 540
15163923007 960 540
15163923015 960 540
15163923027 960 540
15163923035 960 540
15163923047 960 540
15163923056 960 540
15163923067 960 540
15163923075 960 540
15163923087 960 540
15163923095 960 540
15163923107 960 540
15163923115 960 540
15163923127 960 540
15163923135 960 540
15163923147 960 540
15163923155 960 540
15163923167 960 540
15163923175 960 540
15163923187 960 540
15163923195 960 540
15163923207 960 540
15163923219 960 540
15163923227 960 540
15163923239 960 540
15163923247 960 540
15163923259 960 540
15163923267 960 540
15163923279 960 540
15163923287 960 540
15163923299 960 540
15163923307 960 540
15163923319 960 540
15163923327 960 540
15163923339 960 540
15163923347 960 540
15163923359 960 540
15163923367 960 540
15163923379 960 540
15163923387 960 540
15163923399 960 540
15163923407 960 540
15163923419 960 540
15163923427 960 540
15163923439 960 540
15163923447 960 540
15163923459 960 540
15163923471 960 540
15163923479 960 540
15163923492 960 540
15163923499 960 540
15163923511 960 540
15163923519 960 540
15163923531 960 540
15163923539 960 540
15163923551 960 540
15163923559 960 540
15163923571 960 540
15163923579 960 540
15163923591 960 540
15163923599 960 540
15163923611 960 540
15163923619 960 540
15163923631 960 540
15163923639 960 540
15163923651 960 540
15163923659 960 540
15163923672 960 540
15163923679 960 540
15163923691 960 540
15163923699 960 540
15163923711 960 540
15163923723 960 540
15163923731 960 540
15163923743 960 540
15163923751 960 540
15163923763 960 540
15163923771 960 540
15163923783 960 540
15163923791 960 540
15163923803 960 540
15163923811 960 540
15163923823 960 540
15163923831 960 540
15163923843 960 540
15163923851 960 540
15163923863 960 540
15163923871 960 540
15163923883 960 540
15163923891 960 540
15163923903 960 540
15163923911 960 540
15163923923 960 540
15163923931 960 540
15163923943 960 540
15163923951 960 540
15163923963 960 540
15163923975 960 540
15163923983 960 540
15163923995 960 540
15163924003 960 540
15163924015 960 540
15163924023 960 540
15163924035 960 540
15163924043 960 540
15163924055 960 540
15163924063 960 540
15163924075 960 540
15163924083 960 540
15163924095 960 540
15163924103 960 540
15163924115 960 540
15163924123 960 540
15163924135 960 540
15163924143 960 540
15163924155 960 540
15163924163 960 540
15163924175 960 540
15163924183 960 540
15163924195 960 540
15163924203 960 540
15163924215 960 540
15163924227 960 540
15163924235 960 540
15163924248 260 540
15163924255 260 540
15163924267 260 540
15163924275 260 540
15163924287 260 540
15163924295 260 540
15163924307 260 540
15163924315 260 540
15163924327 260 540
15163924335 260 540
15163924347 260 540
15163924355 260 540
15163924367 260 540
15163924375 260 540
15163924387 260 540
15163924395 260 540
15163924407 260 540
15163924415 260 540
15163924427 260 540
15163924435 260 540
15163924447 260 540
15163924455 260 540
15163924467 260 540
15163924479 260 540
15163924487 260 540
15163924499 260 540
15163924507 260 540
15163924519 260 540
15163924527 260 540
15163924539 260 540
15163924547 260 540
15163924559 260 540
15163924567 260 540
15163924579 260 540
15163924587 260 540
15163924599 260 540
15163924607 260 540
15163924619 260 540
15163924627 260 540
15163924639 260 540
15163924647 260 540
15163924659 260 540
15163924667 260 540
15163924679 260 540
15163924687 260 540
15163924699 260 540
15163924707 260 540
15163924719 260 540
15163924731 260 540
15163924739 260 540
15163924751 260 540
15163924759 260 540
15163924772 260 540
15163924779 260 540
15163924791 260 540
15163924799 260 540
15163924811 260 540
15163924819 260 540
15163924831 260 540
15163924839 260 540
15163924851 260 540
15163924859 260 540
15163924871 260 540
15163924879 260 540
15163924891 260 540
15163924899 260 540
15163924911 260 540
15163924919 260 540
15163924931 260 540
15163924939 260 540
15163924951 260 540
15163924959 260 540
15163924972 260 540
15163924983 260 540
15163924991 260 540
15163925003 260 540
15163925011 260 540
15163925023 260 540
15163925031 260 540
15163925043 260 540
15163925051 260 540
15163925063 260 540
15163925071 260 540
15163925083 260 540
15163925091 260 540
15163925103 260 540
15163925111 260 540
15163925123 260 540
15163925131 260 540
15163925143 260 540
15163925151 260 540
15163925163 260 540
15163925171 260 540
15163925183 260 540
15163925191 260 540
15163925203 260 540
15163925211 260 540
15163925223 260 540
15163925235 260 540
15163925243 260 540
15163925255 260 540
15163925263 260 540
15163925275 260 540
15163925283 260 540
15163925295 260 540
15163925303 260 540
15163925315 260 540
15163925323 260 540
15163925335 260 540
15163925343 260 540
15163925355 260 540
15163925363 260 540
15163925375 260 540
15163925383 260 540
15163925395 260 540
15163925403 260 540
15163925415 260 540
15163925423 260 540
15163925435 260 540
15163925443 260 540
15163925455 260 540
15163925463 260 540
15163925475 260 540
15163925487 260 540
15163925495 260 540
15163925507 260 540
15163925515 260 540
15163925527 260 540
15163925535 260 540
15163925547 260 540
15163925555 260 540
15163925567 260 540
15163925575 260 540
15163925587 260 540
15163925595 260 540
15163925607 260 540
15163925615 260 540
15163925627 260 540
15163925635 260 540
15163925647 260 540
15163925655 260 540
15163925667 260 540
15163925675 260 540
15163925687 260 540
15163925695 260 540
15163925707 260 540
15163925715 260 540
15163925727 260 540
15163925739 260 540
15163925747 960 540
15163925759 960 540
15163925767 960 540
15163925779 960 540
15163925787 960 540
15163925799 960 540
15163925807 960 540
15163925819 960 540
15163925827 960 540
15163925839 960 540
15163925847 960 540
15163925859 960 540
15163925867 960 540
15163925879 960 540
15163925887 960 540
15163925899 960 540
15163925907 960 540
15163925919 960 540
15163925927 960 540
15163925939 960 540
15163925947 960 540
15163925959 960 540
15163925967 960 540
15163925979 960 540
15163925991 960 540
15163925999 960 540
15163926011 960 540
15163926019 960 540
15163926031 960 540
15163926039 960 540
15163926051 960 540
15163926059 960 540
15163926071 960 540
15163926079 960 540
15163926091 960 540
15163926099 960 540
15163926111 960 540
15163926119 960 540
15163926131 960 540
15163926139 960 540
15163926151 960 540
15163926159 960 540
15163926171 960 540
15163926179 960 540
15163926191 960 540
15163926199 960 540
15163926211 960 540
15163926219 960 540
15163926231 960 540
15163926243 960 540
15163926251 960 540
15163926263 960 540
15163926271 960 540
15163926283 960 540
15163926291 960 540
15163926303 960 540
15163926311 960 540
15163926323 960 540
15163926331 960 540
15163926343 960 540
15163926351 960 540
15163926363 960 540
15163926371 960 540
15163926383 960 540
15163926391 960 540
15163926403 960 540
15163926411 960 540
15163926423 960 540
15163926431 960 540
15163926443 960 540
15163926451 960 540
15163926463 960 540
15163926471 960 540
15163926483 960 540
15163926495 960 540
15163926503 960 540
15163926515 960 540
15163926523 960 540
15163926535 960 540
15163926543 960 540
15163926555 960 540
15163926563 960 540
15163926575 960 540
15163926583 960 540
15163926595 960 540
15163926603 960 540
15163926615 960 540
15163926623 960 540
15163926635 960 540
15163926643 960 540
15163926655 960 540
15163926663 960 540
15163926675 960 540
15163926683 960 540
15163926695 960 540
15163926703 960 540
15163926715 960 540
15163926723 960 540
15163926735 960 540
15163926747 960 540
15163926755 960 540
15163926767 960 540
15163926775 960 540
15163926787 960 540
15163926795 960 540
15163926807 960 540
15163926815 960 540
15163926827 960 540
15163926835 960 540
15163926847 960 540
15163926855 960 540
15163926867 960 540
15163926875 960 540
15163926887 960 540
15163926895 960 540
15163926907 960 540
15163926915 960 540
15163926927 960 540
15163926935 960 540
15163926947 960 540
15163926955 960 540
15163926967 960 540
15163926975 960 540
15163926987 960 540
15163926999 960 540
15163927007 960 540
15163927019 960 540
15163927027 960 540
15163927039 960 540
15163927047 960 540
15163927059 960 540
15163927067 960 540
15163927079 960 540
15163927087 960 540
15163927099 960 540
15163927107 960 540
15163927119 960 540
15163927127 960 540
15163927139 960 540
15163927147 960 540
15163927159 960 540
15163927167 960 540
15163927179 960 540
15163927187 960 540
15163927199 960 540
15163927207 960 540
15163927219 960 540
15163927227 960 540
15163927239 960 540
15163927252 785 540
15163927259 785 540
15163927271 785 540
15163927279 785 540
15163927291 785 540
15163927299 785 540
15163927311 785 540
15163927319 785 540
15163927331 785 540
15163927339 785 540
15163927351 785 540
15163927359 785 540
15163927371 785 540
15163927379 785 540
15163927391 785 540
15163927399 785 540
15163927411 785 540
15163927419 785 540
15163927431 785 540
15163927439 785 540
15163927451 785 540
15163927459 785 540
15163927471 785 540
15163927479 785 540
15163927491 785 540
15163927503 785 540
15163927511 785 540
15163927523 785 540
15163927531 785 540
15163927543 785 540
15163927551 785 540
15163927563 785 540
15163927571 785 540
15163927583 785 540
15163927591 785 540
15163927603 785 540
15163927611 785 540
15163927623 785 540
15163927631 785 540
15163927643 785 540
15163927651 785 540
15163927663 785 540
15163927671 785 540
15163927683 785 540
15163927691 785 540
15163927703 785 540
15163927711 785 540
15163927723 785 540
15163927731 785 540
15163927743 785 540
15163927755 785 540
15163927763 785 540
15163927775 785 540
15163927783 785 540
15163927795 785 540
15163927803 785 540
15163927815 785 540
15163927823 785 540
15163927835 785 540
15163927843 785 540
15163927855 785 540
15163927863 785 540
15163927875 785 540
15163927883 785 540
15163927895 785 540
15163927903 785 540
15163927915 785 540
15163927923 785 540
15163927935 785 540
15163927943 785 540
15163927955 785 540
15163927963 785 540
15163927975 785 540
15163927983 785 540
15163927995 785 540
15163928007 785 540
15163928015 785 540
15163928027 785 540
15163928035 785 540
15163928047 785 540
15163928055 785 540
15163928067 785 540
15163928075 785 540
15163928087 785 540
15163928095 785 540
15163928107 785 540
15163928115 785 540
15163928127 785 540
15163928135 785 540
15163928147 785 540
15163928155 785 540
15163928167 785 540
15163928175 785 540
15163928187 785 540
15163928195 785 540
15163928207 785 540
15163928215 785 540
15163928227 785 540
15163928235 785 540
15163928247 785 540
15163928259 785 540
15163928267 785 540
15163928279 785 540
15163928287 785 540
15163928299 785 540
15163928307 785 540
15163928319 785 540
15163928327 785 540
15163928339 785 540
15163928347 785 540
15163928359 785 540
15163928367 785 540
15163928379 785 540
15163928387 785 540
15163928399 785 540
15163928407 785 540
15163928419 785 540
15163928427 785 540
15163928439 785 540
15163928447 785 540
15163928459 785 540
15163928467 785 540
15163928479 785 540
15163928487 785 540
15163928499 785 540
15163928511 785 540
15163928519 785 540
15163928531 785 540
15163928539 785 540
15163928551 785 540
15163928559 785 540
15163928571 785 540
15163928579 785 540
15163928591 785 540
15163928599 785 540
15163928611 785 540
15163928619 785 540
15163928631 785 540
15163928639 785 540
15163928651 785 540
15163928659 785 540
15163928671 785 540
15163928679 785 540
15163928691 785 540
15163928699 785 540
15163928711 785 540
15163928719 785 540
15163928731 785 540
15163928739 785 540
15163928752 960 540
15163928763 960 540
15163928771 960 540
15163928783 960 540
15163928791 960 540
15163928803 960 540
15163928811 960 540
15163928823 960 540
15163928831 960 540
15163928843 960 540
15163928851 960 540
15163928863 960 540
15163928871 960 540
15163928883 960 540
15163928891 960 540
15163928903 960 540
15163928911 960 540
15163928923 960 540
15163928931 960 540
15163928943 960 540
15163928951 960 540
15163928963 960 540
15163928971 960 540
15163928983 960 540
15163928991 960 540
15163929003 960 540
15163929015 960 540
15163929023 960 540
15163929035 960 540
15163929043 960 540
15163929055 960 540
15163929063 960 540
15163929075 960 540
15163929083 960 540
15163929095 960 540
15163929103 960 540
15163929115 960 540
15163929123 960 540
15163929135 960 540
15163929143 960 540
15163929155 960 540
15163929163 960 540
15163929175 960 540
15163929183 960 540
15163929195 960 540
15163929203 960 540
15163929215 960 540
15163929223 960 540
15163929235 960 540
15163929243 960 540
15163929255 960 540
15163929267 960 540
15163929275 960 540
15163929287 960 540
15163929295 960 540
15163929307 960 540
15163929315 960 540
15163929327 960 540
15163929335 960 540
15163929347 960 540
15163929355 960 540
15163929367 960 540
15163929375 960 540
15163929387 960 540
15163929395 960 540
15163929407 960 540
15163929415 960 540
15163929427 960 540
15163929435 960 540
15163929447 960 540
15163929455 960 540
15163929467 960 540
15163929475 960 540
15163929487 960 540
15163929495 960 540
15163929507 960 540
15163929519 960 540
15163929527 960 540
15163929539 960 540
15163929547 960 540
15163929559 960 540
15163929567 960 540
15163929579 960 540
15163929587 960 540
15163929599 960 540
15163929607 960 540
15163929619 960 540
15163929627 960 540
15163929639 960 540
15163929647 960 540
15163929659 960 540
15163929667 960 540
15163929679 960 540
15163929687 960 540
15163929699 960 540
15163929707 960 540
15163929719 960 540
15163929727 960 540
15163929739 960 540
15163929747 960 540
15163929759 960 540
15163929771 960 540
15163929779 960 540
15163929791 960 540
15163929799 960 540
15163929811 960 540
15163929819 960 540
15163929831 960 540
15163929839 960 540
15163929851 960 540
15163929859 960 540
15163929871 960 540
15163929879 960 540
15163929891 960 540
15163929899 960 540
15163929911 960 540
15163929919 960 540
15163929931 960 540
15163929939 960 540
15163929951 960 540
15163929959 960 540
15163929971 960 540
15163929979 960 540
15163929991 960 540
15163929999 960 540
15163930011 960 540
15163930023 960 540
15163930031 960 540
15163930043 960 540
15163930051 960 540
15163930063 960 540
15163930071 960 540
15163930083 960 540
15163930091 960 540
15163930103 960 540
15163930111 960 540
15163930123 960 540
15163930131 960 540
15163930143 960 540
15163930151 960 540
15163930163 960 540
15163930171 960 540
15163930183 960 540
15163930191 960 540
15163930203 960 540
15163930211 960 540
15163930223 960 540
15163930231 960 540
15163930243 960 540
15163930251 1135 540
15163930264 1135 540
15163930275 1135 540
15163930283 1135 540
15163930295 1135 540
15163930303 1135 540
15163930315 1135 540
15163930323 1135 540
15163930335 1135 540
15163930343 1135 540
15163930355 1135 540
15163930363 1135 540
15163930375 1135 540
15163930383 1135 540
15163930395 1135 540
15163930403 1135 540
15163930415 1135 540
15163930423 1135 540
15163930435 1135 540
15163930443 1135 540
15163930455 1135 540
15163930463 1135 540
15163930475 1135 540
15163930483 1135 540
15163930495 1135 540
15163930503 1135 540
15163930515 1135 540
15163930527 1135 540
15163930535 1135 540
15163930547 1135 540
15163930555 1135 540
15163930567 1135 540
15163930575 1135 540
15163930586 1135 540
15163930594 1135 540
15163930606 1135 540
15163930614 1135 540
15163930626 1135 540
15163930634 1135 540
15163930646 1135 540
15163930655 1135 540
15163930667 1135 540
15163930675 1135 540
15163930687 1135 540
15163930695 1135 540
15163930707 1135 540
15163930715 1135 540
15163930727 1135 540
15163930735 1135 540
15163930747 1135 540
15163930755 1135 540
15163930767 1135 540
15163930779 1135 540
15163930787 1135 540
15163930799 1135 540
15163930807 1135 540
15163930819 1135 540
15163930827 1135 540
15163930839 1135 540
15163930847 1135 540
15163930859 1135 540
15163930867 1135 540
15163930879 1135 540
15163930887 1135 540
15163930898 1135 540
15163930906 1135 540
15163930918 1135 540
15163930926 1135 540
15163930938 1135 540
15163930946 1135 540
15163930958 1135 540
15163930966 1135 540
15163930978 1135 540
15163930986 1135 540
15163930999 1135 540
15163931007 1135 540
15163931020 1135 540
15163931032 1135 540
15163931040 1135 540
15163931052 1135 540
15163931060 1135 540
15163931072 1135 540
15163931080 1135 540
15163931092 1135 540
15163931100 1135 540
15163931112 1135 540
15163931120 1135 540
15163931132 1135 540
15163931140 1135 540
15163931152 1135 540
15163931160 1135 540
15163931172 1135 540
15163931180 1135 540
15163931192 1135 540
15163931200 1135 540
15163931212 1135 540
15163931220 1135 540
15163931232 1135 540
15163931240 1135 540
15163931252 1135 540
15163931260 1135 540
15163931272 1135 540
15163931284 1135 540
15163931292 1135 540
15163931304 1135 540
15163931312 1135 540
15163931324 1135 540
15163931332 1135 540
15163931344 1135 540
15163931352 1135 540
15163931364 1135 540
15163931372 1135 540
15163931384 1135 540
15163931392 1135 540
15163931404 1135 540
15163931412 1135 540
15163931424 1135 540
15163931432 1135 540
15163931444 1135 540
15163931452 1135 540
15163931464 1135 540
15163931472 1135 540
15163931484 1135 540
15163931492 1135 540
15163931504 1135 540
15163931512 1135 540
15163931524 1135 540
15163931536 1135 540
15163931544 1135 540
15163931556 1135 540
15163931564 1135 540
15163931576 1135 540
15163931584 1135 540
15163931596 1135 540
15163931604 1135 540
15163931616 1135 540
15163931624 1135 540
15163931636 1135 540
15163931644 1135 540
15163931656 1135 540
15163931664 1135 540
15163931676 1135 540
15163931684 1135 540
15163931696 1135 540
15163931704 1135 540
15163931716 1135 540
15163931724 1135 540
15163931736 1135 540
15163931744 1135 540
15163931756 960 540
15163931764 960 540
15163931776 960 540
15163931788 960 540
15163931796 960 540
15163931808 960 540
15163931816 960 540
15163931828 960 540
15163931836 960 540
15163931848 960 540
15163931856 960 540
15163931868 960 540
15163931876 960 540
15163931888 960 540
15163931896 960 540
15163931908 960 540
15163931916 960 540
15163931928 960 540
15163931936 960 540
15163931948 960 540
15163931956 960 540
15163931968 960 540
15163931976 960 540
15163931988 960 540
15163931996 960 540
15163932008 960 540
15163932016 960 540
15163932028 960 540
15163932040 960 540
15163932048 960 540
15163932060 960 540
15163932068 960 540
15163932080 960 540
15163932088 960 540
15163932100 960 540
15163932108 960 540
15163932120 960 540
15163932128 960 540
15163932140 960 540
15163932148 960 540
15163932160 960 540
15163932168 960 540
15163932180 960 540
15163932188 960 540
15163932200 960 540
15163932208 960 540
15163932220 960 540
15163932228 960 540
15163932240 960 540
15163932248 960 540
15163932260 960 540
15163932268 960 540
15163932280 960 540
15163932292 960 540
15163932300 960 540
15163932312 960 540
15163932320 960 540
15163932332 960 540
15163932340 960 540
15163932352 960 540
15163932360 960 540
15163932372 960 540
15163932380 960 540
15163932392 960 540
15163932400 960 540
15163932412 960 540
15163932420 960 540
15163932432 960 540
15163932440 960 540
15163932452 960 540
15163932460 960 540
15163932472 960 540
15163932480 960 540
15163932492 960 540
15163932500 960 540
15163932512 960 540
15163932520 960 540
15163932532 960 540
15163932544 960 540
15163932552 960 540
15163932564 960 540
15163932572 960 540
15163932584 960 540
15163932592 960 540
15163932604 960 540
15163932612 960 540
15163932624 960 540
15163932632 960 540
15163932644 960 540
15163932652 960 540
15163932664 960 540
15163932672 960 540
15163932684 960 540
15163932692 960 540
15163932704 960 540
15163932712 960 540
15163932724 960 540
15163932732 960 540
15163932744 960 540
15163932752 960 540
15163932764 960 540
15163932772 960 540
15163932784 960 540
15163932796 960 540
15163932804 960 540
15163932816 960 540
15163932824 960 540
15163932836 960 540
15163932844 960 540
15163932856 960 540
15163932864 960 540
15163932876 960 540
15163932884 960 540
15163932896 960 540
15163932904 960 540
15163932916 960 540
15163932924 960 540
15163932936 960 540
15163932944 960 540
15163932956 960 540
15163932964 960 540
15163932976 960 540
15163932984 960 540
15163932996 960 540
15163933004 960 540
15163933016 960 540
15163933024 960 540
15163933036 960 540
15163933048 960 540
15163933056 960 540
15163933068 960 540
15163933076 960 540
15163933088 960 540
15163933096 960 540
15163933108 960 540
15163933116 960 540
15163933128 960 540
15163933136 960 540
15163933148 960 540
15163933156 960 540
15163933168 960 540
15163933176 960 540
15163933188 960 540
15163933196 960 540
15163933208 960 540
15163933216 960 540
15163933228 960 540
15163933236 960 540
15163933248 960 540
15163933256 1310 540
15163933268 1310 540
15163933276 1310 540
15163933288 1310 540
15163933300 1310 540
15163933308 1310 540
15163933320 1310 540
15163933328 1310 540
15163933340 1310 540
15163933348 1310 540
15163933360 1310 540
15163933368 1310 540
15163933380 1310 540
15163933388 1310 540
15163933400 1310 540
15163933408 1310 540
15163933420 1310 540
15163933428 1310 540
15163933440 1310 540
15163933448 1310 540
15163933460 1310 540
15163933468 1310 540
15163933480 1310 540
15163933488 1310 540
15163933500 1310 540
15163933508 1310 540
15163933520 1310 540
15163933528 1310 540
15163933540 1310 540
15163933552 1310 540
15163933560 1310 540
15163933572 1310 540
15163933580 1310 540
15163933592 1310 540
15163933600 1310 540
15163933612 1310 540
15163933620 1310 540
15163933632 1310 540
15163933640 1310 540
15163933652 1310 540
15163933660 1310 540
15163933672 1310 540
15163933680 1310 540
15163933692 1310 540
15163933700 1310 540
15163933712 1310 540
15163933720 1310 540
15163933732 1310 540
15163933740 1310 540
15163933752 1310 540
15163933760 1310 540
15163933772 1310 540
15163933780 1310 540
15163933792 1310 540
15163933804 1310 540
15163933812 1310 540
15163933824 1310 540
15163933832 1310 540
15163933844 1310 540
15163933852 1310 540
15163933864 1310 540
15163933872 1310 540
15163933884 1310 540
15163933892 1310 540
15163933904 1310 540
15163933912 1310 540
15163933924 1310 540
15163933932 1310 540
15163933944 1310 540
15163933952 1310 540
15163933964 1310 540
15163933972 1310 540
15163933984 1310 540
15163933992 1310 540
15163934004 1310 540
15163934012 1310 540
15163934024 1310 540
15163934032 1310 540
15163934044 1310 540
15163934056 1310 540
15163934064 1310 540
15163934076 1310 540
15163934084 1310 540
15163934096 1310 540
15163934104 1310 540
15163934116 1310 540
15163934124 1310 540
15163934136 1310 540
15163934144 1310 540
15163934156 1310 540
15163934164 1310 540
15163934176 1310 540
15163934184 1310 540
15163934196 1310 540
15163934204 1310 540
15163934216 1310 540
15163934224 1310 540
15163934236 1310 540
15163934244 1310 540
15163934256 1310 540
15163934264 1310 540
15163934276 1310 540
15163934284 1310 540
15163934296 1310 540
15163934308 1310 540
15163934316 1310 540
15163934328 1310 540
15163934336 1310 540
15163934348 1310 540
15163934356 1310 540
15163934368 1310 540
15163934376 1310 540
15163934388 1310 540
15163934396 1310 540
15163934408 1310 540
15163934416 1310 540
15163934428 1310 540
15163934436 1310 540
15163934448 1310 540
15163934456 1310 540
15163934468 1310 540
15163934476 1310 540
15163934488 1310 540
15163934496 1310 540
15163934508 1310 540
15163934516 1310 540
15163934528 1310 540
15163934536 1310 540
15163934548 1310 540
15163934560 1310 540
15163934568 1310 540
15163934580 1310 540
15163934588 1310 540
15163934600 1310 540
15163934608 1310 540
15163934620 1310 540
15163934628 1310 540
15163934640 1310 540
15163934648 1310 540
15163934660 1310 540
15163934668 1310 540
15163934680 1310 540
15163934688 1310 540
15163934700 1310 540
15163934708 1310 540
15163934720 1310 540
15163934728 1310 540
15163934740 1310 540
15163934748 1310 540
