20180508T103326.350975 20 20
20180508T103326.358910 20 20
20180508T103326.369645 207.105 254.213 121.913 102.481 120.507 242.49 172.157 260.067 171.905 20180508T103326.369645 20 20
20180508T103326.381563 20 20
20180508T103326.389952 20 20
20180508T103326.401924 206.844 253.378 121.62 102.055 120.878 242.649 171.965 260 171.971 20180508T103326.401924 20 20
20180508T103326.410972 20 20
20180508T103326.421337 20 20
20180508T103326.429616 206.792 253.656 121.379 102.182 120.417 242.422 171.822 263.5 171.5 20180508T103326.429616 20 20
20180508T103326.444147 20 20
20180508T103326.449352 20 20
20180508T103326.461618 206.278 254.105 121.466 101.722 120.43 242.222 172.244 263.4 172.3 20180508T103326.461618 20 20
20180508T103326.470512 20 20
20180508T103326.481368 20 20
20180508T103326.489898 206.134 254.094 121.436 101.574 119.844 242 172.5 259.813 172.146 20180508T103326.489898 20 20
20180508T103326.501364 20 20
20180508T103326.509372 20 20
20180508T103326.522171 206.254 253.51 120.84 101.419 120.483 242 172 250.778 160.444 20180508T103326.522171 20 20
20180508T103326.530563 20 20
20180508T103326.541369 20 20
20180508T103326.549919 206.478 253.224 120.709 101.396 120.359 242.089 171.822 259.333 171.222 20180508T103326.549919 20 20
20180508T103326.561658 20 20
20180508T103326.569332 20 20
20180508T103326.581328 206.403 253.103 120.421 101.201 120.899 242.089 171.822 263.259 171.481 20180508T103326.581328 20 20
20180508T103326.589375 20 20
20180508T103326.601398 20 20
20180508T103326.609377 205.94 253.371 120.579 100.948 120.191 242 172 259.739 171.523 20180508T103326.609377 20 20
20180508T103326.621388 20 20
20180508T103326.634591 20 20
20180508T103326.641597 205.575 253.47 120.361 100.822 120.189 241.51 172.216 258.275 172.029 20180508T103326.641597 20 20
20180508T103326.653645 20 20
20180508T103326.661932 20 20
20180508T103326.673916 205.707 253.538 120.716 100.895 120.005 241.5 172.5 258.319 172.058 20180508T103326.673916 20 20
20180508T103326.682106 20 20
20180508T103326.693386 20 20
20180508T103326.701285 205.754 253.542 120.178 101.043 120.358 241.911 172.178 262.03 172.212 20180508T103326.701285 20 20
20180508T103326.713900 20 20
20180508T103326.721926 20 20
20180508T103326.733922 205.658 253.535 120.457 100.674 119.985 241.317 172.079 258.257 172.028 20180508T103326.733922 20 20
20180508T103326.742254 20 20
20180508T103326.753876 20 20
20180508T103326.761845 205.687 253.539 120.233 100.606 119.824 241.2 172.05 258.374 172.014 20180508T103326.761845 20 20
20180508T103326.773911 20 20
20180508T103326.781991 20 20
20180508T103326.793926 205.6 253.547 120.154 100.871 119.946 241.203 171.681 262.125 171.729 20180508T103326.793926 20 20
20180508T103326.802466 20 20
20180508T103326.813639 20 20
20180508T103326.821672 205.497 253.627 120.182 100.733 120.077 241 171.815 259.441 171.198 20180508T103326.821672 20 20
20180508T103326.833813 20 20
20180508T103326.841488 20 20
20180508T103326.853337 205.084 253.745 120.028 100.81 120.506 240.649 171.965 258.339 171.711 20180508T103326.853337 20 20
20180508T103326.861416 20 20
20180508T103326.873298 20 20
20180508T103326.885287 204.982 253.948 120.154 100.554 119.479 240.5 172 258 171.971 20180508T103326.885287 20 20
20180508T103326.893423 20 20
20180508T103326.905363 20 20
20180508T103326.913375 205.1 253.933 119.989 100.596 120.184 240.649 171.965 258.138 171.701 20180508T103326.913375 20 20
20180508T103326.925341 20 20
20180508T103326.933303 20 20
20180508T103326.946599 205.36 253.755 119.867 100.791 120.278 240.625 171.854 262.311 171.244 20180508T103326.946599 20 20
20180508T103326.953683 20 20
20180508T103326.965706 20 20
20180508T103326.973916 205.659 253.778 119.968 100.412 120.655 241.649 171.386 262.051 171.205 20180508T103326.973916 20 20
20180508T103326.987020 20 20
20180508T103326.993346 20 20
20180508T103327.005301 205.563 253.799 119.756 100.634 120.424 241.37 171.778 259.189 171.198 20180508T103327.005301 20 20
20180508T103327.013452 20 20
20180508T103327.026105 20 20
20180508T103327.034154 205.526 253.914 119.709 100.664 120.282 240.909 171.682 262.222 171.389 20180508T103327.034154 20 20
20180508T103327.046205 20 20
20180508T103327.053359 20 20
20180508T103327.065290 205.524 253.937 119.977 100.567 120.496 241.032 171.794 262.222 171.389 20180508T103327.065290 20 20
20180508T103327.073487 20 20
20180508T103327.085346 20 20
20180508T103327.093346 205.539 253.913 120.002 100.577 120.409 241.091 171.682 262.4 171.7 20180508T103327.093346 20 20
20180508T103327.105417 20 20
20180508T103327.114587 20 20
20180508T103327.125843 205.441 253.95 120.022 100.435 120.409 240.778 171.926 258.626 171.986 20180508T103327.125843 20 20
20180508T103327.138243 20 20
20180508T103327.145340 20 20
20180508T103327.157333 205.544 254.037 119.982 100.487 120.556 240.8 171.95 258.626 171.986 20180508T103327.157333 20 20
20180508T103327.166626 20 20
20180508T103327.177318 20 20
20180508T103327.185274 205.654 253.979 120.199 100.473 120.751 241.351 172.018 258.879 171.986 20180508T103327.185274 20 20
20180508T103327.197329 20 20
20180508T103327.205329 20 20
20180508T103327.217321 205.836 254.132 120.583 100.413 120.616 241.5 172.5 262 172.25 20180508T103327.217321 20 20
20180508T103327.225763 20 20
20180508T103327.237286 20 20
20180508T103327.246135 206.117 254.296 120.891 100.581 120.942 241.259 172.481 259.275 172.029 20180508T103327.246135 20 20
20180508T103327.258527 20 20
20180508T103327.266963 20 20
20180508T103327.277659 205.894 254.586 120.427 100.638 121.183 241.786 172.238 259.253 172.493 20180508T103327.277659 20 20
20180508T103327.286062 20 20
20180508T103327.297295 20 20
20180508T103327.306833 205.914 254.864 120.124 100.819 120.904 241.758 172.485 259.247 172.494 20180508T103327.306833 20 20
20180508T103327.318030 20 20
20180508T103327.325344 20 20
20180508T103327.337322 205.998 254.479 120.78 100.687 121.23 241.75 172.361 259.659 172.146 20180508T103327.337322 20 20
20180508T103327.346565 20 20
20180508T103327.357991 20 20
20180508T103327.365980 206.294 254.076 120.659 101.051 120.691 241.259 172.481 259.718 172.154 20180508T103327.365980 20 20
20180508T103327.379272 20 20
20180508T103327.389340 20 20
20180508T103327.397311 206.671 253.96 120.629 100.981 120.992 242.641 172.205 263 172 20180508T103327.397311 20 20
20180508T103327.410294 20 20
20180508T103327.417287 20 20
20180508T103327.429706 206.587 254.319 120.826 101.138 120.874 242.242 172.515 259.952 172.159 20180508T103327.429706 20 20
20180508T103327.439979 20 20
20180508T103327.449906 20 20
20180508T103327.457876 206.016 254.607 120.773 101.118 121.15 241.741 172.519 259 172.5 20180508T103327.457876 20 20
20180508T103327.470331 20 20
20180508T103327.477282 20 20
20180508T103327.489265 205.622 254.98 120.594 101.007 121.022 241.214 172.857 259.24 172.52 20180508T103327.489265 20 20
20180508T103327.498200 20 20
20180508T103327.509338 20 20
20180508T103327.517310 205.854 254.823 120.508 100.871 120.966 241.741 172.519 259.747 172.507 20180508T103327.517310 20 20
20180508T103327.529340 20 20
20180508T103327.537304 20 20
20180508T103327.549260 205.822 255.081 120.871 100.934 121.338 241.5 173 260.026 172.825 20180508T103327.549260 20 20
20180508T103327.558233 20 20
20180508T103327.569330 20 20
20180508T103327.577323 205.748 255.218 120.832 100.855 121.01 241.026 173.205 262.351 172.982 20180508T103327.577323 20 20
20180508T103327.589796 20 20
20180508T103327.597293 20 20
20180508T103327.610764 205.782 255.19 120.472 100.939 120.68 241.026 173.769 262.6 173.017 20180508T103327.610764 20 20
20180508T103327.619078 20 20
20180508T103327.629378 20 20
20180508T103327.641310 205.876 255.179 120.748 100.946 121.403 241.422 173.733 262.051 173.205 20180508T103327.641310 20 20
20180508T103327.649315 20 20
20180508T103327.661288 20 20
20180508T103327.669254 205.818 255.34 120.888 100.795 121.27 242.143 173.786 259.417 173.5 20180508T103327.669254 20 20
20180508T103327.681312 20 20
20180508T103327.690046 20 20
20180508T103327.702042 205.846 255.465 120.475 101.166 121.194 241.389 173.796 259.718 173.5 20180508T103327.702042 20 20
20180508T103327.709882 20 20
20180508T103327.721267 20 20
20180508T103327.730657 206 255.458 120.826 101.039 121.475 241.5 174 250.222 162.444 20180508T103327.730657 20 20
20180508T103327.742178 20 20
20180508T103327.750039 20 20
20180508T103327.762039 205.039 255.939 120.804 100.92 121.531 241.688 174.146 258.886 174.091 20180508T103327.762039 20 20
20180508T103327.769310 20 20
20180508T103327.782044 20 20
20180508T103327.789965 205.751 255.719 120.554 101.339 121.776 242.351 174.018 260.182 173.727 20180508T103327.789965 20 20
20180508T103327.802035 20 20
20180508T103327.810210 20 20
20180508T103327.822205 205.977 255.61 120.875 101.282 121.911 242.688 174.062 260.647 173.569 20180508T103327.822205 20 20
20180508T103327.829355 20 20
20180508T103328.909389 960 20
20180508T103328.921581 303.215 243.353 116.166 109.859 169.322 298.795 297.121 323.797 297.514 20180508T103328.921581 960 20
20180508T103328.929448 960 20
20180508T103328.941753 960 20
20180508T103328.949841 303.009 243.048 115.859 110.308 169.832 298.689 296.659 323.694 297.218 20180508T103328.949841 960 20
20180508T103328.963099 960 20
20180508T103328.969954 960 20
20180508T103328.981937 303.333 242.268 116.227 108.69 168.982 299.139 296.299 323.93 296.687 20180508T103328.981937 960 20
20180508T103328.991374 960 20
20180508T103329.001262 960 20
20180508T103329.009332 303.782 241.799 115.863 109.179 170.358 299.435 296.312 324.5 296.428 20180508T103329.009332 960 20
20180508T103329.021637 960 20
20180508T103329.030758 960 20
20180508T103329.042347 303.583 242.12 116.037 109.075 167.413 299.17 296.457 324.072 296.553 20180508T103329.042347 960 20
20180508T103329.050449 960 20
20180508T103329.061272 960 20
20180508T103329.069820 303.011 242.256 115.866 109.008 168.351 298.585 296.367 323.611 296.906 20180508T103329.069820 960 20
20180508T103329.085541 960 20
20180508T103329.090135 960 20
20180508T103329.102147 302.763 242.566 116.02 109.565 166.359 298.298 296.667 323.464 297.055 20180508T103329.102147 960 20
20180508T103329.112308 960 20
20180508T103329.121277 960 20
20180508T103329.130316 302.674 242.304 116.151 108.951 166.132 298.311 296.811 323.388 296.899 20180508T103329.130316 960 20
20180508T103329.141847 960 20
20180508T103329.153815 960 20
20180508T103329.161797 302.652 242.782 115.881 109.712 166.247 298.198 296.607 323.324 297.014 20180508T103329.161797 960 20
20180508T103329.173854 960 20
20180508T103329.181819 960 20
20180508T103329.193807 302.582 242.67 116.005 109.396 165.238 298.277 296.755 323.268 297.263 20180508T103329.193807 960 20
20180508T103329.204581 960 20
20180508T103329.213976 960 20
20180508T103329.221953 302.618 242.282 116.391 109.025 166.515 298.119 296.594 323.36 296.993 20180508T103329.221953 960 20
20180508T103329.233724 960 20
20180508T103329.241272 960 20
20180508T103329.254558 302.604 241.974 116.43 109.036 165.555 298.093 296.248 323.362 296.674 20180508T103329.254558 960 20
20180508T103329.264601 960 20
20180508T103329.273263 960 20
20180508T103329.281256 302.511 242.188 116.325 109.876 166.199 297.872 296.308 323.141 296.629 20180508T103329.281256 960 20
20180508T103329.295144 960 20
20180508T103329.301683 960 20
20180508T103329.313678 302.555 241.998 116.453 109.743 168.728 298.07 296.502 323.121 296.752 20180508T103329.313678 960 20
20180508T103329.322878 960 20
20180508T103329.333252 960 20
20180508T103329.341243 303.467 242.238 116.664 109.909 168.133 298.386 296.427 323.478 296.765 20180508T103329.341243 960 20
20180508T103329.354152 960 20
20180508T103329.361243 960 20
20180508T103329.374317 303.846 242.119 117.003 110.428 169.418 298.688 296.206 323.487 296.966 20180508T103329.374317 960 20
20180508T103329.384182 960 20
20180508T103329.393577 960 20
20180508T103329.405565 304.055 242.011 116.834 110.151 167.924 298.674 296.233 323.647 296.826 20180508T103329.405565 960 20
20180508T103329.413992 960 20
20180508T103329.425248 960 20
20180508T103329.433255 304.13 242.048 116.733 110.481 166.953 298.682 296.085 323.568 296.906 20180508T103329.433255 960 20
20180508T103329.445280 960 20
20180508T103329.454845 960 20
20180508T103329.466558 303.871 241.941 116.89 109.91 168.285 298.463 295.871 323.423 296.852 20180508T103329.466558 960 20
20180508T103329.474224 960 20
20180508T103329.485249 960 20
20180508T103329.493788 303.432 241.987 116.64 109.601 166.446 298.345 296.173 323.407 297.048 20180508T103329.493788 960 20
20180508T103329.506802 960 20
20180508T103329.513272 960 20
20180508T103329.525227 303.348 242.012 116.622 109.184 167.3 298.261 296.215 323.341 296.635 20180508T103329.525227 960 20
20180508T103329.533340 960 20
20180508T103329.545240 960 20
20180508T103329.554885 302.501 242.159 116.093 109.658 163.957 297.468 296.436 322.801 297.132 20180508T103329.554885 960 20
20180508T103329.565833 960 20
20180508T103329.573268 960 20
20180508T103329.585234 302.536 242.565 115.873 110.132 166.334 297.385 296.469 322.795 297.09 20180508T103329.585234 960 20
20180508T103329.593295 960 20
20180508T103329.605246 960 20
20180508T103329.614163 302.568 242.107 115.787 109.102 166.763 297.424 296.337 322.945 296.58 20180508T103329.614163 960 20
20180508T103329.626896 960 20
20180508T103329.633234 960 20
20180508T103329.645223 302.787 241.935 115.57 108.974 166.615 297.858 296.288 323.268 296.685 20180508T103329.645223 960 20
20180508T103329.657261 960 20
20180508T103329.665265 960 20
20180508T103329.678780 302.531 242.093 115.032 109.985 168.124 297.522 296.241 322.955 296.435 20180508T103329.678780 960 20
20180508T103329.686381 960 20
20180508T103329.697251 960 20
20180508T103329.705248 302.165 242.089 115.016 108.871 168.183 297.207 296.27 322.651 296.833 20180508T103329.705248 960 20
20180508T103329.717271 960 20
20180508T103329.725263 960 20
20180508T103329.738823 302.061 242.661 114.82 109.732 165.922 297.155 296.615 321.993 296.973 20180508T103329.738823 960 20
20180508T103329.747112 960 20
20180508T103329.757253 960 20
20180508T103329.765791 301.709 242.272 115.238 109.157 167.912 296.856 296.181 321.929 296.711 20180508T103329.765791 960 20
20180508T103329.777822 960 20
20180508T103329.785801 960 20
20180508T103329.797794 302.125 241.756 114.661 109.497 166.544 297.17 295.764 322.309 296.155 20180508T103329.797794 960 20
20180508T103329.807689 960 20
20180508T103329.817240 960 20
20180508T103329.826545 302.41 241.453 115.042 109.048 167.987 297.599 295.781 322.866 295.769 20180508T103329.826545 960 20
20180508T103329.838929 960 20
20180508T103329.845927 960 20
20180508T103329.857931 302.145 241.714 114.881 109.382 168.697 297.272 295.695 322.43 295.968 20180508T103329.857931 960 20
20180508T103329.866538 960 20
20180508T103329.877258 960 20
20180508T103329.885313 301.494 241.861 114.723 109.404 166.446 296.707 295.817 322.011 296.315 20180508T103329.885313 960 20
20180508T103329.897276 960 20
20180508T103329.909233 960 20
20180508T103329.918932 301.517 241.933 114.843 109.393 168.116 296.757 295.839 321.911 296.249 20180508T103329.918932 960 20
20180508T103329.929615 960 20
20180508T103329.937262 960 20
20180508T103329.950620 301.531 241.611 114.409 108.526 165.541 296.96 295.7 322.051 296.264 20180508T103329.950620 960 20
20180508T103329.959742 960 20
20180508T103329.969293 960 20
20180508T103329.977251 301.379 241.726 114.989 108.027 165.564 296.687 296.024 321.751 296.433 20180508T103329.977251 960 20
20180508T103329.989263 960 20
20180508T103329.997254 960 20
20180508T103330.009223 301.493 241.729 114.544 108.276 167.582 296.722 295.945 321.907 296.287 20180508T103330.009223 960 20
20180508T103330.017394 960 20
20180508T103330.029809 960 20
20180508T103330.037787 301.525 241.155 114.192 108.299 168.073 296.919 295.744 322.051 296.203 20180508T103330.037787 960 20
20180508T103330.049986 960 20
20180508T103330.057932 960 20
20180508T103330.069929 301.22 241.5 114.499 108.739 166.835 296.622 295.659 321.634 295.938 20180508T103330.069929 960 20
20180508T103330.078555 960 20
20180508T103330.089257 960 20
20180508T103330.097192 300.936 241.622 114.429 108.32 167.176 296.416 295.871 321.506 296.134 20180508T103330.097192 960 20
20180508T103330.109430 960 20
20180508T103330.117221 960 20
20180508T103330.131155 300.896 241.327 114.798 107.63 167.485 296.078 295.726 321.406 296.124 20180508T103330.131155 960 20
20180508T103330.140724 960 20
20180508T103330.149278 960 20
20180508T103330.161216 300.766 241.482 114.511 108.145 164.135 296.167 295.674 321.452 296.172 20180508T103330.161216 960 20
20180508T103330.169375 960 20
20180508T103330.181227 960 20
20180508T103330.189233 301.205 241.583 114.591 108.773 164.139 296.442 295.62 321.474 295.871 20180508T103330.189233 960 20
20180508T103330.201255 960 20
20180508T103330.209249 960 20
20180508T103330.221210 301.211 241.372 114.679 108.238 163.093 296.619 295.513 321.707 295.709 20180508T103330.221210 960 20
20180508T103330.229474 960 20
20180508T103330.241228 960 20
20180508T103330.249229 301.068 241.233 114.852 107.998 164.658 296.423 295.294 321.407 296.04 20180508T103330.249229 960 20
20180508T103330.261248 960 20
20180508T103330.269239 960 20
20180508T103330.281200 300.883 241.765 114.151 109.159 159.188 295.989 295.572 321.385 296.065 20180508T103330.281200 960 20
20180508T103330.289442 960 20
20180508T103330.301221 960 20
20180508T103330.309202 300.524 241.425 114.778 108.202 163.034 295.887 295.492 321.385 296.065 20180508T103330.309202 960 20
20180508T103330.321246 960 20
20180508T103330.330801 960 20
20180508T103330.342075 300.533 241.661 114.838 108.377 161.629 296.065 295.787 321.329 296.025 20180508T103330.342075 960 20
20180508T103330.352360 960 20
20180508T103330.362471 960 20
20180508T103330.370101 300.457 241.585 114.797 108.333 164.522 295.911 295.674 321.329 296.025 20180508T103330.370101 960 20
20180508T103330.381950 960 20
20180508T103330.390286 960 20
20180508T103330.402287 300.746 242.025 114.381 109.609 163.943 296.01 295.816 321.385 296.065 20180508T103330.402287 960 20
20180508T103331.279576 1900 20
20180508T103331.290148 1900 20
20180508T103331.298139 400.599 242.4 114.34 100.782 43.2075 341.596 307.856 372.791 298.59 20180508T103331.298139 1900 20
20180508T103331.309365 1900 20
20180508T103331.317207 1900 20
20180508T103331.330467 400.551 242.474 114.282 100.586 41.5347 341.528 308.017 372.553 299.002 20180508T103331.330467 1900 20
20180508T103331.340570 1900 20
20180508T103331.349259 1900 20
20180508T103331.357165 400.234 243.201 114.7 100.756 42.1163 341.2 309.038 372.701 299.94 20180508T103331.357165 1900 20
20180508T103331.369302 1900 20
20180508T103331.377189 1900 20
20180508T103331.390496 400.114 243.472 114.463 101.101 41.5444 341.108 309.29 372.626 300.039 20180508T103331.390496 1900 20
20180508T103331.399972 1900 20
20180508T103331.409518 1900 20
20180508T103331.421502 400.032 243.073 114.697 100.76 41.7431 341.044 308.586 372.751 299.289 20180508T103331.421502 1900 20
20180508T103331.429887 1900 20
20180508T103331.441221 1900 20
20180508T103331.449179 400.622 242.429 115.067 101.032 42.4099 341.895 308.013 373.154 298.658 20180508T103331.449179 1900 20
20180508T103331.461352 1900 20
20180508T103331.470789 1900 20
20180508T103331.481620 401.069 242.35 114.684 101.241 42.3773 342.346 308.017 373.865 298.587 20180508T103331.481620 1900 20
20180508T103331.490148 1900 20
20180508T103331.502084 1900 20
20180508T103331.510123 400.685 242.631 115.392 100.831 42.443 342.015 308.341 373.136 299.208 20180508T103331.510123 1900 20
20180508T103331.522515 1900 20
20180508T103331.529195 1900 20
20180508T103331.542087 399.723 243.019 115.18 101.015 40.0105 341.318 308.714 372.886 299.685 20180508T103331.542087 1900 20
20180508T103331.550438 1900 20
20180508T103331.561772 1900 20
20180508T103331.569742 399.254 243.517 115.003 101.323 41.5658 340.845 309.138 372.225 300.074 20180508T103331.569742 1900 20
20180508T103331.582117 1900 20
20180508T103331.589884 1900 20
20180508T103331.601804 399.035 243.56 115.389 101.315 41.883 340.778 309.251 371.941 300.119 20180508T103331.601804 1900 20
20180508T103331.610235 1900 20
20180508T103331.621227 1900 20
20180508T103331.629213 398.95 244.086 115.536 101.799 41.7382 340.515 309.773 371.893 300.489 20180508T103331.629213 1900 20
20180508T103331.641255 1900 20
20180508T103331.649229 1900 20
20180508T103331.661204 398.71 244.425 115.457 102.047 41.217 340.747 309.946 371.916 300.955 20180508T103331.661204 1900 20
20180508T103331.673252 1900 20
20180508T103331.681217 1900 20
20180508T103331.693207 399.768 244.985 115.677 102.314 41.9016 340.945 310.307 372.771 301.314 20180508T103331.693207 1900 20
20180508T103331.701273 1900 20
20180508T103331.713214 1900 20
20180508T103331.721208 399.678 244.859 115.814 102.334 41.4353 340.891 310.136 372.549 301.072 20180508T103331.721208 1900 20
20180508T103331.733228 1900 20
20180508T103331.741219 1900 20
20180508T103331.753205 399.7 244.903 116.025 102.356 41.6641 340.95 310.263 372.555 301.01 20180508T103331.753205 1900 20
20180508T103331.761234 1900 20
20180508T103331.773206 1900 20
20180508T103331.781154 399.714 244.955 116.07 102.642 42.0795 340.98 310.242 372.627 301.318 20180508T103331.781154 1900 20
20180508T103331.793272 1900 20
20180508T103331.801168 1900 20
20180508T103331.813189 399.834 245.014 116.144 102.753 41.3358 341.236 310.412 372.804 301.518 20180508T103331.813189 1900 20
20180508T103331.821197 1900 20
20180508T103331.833198 1900 20
20180508T103331.841155 400.307 244.925 116.175 102.706 41.1447 341.682 310.158 373.085 301.328 20180508T103331.841155 1900 20
20180508T103331.853450 1900 20
20180508T103331.861169 1900 20
20180508T103331.874493 400.4 244.988 116.288 102.98 41.517 341.811 310.281 373.237 301.414 20180508T103331.874493 1900 20
20180508T103331.882619 1900 20
20180508T103331.893185 1900 20
20180508T103331.901162 400.133 245.565 116.496 102.988 42.7787 341.734 310.762 373.163 301.843 20180508T103331.901162 1900 20
20180508T103331.913199 1900 20
20180508T103331.925177 1900 20
20180508T103331.933155 400.091 245.975 116.308 103.034 42.2368 341.683 311.131 372.926 302.426 20180508T103331.933155 1900 20
20180508T103331.945210 1900 20
20180508T103331.953212 1900 20
20180508T103331.965161 400.02 245.967 116.522 102.684 41.2791 341.595 311.145 372.906 302.384 20180508T103331.965161 1900 20
20180508T103331.975750 1900 20
20180508T103331.985281 1900 20
20180508T103331.993158 400.015 245.974 116.342 102.792 40.763 341.744 311.286 373.029 302.703 20180508T103331.993158 1900 20
20180508T103332.005238 1900 20
20180508T103332.013218 1900 20
20180508T103332.026066 399.974 246.446 116.544 103.33 42.6358 341.682 311.318 372.91 302.864 20180508T103332.026066 1900 20
20180508T103332.034408 1900 20
20180508T103332.045626 1900 20
20180508T103332.053599 399.859 246.373 117.035 102.824 41.5161 341.562 311.463 372.808 302.968 20180508T103332.053599 1900 20
20180508T103332.065279 1900 20
20180508T103332.073193 1900 20
20180508T103332.085188 399.421 246.515 116.524 103.285 40.963 341.251 311.657 372.757 303.28 20180508T103332.085188 1900 20
20180508T103332.093260 1900 20
20180508T103332.105206 1900 20
20180508T103332.114444 399.375 246.898 116.706 103.348 41.2684 341.286 311.743 372.627 303.318 20180508T103332.114444 1900 20
20180508T103332.125267 1900 20
20180508T103332.133169 1900 20
20180508T103332.146741 399.383 246.854 117.145 103.076 41.4308 341.334 311.784 372.704 303.328 20180508T103332.146741 1900 20
20180508T103332.155073 1900 20
20180508T103332.165197 1900 20
20180508T103332.177159 399.279 247.19 116.946 103.728 41.0666 341.333 312.099 372.739 303.531 20180508T103332.177159 1900 20
20180508T103332.185240 1900 20
20180508T103332.197178 1900 20
20180508T103332.205147 399.051 247.02 117.814 103.606 40.996 341.089 311.806 372.006 303.347 20180508T103332.205147 1900 20
20180508T103332.217197 1900 20
20180508T103332.226242 1900 20
20180508T103332.238237 398.695 246.817 117.889 103.611 41.0055 341.009 311.353 371.967 303 20180508T103332.238237 1900 20
20180508T103332.245586 1900 20
20180508T103332.257193 1900 20
20180508T103332.266232 398.949 246.774 118.146 104.463 40.6932 341.18 311.382 372.16 303.138 20180508T103332.266232 1900 20
20180508T103332.278281 1900 20
20180508T103332.285727 1900 20
20180508T103332.297716 398.93 247.046 118.414 104.686 41.6391 341.276 311.571 372.432 303.297 20180508T103332.297716 1900 20
20180508T103332.305384 1900 20
20180508T103332.317202 1900 20
20180508T103332.325485 398.597 247.17 118.687 104.686 40.1866 341.158 311.739 372.191 303.215 20180508T103332.325485 1900 20
20180508T103332.337532 1900 20
20180508T103332.346470 1900 20
20180508T103332.358242 398.376 247.305 118.999 104.905 40.1447 341.001 311.652 371.956 303.458 20180508T103332.358242 1900 20
20180508T103332.365676 1900 20
20180508T103332.377507 1900 20
20180508T103332.386384 399.375 247.318 119.011 105.373 40.806 341.122 311.866 372.576 303.513 20180508T103332.386384 1900 20
20180508T103332.397911 1900 20
20180508T103332.405158 1900 20
20180508T103332.417174 399.344 247.61 119.455 105.407 40.8621 341.123 311.914 372.537 303.562 20180508T103332.417174 1900 20
20180508T103332.429189 1900 20
20180508T103332.437151 1900 20
20180508T103332.450743 399.203 247.773 119.263 105.829 40.9757 341.217 311.935 372.364 303.48 20180508T103332.450743 1900 20
20180508T103332.458447 1900 20
20180508T103332.469173 1900 20
20180508T103332.478222 399.337 247.565 119.522 105.778 41.3678 341.091 311.895 372.477 303.503 20180508T103332.478222 1900 20
20180508T103332.489780 1900 20
20180508T103332.497719 1900 20
20180508T103332.510529 399.32 247.35 119.589 105.709 39.4869 341.133 311.778 372.341 303.301 20180508T103332.510529 1900 20
20180508T103332.518598 1900 20
20180508T103332.529235 1900 20
20180508T103332.537594 398.938 247.47 119.861 106.162 40.0266 340.863 311.802 371.933 303.461 20180508T103332.537594 1900 20
20180508T103332.550086 1900 20
20180508T103332.557487 1900 20
20180508T103332.569478 398.561 247.574 119.859 106.063 40.1353 340.588 311.92 371.669 303.635 20180508T103332.569478 1900 20
20180508T103332.579016 1900 20
20180508T103332.589192 1900 20
20180508T103332.597134 398.457 247.648 119.817 106.061 40.498 340.522 311.727 371.456 303.598 20180508T103332.597134 1900 20
20180508T103332.609242 1900 20
20180508T103332.617138 1900 20
20180508T103332.630749 398.7 247.327 119.937 105.884 40.4494 340.726 311.577 371.776 303.086 20180508T103332.630749 1900 20
20180508T103332.638621 1900 20
20180508T103332.649195 1900 20
20180508T103332.657143 398.869 247.076 120.053 105.778 39.6796 340.855 311.403 371.935 302.982 20180508T103332.657143 1900 20
20180508T103332.669245 1900 20
20180508T103332.681158 1900 20
20180508T103332.689134 398.655 247.238 119.64 105.709 40.2277 340.718 311.331 371.797 302.864 20180508T103332.689134 1900 20
20180508T103332.701219 1900 20
20180508T103332.709153 1900 20
20180508T103332.722228 398.24 247.433 119.484 106.281 39.4026 340.387 311.606 371.415 303.528 20180508T103332.722228 1900 20
20180508T103332.732524 1900 20
20180508T103332.741187 1900 20
20180508T103332.749125 397.966 247.393 119.773 106.134 39.2394 339.979 311.482 371.1 303.24 20180508T103332.749125 1900 20
20180508T103332.761204 1900 20
20180508T103332.769145 1900 20
20180508T103333.932033 398.089 290.937 117.355 109.47 63.0601 345.228 320.327 371.758 319.767 20180508T103333.932033 1900 540
20180508T103333.941651 1900 540
20180508T103333.949119 1900 540
20180508T103333.961816 398.457 291.097 117.537 109.536 61.2268 345.282 320.715 372.054 320.181 20180508T103333.961816 1900 540
20180508T103333.971071 1900 540
20180508T103333.981194 1900 540
20180508T103333.989138 398.422 291.107 117.355 109.913 61.0556 345.324 320.755 371.95 320.027 20180508T103333.989138 1900 540
20180508T103334.001219 1900 540
20180508T103334.009109 1900 540
20180508T103334.021124 398.538 291.33 117.606 109.804 61.0448 345.564 320.919 372.151 320.009 20180508T103334.021124 1900 540
20180508T103334.029317 1900 540
20180508T103334.041670 1900 540
20180508T103334.051002 398.779 290.969 117.9 109.764 61.1766 345.832 320.635 372.343 320.069 20180508T103334.051002 1900 540
20180508T103334.061552 1900 540
20180508T103334.069539 1900 540
20180508T103334.081948 398.66 290.849 117.697 110.071 62.3835 345.895 320.462 372.343 320.069 20180508T103334.081948 1900 540
20180508T103334.090079 1900 540
20180508T103334.101112 1900 540
20180508T103334.109075 398.415 290.752 117.861 109.605 60.9188 345.423 320.128 372.104 319.717 20180508T103334.109075 1900 540
20180508T103334.121816 1900 540
20180508T103334.129777 1900 540
20180508T103334.141772 398.433 290.953 117.883 109.675 62.2643 345.354 320.306 372.136 319.886 20180508T103334.141772 1900 540
20180508T103334.150608 1900 540
20180508T103334.161085 1900 540
20180508T103334.169068 398.248 290.981 117.656 109.772 61.0479 345.223 320.477 371.932 319.722 20180508T103334.169068 1900 540
20180508T103334.181120 1900 540
20180508T103334.193109 1900 540
20180508T103334.201068 398.368 290.851 118.059 109.502 61.0357 345.256 320.333 372.132 319.799 20180508T103334.201068 1900 540
20180508T103334.213171 1900 540
20180508T103334.221085 1900 540
20180508T103334.234165 398.548 290.875 117.739 109.571 61.9495 345.408 320.168 372.148 319.798 20180508T103334.234165 1900 540
20180508T103334.244714 1900 540
20180508T103334.253113 1900 540
20180508T103334.261071 398.591 290.906 118.013 109.636 61.9478 345.349 320.445 372.117 319.762 20180508T103334.261071 1900 540
20180508T103334.273184 1900 540
20180508T103334.281088 1900 540
20180508T103334.293098 398.277 290.896 117.412 109.704 62.4498 345.201 320.625 372.151 320.009 20180508T103334.293098 1900 540
20180508T103334.301112 1900 540
20180508T103334.313106 1900 540
20180508T103334.321065 398.252 290.984 117.654 109.688 62.9901 345.162 320.755 371.967 320.033 20180508T103334.321065 1900 540
20180508T103334.333170 1900 540
20180508T103334.341082 1900 540
20180508T103334.353632 398.28 291.113 117.772 109.499 62.9157 345.181 320.681 371.791 320.038 20180508T103334.353632 1900 540
20180508T103334.363797 1900 540
20180508T103334.373944 1900 540
20180508T103334.381758 398.267 290.972 117.867 109.22 62.6153 345.165 320.633 371.932 319.949 20180508T103334.381758 1900 540
20180508T103334.393152 1900 540
20180508T103334.401489 1900 540
20180508T103334.413400 398.386 290.981 117.723 109.333 61.9462 345.238 320.71 372.151 320.009 20180508T103334.413400 1900 540
20180508T103334.423244 1900 540
20180508T103334.433092 1900 540
20180508T103334.445072 399.307 290.947 117.742 109.237 63.2811 345.798 320.642 372.289 319.978 20180508T103334.445072 1900 540
20180508T103334.454320 1900 540
20180508T103334.465101 1900 540
20180508T103334.473061 399.309 290.902 117.499 109.329 63.0955 345.801 320.713 372.371 320.214 20180508T103334.473061 1900 540
20180508T103334.485575 1900 540
20180508T103334.493077 1900 540
20180508T103334.505088 399.16 290.827 117.525 109.251 64.4073 345.76 320.938 372.324 320.068 20180508T103334.505088 1900 540
20180508T103334.513553 1900 540
20180508T103334.525120 1900 540
20180508T103334.533067 399.151 291.024 117.511 108.626 63.5215 345.58 320.899 372.402 320.31 20180508T103334.533067 1900 540
20180508T103334.545139 1900 540
20180508T103334.553083 1900 540
20180508T103334.565093 399.296 291.329 117.194 108.392 63.2278 345.752 321.076 372.355 320.12 20180508T103334.565093 1900 540
20180508T103334.573345 1900 540
20180508T103334.585110 1900 540
20180508T103334.594328 398.923 290.757 116.189 108.438 64.2115 345.55 320.717 372.218 320.153 20180508T103334.594328 1900 540
20180508T103334.605956 1900 540
20180508T103334.613505 1900 540
20180508T103334.625495 399.273 290.185 116.503 108.17 62.1749 345.673 319.994 372.252 319.248 20180508T103334.625495 1900 540
20180508T103334.633162 1900 540
20180508T103334.645072 1900 540
20180508T103334.653056 399.637 289.791 116.206 108.129 64.0315 345.914 319.787 372.663 318.905 20180508T103334.653056 1900 540
20180508T103334.665101 1900 540
20180508T103334.673071 1900 540
20180508T103334.685059 399.399 290.058 116.607 107.755 64.2959 345.723 319.962 372.349 319.058 20180508T103334.685059 1900 540
20180508T103334.697100 1900 540
20180508T103334.705067 1900 540
20180508T103334.717054 398.861 290.168 115.987 107.804 64.2108 345.147 320.008 372.058 319.487 20180508T103334.717054 1900 540
20180508T103334.725139 1900 540
20180508T103334.737368 1900 540
20180508T103334.745101 398.738 290.315 115.724 107.624 65.2315 345.044 320.039 371.771 319.471 20180508T103334.745101 1900 540
20180508T103334.757144 1900 540
20180508T103334.765126 1900 540
20180508T103334.778893 398.18 290.63 116.122 108.02 64.683 345.034 320.04 371.759 319.578 20180508T103334.778893 1900 540
20180508T103334.786420 1900 540
20180508T103334.797250 1900 540
20180508T103334.805050 398.794 290.09 115.978 107.749 65.3795 345.209 320.042 372.053 319.362 20180508T103334.805050 1900 540
20180508T103334.817118 1900 540
20180508T103334.825063 1900 540
20180508T103334.837067 398.959 290.084 116.269 107.475 65.0676 345.238 319.867 372.115 319.111 20180508T103334.837067 1900 540
20180508T103334.845092 1900 540
20180508T103334.857909 1900 540
20180508T103334.865916 398.893 289.829 115.339 108.041 65.3507 345.281 319.522 372.135 319 20180508T103334.865916 1900 540
20180508T103334.877134 1900 540
20180508T103334.885140 1900 540
20180508T103334.898171 398.643 289.501 115.429 108.208 69.0334 345.347 319.397 372.135 319 20180508T103334.898171 1900 540
20180508T103334.906825 1900 540
20180508T103334.917109 1900 540
20180508T103334.925055 398.515 289.568 115.361 108.431 66.8297 345.213 319.503 371.922 318.984 20180508T103334.925055 1900 540
20180508T103334.937122 1900 540
20180508T103334.949068 1900 540
20180508T103334.957045 398.229 289.89 115.446 108.164 66.1063 345.211 319.706 371.63 319.325 20180508T103334.957045 1900 540
20180508T103334.969903 1900 540
20180508T103334.977696 1900 540
20180508T103334.989055 398.281 290.042 115.634 108.228 64.7439 345.128 319.692 371.518 319.39 20180508T103334.989055 1900 540
20180508T103334.997407 1900 540
20180508T103335.009072 1900 540
20180508T103335.017053 398.292 289.992 116.455 108.136 65.0052 345.17 319.523 371.642 319.337 20180508T103335.017053 1900 540
20180508T103335.029185 1900 540
20180508T103335.037075 1900 540
20180508T103335.049763 398.495 289.841 116.154 108.381 65.681 345.148 319.309 371.898 319.276 20180508T103335.049763 1900 540
20180508T103335.057818 1900 540
20180508T103335.069775 1900 540
20180508T103335.077757 398.206 289.845 115.933 108.666 66.7404 345.056 319.564 371.63 319.325 20180508T103335.077757 1900 540
20180508T103335.089168 1900 540
20180508T103335.097073 1900 540
20180508T103335.109492 398.069 290.165 116.324 108.517 64.7932 344.91 319.774 371.437 319.512 20180508T103335.109492 1900 540
20180508T103335.118981 1900 540
20180508T103335.129093 1900 540
20180508T103335.137028 398.377 290.308 117.171 108.34 65.6367 345.053 320.006 371.437 319.512 20180508T103335.137028 1900 540
20180508T103335.149119 1900 540
20180508T103335.157058 1900 540
20180508T103335.169750 397.978 290.216 117.03 108.797 64.6461 344.871 319.906 371.437 319.512 20180508T103335.169750 1900 540
20180508T103335.178997 1900 540
20180508T103335.189089 1900 540
20180508T103335.201041 399.521 290.399 116.704 108.84 65.6044 345.4 320.236 372.188 319.722 20180508T103335.201041 1900 540
20180508T103335.209105 1900 540
20180508T103335.221059 1900 540
20180508T103335.229043 399.341 290.618 117.22 109.128 66.1326 345.44 320.356 372.394 319.913 20180508T103335.229043 1900 540
20180508T103335.241268 1900 540
20180508T103335.249053 1900 540
20180508T103335.261044 399.508 290.735 117.354 109.269 65.6789 345.685 320.41 372.333 320.05 20180508T103335.261044 1900 540
20180508T103335.269725 1900 540
20180508T103335.281085 1900 540
20180508T103335.289036 399.763 290.738 117.654 109.359 64.6314 345.796 320.336 372.444 320.278 20180508T103335.289036 1900 540
20180508T103335.301119 1900 540
20180508T103335.309060 1900 540
20180508T103335.321064 399.726 290.845 118.133 109.464 63.3919 345.787 320.583 372.611 320.278 20180508T103335.321064 1900 540
20180508T103335.329594 1900 540
20180508T103335.341087 1900 540
20180508T103335.350502 399.482 290.815 117.651 109.899 64.8473 345.616 320.798 372.355 320.12 20180508T103335.350502 1900 540
20180508T103335.361932 1900 540
20180508T103335.369380 1900 540
20180508T103335.381372 399.158 291.472 118.107 109.88 63.0399 345.403 321.214 372.258 320.643 20180508T103335.381372 1900 540
20180508T103335.389086 1900 540
20180508T103335.401079 1900 540
20180508T103335.409034 399.054 291.371 118.038 109.859 63.5543 345.247 321.167 371.858 320.471 20180508T103335.409034 1900 540
20180508T103335.421111 1900 540
20180508T103336.734383 960 540
20180508T103336.743365 302.965 292.644 106.793 105.306 100.384 296.235 320.687 320.284 320.723 20180508T103336.743365 960 540
20180508T103336.753810 960 540
20180508T103336.761496 960 540
20180508T103336.773503 302.619 293.345 107.048 105.06 92.0239 295.992 321.5 320.017 321.531 20180508T103336.773503 960 540
20180508T103336.782664 960 540
20180508T103336.793098 960 540
20180508T103336.801054 302.306 293.948 107.249 105.549 87.6931 295.55 322.013 319.712 322.15 20180508T103336.801054 960 540
20180508T103336.813994 960 540
20180508T103336.821069 960 540
20180508T103336.833050 302.072 294.369 107.335 105.941 79.6842 294.983 322.606 319.404 322.755 20180508T103336.833050 960 540
20180508T103336.841282 960 540
20180508T103336.853052 960 540
20180508T103336.861331 300.17 295.505 107.856 105.735 93.0181 294.156 323.277 318.223 322.783 20180508T103336.861331 960 540
20180508T103336.873375 960 540
20180508T103336.881074 960 540
20180508T103336.893004 300.618 295.391 108.415 106.115 89.29 294.329 323.333 318.333 322.875 20180508T103336.893004 960 540
20180508T103336.901064 960 540
20180508T103336.913014 960 540
20180508T103336.921006 300.399 295.575 108.411 106.277 95.5953 294.191 323.796 318.299 323.115 20180508T103336.921006 960 540
20180508T103336.933042 960 540
20180508T103336.941890 960 540
20180508T103336.954594 300.398 295.644 108.6 106.425 91.4787 294.154 323.794 318.232 323.243 20180508T103336.954594 960 540
20180508T103336.965364 960 540
20180508T103336.973340 960 540
20180508T103336.986586 300.456 296.073 108.578 106.442 90.9659 294.138 324.043 318.442 323.62 20180508T103336.986586 960 540
20180508T103336.995550 960 540
20180508T103337.005046 960 540
20180508T103337.012998 300.399 295.801 108.704 106.369 93.6157 294.065 323.907 318.23 323.559 20180508T103337.012998 960 540
20180508T103337.025452 960 540
20180508T103337.033886 960 540
20180508T103337.045865 300.4 295.384 108.641 106.493 96.2934 294.089 323.35 318.348 322.894 20180508T103337.045865 960 540
20180508T103337.054731 960 540
20180508T103337.065075 960 540
20180508T103337.074075 300.623 295.293 108.384 106.225 88.908 294.298 323.303 318.432 322.985 20180508T103337.074075 960 540
20180508T103337.085084 960 540
20180508T103337.093039 960 540
20180508T103337.105025 300.497 295.332 108.519 106.104 88.329 294.156 323.277 318.29 322.946 20180508T103337.105025 960 540
20180508T103337.115799 960 540
20180508T103337.125474 960 540
20180508T103337.133041 300.073 295.47 108.541 106.262 92.9631 293.886 323.632 318.176 323.194 20180508T103337.133041 960 540
20180508T103337.145899 960 540
20180508T103337.154170 960 540
20180508T103337.164992 299.807 295.535 108.551 106.35 87.3633 293.3 323.714 317.973 323.419 20180508T103337.164992 960 540
20180508T103337.173067 960 540
20180508T103337.184999 960 540
20180508T103337.192992 299.727 295.41 108.248 106.436 89.688 293.404 323.662 317.81 323.302 20180508T103337.192992 960 540
20180508T103337.205066 960 540
20180508T103337.217006 960 540
20180508T103337.224988 299.756 295.336 108.182 106.542 92.7598 293.24 323.484 317.713 323.215 20180508T103337.224988 960 540
20180508T103337.238021 960 540
20180508T103337.245434 960 540
20180508T103337.257318 299.71 295.282 108.306 106.691 98.8387 293.198 323.604 317.685 323.345 20180508T103337.257318 960 540
20180508T103337.266963 960 540
20180508T103337.277049 960 540
20180508T103337.285011 299.711 295.363 108.495 106.857 92.7155 293.428 323.527 317.67 323.26 20180508T103337.285011 960 540
20180508T103337.297045 960 540
20180508T103337.304997 960 540
20180508T103337.317001 299.665 294.971 108.415 106.76 94.5254 293.186 323.114 317.712 323.167 20180508T103337.317001 960 540
20180508T103337.325027 960 540
20180508T103337.337009 960 540
20180508T103337.344979 299.652 294.724 108.553 106.763 97.2217 293.228 322.963 317.667 322.936 20180508T103337.344979 960 540
20180508T103337.357075 960 540
20180508T103337.365093 960 540
20180508T103337.377540 299.885 294.653 108.341 106.619 92.0402 293.276 323.031 317.659 323.011 20180508T103337.377540 960 540
20180508T103337.385907 960 540
20180508T103337.397019 960 540
20180508T103337.404973 299.742 294.797 108.077 106.549 92.8016 293.098 323.178 317.484 323.115 20180508T103337.404973 960 540
20180508T103337.418225 960 540
20180508T103337.425017 960 540
20180508T103337.436990 299.992 294.786 108.05 106.251 100.518 293.148 323.089 317.607 322.956 20180508T103337.436990 960 540
20180508T103337.446534 960 540
20180508T103337.457032 960 540
20180508T103337.468983 300.226 294.548 107.888 106.307 83.4722 293.416 322.721 317.959 322.88 20180508T103337.468983 960 540
20180508T103337.477061 960 540
20180508T103337.489009 960 540
20180508T103337.496982 300.277 294.576 107.89 106.192 81.2883 293.416 322.721 317.958 322.889 20180508T103337.496982 960 540
20180508T103337.509084 960 540
20180508T103337.517037 960 540
20180508T103337.529026 300.203 294.508 107.983 106.019 84.0734 293.105 322.868 317.677 322.419 20180508T103337.529026 960 540
20180508T103337.537099 960 540
20180508T103337.549034 960 540
20180508T103337.556983 300.054 294.459 108.154 106.333 84.0748 293.275 322.926 317.527 322.441 20180508T103337.556983 960 540
20180508T103337.570750 960 540
20180508T103337.577858 960 540
20180508T103337.589002 300.121 294.358 108.045 106.326 85.4326 292.954 322.772 317.527 322.441 20180508T103337.589002 960 540
20180508T103337.597017 960 540
20180508T103337.609542 960 540
20180508T103337.617841 300.207 294.079 108.24 106.306 84.3016 293.218 322.871 317.651 322.322 20180508T103337.617841 960 540
20180508T103337.629871 960 540
20180508T103337.637855 960 540
20180508T103337.649838 299.884 294.712 107.916 106.557 85.041 292.917 322.806 317.355 322.96 20180508T103337.649838 960 540
20180508T103337.657763 960 540
20180508T103337.669015 960 540
20180508T103337.676973 299.93 294.493 108.229 106.563 81.8435 292.917 322.806 317.574 322.767 20180508T103337.676973 960 540
20180508T103337.689022 960 540
20180508T103337.696990 960 540
20180508T103337.708969 300.074 294.468 108.16 106.473 77.9823 293.082 322.773 317.624 322.323 20180508T103337.708969 960 540
20180508T103337.721035 960 540
20180508T103337.729009 960 540
20180508T103337.740969 300.109 294.408 108.093 106.506 78.1475 293.285 322.802 317.739 322.33 20180508T103337.740969 960 540
20180508T103337.749046 960 540
20180508T103337.761006 960 540
20180508T103337.768972 299.838 294.059 108.092 106.563 79.6122 292.954 322.772 317.639 322.357 20180508T103337.768972 960 540
20180508T103337.781591 960 540
20180508T103337.789018 960 540
20180508T103337.801009 299.631 294.599 108.196 106.409 75.7683 292.824 322.838 317.278 322.655 20180508T103337.801009 960 540
20180508T103337.810128 960 540
20180508T103337.821005 960 540
20180508T103337.828964 299.609 294.435 108.131 106.473 81.1973 292.824 322.838 317.036 322.233 20180508T103337.828964 960 540
20180508T103337.841040 960 540
20180508T103337.848984 960 540
20180508T103337.860992 299.737 293.868 108.103 106.646 78.7422 292.954 322.181 317.584 322.113 20180508T103337.860992 960 540
20180508T103337.870832 960 540
20180508T103337.881050 960 540
20180508T103337.889305 300.33 293.423 108.171 106.4 86.3353 293.727 321.554 317.857 321.48 20180508T103337.889305 960 540
20180508T103337.901554 960 540
20180508T103337.909526 960 540
20180508T103337.922258 300.418 293.457 108.323 106.581 81.6524 293.583 321.616 318.048 321.415 20180508T103337.922258 960 540
20180508T103337.930217 960 540
20180508T103337.941868 960 540
20180508T103337.949009 299.214 293.661 108.507 106.419 85.2849 292.592 321.86 317.249 321.94 20180508T103337.949009 960 540
20180508T103337.962554 960 540
20180508T103337.972978 960 540
20180508T103337.981001 299.072 293.895 108.558 106.609 91.8777 292.431 322.116 316.888 322.163 20180508T103337.981001 960 540
20180508T103337.993058 960 540
20180508T103338.000979 960 540
20180508T103338.013832 299.084 293.747 108.591 106.567 85.8613 292.447 321.978 317.088 321.992 20180508T103338.013832 960 540
20180508T103338.023202 960 540
20180508T103338.033021 960 540
20180508T103338.041300 299.276 293.547 108.416 106.364 90.9906 292.581 321.946 317.279 321.748 20180508T103338.041300 960 540
20180508T103338.054553 960 540
20180508T103338.062425 960 540
20180508T103338.073395 299.36 293.482 108.502 106.214 82.9547 292.946 321.932 317.303 321.455 20180508T103338.073395 960 540
20180508T103338.082532 960 540
20180508T103338.093840 960 540
20180508T103338.100973 299.412 293.298 108.261 106.178 88.3897 293.074 321.874 317.475 321.536 20180508T103338.100973 960 540
20180508T103338.113331 960 540
20180508T103338.121538 960 540
20180508T103338.133658 299.299 293.146 108.38 106.082 86.7391 292.971 321.81 317.078 321.467 20180508T103338.133658 960 540
20180508T103338.142955 960 540
20180508T103338.153834 960 540
20180508T103338.160955 298.988 293.037 108.107 106.12 79.1362 292.56 321.696 316.872 321.17 20180508T103338.160955 960 540
20180508T103338.173891 960 540
20180508T103338.181008 960 540
20180508T103338.192982 298.959 293.172 107.971 105.97 91.654 292.529 321.81 316.792 321.219 20180508T103338.192982 960 540
20180508T103338.201902 960 540
20180508T103338.213008 960 540
20180508T103339.526395 203.222 307.604 114.957 100.389 100.522 243.575 329.594 270.479 329.747 20180508T103339.526395 20 540
20180508T103339.535236 20 540
20180508T103339.545368 20 540
20180508T103339.553542 203.469 307.713 114.958 100.436 100.631 244.053 329.605 270.949 330.193 20180508T103339.553542 20 540
20180508T103339.565027 20 540
20180508T103339.572978 20 540
20180508T103339.585135 203.486 307.896 114.954 100.697 100.856 243.633 329.872 270.583 330.258 20180508T103339.585135 20 540
20180508T103339.593602 20 540
20180508T103339.605025 20 540
20180508T103339.613016 202.869 308.481 114.954 100.333 101.46 243.473 330.366 270.322 330.434 20180508T103339.613016 20 540
20180508T103339.625019 20 540
20180508T103339.632992 20 540
20180508T103339.645010 203.16 308.377 114.959 100.576 100.476 243.473 330.366 270.242 330.437 20180508T103339.645010 20 540
20180508T103339.653774 20 540
20180508T103339.664980 20 540
20180508T103339.672941 202.917 308.364 115.103 100.667 100.728 243.415 330.41 270.266 330.652 20180508T103339.672941 20 540
20180508T103339.685974 20 540
20180508T103339.692968 20 540
20180508T103339.704904 202.866 308.706 115.148 100.622 102.208 243.2 330.58 270.467 331.221 20180508T103339.704904 20 540
20180508T103339.713024 20 540
20180508T103339.725013 20 540
20180508T103339.738541 202.875 308.723 115.222 100.761 102.302 243.141 330.732 270.271 330.815 20180508T103339.738541 20 540
20180508T103339.746478 20 540
20180508T103339.758247 20 540
20180508T103339.765459 202.887 308.714 115.264 100.964 102.252 243.112 330.676 270.097 330.553 20180508T103339.765459 20 540
20180508T103339.777629 20 540
20180508T103339.785527 20 540
20180508T103339.798038 202.83 308.724 115.448 101.187 102.452 243.112 330.676 270.01 330.718 20180508T103339.798038 20 540
20180508T103339.806305 20 540
20180508T103339.817976 20 540
20180508T103339.824954 202.78 308.8 115.619 101.113 102.016 243.018 330.692 269.958 330.902 20180508T103339.824954 20 540
20180508T103339.838030 20 540
20180508T103339.844915 20 540
20180508T103339.856891 202.787 309.091 115.589 101.421 100.874 243.032 330.8 270.048 331.271 20180508T103339.856891 20 540
20180508T103339.865082 20 540
20180508T103339.876949 20 540
20180508T103339.884944 202.888 309.181 115.712 101.601 101.754 243.094 330.811 270.271 331.322 20180508T103339.884944 20 540
20180508T103339.896984 20 540
20180508T103339.904913 20 540
20180508T103339.916892 203.096 309.026 116.012 101.427 101.858 243.471 330.732 270.483 331.18 20180508T103339.916892 20 540
20180508T103339.925132 20 540
20180508T103339.936967 20 540
20180508T103339.944944 203.257 309.072 115.689 102.125 101.242 243.414 330.7 270.549 330.96 20180508T103339.944944 20 540
20180508T103339.957018 20 540
20180508T103339.965028 20 540
20180508T103339.976945 203.777 309.452 115.866 102.377 101.12 243.537 331.157 270.531 331.245 20180508T103339.976945 20 540
20180508T103339.988963 20 540
20180508T103339.996917 20 540
20180508T103340.008969 203.587 309.604 115.87 102.519 100.909 243.454 330.953 270.537 331.336 20180508T103340.008969 20 540
20180508T103340.017467 20 540
20180508T103340.028976 20 540
20180508T103340.036977 203.549 309.657 115.751 102.653 99.7589 243.44 331.032 270.549 331.467 20180508T103340.036977 20 540
20180508T103340.048930 20 540
20180508T103340.056914 20 540
20180508T103340.068930 203.41 309.693 115.831 102.401 100.056 243.468 331.234 270.409 331.481 20180508T103340.068930 20 540
20180508T103340.078617 20 540
20180508T103340.089010 20 540
20180508T103340.097001 203.526 309.731 115.768 102.273 100.662 243.44 331.032 270.472 331.417 20180508T103340.097001 20 540
20180508T103340.109086 20 540
20180508T103340.117026 20 540
20180508T103340.128944 203.649 309.658 115.538 102.689 100.309 243.44 331.032 270.409 331.481 20180508T103340.128944 20 540
20180508T103340.138566 20 540
20180508T103340.149009 20 540
20180508T103340.156950 203.65 309.876 115.733 102.727 99.9844 243.468 331.766 270.17 331.562 20180508T103340.156950 20 540
20180508T103340.168973 20 540
20180508T103340.176946 20 540
20180508T103340.188887 203.3 309.737 115.675 102.573 99.9661 243.271 331.561 270.061 331.465 20180508T103340.188887 20 540
20180508T103340.197189 20 540
20180508T103340.208952 20 540
20180508T103340.216947 202.429 310.697 115.95 101.918 101.203 243.082 331.979 269.822 331.97 20180508T103340.216947 20 540
20180508T103340.228976 20 540
20180508T103340.240979 20 540
20180508T103340.248936 202.429 310.544 115.933 102.242 101.251 243 331.728 269.846 332.036 20180508T103340.248936 20 540
20180508T103340.261090 20 540
20180508T103340.268958 20 540
20180508T103340.280935 202.385 310.03 115.801 102.153 99.8906 242.852 331.465 269.694 331.269 20180508T103340.280935 20 540
20180508T103340.289806 20 540
20180508T103340.300987 20 540
20180508T103340.308939 202.457 309.797 115.745 101.794 101.165 243.022 331.032 269.815 331.119 20180508T103340.308939 20 540
20180508T103340.321077 20 540
20180508T103340.328961 20 540
20180508T103340.341719 202.574 309.821 115.693 102.311 100.699 242.905 331.038 269.792 331.099 20180508T103340.341719 20 540
20180508T103340.349844 20 540
20180508T103340.361005 20 540
20180508T103340.368989 202.414 309.868 115.668 102.325 100.833 242.477 331.269 269.517 331.27 20180508T103340.368989 20 540
20180508T103340.381886 20 540
20180508T103340.389000 20 540
20180508T103340.401810 202.12 310.154 115.914 102.023 100.605 242.184 331.461 269.365 331.609 20180508T103340.401810 20 540
20180508T103340.409804 20 540
20180508T103340.420918 20 540
20180508T103340.428918 201.954 309.743 115.652 102.318 101.999 242.203 331.364 269.151 331.499 20180508T103340.428918 20 540
20180508T103340.441051 20 540
20180508T103340.448990 20 540
20180508T103340.460928 201.784 309.724 115.705 102.248 102.403 242.167 331.298 269.185 331.411 20180508T103340.460928 20 540
20180508T103340.469191 20 540
20180508T103340.480890 20 540
20180508T103340.492960 201.825 309.834 115.859 102.752 102.599 242.004 331.448 269.008 331.736 20180508T103340.492960 20 540
20180508T103340.501807 20 540
20180508T103340.513041 20 540
20180508T103340.521008 201.728 309.875 116.16 102.448 103.012 242.031 331.394 268.747 331.609 20180508T103340.521008 20 540
20180508T103340.533016 20 540
20180508T103340.540952 20 540
20180508T103340.554432 201.706 309.849 115.89 102.966 102.02 242.055 330.968 268.826 331.421 20180508T103340.554432 20 540
20180508T103340.562074 20 540
20180508T103340.573527 20 540
20180508T103340.581817 201.539 309.573 116.026 102.943 100.892 241.827 330.916 268.794 331.387 20180508T103340.581817 20 540
20180508T103340.593903 20 540
20180508T103340.601658 20 540
20180508T103340.613560 201.254 309.822 116.406 103.014 101.295 241.655 330.991 268.467 331.378 20180508T103340.613560 20 540
20180508T103340.620942 20 540
20180508T103340.632945 20 540
20180508T103340.640918 200.763 309.958 116.482 102.591 102.297 241.283 331.191 268.123 331.135 20180508T103340.640918 20 540
20180508T103340.652956 20 540
20180508T103340.662543 20 540
20180508T103340.673628 200.935 310.021 116.489 102.881 101.556 241.612 331.329 268.469 331.279 20180508T103340.673628 20 540
20180508T103340.680972 20 540
20180508T103340.692925 20 540
20180508T103340.701208 201.195 309.827 116.78 103.117 101.03 241.798 330.83 268.568 331.169 20180508T103340.701208 20 540
20180508T103340.713905 20 540
20180508T103340.721664 20 540
20180508T103340.733800 201.264 309.724 116.894 103.321 101.653 241.873 330.916 268.531 331.281 20180508T103340.733800 20 540
20180508T103340.745171 20 540
20180508T103340.752884 20 540
20180508T103340.766435 201.268 309.872 116.545 103.656 101.278 241.533 330.96 268.332 331.147 20180508T103340.766435 20 540
20180508T103340.774736 20 540
20180508T103340.785036 20 540
20180508T103340.794013 201.006 309.709 116.886 103.711 101.811 241.414 331.015 268.061 331.066 20180508T103340.794013 20 540
20180508T103340.807706 20 540
20180508T103340.813384 20 540
20180508T103340.825361 200.471 309.706 117.405 102.921 101.669 241.133 331.099 267.824 331.079 20180508T103340.825361 20 540
20180508T103340.834462 20 540
20180508T103340.844881 20 540
20180508T103340.852919 200.753 309.823 117.293 103.796 100.908 241.084 330.95 267.723 331.137 20180508T103340.852919 20 540
20180508T103340.864965 20 540
20180508T103340.872937 20 540
20180508T103340.884947 200.863 309.791 117.106 104.055 101.702 241.016 330.893 267.777 331.017 20180508T103340.884947 20 540
20180508T103340.893897 20 540
20180508T103340.904973 20 540
20180508T103340.913024 200.912 309.676 117.436 104.059 101.828 241.108 330.901 268 331.255 20180508T103340.913024 20 540
20180508T103340.924953 20 540
20180508T103340.932925 20 540
20180508T103340.944924 200.803 309.562 117.548 104.282 101.421 240.94 330.924 267.514 330.964 20180508T103340.944924 20 540
20180508T103340.954031 20 540
20180508T103340.964925 20 540
20180508T103340.972877 201.38 309.611 117.983 104.246 100.042 241.203 331.099 267.946 331.314 20180508T103340.972877 20 540
20180508T103340.985008 20 540
20180508T103340.996932 20 540
20180508T103341.004910 201.361 309.823 117.939 104.235 101.316 241.156 331.508 267.546 331.42 20180508T103341.004910 20 540
20180508T103341.016987 20 540
20180508T103342.246268 20 1060
20180508T103342.257258 203.613 352.362 118.856 105.695 77.9115 242.199 349.67 269.054 349.024 20180508T103342.257258 20 1060
20180508T103342.265152 20 1060
20180508T103342.276946 20 1060
20180508T103342.284900 203.856 352.412 118.796 106.083 77.4157 242.615 349.597 269.057 348.834 20180508T103342.284900 20 1060
20180508T103342.298535 20 1060
20180508T103342.304946 20 1060
20180508T103342.316875 203.893 352.303 119.046 106.138 78.0089 242.747 349.524 269.049 348.87 20180508T103342.316875 20 1060
20180508T103342.325061 20 1060
20180508T103342.336929 20 1060
20180508T103342.344852 203.627 352.309 119.201 106.04 77.3156 242.297 349.534 268.989 348.898 20180508T103342.344852 20 1060
20180508T103342.358253 20 1060
20180508T103342.365734 20 1060
20180508T103342.377722 203.678 352.419 119.25 106.223 77.6022 242.419 349.805 268.955 348.97 20180508T103342.377722 20 1060
20180508T103342.384905 20 1060
20180508T103342.396891 20 1060
20180508T103342.404854 203.729 352.564 119.851 105.934 76.9466 242.125 349.922 268.927 349.069 20180508T103342.404854 20 1060
20180508T103342.416930 20 1060
20180508T103342.424945 20 1060
20180508T103342.436851 203.603 352.489 119.41 106.047 78.3305 242.125 349.922 268.682 349.069 20180508T103342.436851 20 1060
20180508T103342.445004 20 1060
20180508T103342.456860 20 1060
20180508T103342.464853 203.635 352.591 119.903 105.945 77.5927 242.125 349.922 268.781 349.093 20180508T103342.464853 20 1060
20180508T103342.476886 20 1060
20180508T103342.484859 20 1060
20180508T103342.496850 203.85 352.445 119.431 105.972 79.3224 242.305 349.918 268.845 349.195 20180508T103342.496850 20 1060
20180508T103342.509003 20 1060
20180508T103342.516849 20 1060
20180508T103342.528879 203.977 352.426 119.4 105.6 79.4925 242.674 349.704 269.108 349.191 20180508T103342.528879 20 1060
20180508T103342.537420 20 1060
20180508T103342.548856 20 1060
20180508T103342.556847 203.948 352.424 119.146 105.577 79.2192 242.5 350 269.068 349.242 20180508T103342.556847 20 1060
20180508T103342.570060 20 1060
20180508T103342.576882 20 1060
20180508T103342.588831 203.734 352.604 119.599 105.273 79.3831 242.428 350.095 268.815 349.576 20180508T103342.588831 20 1060
20180508T103342.598562 20 1060
20180508T103342.608934 20 1060
20180508T103342.616923 203.63 353 119.539 105.188 79.2942 242.12 350.446 268.868 349.814 20180508T103342.616923 20 1060
20180508T103342.629096 20 1060
20180508T103342.636904 20 1060
20180508T103342.649546 203.524 353.233 119.212 105.271 79.635 242.014 350.703 268.979 350.153 20180508T103342.649546 20 1060
20180508T103342.658622 20 1060
20180508T103342.668902 20 1060
20180508T103342.676896 203.536 352.972 119.249 105.077 79.6896 242.15 350.41 268.866 349.696 20180508T103342.676896 20 1060
20180508T103342.688951 20 1060
20180508T103342.696917 20 1060
20180508T103342.708894 204.258 352.408 119.45 105.059 78.8463 242.958 349.981 269.379 349.411 20180508T103342.708894 20 1060
20180508T103342.716964 20 1060
20180508T103342.728894 20 1060
20180508T103342.736888 204.577 352.614 119.534 104.846 79.4473 242.967 349.884 269.747 349.438 20180508T103342.736888 20 1060
20180508T103342.748921 20 1060
20180508T103342.760870 20 1060
20180508T103342.768843 204.131 352.924 119.298 104.84 79.1389 242.828 350.199 269.322 349.584 20180508T103342.768843 20 1060
20180508T103342.781428 20 1060
20180508T103342.789985 20 1060
20180508T103342.801689 203.734 353.375 119.31 104.698 79.0112 242.371 350.524 269.042 350.178 20180508T103342.801689 20 1060
20180508T103342.810403 20 1060
20180508T103342.820892 20 1060
20180508T103342.828923 203.645 353.54 119.56 104.657 79.5654 242.358 350.927 269.101 350.5 20180508T103342.828923 20 1060
20180508T103342.840874 20 1060
20180508T103342.848844 20 1060
20180508T103342.860823 203.757 353.516 119.422 104.73 79.0165 242.454 350.756 269.093 350.457 20180508T103342.860823 20 1060
20180508T103342.868992 20 1060
20180508T103342.880847 20 1060
20180508T103342.890644 204.039 353.734 118.774 104.682 79.4527 242.687 351.03 269.159 350.501 20180508T103342.890644 20 1060
20180508T103342.901139 20 1060
20180508T103342.908891 20 1060
20180508T103342.920866 204.275 353.891 119.123 104.455 78.9253 242.721 351.184 269.473 350.659 20180508T103342.920866 20 1060
20180508T103342.929828 20 1060
20180508T103342.940857 20 1060
20180508T103342.948828 204.475 353.89 118.821 104.429 79.6131 242.968 351.244 269.758 350.555 20180508T103342.948828 20 1060
20180508T103342.962511 20 1060
20180508T103342.968846 20 1060
20180508T103342.980834 204.375 354.112 118.641 104.498 79.1578 242.782 351.435 269.591 350.821 20180508T103342.980834 20 1060
20180508T103342.991078 20 1060
20180508T103343.000906 20 1060
20180508T103343.012865 204.208 354.027 119.038 104.027 79.4393 242.782 351.491 269.225 350.68 20180508T103343.012865 20 1060
20180508T103343.020968 20 1060
20180508T103343.034461 20 1060
20180508T103343.042990 204.286 354.331 119.124 104.251 79.1135 242.782 351.491 269.2 350.739 20180508T103343.042990 20 1060
20180508T103343.054920 20 1060
20180508T103343.061550 20 1060
20180508T103343.072858 205.215 354.565 118.809 104.273 77.498 243.579 351.724 269.869 350.96 20180508T103343.072858 20 1060
20180508T103343.080951 20 1060
20180508T103343.092872 20 1060
20180508T103343.102345 205.5 354.49 118.615 104.386 78.0928 243.725 351.609 270.055 350.79 20180508T103343.102345 20 1060
20180508T103343.114214 20 1060
20180508T103343.121921 20 1060
20180508T103343.133885 205.637 354.389 118.972 104.246 78.156 243.888 351.579 270.418 350.816 20180508T103343.133885 20 1060
20180508T103343.141925 20 1060
20180508T103343.153918 20 1060
20180508T103343.161707 205.709 354.444 118.878 104.177 77.8635 243.963 351.726 270.433 350.944 20180508T103343.161707 20 1060
20180508T103343.173743 20 1060
20180508T103343.181407 20 1060
20180508T103343.193378 205.663 354.518 118.358 104.296 77.7635 244.102 351.799 270.451 351.047 20180508T103343.193378 20 1060
20180508T103343.201067 20 1060
20180508T103343.212897 20 1060
20180508T103343.220823 205.844 354.639 118.384 104.355 77.2806 243.912 351.92 270.433 351.19 20180508T103343.220823 20 1060
20180508T103343.234055 20 1060
20180508T103343.240884 20 1060
20180508T103343.252827 206.034 354.832 118.706 104.27 78.1676 243.944 351.952 270.387 351.34 20180508T103343.252827 20 1060
20180508T103343.264931 20 1060
20180508T103343.272875 20 1060
20180508T103343.284862 206.114 354.97 118.8 104.078 77.6728 243.891 352.396 270.618 351.441 20180508T103343.284862 20 1060
20180508T103343.294096 20 1060
20180508T103343.304899 20 1060
20180508T103343.312856 206.463 354.936 118.451 104.174 78.5858 244.069 352.364 270.645 351.495 20180508T103343.312856 20 1060
20180508T103343.324896 20 1060
20180508T103343.332841 20 1060
20180508T103343.344846 206.52 355.078 118.638 103.985 78.8845 243.891 352.396 270.583 351.514 20180508T103343.344846 20 1060
20180508T103343.352972 20 1060
20180508T103343.364885 20 1060
20180508T103343.372874 206.486 355.572 118.405 103.979 77.0424 244.094 352.781 270.658 351.945 20180508T103343.372874 20 1060
20180508T103343.384891 20 1060
20180508T103343.392838 20 1060
20180508T103343.406124 206.496 355.55 118.456 103.956 77.611 244.059 352.688 270.705 351.835 20180508T103343.406124 20 1060
20180508T103343.414983 20 1060
20180508T103343.425702 20 1060
20180508T103343.432832 206.542 355.74 118.482 104.092 77.0528 244 353.021 270.721 352.156 20180508T103343.432832 20 1060
20180508T103343.446393 20 1060
20180508T103343.452831 20 1060
20180508T103343.464822 206.459 355.746 118.366 103.992 77.2271 243.719 352.944 270.427 352.109 20180508T103343.464822 20 1060
20180508T103343.472907 20 1060
20180508T103343.484835 20 1060
20180508T103343.492824 206.237 355.349 117.818 104.211 77.8317 243.708 352.533 270.381 351.729 20180508T103343.492824 20 1060
20180508T103343.504858 20 1060
20180508T103343.516856 20 1060
20180508T103343.524819 206.474 355.135 118.053 104.163 77.0043 244.02 352.367 270.667 351.36 20180508T103343.524819 20 1060
20180508T103343.536896 20 1060
20180508T103343.545910 20 1060
20180508T103343.557882 206.851 355.002 118.325 104.183 76.5124 244.25 352.298 270.976 351.405 20180508T103343.557882 20 1060
20180508T103343.566137 20 1060
20180508T103343.576882 20 1060
20180508T103343.584868 206.627 355.314 118.159 104.283 76.2371 243.891 352.396 270.646 351.627 20180508T103343.584868 20 1060
20180508T103343.596907 20 1060
20180508T103343.604888 20 1060
20180508T103343.616868 206.311 355.377 117.659 104.665 76.6393 243.673 352.751 270.422 351.97 20180508T103343.616868 20 1060
20180508T103343.624901 20 1060
20180508T103343.636880 20 1060
20180508T103343.644870 205.118 355.937 117.849 104.413 75.8208 243.349 353.019 269.895 352.159 20180508T103343.644870 20 1060
20180508T103343.657030 20 1060
20180508T103343.664833 20 1060
20180508T103343.677676 205.534 355.718 117.89 104.48 77.1788 243.337 353.087 269.894 352.162 20180508T103343.677676 20 1060
20180508T103343.686407 20 1060
20180508T103343.697937 20 1060
20180508T103343.705914 205.324 356.048 117.682 104.564 76.132 243.232 353.149 269.786 352.442 20180508T103343.705914 20 1060
20180508T103343.716971 20 1060
20180508T103343.724873 20 1060
20180508T103343.736871 205.305 355.919 117.645 104.792 76.7213 243.152 353.205 269.77 352.411 20180508T103343.736871 20 1060
20180508T103344.979113 960 1060
20180508T103344.986996 960 1060
20180508T103344.997644 298.84 346.936 108.347 105.632 61.5415 290.854 348.256 315.655 348.135 20180508T103344.997644 960 1060
20180508T103345.007353 960 1060
20180508T103345.017953 960 1060
20180508T103345.028798 298.728 346.974 108.611 105.71 61.0598 290.724 348.182 315.498 348.309 20180508T103345.028798 960 1060
20180508T103345.037180 960 1060
20180508T103345.048834 960 1060
20180508T103345.056768 298.621 346.571 108.562 105.739 64.0306 290.613 347.947 315.56 348.156 20180508T103345.056768 960 1060
20180508T103345.070081 960 1060
20180508T103345.077331 960 1060
20180508T103345.089300 298.941 345.898 108.178 105.447 61.8285 291 347.411 315.826 347.348 20180508T103345.089300 960 1060
20180508T103345.097709 960 1060
20180508T103345.108767 960 1060
20180508T103345.116753 299.983 345.977 108.317 105.685 64.8089 292.117 347.394 316.275 347.475 20180508T103345.116753 960 1060
20180508T103345.129661 960 1060
20180508T103345.136769 960 1060
20180508T103345.148747 299.838 346.004 108.443 105.212 60.3342 291.945 347.404 316.146 347.375 20180508T103345.148747 960 1060
20180508T103345.157750 960 1060
20180508T103345.169633 960 1060
20180508T103345.176758 299.183 346.201 108.401 105.875 64.1321 291.06 347.631 315.655 347.581 20180508T103345.176758 960 1060
20180508T103345.190435 960 1060
20180508T103345.197633 960 1060
20180508T103345.208756 298.646 346.316 108.436 105.212 62.4198 290.667 347.977 315.191 347.911 20180508T103345.208756 960 1060
20180508T103345.216788 960 1060
20180508T103345.228760 960 1060
20180508T103345.236745 298.711 346.221 108.367 105.191 62.9163 290.762 347.654 315.29 347.533 20180508T103345.236745 960 1060
20180508T103345.249659 960 1060
20180508T103345.257632 960 1060
20180508T103345.268751 298.819 345.98 108.053 105.296 59.5761 290.635 347.474 315.186 347.57 20180508T103345.268751 960 1060
20180508T103345.280786 960 1060
20180508T103345.288791 960 1060
20180508T103345.301444 299.116 345.767 107.725 105.112 66.2195 290.712 347.436 315.439 347.511 20180508T103345.301444 960 1060
20180508T103345.310553 960 1060
20180508T103345.320760 960 1060
20180508T103345.328751 299.183 345.779 107.801 105.37 59.7408 291.029 347.337 315.557 347.463 20180508T103345.328751 960 1060
20180508T103345.341747 960 1060
20180508T103345.348770 960 1060
20180508T103345.360745 299.152 345.552 107.69 105.327 59.9942 290.671 347.277 315.465 347.24 20180508T103345.360745 960 1060
20180508T103345.369700 960 1060
20180508T103345.380760 960 1060
20180508T103345.388749 299.225 345.469 107.745 105.465 60.4551 290.705 347 315.314 347.236 20180508T103345.388749 960 1060
20180508T103345.400779 960 1060
20180508T103345.408754 960 1060
20180508T103345.420737 297.884 345.633 107.969 105.025 57.247 290.203 347.207 314.824 347.307 20180508T103345.420737 960 1060
20180508T103345.430872 960 1060
20180508T103345.440970 960 1060
20180508T103345.448744 298.055 345.549 107.768 105.287 55.1134 290.385 347.295 314.824 347.307 20180508T103345.448744 960 1060
20180508T103345.461407 960 1060
20180508T103345.469295 960 1060
20180508T103345.483051 298.26 345.447 107.677 104.793 50.3364 290.489 347.194 314.866 347.234 20180508T103345.483051 960 1060
20180508T103345.490581 960 1060
20180508T103345.500756 960 1060
20180508T103345.508750 298.407 345.17 107.779 104.976 58.5791 290.542 347.022 314.895 347.124 20180508T103345.508750 960 1060
20180508T103345.520784 960 1060
20180508T103345.532785 960 1060
20180508T103345.540738 298.158 345.275 107.319 104.667 57.2018 290.422 347.139 314.863 347.157 20180508T103345.540738 960 1060
20180508T103345.553872 960 1060
20180508T103345.560788 960 1060
20180508T103345.572744 298.2 345.31 107.601 104.327 59.5107 290.317 347.085 314.811 347.1 20180508T103345.572744 960 1060
20180508T103345.581340 960 1060
20180508T103345.592746 960 1060
20180508T103345.600732 298.097 345.257 106.817 104.24 60.9389 290.245 346.98 314.769 347.18 20180508T103345.600732 960 1060
20180508T103345.612814 960 1060
20180508T103345.620785 960 1060
20180508T103345.632777 297.874 345.172 106.524 104.291 60.8406 290.123 346.971 314.651 347.127 20180508T103345.632777 960 1060
20180508T103345.644405 960 1060
20180508T103345.653556 960 1060
20180508T103345.660791 297.689 345.15 106.467 103.956 63.547 290.188 346.846 314.542 347 20180508T103345.660791 960 1060
20180508T103345.673623 960 1060
20180508T103345.681789 960 1060
20180508T103345.693771 297.782 345.109 106.119 103.46 64.2195 290.258 346.987 314.612 347.047 20180508T103345.693771 960 1060
20180508T103345.703907 960 1060
20180508T103345.713078 960 1060
20180508T103345.721047 297.977 345.095 106.111 102.888 59.783 290.394 346.913 314.903 346.958 20180508T103345.721047 960 1060
20180508T103345.732803 960 1060
20180508T103345.740737 960 1060
20180508T103345.752728 298.537 345.389 105.673 103.087 58.4525 290.528 347.108 314.976 347.163 20180508T103345.752728 960 1060
20180508T103345.761258 960 1060
20180508T103345.772739 960 1060
20180508T103345.785576 298.254 345.188 105.181 102.661 61.7847 290.513 346.987 314.884 347.08 20180508T103345.785576 960 1060
20180508T103345.792907 960 1060
20180508T103345.804743 960 1060
20180508T103345.812729 298.186 345.647 104.904 102.462 63.642 290.298 347.396 314.824 347.307 20180508T103345.812729 960 1060
20180508T103345.824791 960 1060
20180508T103345.834289 960 1060
20180508T103345.846269 298.03 345.763 105.001 102.507 63.2605 290.171 347.541 314.52 347.488 20180508T103345.846269 960 1060
20180508T103345.852880 960 1060
20180508T103345.864776 960 1060
20180508T103345.872957 298.057 345.287 104.721 102.479 62.6108 290.188 346.692 314.615 346.996 20180508T103345.872957 960 1060
20180508T103345.885637 960 1060
20180508T103345.892812 960 1060
20180508T103345.904732 298.367 344.71 105.072 102.221 68.3446 290.446 346.338 315.008 346.341 20180508T103345.904732 960 1060
20180508T103345.912769 960 1060
20180508T103345.924729 960 1060
20180508T103345.933059 298.597 344.604 105.114 102.722 63.7267 290.5 346.5 315.233 346.068 20180508T103345.933059 960 1060
20180508T103345.945077 960 1060
20180508T103345.954026 960 1060
20180508T103345.965284 298.201 344.663 104.97 102.767 64.2528 290.374 346.261 314.679 346.329 20180508T103345.965284 960 1060
20180508T103345.973302 960 1060
20180508T103345.984740 960 1060
20180508T103345.992836 297.691 344.822 105.14 102.89 60.9096 289.721 346.717 314.271 346.65 20180508T103345.992836 960 1060
20180508T103346.005923 960 1060
20180508T103346.012775 960 1060
20180508T103346.024733 297.742 344.922 105.172 102.98 65.7499 289.911 346.898 314.264 346.74 20180508T103346.024733 960 1060
20180508T103346.037089 960 1060
20180508T103346.046050 960 1060
20180508T103346.057573 297.932 344.879 105.16 102.837 68.2545 290.1 346.675 314.271 346.65 20180508T103346.057573 960 1060
20180508T103346.066039 960 1060
20180508T103346.077738 960 1060
20180508T103346.084736 297.667 345.188 105.219 103.07 60.5911 290.005 346.868 314.264 346.74 20180508T103346.084736 960 1060
20180508T103346.096769 960 1060
20180508T103346.104735 960 1060
20180508T103346.116717 298.06 345.109 105.352 102.88 72.9141 290.238 346.736 314.698 346.821 20180508T103346.116717 960 1060
20180508T103346.124836 960 1060
20180508T103346.136767 960 1060
20180508T103346.144755 298.329 345.182 105.194 102.768 68.4935 290.498 346.822 314.983 346.903 20180508T103346.144755 960 1060
20180508T103346.157913 960 1060
20180508T103346.164741 960 1060
20180508T103346.176717 298.29 345.147 105.395 102.612 70.5798 290.498 346.822 314.983 346.903 20180508T103346.176717 960 1060
20180508T103346.184770 960 1060
20180508T103346.196731 960 1060
20180508T103346.204718 298.346 345.349 105.432 102.595 70.7919 290.422 347.139 314.925 347.021 20180508T103346.204718 960 1060
20180508T103346.216760 960 1060
20180508T103346.224722 960 1060
20180508T103346.236720 298.443 345.638 105.501 102.821 72.0222 290.365 347.416 314.824 347.307 20180508T103346.236720 960 1060
20180508T103346.245913 960 1060
20180508T103346.257874 960 1060
20180508T103346.264731 298.518 345.844 105.296 103.087 72.4929 290.408 347.579 314.872 347.558 20180508T103346.264731 960 1060
20180508T103346.276786 960 1060
20180508T103346.288755 960 1060
20180508T103346.296717 298.639 345.791 105.467 103.063 72.7698 290.502 347.712 315.102 347.534 20180508T103346.296717 960 1060
20180508T103346.309807 960 1060
20180508T103346.316733 960 1060
20180508T103346.328740 298.889 345.938 105.442 103.145 72.522 290.657 347.915 315.585 347.442 20180508T103346.328740 960 1060
20180508T103346.336757 960 1060
20180508T103346.348751 960 1060
20180508T103346.356714 299.214 346 105.582 103.107 72.4087 291.11 347.705 315.663 347.538 20180508T103346.356714 960 1060
20180508T103346.369805 960 1060
20180508T103346.376804 960 1060
20180508T103346.388716 299.358 345.915 105.591 103.425 82.5976 291.309 347.863 315.663 347.538 20180508T103346.388716 960 1060
20180508T103346.397612 960 1060
20180508T103346.409981 960 1060
20180508T103346.418002 299.362 346.246 105.778 103.412 76.8898 291.315 348.054 315.932 347.949 20180508T103346.418002 960 1060
20180508T103346.428787 960 1060
20180508T103346.436758 960 1060
20180508T103346.448718 299.466 346.383 105.908 103.388 77.9763 291.285 347.827 316.021 347.975 20180508T103346.448718 960 1060
20180508T103346.456754 960 1060
20180508T103346.468724 960 1060
20180508T103347.498274 398.789 340.36 104.119 97.5683 95.6477 343.606 345.404 370.232 345.7 20180508T103347.498274 1900 1060
20180508T103347.507698 1900 1060
20180508T103347.516728 1900 1060
20180508T103347.524690 398.927 338.646 103.805 97.8354 94.3962 343.727 343.685 370.216 343.973 20180508T103347.524690 1900 1060
20180508T103347.537355 1900 1060
20180508T103347.549346 1900 1060
20180508T103347.556728 -1 -1 103.805 97.8354 94.3962 343.727 343.685 370.216 343.973 20180508T103347.556728 1900 1060
20180508T103347.568761 1900 1060
20180508T103347.577364 1900 1060
20180508T103347.590152 -1 -1 103.805 97.8354 94.3962 343.727 343.685 370.216 343.973 20180508T103347.590152 1900 1060
20180508T103347.598470 1900 1060
20180508T103347.609654 1900 1060
20180508T103347.617471 396.429 328.102 111.477 100.11 84.7076 305.778 303 326.65 299.133 20180508T103347.617471 1900 1060
20180508T103347.628814 1900 1060
20180508T103347.636661 1900 1060
20180508T103347.648643 396.857 334.735 105.128 98.5652 94.4092 341.508 339.688 367.768 339.817 20180508T103347.648643 1900 1060
20180508T103347.656690 1900 1060
20180508T103347.668659 1900 1060
20180508T103347.676652 396.351 336.611 105.483 100.281 99.7117 341.618 341.9 368.025 342.365 20180508T103347.676652 1900 1060
20180508T103347.688835 1900 1060
20180508T103347.696669 1900 1060
20180508T103347.708655 396.362 337.892 106.814 100.193 97.6696 341.758 343.287 367.906 343.421 20180508T103347.708655 1900 1060
20180508T103347.716710 1900 1060
20180508T103347.728672 1900 1060
20180508T103347.736651 396.503 338.442 107.264 100.062 93.9653 341.425 343.682 367.879 344.324 20180508T103347.736651 1900 1060
20180508T103347.748705 1900 1060
20180508T103347.756679 1900 1060
20180508T103347.769703 396.296 338.869 107.17 101.44 97.2405 341.428 344.288 368.081 344.291 20180508T103347.769703 1900 1060
20180508T103347.778924 1900 1060
20180508T103347.788999 1900 1060
20180508T103347.800981 396.132 339.111 107.665 101.67 96.8594 341.097 344.403 367.632 344.726 20180508T103347.800981 1900 1060
20180508T103347.808775 1900 1060
20180508T103347.820679 1900 1060
20180508T103347.828664 395.652 339.436 108.053 101.79 97.9645 341.077 344.647 367.479 345.31 20180508T103347.828664 1900 1060
20180508T103347.840826 1900 1060
20180508T103347.848680 1900 1060
20180508T103347.860727 395.788 339.429 107.926 102.484 100.535 341.164 344.722 367.442 345 20180508T103347.860727 1900 1060
20180508T103347.868871 1900 1060
20180508T103347.880689 1900 1060
20180508T103347.889223 395.977 339.415 108.408 102.551 98.6314 341.403 344.374 367.708 344.887 20180508T103347.889223 1900 1060
20180508T103347.901560 1900 1060
20180508T103347.908788 1900 1060
20180508T103347.920661 395.756 340.383 108.743 102.503 98.7771 341.246 345.27 367.517 345.187 20180508T103347.920661 1900 1060
20180508T103347.929628 1900 1060
20180508T103347.940689 1900 1060
20180508T103347.948679 395.835 340.43 108.907 102.291 97.7131 340.93 345.23 367.482 345.538 20180508T103347.948679 1900 1060
20180508T103347.960714 1900 1060
20180508T103347.968680 1900 1060
20180508T103347.980660 395.486 340.385 108.456 102.911 101.857 340.941 345.092 367.294 345.353 20180508T103347.980660 1900 1060
20180508T103347.989619 1900 1060
20180508T103348.000769 1900 1060
20180508T103348.008672 395.528 340.332 108.693 102.464 98.2364 340.795 345.043 367.49 345.451 20180508T103348.008672 1900 1060
20180508T103348.020707 1900 1060
20180508T103348.030248 1900 1060
20180508T103348.041947 395.632 340.385 108.259 102.375 97.7026 340.799 344.958 367.378 345.374 20180508T103348.041947 1900 1060
20180508T103348.052714 1900 1060
20180508T103348.060689 1900 1060
20180508T103348.074268 395.609 340.329 108.195 102.142 97.7163 340.795 344.904 367.378 345.374 20180508T103348.074268 1900 1060
20180508T103348.083191 1900 1060
20180508T103348.092692 1900 1060
20180508T103348.100670 395.648 340.396 108.353 102.12 96.9244 340.761 344.974 367.367 345.551 20180508T103348.100670 1900 1060
20180508T103348.112711 1900 1060
20180508T103348.120679 1900 1060
20180508T103348.133927 395.331 340.384 108.464 102.431 100.574 340.654 345 367.217 345.371 20180508T103348.133927 1900 1060
20180508T103348.142000 1900 1060
20180508T103348.152724 1900 1060
20180508T103348.162549 395.248 340.437 108.704 102.361 101.604 340.707 345.07 367.305 345.464 20180508T103348.162549 1900 1060
20180508T103348.174174 1900 1060
20180508T103348.181528 1900 1060
20180508T103348.193205 395.371 340.532 108.773 102.292 98.8745 340.468 345.074 367.314 345.548 20180508T103348.193205 1900 1060
20180508T103348.202371 1900 1060
20180508T103348.212670 1900 1060
20180508T103348.221094 395.609 340.056 108.89 102.391 98.3811 340.726 344.64 367.31 345.16 20180508T103348.221094 1900 1060
20180508T103348.232700 1900 1060
20180508T103348.240656 1900 1060
20180508T103348.252656 396.075 340.565 109.022 102.24 98.4322 341.152 344.415 367.707 345.07 20180508T103348.252656 1900 1060
20180508T103348.260733 1900 1060
20180508T103348.272670 1900 1060
20180508T103348.280669 396.423 339.894 108.919 102.385 102.856 341.787 344.227 368.422 344.582 20180508T103348.280669 1900 1060
20180508T103348.292699 1900 1060
20180508T103348.305213 1900 1060
20180508T103348.313205 396.442 339.953 108.954 102.488 97.1428 341.775 344.57 368.112 344.373 20180508T103348.313205 1900 1060
20180508T103348.325123 1900 1060
20180508T103348.333099 1900 1060
20180508T103348.345698 395.924 340.115 108.685 102.323 99.6211 340.781 344.243 367.5 344.863 20180508T103348.345698 1900 1060
20180508T103348.354764 1900 1060
20180508T103348.364668 1900 1060
20180508T103348.372654 395.732 340.16 108.794 102.105 96.7718 340.614 344.474 367.237 344.756 20180508T103348.372654 1900 1060
20180508T103348.385129 1900 1060
20180508T103348.393099 1900 1060
20180508T103348.405917 395.631 340.076 108.664 102.075 97.691 340.691 344.46 367.203 344.82 20180508T103348.405917 1900 1060
20180508T103348.415881 1900 1060
20180508T103348.424676 1900 1060
20180508T103348.432657 395.5 340.123 108.432 102.266 99.2744 340.595 344.337 367.152 344.848 20180508T103348.432657 1900 1060
20180508T103348.445544 1900 1060
20180508T103348.453506 1900 1060
20180508T103348.465341 395.663 340.052 108.641 102.063 98.0244 340.619 344.333 367.155 344.769 20180508T103348.465341 1900 1060
20180508T103348.475190 1900 1060
20180508T103348.484984 1900 1060
20180508T103348.492955 395.637 339.847 108.096 101.668 97.676 340.86 344.28 367.145 344.436 20180508T103348.492955 1900 1060
20180508T103348.504732 1900 1060
20180508T103348.512727 1900 1060
20180508T103348.525688 395.496 339.463 108.138 101.829 99.8149 340.74 344.22 366.977 343.755 20180508T103348.525688 1900 1060
20180508T103348.535406 1900 1060
20180508T103348.544730 1900 1060
20180508T103348.556706 395.535 339.381 108.111 101.784 100.233 340.74 344.22 367.33 344.189 20180508T103348.556706 1900 1060
20180508T103348.565646 1900 1060
20180508T103348.576714 1900 1060
20180508T103348.584650 395.293 339.402 107.648 101.917 100.347 340.67 344.278 366.905 343.718 20180508T103348.584650 1900 1060
20180508T103348.596707 1900 1060
20180508T103348.605571 1900 1060
20180508T103348.617504 395.433 339.365 107.725 101.59 98.2339 340.674 344.174 367.085 344.011 20180508T103348.617504 1900 1060
20180508T103348.625286 1900 1060
20180508T103348.636654 1900 1060
20180508T103348.644652 395.504 339.131 107.846 101.321 98.7272 340.825 343.825 367.229 343.996 20180508T103348.644652 1900 1060
20180508T103348.657487 1900 1060
20180508T103348.664664 1900 1060
20180508T103348.676645 395.611 339.164 107.656 101.218 96.0866 340.937 343.587 367.153 343.847 20180508T103348.676645 1900 1060
20180508T103348.685368 1900 1060
20180508T103348.696664 1900 1060
20180508T103348.704652 395.464 339.036 107.239 101.201 97.229 340.797 343.607 367.065 343.67 20180508T103348.704652 1900 1060
20180508T103348.716689 1900 1060
20180508T103348.724662 1900 1060
20180508T103348.736643 395.165 338.961 107.323 100.905 96.6154 340.793 343.531 366.842 343.566 20180508T103348.736643 1900 1060
20180508T103348.745315 1900 1060
20180508T103348.756658 1900 1060
20180508T103348.764643 395.984 339.015 107.106 100.985 98.599 341 343.578 367.18 343.687 20180508T103348.764643 1900 1060
20180508T103348.776692 1900 1060
20180508T103348.784675 1900 1060
20180508T103348.796648 395.912 338.88 107.325 100.795 99.6775 340.962 343.478 367.103 343.548 20180508T103348.796648 1900 1060
20180508T103348.808715 1900 1060
20180508T103348.816658 1900 1060
20180508T103348.828665 395.816 338.889 107.107 100.835 95.9339 340.935 343.51 367.148 343.531 20180508T103348.828665 1900 1060
20180508T103348.837533 1900 1060
20180508T103348.848681 1900 1060
20180508T103348.856640 395.87 338.834 107.048 100.559 95.5774 340.777 343.453 367.177 343.5 20180508T103348.856640 1900 1060
20180508T103348.868716 1900 1060
20180508T103348.876650 1900 1060
20180508T103348.888640 396.077 338.657 106.81 100.498 94.9855 341.182 343.409 367.32 343.427 20180508T103348.888640 1900 1060
20180508T103348.897594 1900 1060
20180508T103348.908659 1900 1060
20180508T103348.917340 396.256 338.586 106.534 100.39 94.0496 341.346 343.394 367.288 343.279 20180508T103348.917340 1900 1060
20180508T103348.928684 1900 1060
20180508T103348.936662 1900 1060
20180508T103348.948642 396.207 338.439 106.247 100.575 94.8734 341.124 343.045 367.269 343.144 20180508T103348.948642 1900 1060
20180508T103348.956746 1900 1060
20180508T103348.968658 1900 1060
20180508T103348.976647 396.288 338.688 106.977 100.023 95.7958 341.07 343.45 367.209 343.268 20180508T103348.976647 1900 1060
20180508T103348.989594 1900 1060
