03110225985 960 540
03110225993 960 540
03110226005 960 540
03110226013 960 540
03110226025 960 540
03110226033 960 540
03110226045 960 540
03110226053 960 540
03110226065 960 540
03110226073 960 540
03110226085 960 540
03110226093 960 540
03110226105 960 540
03110226113 960 540
03110226125 960 540
03110226133 960 540
03110226145 960 540
03110226153 960 540
03110226165 960 540
03110226173 960 540
03110226185 960 540
03110226193 960 540
03110226205 960 540
03110226213 960 540
03110226225 960 540
03110226237 960 540
03110226245 960 540
03110226257 960 540
03110226265 960 540
03110226277 960 540
03110226285 960 540
03110226297 960 540
03110226305 960 540
03110226317 960 540
03110226325 960 540
03110226337 960 540
03110226345 960 540
03110226357 960 540
03110226365 960 540
03110226377 960 540
03110226385 960 540
03110226397 960 540
03110226405 960 540
03110226417 960 540
03110226425 960 540
03110226437 960 540
03110226445 960 540
03110226457 960 540
03110226465 960 540
03110226477 960 540
03110226489 960 540
03110226497 960 540
03110226509 960 540
03110226517 960 540
03110226529 960 540
03110226537 960 540
03110226549 960 540
03110226557 960 540
03110226569 960 540
03110226577 960 540
03110226589 960 540
03110226597 960 540
03110226609 960 540
03110226617 960 540
03110226629 960 540
03110226637 960 540
03110226649 960 540
03110226657 960 540
03110226669 960 540
03110226677 960 540
03110226689 960 540
03110226697 960 540
03110226709 960 540
03110226717 960 540
03110226729 960 540
03110226741 960 540
03110226749 960 540
03110226761 960 540
03110226769 960 540
03110226781 960 540
03110226789 960 540
03110226801 960 540
03110226809 960 540
03110226821 960 540
03110226829 960 540
03110226841 960 540
03110226849 960 540
03110226861 960 540
03110226869 960 540
03110226881 960 540
03110226889 960 540
03110226901 960 540
03110226909 960 540
03110226921 960 540
03110226929 960 540
03110226941 960 540
03110226949 960 540
03110226961 960 540
03110226969 960 540
03110226981 960 540
03110226993 960 540
03110227001 960 540
03110227013 960 540
03110227021 960 540
03110227033 960 540
03110227041 960 540
03110227053 960 540
03110227061 960 540
03110227073 960 540
03110227081 960 540
03110227093 960 540
03110227101 960 540
03110227113 960 540
03110227121 960 540
03110227133 960 540
03110227141 960 540
03110227153 960 540
03110227161 960 540
03110227173 960 540
03110227181 960 540
03110227193 960 540
03110227201 960 540
03110227213 960 540
03110227221 960 540
03110227233 960 540
03110227245 960 540
03110227253 960 540
03110227265 960 540
03110227273 960 540
03110227285 960 540
03110227293 960 540
03110227305 960 540
03110227313 960 540
03110227325 960 540
03110227333 960 540
03110227345 960 540
03110227353 960 540
03110227365 960 540
03110227373 960 540
03110227385 960 540
03110227393 960 540
03110227405 960 540
03110227413 960 540
03110227425 960 540
03110227433 960 540
03110227445 960 540
03110227453 960 540
03110227465 960 540
03110227473 960 540
03110227485 960 540
03110227497 960 655
03110227505 960 655
03110227517 960 655
03110227525 960 655
03110227537 960 655
03110227545 960 655
03110227557 960 655
03110227565 960 655
03110227577 960 655
03110227585 960 655
03110227597 960 655
03110227605 960 655
03110227617 960 655
03110227625 960 655
03110227637 960 655
03110227645 960 655
03110227657 960 655
03110227665 960 655
03110227677 960 655
03110227685 960 655
03110227697 960 655
03110227705 960 655
03110227717 960 655
03110227725 960 655
03110227737 960 655
03110227749 960 655
03110227757 960 655
03110227769 960 655
03110227777 960 655
03110227789 960 655
03110227797 960 655
03110227809 960 655
03110227817 960 655
03110227829 960 655
03110227837 960 655
03110227849 960 655
03110227857 960 655
03110227869 960 655
03110227877 960 655
03110227889 960 655
03110227897 960 655
03110227909 960 655
03110227917 960 655
03110227929 960 655
03110227937 960 655
03110227949 960 655
03110227957 960 655
03110227969 960 655
03110227977 960 655
03110227989 960 655
03110228001 960 655
03110228009 960 655
03110228021 960 655
03110228029 960 655
03110228041 960 655
03110228049 960 655
03110228061 960 655
03110228069 960 655
03110228081 960 655
03110228089 960 655
03110228101 960 655
03110228109 960 655
03110228121 960 655
03110228129 960 655
03110228141 960 655
03110228149 960 655
03110228161 960 655
03110228169 960 655
03110228181 960 655
03110228189 960 655
03110228201 960 655
03110228209 960 655
03110228221 960 655
03110228229 960 655
03110228241 960 655
03110228253 960 655
03110228261 960 655
03110228273 960 655
03110228281 960 655
03110228293 960 655
03110228301 960 655
03110228313 960 655
03110228321 960 655
03110228333 960 655
03110228341 960 655
03110228353 960 655
03110228361 960 655
03110228373 960 655
03110228381 960 655
03110228393 960 655
03110228401 960 655
03110228413 960 655
03110228421 960 655
03110228433 960 655
03110228441 960 655
03110228453 960 655
03110228461 960 655
03110228473 960 655
03110228481 960 655
03110228493 960 655
03110228505 960 655
03110228513 960 655
03110228525 960 655
03110228533 960 655
03110228545 960 655
03110228553 960 655
03110228565 960 655
03110228573 960 655
03110228585 960 655
03110228593 960 655
03110228605 960 655
03110228613 960 655
03110228625 960 655
03110228633 960 655
03110228645 960 655
03110228653 960 655
03110228665 960 655
03110228673 960 655
03110228685 960 655
03110228693 960 655
03110228705 960 655
03110228713 960 655
03110228725 960 655
03110228733 960 655
03110228745 960 655
03110228757 960 655
03110228765 960 655
03110228777 960 655
03110228785 960 655
03110228797 960 655
03110228805 960 655
03110228817 960 655
03110228825 960 655
03110228837 960 655
03110228845 960 655
03110228857 960 655
03110228865 960 655
03110228877 960 655
03110228885 960 655
03110228897 960 655
03110228905 960 655
03110228917 960 655
03110228925 960 655
03110228937 960 655
03110228945 960 655
03110228957 960 655
03110228965 960 655
03110228977 960 655
03110228985 960 655
03110228997 960 540
03110229009 960 540
03110229017 960 540
03110229029 960 540
03110229037 960 540
03110229049 960 540
03110229057 960 540
03110229069 960 540
03110229077 960 540
03110229089 960 540
03110229097 960 540
03110229109 960 540
03110229117 960 540
03110229129 960 540
03110229137 960 540
03110229149 960 540
03110229157 960 540
03110229169 960 540
03110229177 960 540
03110229189 960 540
03110229197 960 540
03110229209 960 540
03110229217 960 540
03110229229 960 540
03110229237 960 540
03110229249 960 540
03110229261 960 540
03110229269 960 540
03110229281 960 540
03110229289 960 540
03110229301 960 540
03110229309 960 540
03110229321 960 540
03110229329 960 540
03110229341 960 540
03110229349 960 540
03110229361 960 540
03110229369 960 540
03110229381 960 540
03110229389 960 540
03110229401 960 540
03110229409 960 540
03110229421 960 540
03110229429 960 540
03110229441 960 540
03110229449 960 540
03110229461 960 540
03110229469 960 540
03110229481 960 540
03110229489 960 540
03110229501 960 540
03110229513 960 540
03110229521 960 540
03110229533 960 540
03110229541 960 540
03110229553 960 540
03110229561 960 540
03110229573 960 540
03110229581 960 540
03110229593 960 540
03110229601 960 540
03110229613 960 540
03110229621 960 540
03110229633 960 540
03110229641 960 540
03110229653 960 540
03110229661 960 540
03110229673 960 540
03110229681 960 540
03110229693 960 540
03110229701 960 540
03110229713 960 540
03110229721 960 540
03110229733 960 540
03110229741 960 540
03110229753 960 540
03110229765 960 540
03110229773 960 540
03110229785 960 540
03110229793 960 540
03110229805 960 540
03110229813 960 540
03110229825 960 540
03110229833 960 540
03110229845 960 540
03110229853 960 540
03110229865 960 540
03110229873 960 540
03110229885 960 540
03110229893 960 540
03110229905 960 540
03110229913 960 540
03110229925 960 540
03110229933 960 540
03110229945 960 540
03110229953 960 540
03110229965 960 540
03110229973 960 540
03110229985 960 540
03110229993 960 540
03110230005 960 540
03110230017 960 540
03110230025 960 540
03110230037 960 540
03110230045 960 540
03110230057 960 540
03110230065 960 540
03110230077 960 540
03110230085 960 540
03110230097 960 540
03110230105 960 540
03110230117 960 540
03110230125 960 540
03110230137 960 540
03110230145 960 540
03110230157 960 540
03110230165 960 540
03110230177 960 540
03110230185 960 540
03110230197 960 540
03110230205 960 540
03110230217 960 540
03110230225 960 540
03110230237 960 540
03110230245 960 540
03110230257 960 540
03110230269 960 540
03110230277 960 540
03110230289 960 540
03110230297 960 540
03110230309 960 540
03110230317 960 540
03110230329 960 540
03110230337 960 540
03110230349 960 540
03110230357 960 540
03110230369 960 540
03110230377 960 540
03110230389 960 540
03110230397 960 540
03110230409 960 540
03110230417 960 540
03110230429 960 540
03110230437 960 540
03110230449 960 540
03110230457 960 540
03110230469 960 540
03110230477 960 540
03110230489 960 540
03110230497 960 655
03110230509 960 655
03110230521 960 655
03110230529 960 655
03110230541 960 655
03110230549 960 655
03110230561 960 655
03110230569 960 655
03110230581 960 655
03110230589 960 655
03110230601 960 655
03110230609 960 655
03110230621 960 655
03110230629 960 655
03110230641 960 655
03110230649 960 655
03110230661 960 655
03110230669 960 655
03110230681 960 655
03110230689 960 655
03110230701 960 655
03110230709 960 655
03110230721 960 655
03110230729 960 655
03110230741 960 655
03110230749 960 655
03110230761 960 655
03110230773 960 655
03110230781 960 655
03110230793 960 655
03110230801 960 655
03110230813 960 655
03110230821 960 655
03110230833 960 655
03110230841 960 655
03110230853 960 655
03110230861 960 655
03110230873 960 655
03110230881 960 655
03110230893 960 655
03110230901 960 655
03110230913 960 655
03110230921 960 655
03110230933 960 655
03110230941 960 655
03110230953 960 655
03110230961 960 655
03110230973 960 655
03110230981 960 655
03110230993 960 655
03110231001 960 655
03110231013 960 655
03110231025 960 655
03110231033 960 655
03110231045 960 655
03110231053 960 655
03110231065 960 655
03110231073 960 655
03110231085 960 655
03110231093 960 655
03110231105 960 655
03110231113 960 655
03110231125 960 655
03110231133 960 655
03110231145 960 655
03110231153 960 655
03110231165 960 655
03110231173 960 655
03110231185 960 655
03110231193 960 655
03110231205 960 655
03110231213 960 655
03110231225 960 655
03110231233 960 655
03110231245 960 655
03110231253 960 655
03110231265 960 655
03110231277 960 655
03110231285 960 655
03110231297 960 655
03110231305 960 655
03110231317 960 655
03110231325 960 655
03110231337 960 655
03110231345 960 655
03110231357 960 655
03110231365 960 655
03110231377 960 655
03110231385 960 655
03110231397 960 655
03110231405 960 655
03110231417 960 655
03110231425 960 655
03110231437 960 655
03110231445 960 655
03110231457 960 655
03110231465 960 655
03110231477 960 655
03110231485 960 655
03110231497 960 655
03110231505 960 655
03110231517 960 655
03110231529 960 655
03110231537 960 655
03110231549 960 655
03110231557 960 655
03110231569 960 655
03110231577 960 655
03110231589 960 655
03110231597 960 655
03110231609 960 655
03110231617 960 655
03110231629 960 655
03110231637 960 655
03110231649 960 655
03110231657 960 655
03110231669 960 655
03110231677 960 655
03110231689 960 655
03110231697 960 655
03110231709 960 655
03110231717 960 655
03110231729 960 655
03110231737 960 655
03110231749 960 655
03110231757 960 655
03110231769 960 655
03110231781 960 655
03110231789 960 655
03110231801 960 655
03110231809 960 655
03110231821 960 655
03110231829 960 655
03110231841 960 655
03110231849 960 655
03110231861 960 655
03110231869 960 655
03110231881 960 655
03110231889 960 655
03110231901 960 655
03110231909 960 655
03110231921 960 655
03110231929 960 655
03110231941 960 655
03110231949 960 655
03110231961 960 655
03110231969 960 655
03110231981 960 655
03110231989 960 655
03110232001 960 540
03110232009 960 540
03110232021 960 540
03110232033 960 540
03110232041 960 540
03110232053 960 540
03110232061 960 540
03110232073 960 540
03110232081 960 540
03110232093 960 540
03110232101 960 540
03110232113 960 540
03110232121 960 540
03110232133 960 540
03110232141 960 540
03110232153 960 540
03110232161 960 540
03110232173 960 540
03110232181 960 540
03110232193 960 540
03110232201 960 540
03110232213 960 540
03110232221 960 540
03110232233 960 540
03110232241 960 540
03110232253 960 540
03110232261 960 540
03110232273 960 540
03110232285 960 540
03110232293 960 540
03110232305 960 540
03110232313 960 540
03110232325 960 540
03110232333 960 540
03110232345 960 540
03110232353 960 540
03110232365 960 540
03110232373 960 540
03110232385 960 540
03110232393 960 540
03110232405 960 540
03110232413 960 540
03110232425 960 540
03110232433 960 540
03110232445 960 540
03110232453 960 540
03110232465 960 540
03110232473 960 540
03110232485 960 540
03110232493 960 540
03110232505 960 540
03110232513 960 540
03110232525 960 540
03110232537 960 540
03110232545 960 540
03110232557 960 540
03110232565 960 540
03110232577 960 540
03110232585 960 540
03110232597 960 540
03110232605 960 540
03110232617 960 540
03110232625 960 540
03110232637 960 540
03110232645 960 540
03110232657 960 540
03110232665 960 540
03110232677 960 540
03110232685 960 540
03110232697 960 540
03110232705 960 540
03110232717 960 540
03110232725 960 540
03110232737 960 540
03110232745 960 540
03110232757 960 540
03110232765 960 540
03110232777 960 540
03110232789 960 540
03110232797 960 540
03110232809 960 540
03110232817 960 540
03110232829 960 540
03110232837 960 540
03110232849 960 540
03110232857 960 540
03110232869 960 540
03110232877 960 540
03110232889 960 540
03110232897 960 540
03110232909 960 540
03110232917 960 540
03110232929 960 540
03110232937 960 540
03110232949 960 540
03110232957 960 540
03110232969 960 540
03110232977 960 540
03110232989 960 540
03110232997 960 540
03110233009 960 540
03110233017 960 540
03110233029 960 540
03110233041 960 540
03110233049 960 540
03110233061 960 540
03110233069 960 540
03110233081 960 540
03110233089 960 540
03110233101 960 540
03110233109 960 540
03110233121 960 540
03110233129 960 540
03110233141 960 540
03110233149 960 540
03110233161 960 540
03110233169 960 540
03110233181 960 540
03110233189 960 540
03110233201 960 540
03110233209 960 540
03110233221 960 540
03110233229 960 540
03110233241 960 540
03110233249 960 540
03110233261 960 540
03110233269 960 540
03110233281 960 540
03110233293 960 540
03110233301 960 540
03110233313 960 540
03110233321 960 540
03110233333 960 540
03110233341 960 540
03110233353 960 540
03110233361 960 540
03110233373 960 540
03110233381 960 540
03110233393 960 540
03110233401 960 540
03110233413 960 540
03110233421 960 540
03110233433 960 540
03110233441 960 540
03110233453 960 540
03110233461 960 540
03110233473 960 540
03110233481 960 540
03110233493 960 309
03110233502 960 309
03110233513 960 309
03110233521 960 309
03110233533 960 309
03110233545 960 309
03110233552 960 309
03110233565 960 309
03110233573 960 309
03110233584 960 309
03110233592 960 309
03110233605 960 309
03110233613 960 309
03110233625 960 309
03110233632 960 309
03110233644 960 309
03110233653 960 309
03110233665 960 309
03110233672 960 309
03110233684 960 309
03110233693 960 309
03110233705 960 309
03110233712 960 309
03110233724 960 309
03110233732 960 309
03110233745 960 309
03110233753 960 309
03110233764 960 309
03110233773 960 309
03110233784 960 309
03110233796 960 309
03110233804 960 309
03110233816 960 309
03110233825 960 309
03110233837 960 309
03110233845 960 309
03110233857 960 309
03110233865 960 309
03110233877 960 309
03110233885 960 309
03110233896 960 309
03110233905 960 309
03110233916 960 309
03110233924 960 309
03110233937 960 309
03110233945 960 309
03110233956 960 309
03110233964 960 309
03110233976 960 309
03110233985 960 309
03110233996 960 309
03110234005 960 309
03110234017 960 309
03110234025 960 309
03110234037 960 309
03110234048 960 309
03110234056 960 309
03110234068 960 309
03110234077 960 309
03110234088 960 309
03110234096 960 309
03110234108 960 309
03110234116 960 309
03110234129 960 309
03110234137 960 309
03110234148 960 309
03110234156 960 309
03110234169 960 309
03110234177 960 309
03110234188 960 309
03110234197 960 309
03110234209 960 309
03110234217 960 309
03110234229 960 309
03110234237 960 309
03110234249 960 309
03110234257 960 309
03110234269 960 309
03110234277 960 309
03110234288 960 309
03110234300 960 309
03110234309 960 309
03110234320 960 309
03110234328 960 309
03110234340 960 309
03110234349 960 309
03110234360 960 309
03110234368 960 309
03110234380 960 309
03110234388 960 309
03110234400 960 309
03110234408 960 309
03110234420 960 309
03110234429 960 309
03110234441 960 309
03110234449 960 309
03110234460 960 309
03110234469 960 309
03110234480 960 309
03110234489 960 309
03110234500 960 309
03110234509 960 309
03110234520 960 309
03110234529 960 309
03110234540 960 309
03110234552 960 309
03110234560 960 309
03110234572 960 309
03110234580 960 309
03110234592 960 309
03110234600 960 309
03110234612 960 309
03110234620 960 309
03110234632 960 309
03110234640 960 309
03110234652 960 309
03110234661 960 309
03110234672 960 309
03110234681 960 309
03110234692 960 309
03110234701 960 309
03110234712 960 309
03110234720 960 309
03110234732 960 309
03110234741 960 309
03110234752 960 309
03110234761 960 309
03110234773 960 309
03110234781 960 309
03110234792 960 309
03110234804 960 309
03110234812 960 309
03110234825 960 309
03110234832 960 309
03110234844 960 309
03110234852 960 309
03110234864 960 309
03110234873 960 309
03110234884 960 309
03110234893 960 309
03110234904 960 309
03110234912 960 309
03110234924 960 309
03110234932 960 309
03110234944 960 309
03110234953 960 309
03110234964 960 309
03110234973 960 309
03110234985 960 309
03110234993 960 309
03110235005 960 540
03110235013 960 540
03110235025 960 540
03110235033 960 540
03110235046 960 540
03110235059 960 540
03110235069 960 540
03110235081 960 540
03110235089 960 540
03110235100 960 540
03110235107 960 540
03110235118 960 540
03110235126 960 540
03110235138 960 540
03110235146 960 540
03110235158 960 540
03110235166 960 540
03110235178 960 540
03110235186 960 540
03110235198 960 540
03110235206 960 540
03110235218 960 540
03110235226 960 540
03110235238 960 540
03110235246 960 540
03110235258 960 540
03110235266 960 540
03110235278 960 540
03110235286 960 540
03110235298 960 540
03110235310 960 540
03110235318 960 540
03110235330 960 540
03110235338 960 540
03110235350 960 540
03110235358 960 540
03110235370 960 540
03110235378 960 540
03110235390 960 540
03110235398 960 540
03110235410 960 540
03110235418 960 540
03110235430 960 540
03110235438 960 540
03110235450 960 540
03110235458 960 540
03110235470 960 540
03110235478 960 540
03110235490 960 540
03110235498 960 540
03110235510 960 540
03110235518 960 540
03110235530 960 540
03110235538 960 540
03110235550 960 540
03110235562 960 540
03110235570 960 540
03110235582 960 540
03110235590 960 540
03110235602 960 540
03110235610 960 540
03110235622 960 540
03110235630 960 540
03110235642 960 540
03110235650 960 540
03110235662 960 540
03110235670 960 540
03110235682 960 540
03110235690 960 540
03110235702 960 540
03110235710 960 540
03110235722 960 540
03110235730 960 540
03110235742 960 540
03110235750 960 540
03110235762 960 540
03110235770 960 540
03110235782 960 540
03110235790 960 540
03110235802 960 540
03110235814 960 540
03110235822 960 540
03110235834 960 540
03110235842 960 540
03110235854 960 540
03110235862 960 540
03110235874 960 540
03110235882 960 540
03110235894 960 540
03110235902 960 540
03110235914 960 540
03110235922 960 540
03110235934 960 540
03110235942 960 540
03110235954 960 540
03110235962 960 540
03110235974 960 540
03110235982 960 540
03110235994 960 540
03110236002 960 540
03110236014 960 540
03110236022 960 540
03110236034 960 540
03110236042 960 540
03110236054 960 540
03110236066 960 540
03110236074 960 540
03110236086 960 540
03110236094 960 540
03110236106 960 540
03110236114 960 540
03110236126 960 540
03110236134 960 540
03110236146 960 540
03110236154 960 540
03110236166 960 540
03110236174 960 540
03110236186 960 540
03110236194 960 540
03110236206 960 540
03110236214 960 540
03110236226 960 540
03110236234 960 540
03110236246 960 540
03110236254 960 540
03110236266 960 540
03110236274 960 540
03110236286 960 540
03110236294 960 540
03110236306 960 540
03110236318 960 540
03110236326 960 540
03110236338 960 540
03110236346 960 540
03110236358 960 540
03110236366 960 540
03110236378 960 540
03110236386 960 540
03110236398 960 540
03110236406 960 540
03110236418 960 540
03110236426 960 540
03110236438 960 540
03110236446 960 540
03110236458 960 540
03110236466 960 540
03110236478 960 540
03110236486 960 540
03110236498 960 309
03110236507 960 309
03110236518 960 309
03110236526 960 309
03110236538 960 309
03110236546 960 309
03110236558 960 309
03110236570 960 309
03110236578 960 309
03110236590 960 309
03110236598 960 309
03110236610 960 309
03110236618 960 309
03110236630 960 309
03110236638 960 309
03110236650 960 309
03110236658 960 309
03110236670 960 309
03110236678 960 309
03110236690 960 309
03110236698 960 309
03110236710 960 309
03110236718 960 309
03110236730 960 309
03110236738 960 309
03110236750 960 309
03110236758 960 309
03110236770 960 309
03110236778 960 309
03110236790 960 309
03110236798 960 309
03110236810 960 309
03110236822 960 309
03110236830 960 309
03110236842 960 309
03110236850 960 309
03110236862 960 309
03110236870 960 309
03110236882 960 309
03110236890 960 309
03110236902 960 309
03110236910 960 309
03110236922 960 309
03110236930 960 309
03110236942 960 309
03110236950 960 309
03110236962 960 309
03110236970 960 309
03110236982 960 309
03110236990 960 309
03110237002 960 309
03110237010 960 309
03110237022 960 309
03110237030 960 309
03110237042 960 309
03110237050 960 309
03110237062 960 309
03110237074 960 309
03110237082 960 309
03110237094 960 309
03110237102 960 309
03110237114 960 309
03110237122 960 309
03110237134 960 309
03110237142 960 309
03110237154 960 309
03110237162 960 309
03110237174 960 309
03110237182 960 309
03110237194 960 309
03110237202 960 309
03110237214 960 309
03110237222 960 309
03110237234 960 309
03110237242 960 309
03110237254 960 309
03110237262 960 309
03110237274 960 309
03110237282 960 309
03110237294 960 309
03110237302 960 309
03110237314 960 309
03110237326 960 309
03110237334 960 309
03110237346 960 309
03110237354 960 309
03110237366 960 309
03110237374 960 309
03110237386 960 309
03110237394 960 309
03110237406 960 309
03110237414 960 309
03110237426 960 309
03110237434 960 309
03110237446 960 309
03110237454 960 309
03110237466 960 309
03110237474 960 309
03110237486 960 309
03110237494 960 309
03110237506 960 309
03110237514 960 309
03110237526 960 309
03110237534 960 309
03110237546 960 309
03110237554 960 309
03110237566 960 309
03110237578 960 309
03110237586 960 309
03110237598 960 309
03110237606 960 309
03110237618 960 309
03110237626 960 309
03110237638 960 309
03110237646 960 309
03110237658 960 309
03110237666 960 309
03110237678 960 309
03110237686 960 309
03110237698 960 309
03110237706 960 309
03110237718 960 309
03110237726 960 309
03110237738 960 309
03110237746 960 309
03110237758 960 309
03110237766 960 309
03110237778 960 309
03110237786 960 309
03110237798 960 309
03110237806 960 309
03110237818 960 309
03110237830 960 309
03110237838 960 309
03110237850 960 309
03110237858 960 309
03110237870 960 309
03110237878 960 309
03110237890 960 309
03110237898 960 309
03110237910 960 309
03110237918 960 309
03110237930 960 309
03110237938 960 309
03110237950 960 309
03110237958 960 309
03110237970 960 309
03110237978 960 309
03110237990 960 309
03110237998 960 309
03110238011 960 540
03110238018 960 540
03110238030 960 540
03110238038 960 540
03110238050 960 540
03110238058 960 540
03110238070 960 540
03110238082 960 540
03110238090 960 540
03110238102 960 540
03110238110 960 540
03110238122 960 540
03110238130 960 540
03110238142 960 540
03110238150 960 540
03110238162 960 540
03110238170 960 540
03110238182 960 540
03110238190 960 540
03110238202 960 540
03110238210 960 540
03110238222 960 540
03110238230 960 540
03110238242 960 540
03110238250 960 540
03110238262 960 540
03110238270 960 540
03110238282 960 540
03110238290 960 540
03110238302 960 540
03110238310 960 540
03110238322 960 540
03110238334 960 540
03110238342 960 540
03110238354 960 540
03110238362 960 540
03110238374 960 540
03110238382 960 540
03110238394 960 540
03110238402 960 540
03110238414 960 540
03110238422 960 540
03110238434 960 540
03110238442 960 540
03110238454 960 540
03110238462 960 540
03110238474 960 540
03110238482 960 540
03110238494 960 540
03110238502 960 540
03110238514 960 540
03110238522 960 540
03110238534 960 540
03110238542 960 540
03110238554 960 540
03110238562 960 540
03110238574 960 540
03110238586 960 540
03110238594 960 540
03110238606 960 540
03110238614 960 540
03110238626 960 540
03110238634 960 540
03110238646 960 540
03110238654 960 540
03110238666 960 540
03110238674 960 540
03110238686 960 540
03110238694 960 540
03110238706 960 540
03110238714 960 540
03110238726 960 540
03110238734 960 540
03110238746 960 540
03110238754 960 540
03110238766 960 540
03110238774 960 540
03110238786 960 540
03110238794 960 540
03110238806 960 540
03110238814 960 540
03110238826 960 540
03110238838 960 540
03110238846 960 540
03110238858 960 540
03110238866 960 540
03110238878 960 540
03110238886 960 540
03110238898 960 540
03110238906 960 540
03110238918 960 540
03110238926 960 540
03110238938 960 540
03110238946 960 540
03110238958 960 540
03110238966 960 540
03110238978 960 540
03110238986 960 540
03110238998 960 540
03110239006 960 540
03110239018 960 540
03110239026 960 540
03110239038 960 540
03110239046 960 540
03110239058 960 540
03110239066 960 540
03110239078 960 540
03110239090 960 540
03110239098 960 540
03110239110 960 540
03110239118 960 540
03110239130 960 540
03110239138 960 540
03110239150 960 540
03110239158 960 540
03110239170 960 540
03110239178 960 540
03110239190 960 540
03110239198 960 540
03110239210 960 540
03110239218 960 540
03110239230 960 540
03110239238 960 540
03110239250 960 540
03110239258 960 540
03110239270 960 540
03110239278 960 540
03110239290 960 540
03110239298 960 540
03110239310 960 540
03110239318 960 540
03110239330 960 540
03110239342 960 540
03110239350 960 540
03110239362 960 540
03110239370 960 540
03110239382 960 540
03110239390 960 540
03110239402 960 540
03110239410 960 540
03110239422 960 540
03110239430 960 540
03110239442 960 540
03110239450 960 540
03110239462 960 540
03110239470 960 540
03110239482 960 540
03110239490 960 540
03110239502 960 424
03110239511 960 424
03110239522 960 424
03110239530 960 424
03110239542 960 424
03110239550 960 424
03110239562 960 424
03110239570 960 424
03110239582 960 424
03110239594 960 424
03110239602 960 424
03110239614 960 424
03110239622 960 424
03110239634 960 424
03110239642 960 424
03110239654 960 424
03110239662 960 424
03110239674 960 424
03110239682 960 424
03110239694 960 424
03110239702 960 424
03110239714 960 424
03110239722 960 424
03110239734 960 424
03110239742 960 424
03110239754 960 424
03110239762 960 424
03110239774 960 424
03110239782 960 424
03110239794 960 424
03110239802 960 424
03110239814 960 424
03110239822 960 424
03110239834 960 424
03110239846 960 424
03110239854 960 424
03110239866 960 424
03110239874 960 424
03110239886 960 424
03110239894 960 424
03110239906 960 424
03110239914 960 424
03110239926 960 424
03110239934 960 424
03110239946 960 424
03110239954 960 424
03110239966 960 424
03110239974 960 424
03110239986 960 424
03110239994 960 424
03110240006 960 424
03110240014 960 424
03110240026 960 424
03110240034 960 424
03110240046 960 424
03110240054 960 424
03110240066 960 424
03110240074 960 424
03110240086 960 424
03110240098 960 424
03110240106 960 424
03110240118 960 424
03110240126 960 424
03110240138 960 424
03110240146 960 424
03110240158 960 424
03110240166 960 424
03110240178 960 424
03110240186 960 424
03110240198 960 424
03110240206 960 424
03110240218 960 424
03110240226 960 424
03110240238 960 424
03110240246 960 424
03110240258 960 424
03110240266 960 424
03110240278 960 424
03110240286 960 424
03110240298 960 424
03110240306 960 424
03110240318 960 424
03110240326 960 424
03110240338 960 424
03110240350 960 424
03110240358 960 424
03110240370 960 424
03110240378 960 424
03110240390 960 424
03110240398 960 424
03110240410 960 424
03110240418 960 424
03110240430 960 424
03110240438 960 424
03110240450 960 424
03110240458 960 424
03110240470 960 424
03110240478 960 424
03110240490 960 424
03110240498 960 424
03110240510 960 424
03110240518 960 424
03110240530 960 424
03110240538 960 424
03110240550 960 424
03110240558 960 424
03110240570 960 424
03110240578 960 424
03110240590 960 424
03110240602 960 424
03110240610 960 424
03110240622 960 424
03110240630 960 424
03110240642 960 424
03110240650 960 424
03110240662 960 424
03110240670 960 424
03110240682 960 424
03110240690 960 424
03110240702 960 424
03110240710 960 424
03110240722 960 424
03110240730 960 424
03110240742 960 424
03110240750 960 424
03110240762 960 424
03110240770 960 424
03110240782 960 424
03110240790 960 424
03110240802 960 424
03110240810 960 424
03110240822 960 424
03110240830 960 424
03110240842 960 424
03110240854 960 424
03110240862 960 424
03110240874 960 424
03110240882 960 424
03110240894 960 424
03110240902 960 424
03110240914 960 424
03110240922 960 424
03110240934 960 424
03110240942 960 424
03110240954 960 424
03110240962 960 424
03110240974 960 424
03110240982 960 424
03110240994 960 424
03110241002 960 424
03110241015 960 540
03110241022 960 540
03110241034 960 540
03110241042 960 540
03110241054 960 540
03110241062 960 540
03110241074 960 540
03110241082 960 540
03110241094 960 540
03110241106 960 540
03110241114 960 540
03110241126 960 540
03110241134 960 540
03110241146 960 540
03110241154 960 540
03110241166 960 540
03110241174 960 540
03110241186 960 540
03110241194 960 540
03110241206 960 540
03110241214 960 540
03110241226 960 540
03110241234 960 540
03110241246 960 540
03110241254 960 540
03110241266 960 540
03110241274 960 540
03110241286 960 540
03110241294 960 540
03110241306 960 540
03110241314 960 540
03110241326 960 540
03110241334 960 540
03110241346 960 540
03110241358 960 540
03110241366 960 540
03110241378 960 540
03110241386 960 540
03110241398 960 540
03110241406 960 540
03110241418 960 540
03110241426 960 540
03110241438 960 540
03110241446 960 540
03110241458 960 540
03110241466 960 540
03110241478 960 540
03110241486 960 540
03110241498 960 540
03110241506 960 540
03110241518 960 540
03110241526 960 540
03110241538 960 540
03110241546 960 540
03110241558 960 540
03110241566 960 540
03110241578 960 540
03110241586 960 540
03110241598 960 540
03110241610 960 540
03110241618 960 540
03110241630 960 540
03110241638 960 540
03110241650 960 540
03110241658 960 540
03110241670 960 540
03110241678 960 540
03110241690 960 540
03110241698 960 540
03110241710 960 540
03110241718 960 540
03110241730 960 540
03110241738 960 540
03110241750 960 540
03110241758 960 540
03110241770 960 540
03110241778 960 540
03110241790 960 540
03110241798 960 540
03110241810 960 540
03110241818 960 540
03110241830 960 540
03110241838 960 540
03110241850 960 540
03110241862 960 540
03110241870 960 540
03110241882 960 540
03110241890 960 540
03110241902 960 540
03110241910 960 540
03110241922 960 540
03110241930 960 540
03110241942 960 540
03110241950 960 540
03110241962 960 540
03110241970 960 540
03110241982 960 540
03110241990 960 540
03110242002 960 540
03110242010 960 540
03110242022 960 540
03110242030 960 540
03110242042 960 540
03110242050 960 540
03110242062 960 540
03110242070 960 540
03110242082 960 540
03110242090 960 540
03110242102 960 540
03110242114 960 540
03110242122 960 540
03110242134 960 540
03110242142 960 540
03110242154 960 540
03110242162 960 540
03110242174 960 540
03110242182 960 540
03110242194 960 540
03110242202 960 540
03110242214 960 540
03110242222 960 540
03110242234 960 540
03110242242 960 540
03110242254 960 540
03110242262 960 540
03110242274 960 540
03110242282 960 540
03110242294 960 540
03110242302 960 540
03110242314 960 540
03110242322 960 540
03110242334 960 540
03110242342 960 540
03110242354 960 540
03110242366 960 540
03110242374 960 540
03110242386 960 540
03110242394 960 540
03110242406 960 540
03110242414 960 540
03110242426 960 540
03110242434 960 540
03110242446 960 540
03110242454 960 540
03110242466 960 540
03110242474 960 540
03110242486 960 540
03110242494 960 540
03110242506 960 770
03110242514 960 770
03110242526 960 770
03110242534 960 770
03110242546 960 770
03110242554 960 770
03110242566 960 770
03110242574 960 770
03110242586 960 770
03110242594 960 770
03110242606 960 770
03110242618 960 770
03110242626 960 770
03110242638 960 770
03110242646 960 770
03110242658 960 770
03110242666 960 770
03110242678 960 770
03110242686 960 770
03110242698 960 770
03110242706 960 770
03110242718 960 770
03110242726 960 770
03110242738 960 770
03110242746 960 770
03110242758 960 770
03110242766 960 770
03110242778 960 770
03110242786 960 770
03110242798 960 770
03110242806 960 770
03110242818 960 770
03110242826 960 770
03110242838 960 770
03110242846 960 770
03110242858 960 770
03110242870 960 770
03110242878 960 770
03110242890 960 770
03110242898 960 770
03110242910 960 770
03110242918 960 770
03110242930 960 770
03110242938 960 770
03110242950 960 770
03110242958 960 770
03110242970 960 770
03110242978 960 770
03110242990 960 770
03110242998 960 770
03110243010 960 770
03110243018 960 770
03110243030 960 770
03110243038 960 770
03110243050 960 770
03110243058 960 770
03110243070 960 770
03110243078 960 770
03110243090 960 770
03110243098 960 770
03110243110 960 770
03110243122 960 770
03110243130 960 770
03110243142 960 770
03110243150 960 770
03110243162 960 770
03110243170 960 770
03110243182 960 770
03110243190 960 770
03110243202 960 770
03110243210 960 770
03110243222 960 770
03110243230 960 770
03110243242 960 770
03110243250 960 770
03110243262 960 770
03110243270 960 770
03110243282 960 770
03110243290 960 770
03110243302 960 770
03110243310 960 770
03110243322 960 770
03110243330 960 770
03110243342 960 770
03110243350 960 770
03110243362 960 770
03110243374 960 770
03110243382 960 770
03110243394 960 770
03110243402 960 770
03110243414 960 770
03110243422 960 770
03110243434 960 770
03110243442 960 770
03110243454 960 770
03110243462 960 770
03110243474 960 770
03110243482 960 770
03110243494 960 770
03110243502 960 770
03110243514 960 770
03110243522 960 770
03110243534 960 770
03110243542 960 770
03110243554 960 770
03110243562 960 770
03110243574 960 770
03110243582 960 770
03110243594 960 770
03110243602 960 770
03110243614 960 770
03110243626 960 770
03110243634 960 770
03110243646 960 770
03110243654 960 770
03110243666 960 770
03110243674 960 770
03110243686 960 770
03110243694 960 770
03110243706 960 770
03110243714 960 770
03110243726 960 770
03110243734 960 770
03110243746 960 770
03110243754 960 770
03110243766 960 770
03110243774 960 770
03110243786 960 770
03110243794 960 770
03110243806 960 770
03110243814 960 770
03110243826 960 770
03110243834 960 770
03110243846 960 770
03110243854 960 770
03110243866 960 770
03110243878 960 770
03110243886 960 770
03110243898 960 770
03110243906 960 770
03110243918 960 770
03110243926 960 770
03110243938 960 770
03110243946 960 770
03110243958 960 770
03110243966 960 770
03110243978 960 770
03110243986 960 770
03110243998 960 770
03110244006 960 770
03110244018 960 540
03110244026 960 540
03110244038 960 540
03110244046 960 540
03110244058 960 540
03110244066 960 540
03110244078 960 540
03110244086 960 540
03110244098 960 540
03110244106 960 540
03110244118 960 540
03110244130 960 540
03110244138 960 540
03110244150 960 540
03110244158 960 540
03110244170 960 540
03110244178 960 540
03110244190 960 540
03110244198 960 540
03110244210 960 540
03110244218 960 540
03110244230 960 540
03110244238 960 540
03110244250 960 540
03110244258 960 540
03110244270 960 540
03110244278 960 540
03110244290 960 540
03110244298 960 540
03110244310 960 540
03110244318 960 540
03110244330 960 540
03110244338 960 540
03110244350 960 540
03110244358 960 540
03110244370 960 540
03110244382 960 540
03110244390 960 540
03110244402 960 540
03110244410 960 540
03110244422 960 540
03110244430 960 540
03110244442 960 540
03110244450 960 540
03110244462 960 540
03110244470 960 540
03110244482 960 540
03110244490 960 540
03110244502 960 540
03110244510 960 540
03110244522 960 540
03110244530 960 540
03110244542 960 540
03110244550 960 540
03110244562 960 540
03110244570 960 540
03110244582 960 540
03110244590 960 540
03110244602 960 540
03110244610 960 540
03110244622 960 540
03110244634 960 540
03110244642 960 540
03110244654 960 540
03110244662 960 540
03110244674 960 540
03110244682 960 540
03110244694 960 540
03110244702 960 540
03110244714 960 540
03110244722 960 540
03110244734 960 540
03110244742 960 540
03110244754 960 540
03110244762 960 540
03110244774 960 540
03110244782 960 540
03110244794 960 540
03110244802 960 540
03110244814 960 540
03110244822 960 540
03110244834 960 540
03110244842 960 540
03110244854 960 540
03110244862 960 540
03110244874 960 540
03110244886 960 540
03110244894 960 540
03110244906 960 540
03110244914 960 540
03110244926 960 540
03110244934 960 540
03110244946 960 540
03110244954 960 540
03110244966 960 540
03110244974 960 540
03110244986 960 540
03110244994 960 540
03110245006 960 540
03110245014 960 540
03110245026 960 540
03110245034 960 540
03110245046 960 540
03110245054 960 540
03110245066 960 540
03110245074 960 540
03110245086 960 540
03110245094 960 540
03110245106 960 540
03110245114 960 540
03110245126 960 540
03110245138 960 540
03110245146 960 540
03110245158 960 540
03110245166 960 540
03110245178 960 540
03110245186 960 540
03110245198 960 540
03110245206 960 540
03110245218 960 540
03110245226 960 540
03110245238 960 540
03110245246 960 540
03110245258 960 540
03110245266 960 540
03110245278 960 540
03110245286 960 540
03110245298 960 540
03110245306 960 540
03110245318 960 540
03110245326 960 540
03110245338 960 540
03110245346 960 540
03110245358 960 540
03110245366 960 540
03110245378 960 540
03110245390 960 540
03110245398 960 540
03110245410 960 540
03110245418 960 540
03110245430 960 540
03110245438 960 540
03110245450 960 540
03110245458 960 540
03110245470 960 540
03110245478 960 540
03110245490 960 540
03110245498 960 540
03110245510 960 424
03110245519 960 424
03110245530 960 424
03110245538 960 424
03110245550 960 424
03110245558 960 424
03110245570 960 424
03110245578 960 424
03110245590 960 424
03110245598 960 424
03110245610 960 424
03110245618 960 424
03110245630 960 424
03110245642 960 424
03110245650 960 424
03110245662 960 424
03110245670 960 424
03110245682 960 424
03110245690 960 424
03110245702 960 424
03110245710 960 424
03110245722 960 424
03110245730 960 424
03110245742 960 424
03110245750 960 424
03110245762 960 424
03110245770 960 424
03110245782 960 424
03110245790 960 424
03110245802 960 424
03110245810 960 424
03110245822 960 424
03110245830 960 424
03110245842 960 424
03110245850 960 424
03110245862 960 424
03110245870 960 424
03110245882 960 424
03110245894 960 424
03110245902 960 424
03110245914 960 424
03110245922 960 424
03110245934 960 424
03110245942 960 424
03110245954 960 424
03110245962 960 424
03110245974 960 424
03110245982 960 424
03110245994 960 424
03110246002 960 424
03110246014 960 424
03110246022 960 424
03110246034 960 424
03110246042 960 424
03110246054 960 424
03110246062 960 424
03110246074 960 424
03110246082 960 424
03110246094 960 424
03110246102 960 424
03110246114 960 424
03110246122 960 424
03110246134 960 424
03110246146 960 424
03110246154 960 424
03110246166 960 424
03110246174 960 424
03110246186 960 424
03110246194 960 424
03110246206 960 424
03110246214 960 424
03110246226 960 424
03110246234 960 424
03110246246 960 424
03110246254 960 424
03110246266 960 424
03110246274 960 424
03110246286 960 424
03110246294 960 424
03110246306 960 424
03110246314 960 424
03110246326 960 424
03110246334 960 424
03110246346 960 424
03110246354 960 424
03110246366 960 424
03110246374 960 424
03110246386 960 424
03110246398 960 424
03110246406 960 424
03110246418 960 424
03110246426 960 424
03110246438 960 424
03110246446 960 424
03110246458 960 424
03110246466 960 424
03110246478 960 424
03110246486 960 424
03110246498 960 424
03110246506 960 424
03110246518 960 424
03110246526 960 424
03110246538 960 424
03110246546 960 424
03110246558 960 424
03110246566 960 424
03110246578 960 424
03110246586 960 424
03110246598 960 424
03110246606 960 424
03110246618 960 424
03110246626 960 424
03110246638 960 424
03110246650 960 424
03110246658 960 424
03110246670 960 424
03110246678 960 424
03110246690 960 424
03110246698 960 424
03110246710 960 424
03110246718 960 424
03110246730 960 424
03110246738 960 424
03110246750 960 424
03110246758 960 424
03110246770 960 424
03110246778 960 424
03110246790 960 424
03110246798 960 424
03110246810 960 424
03110246818 960 424
03110246830 960 424
03110246838 960 424
03110246850 960 424
03110246858 960 424
03110246870 960 424
03110246878 960 424
03110246890 960 424
03110246902 960 424
03110246910 960 424
03110246922 960 424
03110246930 960 424
03110246942 960 424
03110246950 960 424
03110246962 960 424
03110246970 960 424
03110246982 960 424
03110246990 960 424
03110247002 960 424
03110247010 960 424
03110247022 960 540
03110247030 960 540
03110247042 960 540
03110247050 960 540
03110247062 960 540
03110247070 960 540
03110247082 960 540
03110247090 960 540
03110247102 960 540
03110247110 960 540
03110247122 960 540
03110247130 960 540
03110247142 960 540
03110247154 960 540
03110247162 960 540
03110247174 960 540
03110247182 960 540
03110247194 960 540
03110247202 960 540
03110247214 960 540
03110247222 960 540
03110247234 960 540
03110247242 960 540
03110247254 960 540
03110247262 960 540
03110247274 960 540
03110247282 960 540
03110247294 960 540
03110247302 960 540
03110247314 960 540
03110247322 960 540
03110247334 960 540
03110247342 960 540
03110247354 960 540
03110247362 960 540
03110247374 960 540
03110247382 960 540
03110247394 960 540
03110247406 960 540
03110247414 960 540
03110247426 960 540
03110247434 960 540
03110247446 960 540
03110247454 960 540
03110247466 960 540
03110247474 960 540
03110247486 960 540
03110247494 960 540
03110247506 960 540
03110247514 960 540
03110247526 960 540
03110247534 960 540
03110247546 960 540
03110247554 960 540
03110247566 960 540
03110247574 960 540
03110247586 960 540
03110247594 960 540
03110247606 960 540
03110247614 960 540
03110247626 960 540
03110247634 960 540
03110247646 960 540
03110247658 960 540
03110247666 960 540
03110247678 960 540
03110247686 960 540
03110247698 960 540
03110247706 960 540
03110247718 960 540
03110247726 960 540
03110247738 960 540
03110247746 960 540
03110247758 960 540
03110247766 960 540
03110247778 960 540
03110247786 960 540
03110247798 960 540
03110247806 960 540
03110247818 960 540
03110247826 960 540
03110247838 960 540
03110247846 960 540
03110247858 960 540
03110247866 960 540
03110247878 960 540
03110247886 960 540
03110247898 960 540
03110247910 960 540
03110247918 960 540
03110247930 960 540
03110247938 960 540
03110247950 960 540
03110247958 960 540
03110247970 960 540
03110247978 960 540
03110247990 960 540
03110247998 960 540
03110248010 960 540
03110248018 960 540
03110248030 960 540
03110248038 960 540
03110248050 960 540
03110248058 960 540
03110248070 960 540
03110248078 960 540
03110248090 960 540
03110248098 960 540
03110248110 960 540
03110248118 960 540
03110248130 960 540
03110248138 960 540
03110248150 960 540
03110248162 960 540
03110248170 960 540
03110248182 960 540
03110248190 960 540
03110248202 960 540
03110248210 960 540
03110248222 960 540
03110248230 960 540
03110248242 960 540
03110248250 960 540
03110248262 960 540
03110248270 960 540
03110248282 960 540
03110248290 960 540
03110248302 960 540
03110248310 960 540
03110248322 960 540
03110248330 960 540
03110248342 960 540
03110248350 960 540
03110248362 960 540
03110248370 960 540
03110248382 960 540
03110248390 960 540
03110248402 960 540
03110248414 960 540
03110248422 960 540
03110248434 960 540
03110248442 960 540
03110248454 960 540
03110248462 960 540
03110248474 960 540
03110248482 960 540
03110248494 960 540
03110248502 960 540
03110248514 960 770
03110248522 960 770
03110248534 960 770
03110248542 960 770
03110248554 960 770
03110248562 960 770
03110248574 960 770
03110248582 960 770
03110248594 960 770
03110248602 960 770
03110248614 960 770
03110248622 960 770
03110248634 960 770
03110248642 960 770
03110248654 960 770
03110248666 960 770
03110248674 960 770
03110248686 960 770
03110248694 960 770
03110248706 960 770
03110248714 960 770
03110248726 960 770
03110248734 960 770
03110248746 960 770
03110248754 960 770
03110248766 960 770
03110248774 960 770
03110248786 960 770
03110248794 960 770
03110248806 960 770
03110248814 960 770
03110248826 960 770
03110248834 960 770
03110248846 960 770
03110248854 960 770
03110248866 960 770
03110248874 960 770
03110248886 960 770
03110248894 960 770
03110248906 960 770
03110248918 960 770
03110248926 960 770
03110248938 960 770
03110248946 960 770
03110248958 960 770
03110248966 960 770
03110248978 960 770
03110248986 960 770
03110248998 960 770
03110249006 960 770
03110249018 960 770
03110249026 960 770
03110249038 960 770
03110249046 960 770
03110249058 960 770
03110249066 960 770
03110249078 960 770
03110249086 960 770
03110249098 960 770
03110249106 960 770
03110249118 960 770
03110249126 960 770
03110249138 960 770
03110249146 960 770
03110249158 960 770
03110249170 960 770
03110249178 960 770
03110249190 960 770
03110249198 960 770
03110249210 960 770
03110249218 960 770
03110249230 960 770
03110249238 960 770
03110249250 960 770
03110249258 960 770
03110249270 960 770
03110249278 960 770
03110249290 960 770
03110249298 960 770
03110249310 960 770
03110249318 960 770
03110249330 960 770
03110249338 960 770
03110249350 960 770
03110249358 960 770
03110249370 960 770
03110249378 960 770
03110249390 960 770
03110249398 960 770
03110249410 960 770
03110249422 960 770
03110249430 960 770
03110249442 960 770
03110249450 960 770
03110249462 960 770
03110249470 960 770
03110249482 960 770
03110249490 960 770
03110249502 960 770
03110249510 960 770
03110249522 960 770
03110249530 960 770
03110249542 960 770
03110249550 960 770
03110249562 960 770
03110249570 960 770
03110249580 960 770
03110249588 960 770
03110249600 960 770
03110249608 960 770
03110249620 960 770
03110249628 960 770
03110249640 960 770
03110249648 960 770
03110249660 960 770
03110249672 960 770
03110249680 960 770
03110249692 960 770
03110249700 960 770
03110249712 960 770
03110249720 960 770
03110249732 960 770
03110249740 960 770
03110249752 960 770
03110249760 960 770
03110249772 960 770
03110249780 960 770
03110249792 960 770
03110249800 960 770
03110249812 960 770
03110249820 960 770
03110249832 960 770
03110249840 960 770
03110249852 960 770
03110249860 960 770
03110249872 960 770
03110249880 960 770
03110249892 960 770
03110249900 960 770
03110249912 960 770
03110249924 960 770
03110249932 960 770
03110249944 960 770
03110249952 960 770
03110249964 960 770
03110249972 960 770
03110249984 960 770
03110249992 960 770
03110250004 960 770
03110250012 960 770
