15164557279 960 540
15164557291 960 540
15164557299 960 540
15164557311 960 540
15164557323 960 540
15164557331 960 540
15164557343 960 540
15164557351 960 540
15164557363 960 540
15164557371 960 540
15164557383 960 540
15164557391 960 540
15164557403 960 540
15164557411 960 540
15164557423 960 540
15164557431 960 540
15164557443 960 540
15164557451 960 540
15164557463 960 540
15164557471 960 540
15164557483 960 540
15164557491 960 540
15164557503 960 540
15164557511 960 540
15164557523 960 540
15164557531 960 540
15164557543 960 540
15164557551 960 540
15164557563 960 540
15164557575 960 540
15164557583 960 540
15164557595 960 540
15164557603 960 540
15164557615 960 540
15164557623 960 540
15164557635 960 540
15164557643 960 540
15164557655 960 540
15164557663 960 540
15164557675 960 540
15164557683 960 540
15164557695 960 540
15164557703 960 540
15164557715 960 540
15164557723 960 540
15164557735 960 540
15164557743 960 540
15164557755 960 540
15164557763 960 540
15164557775 960 540
15164557783 960 540
15164557795 960 540
15164557803 960 540
15164557815 960 540
15164557827 960 540
15164557835 960 540
15164557847 960 540
15164557855 960 540
15164557867 960 540
15164557875 960 540
15164557887 960 540
15164557895 960 540
15164557907 960 540
15164557915 960 540
15164557927 960 540
15164557935 960 540
15164557947 960 540
15164557955 960 540
15164557967 960 540
15164557975 960 540
15164557987 960 540
15164557995 960 540
15164558007 960 540
15164558015 960 540
15164558027 960 540
15164558035 960 540
15164558047 960 540
15164558055 960 540
15164558067 960 540
15164558079 960 540
15164558087 960 540
15164558099 960 540
15164558107 960 540
15164558119 960 540
15164558127 960 540
15164558139 960 540
15164558147 960 540
15164558159 960 540
15164558167 960 540
15164558179 960 540
15164558187 960 540
15164558199 960 540
15164558207 960 540
15164558219 960 540
15164558227 960 540
15164558239 960 540
15164558247 960 540
15164558259 960 540
15164558267 960 540
15164558279 960 540
15164558287 960 540
15164558299 960 540
15164558307 960 540
15164558319 960 540
15164558331 960 540
15164558339 960 540
15164558351 960 540
15164558359 960 540
15164558371 960 540
15164558379 960 540
15164558391 960 540
15164558399 960 540
15164558411 960 540
15164558419 960 540
15164558431 960 540
15164558439 960 540
15164558451 960 540
15164558459 960 540
15164558471 960 540
15164558479 960 540
15164558491 960 540
15164558499 960 540
15164558511 960 540
15164558519 960 540
15164558531 960 540
15164558539 960 540
15164558551 960 540
15164558559 960 540
15164558571 960 540
15164558583 960 540
15164558591 960 540
15164558603 960 540
15164558611 960 540
15164558623 960 540
15164558631 960 540
15164558643 960 540
15164558651 960 540
15164558663 960 540
15164558671 960 540
15164558683 960 540
15164558691 960 540
15164558703 960 540
15164558711 960 540
15164558723 960 540
15164558731 960 540
15164558743 960 540
15164558751 960 540
15164558763 960 540
15164558771 960 540
15164558783 960 190
15164558791 960 190
15164558803 960 190
15164558811 960 190
15164558823 960 190
15164558835 960 190
15164558843 960 190
15164558855 960 190
15164558863 960 190
15164558875 960 190
15164558883 960 190
15164558895 960 190
15164558903 960 190
15164558915 960 190
15164558923 960 190
15164558935 960 190
15164558943 960 190
15164558955 960 190
15164558963 960 190
15164558975 960 190
15164558983 960 190
15164558995 960 190
15164559003 960 190
15164559015 960 190
15164559023 960 190
15164559035 960 190
15164559043 960 190
15164559055 960 190
15164559063 960 190
15164559075 960 190
15164559087 960 190
15164559095 960 190
15164559107 960 190
15164559115 960 190
15164559127 960 190
15164559135 960 190
15164559147 960 190
15164559155 960 190
15164559167 960 190
15164559175 960 190
15164559187 960 190
15164559195 960 190
15164559207 960 190
15164559215 960 190
15164559227 960 190
15164559235 960 190
15164559247 960 190
15164559255 960 190
15164559267 960 190
15164559275 960 190
15164559287 960 190
15164559295 960 190
15164559307 960 190
15164559315 960 190
15164559327 960 190
15164559339 960 190
15164559347 960 190
15164559359 960 190
15164559367 960 190
15164559379 960 190
15164559387 960 190
15164559399 960 190
15164559407 960 190
15164559419 960 190
15164559427 960 190
15164559439 960 190
15164559447 960 190
15164559459 960 190
15164559467 960 190
15164559479 960 190
15164559487 960 190
15164559499 960 190
15164559507 960 190
15164559519 960 190
15164559527 960 190
15164559539 960 190
15164559547 960 190
15164559559 960 190
15164559567 960 190
15164559579 960 190
15164559591 960 190
15164559599 960 190
15164559611 960 190
15164559619 960 190
15164559631 960 190
15164559639 960 190
15164559651 960 190
15164559659 960 190
15164559671 960 190
15164559679 960 190
15164559691 960 190
15164559699 960 190
15164559711 960 190
15164559719 960 190
15164559731 960 190
15164559739 960 190
15164559751 960 190
15164559759 960 190
15164559771 960 190
15164559779 960 190
15164559791 960 190
15164559799 960 190
15164559811 960 190
15164559819 960 190
15164559831 960 190
15164559843 960 190
15164559851 960 190
15164559863 960 190
15164559871 960 190
15164559883 960 190
15164559891 960 190
15164559903 960 190
15164559911 960 190
15164559923 960 190
15164559931 960 190
15164559943 960 190
15164559951 960 190
15164559963 960 190
15164559971 960 190
15164559983 960 190
15164559991 960 190
15164600003 960 190
15164600011 960 190
15164600023 960 190
15164600031 960 190
15164600043 960 190
15164600051 960 190
15164600063 960 190
15164600071 960 190
15164600083 960 190
15164600095 960 190
15164600103 960 190
15164600115 960 190
15164600123 960 190
15164600135 960 190
15164600143 960 190
15164600155 960 190
15164600163 960 190
15164600175 960 190
15164600183 960 190
15164600195 960 190
15164600203 960 190
15164600215 960 190
15164600223 960 190
15164600235 960 190
15164600243 960 190
15164600255 960 190
15164600263 960 190
15164600275 960 190
15164600283 960 540
15164600295 960 540
15164600303 960 540
15164600315 960 540
15164600323 960 540
15164600335 960 540
15164600347 960 540
15164600355 960 540
15164600367 960 540
15164600375 960 540
15164600387 960 540
15164600395 960 540
15164600407 960 540
15164600415 960 540
15164600427 960 540
15164600435 960 540
15164600447 960 540
15164600455 960 540
15164600467 960 540
15164600475 960 540
15164600487 960 540
15164600495 960 540
15164600507 960 540
15164600515 960 540
15164600527 960 540
15164600535 960 540
15164600547 960 540
15164600555 960 540
15164600567 960 540
15164600575 960 540
15164600587 960 540
15164600599 960 540
15164600607 960 540
15164600619 960 540
15164600627 960 540
15164600639 960 540
15164600647 960 540
15164600659 960 540
15164600667 960 540
15164600679 960 540
15164600687 960 540
15164600699 960 540
15164600707 960 540
15164600719 960 540
15164600727 960 540
15164600739 960 540
15164600747 960 540
15164600759 960 540
15164600767 960 540
15164600779 960 540
15164600787 960 540
15164600799 960 540
15164600807 960 540
15164600819 960 540
15164600827 960 540
15164600839 960 540
15164600851 960 540
15164600859 960 540
15164600871 960 540
15164600879 960 540
15164600891 960 540
15164600899 960 540
15164600911 960 540
15164600919 960 540
15164600931 960 540
15164600939 960 540
15164600951 960 540
15164600959 960 540
15164600971 960 540
15164600979 960 540
15164600991 960 540
15164600999 960 540
15164601011 960 540
15164601019 960 540
15164601031 960 540
15164601039 960 540
15164601051 960 540
15164601059 960 540
15164601071 960 540
15164601079 960 540
15164601091 960 540
15164601103 960 540
15164601111 960 540
15164601123 960 540
15164601131 960 540
15164601143 960 540
15164601151 960 540
15164601163 960 540
15164601171 960 540
15164601183 960 540
15164601191 960 540
15164601203 960 540
15164601211 960 540
15164601223 960 540
15164601231 960 540
15164601243 960 540
15164601251 960 540
15164601263 960 540
15164601271 960 540
15164601283 960 540
15164601291 960 540
15164601303 960 540
15164601311 960 540
15164601323 960 540
15164601331 960 540
15164601343 960 540
15164601355 960 540
15164601363 960 540
15164601375 960 540
15164601383 960 540
15164601395 960 540
15164601403 960 540
15164601415 960 540
15164601423 960 540
15164601435 960 540
15164601443 960 540
15164601455 960 540
15164601463 960 540
15164601475 960 540
15164601483 960 540
15164601495 960 540
15164601503 960 540
15164601515 960 540
15164601523 960 540
15164601535 960 540
15164601543 960 540
15164601555 960 540
15164601563 960 540
15164601575 960 540
15164601583 960 540
15164601595 960 540
15164601607 960 540
15164601615 960 540
15164601627 960 540
15164601635 960 540
15164601647 960 540
15164601655 960 540
15164601667 960 540
15164601675 960 540
15164601687 960 540
15164601695 960 540
15164601707 960 540
15164601715 960 540
15164601727 960 540
15164601735 960 540
15164601747 960 540
15164601755 960 540
15164601767 960 540
15164601775 960 540
15164601787 960 190
15164601795 960 190
15164601807 960 190
15164601815 960 190
15164601827 960 190
15164601835 960 190
15164601847 960 190
15164601859 960 190
15164601867 960 190
15164601879 960 190
15164601887 960 190
15164601899 960 190
15164601907 960 190
15164601919 960 190
15164601927 960 190
15164601939 960 190
15164601947 960 190
15164601959 960 190
15164601967 960 190
15164601979 960 190
15164601987 960 190
15164601999 960 190
15164602007 960 190
15164602019 960 190
15164602027 960 190
15164602039 960 190
15164602047 960 190
15164602059 960 190
15164602067 960 190
15164602079 960 190
15164602087 960 190
15164602099 960 190
15164602111 960 190
15164602119 960 190
15164602131 960 190
15164602139 960 190
15164602151 960 190
15164602159 960 190
15164602171 960 190
15164602179 960 190
15164602191 960 190
15164602199 960 190
15164602211 960 190
15164602219 960 190
15164602231 960 190
15164602239 960 190
15164602251 960 190
15164602259 960 190
15164602271 960 190
15164602279 960 190
15164602291 960 190
15164602299 960 190
15164602311 960 190
15164602319 960 190
15164602331 960 190
15164602339 960 190
15164602351 960 190
15164602363 960 190
15164602371 960 190
15164602383 960 190
15164602391 960 190
15164602403 960 190
15164602411 960 190
15164602423 960 190
15164602431 960 190
15164602443 960 190
15164602451 960 190
15164602463 960 190
15164602471 960 190
15164602483 960 190
15164602491 960 190
15164602503 960 190
15164602511 960 190
15164602523 960 190
15164602531 960 190
15164602543 960 190
15164602551 960 190
15164602563 960 190
15164602571 960 190
15164602583 960 190
15164602591 960 190
15164602603 960 190
15164602615 960 190
15164602623 960 190
15164602635 960 190
15164602643 960 190
15164602655 960 190
15164602663 960 190
15164602675 960 190
15164602683 960 190
15164602695 960 190
15164602703 960 190
15164602715 960 190
15164602723 960 190
15164602735 960 190
15164602743 960 190
15164602755 960 190
15164602763 960 190
15164602775 960 190
15164602783 960 190
15164602795 960 190
15164602803 960 190
15164602815 960 190
15164602823 960 190
15164602835 960 190
15164602843 960 190
15164602855 960 190
15164602867 960 190
15164602875 960 190
15164602887 960 190
15164602895 960 190
15164602907 960 190
15164602915 960 190
15164602927 960 190
15164602935 960 190
15164602947 960 190
15164602955 960 190
15164602967 960 190
15164602975 960 190
15164602987 960 190
15164602995 960 190
15164603007 960 190
15164603015 960 190
15164603027 960 190
15164603035 960 190
15164603047 960 190
15164603054 960 190
15164603066 960 190
15164603075 960 190
15164603087 960 190
15164603095 960 190
15164603107 960 190
15164603119 960 190
15164603127 960 190
15164603139 960 190
15164603147 960 190
15164603159 960 190
15164603167 960 190
15164603179 960 190
15164603187 960 190
15164603199 960 190
15164603207 960 190
15164603219 960 190
15164603227 960 190
15164603239 960 190
15164603247 960 190
15164603259 960 190
15164603267 960 190
15164603279 960 190
15164603287 960 540
15164603299 960 540
15164603307 960 540
15164603319 960 540
15164603327 960 540
15164603339 960 540
15164603347 960 540
15164603359 960 540
15164603371 960 540
15164603379 960 540
15164603391 960 540
15164603399 960 540
15164603411 960 540
15164603419 960 540
15164603431 960 540
15164603439 960 540
15164603451 960 540
15164603459 960 540
15164603471 960 540
15164603479 960 540
15164603491 960 540
15164603499 960 540
15164603511 960 540
15164603519 960 540
15164603531 960 540
15164603539 960 540
15164603551 960 540
15164603559 960 540
15164603571 960 540
15164603579 960 540
15164603591 960 540
15164603599 960 540
15164603611 960 540
15164603623 960 540
15164603631 960 540
15164603643 960 540
15164603651 960 540
15164603663 960 540
15164603671 960 540
15164603683 960 540
15164603691 960 540
15164603703 960 540
15164603711 960 540
15164603723 960 540
15164603731 960 540
15164603743 960 540
15164603751 960 540
15164603763 960 540
15164603771 960 540
15164603783 960 540
15164603791 960 540
15164603803 960 540
15164603811 960 540
15164603823 960 540
15164603831 960 540
15164603843 960 540
15164603851 960 540
15164603863 960 540
15164603875 960 540
15164603883 960 540
15164603895 960 540
15164603903 960 540
15164603915 960 540
15164603923 960 540
15164603935 960 540
15164603943 960 540
15164603955 960 540
15164603963 960 540
15164603975 960 540
15164603983 960 540
15164603995 960 540
15164604003 960 540
15164604015 960 540
15164604023 960 540
15164604035 960 540
15164604043 960 540
15164604055 960 540
15164604063 960 540
15164604075 960 540
15164604083 960 540
15164604095 960 540
15164604103 960 540
15164604115 960 540
15164604127 960 540
15164604135 960 540
15164604147 960 540
15164604155 960 540
15164604167 960 540
15164604175 960 540
15164604187 960 540
15164604195 960 540
15164604207 960 540
15164604215 960 540
15164604227 960 540
15164604235 960 540
15164604247 960 540
15164604255 960 540
15164604267 960 540
15164604275 960 540
15164604287 960 540
15164604295 960 540
15164604307 960 540
15164604315 960 540
15164604327 960 540
15164604335 960 540
15164604347 960 540
15164604355 960 540
15164604367 960 540
15164604379 960 540
15164604387 960 540
15164604399 960 540
15164604407 960 540
15164604419 960 540
15164604427 960 540
15164604439 960 540
15164604447 960 540
15164604459 960 540
15164604467 960 540
15164604479 960 540
15164604487 960 540
15164604499 960 540
15164604507 960 540
15164604519 960 540
15164604527 960 540
15164604539 960 540
15164604547 960 540
15164604559 960 540
15164604567 960 540
15164604579 960 540
15164604587 960 540
15164604599 960 540
15164604607 960 540
15164604619 960 540
15164604631 960 540
15164604639 960 540
15164604651 960 540
15164604659 960 540
15164604671 960 540
15164604679 960 540
15164604691 960 540
15164604699 960 540
15164604711 960 540
15164604719 960 540
15164604731 960 540
15164604739 960 540
15164604751 960 540
15164604759 960 540
15164604771 960 540
15164604779 960 540
15164604791 960 890
15164604799 960 890
15164604811 960 890
15164604819 960 890
15164604831 960 890
15164604839 960 890
15164604851 960 890
15164604859 960 890
15164604871 960 890
15164604883 960 890
15164604891 960 890
15164604903 960 890
15164604911 960 890
15164604923 960 890
15164604931 960 890
15164604943 960 890
15164604951 960 890
15164604963 960 890
15164604971 960 890
15164604983 960 890
15164604991 960 890
15164605003 960 890
15164605011 960 890
15164605023 960 890
15164605031 960 890
15164605043 960 890
15164605051 960 890
15164605063 960 890
15164605071 960 890
15164605083 960 890
15164605091 960 890
15164605103 960 890
15164605111 960 890
15164605123 960 890
15164605135 960 890
15164605143 960 890
15164605155 960 890
15164605163 960 890
15164605175 960 890
15164605183 960 890
15164605195 960 890
15164605203 960 890
15164605215 960 890
15164605223 960 890
15164605235 960 890
15164605243 960 890
15164605255 960 890
15164605263 960 890
15164605275 960 890
15164605283 960 890
15164605295 960 890
15164605303 960 890
15164605315 960 890
15164605323 960 890
15164605335 960 890
15164605343 960 890
15164605355 960 890
15164605363 960 890
15164605375 960 890
15164605387 960 890
15164605395 960 890
15164605407 960 890
15164605415 960 890
15164605427 960 890
15164605435 960 890
15164605447 960 890
15164605455 960 890
15164605467 960 890
15164605475 960 890
15164605487 960 890
15164605495 960 890
15164605507 960 890
15164605515 960 890
15164605527 960 890
15164605535 960 890
15164605547 960 890
15164605555 960 890
15164605567 960 890
15164605575 960 890
15164605587 960 890
15164605595 960 890
15164605607 960 890
15164605615 960 890
15164605627 960 890
15164605639 960 890
15164605647 960 890
15164605659 960 890
15164605667 960 890
15164605679 960 890
15164605687 960 890
15164605699 960 890
15164605707 960 890
15164605719 960 890
15164605727 960 890
15164605739 960 890
15164605747 960 890
15164605759 960 890
15164605767 960 890
15164605779 960 890
15164605787 960 890
15164605799 960 890
15164605807 960 890
15164605819 960 890
15164605827 960 890
15164605839 960 890
15164605847 960 890
15164605859 960 890
15164605867 960 890
15164605879 960 890
15164605891 960 890
15164605899 960 890
15164605911 960 890
15164605919 960 890
15164605931 960 890
15164605939 960 890
15164605951 960 890
15164605959 960 890
15164605971 960 890
15164605979 960 890
15164605991 960 890
15164605999 960 890
15164606011 960 890
15164606019 960 890
15164606031 960 890
15164606039 960 890
15164606051 960 890
15164606059 960 890
15164606071 960 890
15164606079 960 890
15164606091 960 890
15164606099 960 890
15164606111 960 890
15164606119 960 890
15164606131 960 890
15164606143 960 890
15164606151 960 890
15164606163 960 890
15164606171 960 890
15164606183 960 890
15164606191 960 890
15164606203 960 890
15164606211 960 890
15164606223 960 890
15164606231 960 890
15164606243 960 890
15164606251 960 890
15164606263 960 890
15164606271 960 890
15164606283 960 890
15164606291 960 540
15164606303 960 540
15164606311 960 540
15164606323 960 540
15164606331 960 540
15164606343 960 540
15164606351 960 540
15164606363 960 540
15164606371 960 540
15164606383 960 540
15164606395 960 540
15164606403 960 540
15164606415 960 540
15164606423 960 540
15164606435 960 540
15164606443 960 540
15164606455 960 540
15164606463 960 540
15164606475 960 540
15164606483 960 540
15164606495 960 540
15164606503 960 540
15164606515 960 540
15164606523 960 540
15164606535 960 540
15164606543 960 540
15164606555 960 540
15164606563 960 540
15164606575 960 540
15164606583 960 540
15164606595 960 540
15164606603 960 540
15164606615 960 540
15164606623 960 540
15164606635 960 540
15164606647 960 540
15164606655 960 540
15164606667 960 540
15164606675 960 540
15164606687 960 540
15164606695 960 540
15164606707 960 540
15164606715 960 540
15164606727 960 540
15164606735 960 540
15164606747 960 540
15164606755 960 540
15164606767 960 540
15164606775 960 540
15164606787 960 540
15164606795 960 540
15164606807 960 540
15164606815 960 540
15164606827 960 540
15164606835 960 540
15164606847 960 540
15164606855 960 540
15164606867 960 540
15164606875 960 540
15164606887 960 540
15164606899 960 540
15164606907 960 540
15164606919 960 540
15164606927 960 540
15164606939 960 540
15164606947 960 540
15164606959 960 540
15164606967 960 540
15164606979 960 540
15164606987 960 540
15164606999 960 540
15164607007 960 540
15164607019 960 540
15164607027 960 540
15164607039 960 540
15164607047 960 540
15164607059 960 540
15164607067 960 540
15164607079 960 540
15164607087 960 540
15164607099 960 540
15164607107 960 540
15164607119 960 540
15164607127 960 540
15164607139 960 540
15164607151 960 540
15164607159 960 540
15164607171 960 540
15164607179 960 540
15164607191 960 540
15164607199 960 540
15164607211 960 540
15164607219 960 540
15164607231 960 540
15164607239 960 540
15164607251 960 540
15164607259 960 540
15164607271 960 540
15164607279 960 540
15164607291 960 540
15164607299 960 540
15164607311 960 540
15164607319 960 540
15164607331 960 540
15164607339 960 540
15164607351 960 540
15164607359 960 540
15164607371 960 540
15164607379 960 540
15164607391 960 540
15164607403 960 540
15164607411 960 540
15164607423 960 540
15164607431 960 540
15164607443 960 540
15164607451 960 540
15164607463 960 540
15164607471 960 540
15164607483 960 540
15164607491 960 540
15164607503 960 540
15164607511 960 540
15164607523 960 540
15164607531 960 540
15164607543 960 540
15164607551 960 540
15164607563 960 540
15164607571 960 540
15164607583 960 540
15164607591 960 540
15164607603 960 540
15164607611 960 540
15164607623 960 540
15164607631 960 540
15164607643 960 540
15164607655 960 540
15164607663 960 540
15164607675 960 540
15164607683 960 540
15164607695 960 540
15164607703 960 540
15164607715 960 540
15164607723 960 540
15164607735 960 540
15164607743 960 540
15164607755 960 540
15164607763 960 540
15164607775 960 540
15164607783 960 540
15164607795 960 890
15164607803 960 890
15164607815 960 890
15164607823 960 890
15164607835 960 890
15164607843 960 890
15164607855 960 890
15164607863 960 890
15164607875 960 890
15164607883 960 890
15164607895 960 890
15164607907 960 890
15164607915 960 890
15164607927 960 890
15164607935 960 890
15164607947 960 890
15164607955 960 890
15164607967 960 890
15164607975 960 890
15164607987 960 890
15164607995 960 890
15164608007 960 890
15164608015 960 890
15164608027 960 890
15164608035 960 890
15164608047 960 890
15164608055 960 890
15164608067 960 890
15164608075 960 890
15164608087 960 890
15164608095 960 890
15164608107 960 890
15164608115 960 890
15164608127 960 890
15164608135 960 890
15164608147 960 890
15164608159 960 890
15164608167 960 890
15164608179 960 890
15164608187 960 890
15164608199 960 890
15164608207 960 890
15164608219 960 890
15164608227 960 890
15164608239 960 890
15164608247 960 890
15164608259 960 890
15164608267 960 890
15164608279 960 890
15164608287 960 890
15164608299 960 890
15164608307 960 890
15164608319 960 890
15164608327 960 890
15164608339 960 890
15164608347 960 890
15164608359 960 890
15164608367 960 890
15164608379 960 890
15164608387 960 890
15164608399 960 890
15164608411 960 890
15164608419 960 890
15164608431 960 890
15164608439 960 890
15164608451 960 890
15164608459 960 890
15164608471 960 890
15164608479 960 890
15164608491 960 890
15164608499 960 890
15164608511 960 890
15164608519 960 890
15164608531 960 890
15164608539 960 890
15164608551 960 890
15164608559 960 890
15164608571 960 890
15164608579 960 890
15164608591 960 890
15164608599 960 890
15164608611 960 890
15164608619 960 890
15164608631 960 890
15164608639 960 890
15164608651 960 890
15164608663 960 890
15164608671 960 890
15164608683 960 890
15164608691 960 890
15164608703 960 890
15164608711 960 890
15164608723 960 890
15164608731 960 890
15164608743 960 890
15164608751 960 890
15164608763 960 890
15164608771 960 890
15164608783 960 890
15164608791 960 890
15164608803 960 890
15164608811 960 890
15164608823 960 890
15164608831 960 890
15164608843 960 890
15164608851 960 890
15164608863 960 890
15164608871 960 890
15164608883 960 890
15164608891 960 890
15164608903 960 890
15164608915 960 890
15164608923 960 890
15164608935 960 890
15164608943 960 890
15164608955 960 890
15164608963 960 890
15164608975 960 890
15164608983 960 890
15164608995 960 890
15164609003 960 890
15164609015 960 890
15164609023 960 890
15164609035 960 890
15164609043 960 890
15164609055 960 890
15164609063 960 890
15164609075 960 890
15164609083 960 890
15164609095 960 890
15164609103 960 890
15164609115 960 890
15164609123 960 890
15164609135 960 890
15164609143 960 890
15164609155 960 890
15164609167 960 890
15164609175 960 890
15164609187 960 890
15164609195 960 890
15164609207 960 890
15164609215 960 890
15164609227 960 890
15164609235 960 890
15164609247 960 890
15164609255 960 890
15164609267 960 890
15164609275 960 890
15164609287 960 890
15164609295 960 540
15164609307 960 540
15164609315 960 540
15164609327 960 540
15164609335 960 540
15164609347 960 540
15164609355 960 540
15164609367 960 540
15164609375 960 540
15164609387 960 540
15164609395 960 540
15164609407 960 540
15164609419 960 540
15164609427 960 540
15164609439 960 540
15164609447 960 540
15164609459 960 540
15164609467 960 540
15164609479 960 540
15164609487 960 540
15164609499 960 540
15164609507 960 540
15164609519 960 540
15164609527 960 540
15164609539 960 540
15164609547 960 540
15164609559 960 540
15164609567 960 540
15164609579 960 540
15164609587 960 540
15164609599 960 540
15164609607 960 540
15164609619 960 540
15164609627 960 540
15164609639 960 540
15164609647 960 540
15164609659 960 540
15164609671 960 540
15164609679 960 540
15164609691 960 540
15164609699 960 540
15164609711 960 540
15164609719 960 540
15164609731 960 540
15164609739 960 540
15164609751 960 540
15164609759 960 540
15164609770 960 540
15164609778 960 540
15164609790 960 540
15164609798 960 540
15164609810 960 540
15164609818 960 540
15164609831 960 540
15164609839 960 540
15164609850 960 540
15164609858 960 540
15164609870 960 540
15164609878 960 540
15164609890 960 540
15164609899 960 540
15164609911 960 540
15164609923 960 540
15164609931 960 540
15164609943 960 540
15164609951 960 540
15164609963 960 540
15164609971 960 540
15164609983 960 540
15164609991 960 540
15164610003 960 540
15164610011 960 540
15164610023 960 540
15164610031 960 540
15164610043 960 540
15164610051 960 540
15164610063 960 540
15164610071 960 540
15164610083 960 540
15164610091 960 540
15164610103 960 540
15164610111 960 540
15164610123 960 540
15164610131 960 540
15164610143 960 540
15164610151 960 540
15164610163 960 540
15164610175 960 540
15164610183 960 540
15164610195 960 540
15164610203 960 540
15164610215 960 540
15164610223 960 540
15164610235 960 540
15164610243 960 540
15164610255 960 540
15164610263 960 540
15164610275 960 540
15164610283 960 540
15164610295 960 540
15164610303 960 540
15164610315 960 540
15164610323 960 540
15164610335 960 540
15164610343 960 540
15164610355 960 540
15164610363 960 540
15164610375 960 540
15164610383 960 540
15164610395 960 540
15164610403 960 540
15164610415 960 540
15164610427 960 540
15164610435 960 540
15164610447 960 540
15164610455 960 540
15164610467 960 540
15164610475 960 540
15164610487 960 540
15164610495 960 540
15164610507 960 540
15164610515 960 540
15164610527 960 540
15164610535 960 540
15164610547 960 540
15164610555 960 540
15164610567 960 540
15164610575 960 540
15164610587 960 540
15164610595 960 540
15164610607 960 540
15164610614 960 540
15164610627 960 540
15164610635 960 540
15164610647 960 540
15164610655 960 540
15164610667 960 540
15164610679 960 540
15164610687 960 540
15164610699 960 540
15164610707 960 540
15164610719 960 540
15164610727 960 540
15164610739 960 540
15164610747 960 540
15164610758 960 540
15164610767 960 540
15164610779 960 540
15164610787 960 540
15164610799 960 715
15164610807 960 715
15164610819 960 715
15164610827 960 715
15164610839 960 715
15164610847 960 715
15164610859 960 715
15164610867 960 715
15164610879 960 715
15164610887 960 715
15164610899 960 715
15164610907 960 715
15164610919 960 715
15164610931 960 715
15164610939 960 715
15164610951 960 715
15164610959 960 715
15164610971 960 715
15164610979 960 715
15164610991 960 715
15164610999 960 715
15164611011 960 715
15164611019 960 715
15164611031 960 715
15164611039 960 715
15164611051 960 715
15164611059 960 715
15164611071 960 715
15164611079 960 715
15164611091 960 715
15164611099 960 715
15164611111 960 715
15164611119 960 715
15164611131 960 715
15164611139 960 715
15164611151 960 715
15164611159 960 715
15164611171 960 715
15164611183 960 715
15164611191 960 715
15164611203 960 715
15164611211 960 715
15164611223 960 715
15164611231 960 715
15164611243 960 715
15164611251 960 715
15164611263 960 715
15164611270 960 715
15164611282 960 715
15164611290 960 715
15164611302 960 715
15164611310 960 715
15164611322 960 715
15164611330 960 715
15164611343 960 715
15164611351 960 715
15164611363 960 715
15164611371 960 715
15164611383 960 715
15164611391 960 715
15164611403 960 715
15164611411 960 715
15164611423 960 715
15164611435 960 715
15164611443 960 715
15164611455 960 715
15164611463 960 715
15164611475 960 715
15164611483 960 715
15164611495 960 715
15164611503 960 715
15164611515 960 715
15164611523 960 715
15164611535 960 715
15164611543 960 715
15164611555 960 715
15164611563 960 715
15164611575 960 715
15164611583 960 715
15164611595 960 715
15164611603 960 715
15164611615 960 715
15164611623 960 715
15164611635 960 715
15164611643 960 715
15164611655 960 715
15164611663 960 715
15164611675 960 715
15164611687 960 715
15164611695 960 715
15164611707 960 715
15164611715 960 715
15164611727 960 715
15164611735 960 715
15164611747 960 715
15164611755 960 715
15164611767 960 715
15164611775 960 715
15164611787 960 715
15164611795 960 715
15164611807 960 715
15164611815 960 715
15164611827 960 715
15164611835 960 715
15164611847 960 715
15164611855 960 715
15164611867 960 715
15164611875 960 715
15164611887 960 715
15164611895 960 715
15164611907 960 715
15164611915 960 715
15164611927 960 715
15164611939 960 715
15164611947 960 715
15164611959 960 715
15164611967 960 715
15164611979 960 715
15164611987 960 715
15164611999 960 715
15164612007 960 715
15164612019 960 715
15164612027 960 715
15164612039 960 715
15164612047 960 715
15164612059 960 715
15164612067 960 715
15164612079 960 715
15164612087 960 715
15164612099 960 715
15164612107 960 715
15164612119 960 715
15164612126 960 715
15164612139 960 715
15164612147 960 715
15164612159 960 715
15164612167 960 715
15164612178 960 715
15164612190 960 715
15164612199 960 715
15164612211 960 715
15164612219 960 715
15164612231 960 715
15164612239 960 715
15164612251 960 715
15164612259 960 715
15164612271 960 715
15164612279 960 715
15164612291 960 715
15164612299 960 540
15164612311 960 540
15164612319 960 540
15164612331 960 540
15164612339 960 540
15164612351 960 540
15164612359 960 540
15164612371 960 540
15164612378 960 540
15164612390 960 540
15164612399 960 540
15164612411 960 540
15164612419 960 540
15164612431 960 540
15164612443 960 540
15164612450 960 540
15164612463 960 540
15164612470 960 540
15164612482 960 540
15164612491 960 540
15164612503 960 540
15164612510 960 540
15164612523 960 540
15164612531 960 540
15164612543 960 540
15164612550 960 540
15164612562 960 540
15164612570 960 540
15164612583 960 540
15164612591 960 540
15164612602 960 540
15164612610 960 540
15164612623 960 540
15164612630 960 540
15164612642 960 540
15164612650 960 540
15164612662 960 540
15164612670 960 540
15164612682 960 540
15164612694 960 540
15164612702 960 540
15164612715 960 540
15164612723 960 540
15164612735 960 540
15164612742 960 540
15164612754 960 540
15164612762 960 540
15164612775 960 540
15164612782 960 540
15164612794 960 540
15164612803 960 540
15164612815 960 540
15164612823 960 540
15164612835 960 540
15164612843 960 540
15164612855 960 540
15164612863 960 540
15164612875 960 540
15164612883 960 540
15164612895 960 540
15164612903 960 540
15164612915 960 540
15164612923 960 540
15164612935 960 540
15164612947 960 540
15164612955 960 540
15164612967 960 540
15164612975 960 540
15164612987 960 540
15164612995 960 540
15164613007 960 540
15164613014 960 540
15164613026 960 540
15164613034 960 540
15164613047 960 540
15164613055 960 540
15164613067 960 540
15164613075 960 540
15164613086 960 540
15164613095 960 540
15164613107 960 540
15164613115 960 540
15164613127 960 540
15164613135 960 540
15164613147 960 540
15164613155 960 540
15164613167 960 540
15164613175 960 540
15164613187 960 540
15164613199 960 540
15164613207 960 540
15164613219 960 540
15164613226 960 540
15164613239 960 540
15164613246 960 540
15164613258 960 540
15164613267 960 540
15164613278 960 540
15164613286 960 540
15164613299 960 540
15164613306 960 540
15164613319 960 540
15164613326 960 540
15164613339 960 540
15164613347 960 540
15164613358 960 540
15164613366 960 540
15164613378 960 540
15164613386 960 540
15164613398 960 540
15164613406 960 540
15164613418 960 540
15164613426 960 540
15164613439 960 540
15164613451 960 540
15164613459 960 540
15164613470 960 540
15164613479 960 540
15164613491 960 540
15164613499 960 540
15164613511 960 540
15164613518 960 540
15164613531 960 540
15164613538 960 540
15164613551 960 540
15164613559 960 540
15164613570 960 540
15164613579 960 540
15164613590 960 540
15164613599 960 540
15164613611 960 540
15164613618 960 540
15164613630 960 540
15164613638 960 540
15164613651 960 540
15164613659 960 540
15164613671 960 540
15164613679 960 540
15164613691 960 540
15164613703 960 540
15164613711 960 540
15164613723 960 540
15164613731 960 540
15164613743 960 540
15164613750 960 540
15164613762 960 540
15164613770 960 540
15164613783 960 540
15164613791 960 540
15164613803 960 715
15164613811 960 715
15164613823 960 715
15164613831 960 715
15164613842 960 715
15164613851 960 715
15164613862 960 715
15164613870 960 715
15164613883 960 715
15164613890 960 715
15164613903 960 715
15164613911 960 715
15164613923 960 715
15164613931 960 715
15164613943 960 715
15164613955 960 715
15164613963 960 715
15164613975 960 715
15164613983 960 715
15164613995 960 715
15164614003 960 715
15164614015 960 715
15164614023 960 715
15164614035 960 715
15164614043 960 715
15164614055 960 715
15164614063 960 715
15164614074 960 715
15164614083 960 715
15164614095 960 715
15164614103 960 715
15164614114 960 715
15164614123 960 715
15164614135 960 715
15164614143 960 715
15164614155 960 715
15164614163 960 715
15164614175 960 715
15164614183 960 715
15164614195 960 715
15164614207 960 715
15164614215 960 715
15164614227 960 715
15164614235 960 715
15164614247 960 715
15164614255 960 715
15164614267 960 715
15164614275 960 715
15164614286 960 715
15164614295 960 715
15164614306 960 715
15164614315 960 715
15164614327 960 715
15164614335 960 715
15164614347 960 715
15164614355 960 715
15164614367 960 715
15164614375 960 715
15164614387 960 715
15164614395 960 715
15164614407 960 715
15164614415 960 715
15164614426 960 715
15164614435 960 715
15164614447 960 715
15164614458 960 715
15164614467 960 715
15164614479 960 715
15164614487 960 715
15164614499 960 715
15164614507 960 715
15164614518 960 715
15164614527 960 715
15164614539 960 715
15164614547 960 715
15164614559 960 715
15164614567 960 715
15164614579 960 715
15164614587 960 715
15164614599 960 715
15164614606 960 715
15164614619 960 715
15164614626 960 715
15164614638 960 715
15164614646 960 715
15164614659 960 715
15164614667 960 715
15164614679 960 715
15164614687 960 715
15164614699 960 715
15164614711 960 715
15164614718 960 715
15164614731 960 715
15164614738 960 715
15164614751 960 715
15164614759 960 715
15164614771 960 715
15164614779 960 715
15164614791 960 715
15164614799 960 715
15164614811 960 715
15164614819 960 715
15164614831 960 715
15164614838 960 715
15164614851 960 715
15164614858 960 715
15164614870 960 715
15164614878 960 715
15164614890 960 715
15164614899 960 715
15164614911 960 715
15164614918 960 715
15164614931 960 715
15164614939 960 715
15164614950 960 715
15164614963 960 715
15164614970 960 715
15164614983 960 715
15164614990 960 715
15164615003 960 715
15164615010 960 715
15164615023 960 715
15164615031 960 715
15164615042 960 715
15164615051 960 715
15164615062 960 715
15164615070 960 715
15164615082 960 715
15164615091 960 715
15164615102 960 715
15164615110 960 715
15164615122 960 715
15164615130 960 715
15164615142 960 715
15164615150 960 715
15164615163 960 715
15164615170 960 715
15164615182 960 715
15164615190 960 715
15164615202 960 715
15164615214 960 715
15164615222 960 715
15164615234 960 715
15164615242 960 715
15164615255 960 715
15164615262 960 715
15164615274 960 715
15164615282 960 715
15164615294 960 715
15164615303 960 540
15164615315 960 540
15164615322 960 540
15164615334 960 540
15164615343 960 540
15164615355 960 540
15164615362 960 540
15164615375 960 540
15164615382 960 540
15164615394 960 540
15164615402 960 540
15164615415 960 540
15164615422 960 540
15164615434 960 540
15164615442 960 540
15164615454 960 540
15164615466 960 540
15164615474 960 540
15164615487 960 540
15164615494 960 540
15164615506 960 540
15164615514 960 540
15164615526 960 540
15164615534 960 540
15164615546 960 540
15164615554 960 540
15164615566 960 540
15164615574 960 540
15164615586 960 540
15164615594 960 540
15164615606 960 540
15164615614 960 540
15164615626 960 540
15164615634 960 540
15164615646 960 540
15164615654 960 540
15164615666 960 540
15164615674 960 540
15164615687 960 540
15164615694 960 540
15164615707 960 540
15164615719 960 540
15164615726 960 540
15164615738 960 540
15164615746 960 540
15164615758 960 540
15164615766 960 540
15164615779 960 540
15164615786 960 540
15164615798 960 540
15164615807 960 540
15164615818 960 540
15164615826 960 540
15164615838 960 540
15164615846 960 540
15164615858 960 540
15164615866 960 540
15164615878 960 540
15164615886 960 540
15164615898 960 540
15164615907 960 540
15164615919 960 540
15164615926 960 540
15164615939 960 540
15164615946 960 540
15164615958 960 540
15164615970 960 540
15164615978 960 540
15164615990 960 540
15164615998 960 540
15164616010 960 540
15164616018 960 540
15164616031 960 540
15164616038 960 540
15164616051 960 540
15164616059 960 540
15164616070 960 540
15164616078 960 540
15164616090 960 540
15164616098 960 540
15164616110 960 540
15164616118 960 540
15164616130 960 540
15164616138 960 540
15164616150 960 540
15164616158 960 540
15164616171 960 540
15164616179 960 540
15164616190 960 540
15164616199 960 540
15164616211 960 540
15164616222 960 540
15164616230 960 540
15164616242 960 540
15164616250 960 540
15164616262 960 540
15164616270 960 540
15164616282 960 540
15164616290 960 540
15164616302 960 540
15164616310 960 540
15164616322 960 540
15164616330 960 540
15164616342 960 540
15164616350 960 540
15164616362 960 540
15164616370 960 540
15164616382 960 540
15164616390 960 540
15164616402 960 540
15164616410 960 540
15164616422 960 540
15164616430 960 540
15164616442 960 540
15164616451 960 540
15164616462 960 540
15164616474 960 540
15164616482 960 540
15164616495 960 540
15164616503 960 540
15164616514 960 540
15164616522 960 540
15164616535 960 540
15164616542 960 540
15164616555 960 540
15164616562 960 540
15164616574 960 540
15164616582 960 540
15164616594 960 540
15164616602 960 540
15164616614 960 540
15164616622 960 540
15164616634 960 540
15164616642 960 540
15164616654 960 540
15164616662 960 540
15164616674 960 540
15164616682 960 540
15164616694 960 540
15164616702 960 540
15164616714 960 540
15164616726 960 540
15164616734 960 540
15164616746 960 540
15164616754 960 540
15164616766 960 540
15164616774 960 540
15164616786 960 540
15164616794 960 540
15164616807 960 365
15164616815 960 365
15164616827 960 365
15164616835 960 365
15164616846 960 365
15164616854 960 365
15164616866 960 365
15164616875 960 365
15164616886 960 365
15164616894 960 365
15164616907 960 365
15164616914 960 365
15164616926 960 365
15164616934 960 365
15164616947 960 365
15164616954 960 365
15164616966 960 365
15164616978 960 365
15164616986 960 365
15164616998 960 365
15164617007 960 365
15164617018 960 365
15164617026 960 365
15164617038 960 365
15164617046 960 365
15164617058 960 365
15164617066 960 365
15164617078 960 365
15164617086 960 365
15164617098 960 365
15164617106 960 365
15164617118 960 365
15164617126 960 365
15164617138 960 365
15164617146 960 365
15164617158 960 365
15164617166 960 365
15164617178 960 365
15164617187 960 365
15164617199 960 365
15164617207 960 365
15164617219 960 365
15164617231 960 365
15164617239 960 365
15164617251 960 365
15164617258 960 365
15164617271 960 365
15164617278 960 365
15164617290 960 365
15164617298 960 365
15164617311 960 365
15164617319 960 365
15164617331 960 365
15164617339 960 365
15164617350 960 365
15164617358 960 365
15164617371 960 365
15164617379 960 365
15164617391 960 365
15164617398 960 365
15164617410 960 365
15164617418 960 365
15164617431 960 365
15164617439 960 365
15164617451 960 365
15164617459 960 365
15164617470 960 365
15164617482 960 365
15164617491 960 365
15164617503 960 365
15164617511 960 365
15164617523 960 365
15164617530 960 365
15164617542 960 365
15164617551 960 365
15164617563 960 365
15164617571 960 365
15164617583 960 365
15164617591 960 365
15164617603 960 365
15164617611 960 365
15164617622 960 365
15164617631 960 365
15164617642 960 365
15164617650 960 365
15164617662 960 365
15164617670 960 365
15164617682 960 365
15164617690 960 365
15164617702 960 365
15164617711 960 365
15164617722 960 365
15164617734 960 365
15164617742 960 365
15164617754 960 365
15164617762 960 365
15164617774 960 365
15164617782 960 365
15164617794 960 365
15164617802 960 365
15164617814 960 365
15164617822 960 365
15164617834 960 365
15164617842 960 365
15164617854 960 365
15164617862 960 365
15164617874 960 365
15164617882 960 365
15164617894 960 365
15164617902 960 365
15164617914 960 365
15164617922 960 365
15164617934 960 365
15164617942 960 365
15164617954 960 365
15164617962 960 365
15164617974 960 365
15164617986 960 365
15164617994 960 365
15164618006 960 365
15164618014 960 365
15164618027 960 365
15164618034 960 365
15164618046 960 365
15164618055 960 365
15164618066 960 365
15164618075 960 365
15164618087 960 365
15164618095 960 365
15164618106 960 365
15164618114 960 365
15164618126 960 365
15164618134 960 365
15164618146 960 365
15164618154 960 365
15164618166 960 365
15164618174 960 365
15164618186 960 365
15164618194 960 365
15164618207 960 365
15164618215 960 365
15164618226 960 365
15164618238 960 365
15164618246 960 365
15164618258 960 365
15164618266 960 365
15164618278 960 365
15164618286 960 365
15164618298 960 365
15164618306 960 540
15164618319 960 540
15164618326 960 540
15164618338 960 540
15164618346 960 540
15164618358 960 540
15164618366 960 540
15164618378 960 540
15164618387 960 540
15164618398 960 540
15164618406 960 540
15164618418 960 540
15164618426 960 540
15164618438 960 540
15164618446 960 540
15164618459 960 540
15164618467 960 540
15164618479 960 540
15164618491 960 540
15164618499 960 540
15164618511 960 540
15164618518 960 540
15164618530 960 540
15164618538 960 540
15164618550 960 540
15164618558 960 540
15164618570 960 540
15164618578 960 540
15164618590 960 540
15164618598 960 540
15164618610 960 540
15164618618 960 540
15164618630 960 540
15164618638 960 540
15164618650 960 540
15164618658 960 540
15164618670 960 540
15164618678 960 540
15164618690 960 540
15164618698 960 540
15164618710 960 540
15164618718 960 540
15164618730 960 540
15164618742 960 540
15164618750 960 540
15164618762 960 540
15164618770 960 540
15164618782 960 540
15164618790 960 540
15164618802 960 540
15164618810 960 540
15164618822 960 540
15164618830 960 540
15164618842 960 540
15164618851 960 540
15164618863 960 540
15164618870 960 540
15164618882 960 540
15164618891 960 540
15164618902 960 540
15164618910 960 540
15164618922 960 540
15164618931 960 540
15164618942 960 540
15164618951 960 540
15164618962 960 540
15164618971 960 540
15164618982 960 540
15164618995 960 540
15164619003 960 540
15164619014 960 540
15164619022 960 540
15164619034 960 540
15164619042 960 540
15164619054 960 540
15164619062 960 540
15164619074 960 540
15164619082 960 540
15164619095 960 540
15164619103 960 540
15164619114 960 540
15164619122 960 540
15164619134 960 540
15164619142 960 540
15164619154 960 540
15164619162 960 540
15164619174 960 540
15164619182 960 540
15164619194 960 540
15164619202 960 540
15164619214 960 540
15164619222 960 540
15164619234 960 540
15164619246 960 540
15164619254 960 540
15164619266 960 540
15164619274 960 540
15164619286 960 540
15164619294 960 540
15164619306 960 540
15164619314 960 540
15164619326 960 540
15164619334 960 540
15164619347 960 540
15164619354 960 540
15164619366 960 540
15164619374 960 540
15164619386 960 540
15164619394 960 540
15164619406 960 540
15164619414 960 540
15164619426 960 540
15164619434 960 540
15164619446 960 540
15164619454 960 540
15164619466 960 540
15164619474 960 540
15164619486 960 540
15164619498 960 540
15164619506 960 540
15164619518 960 540
15164619526 960 540
15164619538 960 540
15164619546 960 540
15164619558 960 540
15164619566 960 540
15164619578 960 540
15164619586 960 540
15164619598 960 540
15164619606 960 540
15164619618 960 540
15164619626 960 540
15164619638 960 540
15164619646 960 540
15164619658 960 540
15164619666 960 540
15164619678 960 540
15164619686 960 540
15164619698 960 540
15164619706 960 540
15164619718 960 540
15164619726 960 540
15164619738 960 540
15164619750 960 540
15164619758 960 540
15164619770 960 540
15164619778 960 540
15164619790 960 540
15164619798 960 540
15164619811 960 365
15164619818 960 365
15164619831 960 365
15164619838 960 365
15164619850 960 365
15164619859 960 365
15164619870 960 365
15164619878 960 365
15164619890 960 365
15164619898 960 365
15164619910 960 365
15164619918 960 365
15164619930 960 365
15164619938 960 365
15164619950 960 365
15164619958 960 365
15164619970 960 365
15164619978 960 365
15164619990 960 365
15164620002 960 365
15164620010 960 365
15164620022 960 365
15164620030 960 365
15164620042 960 365
15164620050 960 365
15164620062 960 365
15164620070 960 365
15164620082 960 365
15164620090 960 365
15164620102 960 365
15164620110 960 365
15164620122 960 365
15164620130 960 365
15164620142 960 365
15164620150 960 365
15164620162 960 365
15164620170 960 365
15164620182 960 365
15164620190 960 365
15164620202 960 365
15164620210 960 365
15164620222 960 365
15164620230 960 365
15164620242 960 365
15164620254 960 365
15164620262 960 365
15164620274 960 365
15164620282 960 365
15164620294 960 365
15164620302 960 365
15164620314 960 365
15164620322 960 365
15164620334 960 365
15164620342 960 365
15164620354 960 365
15164620362 960 365
15164620374 960 365
15164620382 960 365
15164620394 960 365
15164620402 960 365
15164620414 960 365
15164620422 960 365
15164620434 960 365
15164620442 960 365
15164620454 960 365
15164620462 960 365
15164620474 960 365
15164620483 960 365
15164620494 960 365
15164620506 960 365
15164620514 960 365
15164620526 960 365
15164620534 960 365
15164620546 960 365
15164620554 960 365
15164620566 960 365
15164620574 960 365
15164620586 960 365
15164620594 960 365
15164620606 960 365
15164620614 960 365
15164620626 960 365
15164620634 960 365
15164620646 960 365
15164620654 960 365
15164620666 960 365
15164620674 960 365
15164620686 960 365
15164620694 960 365
15164620706 960 365
15164620714 960 365
15164620726 960 365
15164620734 960 365
15164620746 960 365
15164620758 960 365
15164620766 960 365
15164620778 960 365
15164620786 960 365
15164620798 960 365
15164620806 960 365
15164620818 960 365
15164620826 960 365
15164620838 960 365
15164620846 960 365
15164620858 960 365
15164620866 960 365
15164620878 960 365
15164620886 960 365
15164620898 960 365
15164620906 960 365
15164620918 960 365
15164620926 960 365
15164620938 960 365
15164620946 960 365
15164620958 960 365
15164620966 960 365
15164620978 960 365
15164620987 960 365
15164620998 960 365
15164621010 960 365
15164621018 960 365
15164621030 960 365
15164621038 960 365
15164621050 960 365
15164621058 960 365
15164621070 960 365
15164621078 960 365
15164621090 960 365
15164621098 960 365
15164621110 960 365
15164621118 960 365
15164621130 960 365
15164621138 960 365
15164621150 960 365
15164621158 960 365
15164621170 960 365
15164621178 960 365
15164621190 960 365
15164621198 960 365
15164621210 960 365
15164621218 960 365
15164621230 960 365
15164621238 960 365
15164621250 960 365
15164621262 960 365
15164621270 960 365
15164621282 960 365
15164621290 960 365
15164621302 960 365
15164621310 960 540
15164621323 960 540
15164621330 960 540
15164621342 960 540
15164621350 960 540
15164621362 960 540
15164621370 960 540
15164621382 960 540
15164621390 960 540
15164621402 960 540
15164621410 960 540
15164621422 960 540
15164621430 960 540
15164621442 960 540
15164621450 960 540
15164621462 960 540
15164621470 960 540
15164621482 960 540
15164621490 960 540
15164621502 960 540
15164621514 960 540
15164621522 960 540
15164621534 960 540
15164621542 960 540
15164621554 960 540
15164621562 960 540
15164621574 960 540
15164621582 960 540
15164621594 960 540
15164621602 960 540
15164621614 960 540
15164621622 960 540
15164621634 960 540
15164621642 960 540
15164621654 960 540
15164621662 960 540
15164621674 960 540
15164621682 960 540
15164621694 960 540
15164621702 960 540
15164621714 960 540
15164621722 960 540
15164621734 960 540
15164621742 960 540
15164621754 960 540
15164621766 960 540
15164621774 960 540
15164621786 960 540
15164621794 960 540
15164621806 960 540
15164621814 960 540
15164621826 960 540
15164621834 960 540
15164621846 960 540
15164621854 960 540
15164621866 960 540
15164621874 960 540
15164621886 960 540
15164621894 960 540
15164621906 960 540
15164621914 960 540
15164621926 960 540
15164621934 960 540
15164621946 960 540
15164621954 960 540
15164621966 960 540
15164621974 960 540
15164621986 960 540
15164621994 960 540
15164622006 960 540
15164622018 960 540
15164622026 960 540
15164622038 960 540
15164622046 960 540
15164622058 960 540
15164622066 960 540
15164622078 960 540
15164622086 960 540
15164622098 960 540
15164622106 960 540
15164622118 960 540
15164622126 960 540
15164622138 960 540
15164622146 960 540
15164622158 960 540
15164622166 960 540
15164622178 960 540
15164622186 960 540
15164622198 960 540
15164622206 960 540
15164622218 960 540
15164622226 960 540
15164622238 960 540
15164622246 960 540
15164622258 960 540
15164622270 960 540
15164622278 960 540
15164622290 960 540
15164622298 960 540
15164622310 960 540
15164622318 960 540
15164622330 960 540
15164622338 960 540
15164622350 960 540
15164622358 960 540
15164622370 960 540
15164622378 960 540
15164622390 960 540
15164622398 960 540
15164622410 960 540
15164622418 960 540
15164622430 960 540
15164622438 960 540
15164622450 960 540
15164622458 960 540
15164622470 960 540
15164622478 960 540
15164622490 960 540
15164622498 960 540
15164622510 960 540
15164622522 960 540
15164622530 960 540
15164622542 960 540
15164622550 960 540
15164622562 960 540
15164622570 960 540
15164622582 960 540
15164622590 960 540
15164622602 960 540
15164622610 960 540
15164622622 960 540
15164622630 960 540
15164622642 960 540
15164622650 960 540
15164622662 960 540
15164622670 960 540
15164622682 960 540
15164622690 960 540
15164622702 960 540
15164622710 960 540
15164622722 960 540
15164622730 960 540
15164622742 960 540
15164622750 960 540
15164622762 960 540
15164622774 960 540
15164622782 960 540
15164622794 960 540
15164622802 960 540
15164622815 960 190
15164622822 960 190
15164622834 960 190
15164622842 960 190
15164622854 960 190
15164622862 960 190
15164622874 960 190
15164622882 960 190
15164622894 960 190
15164622902 960 190
15164622914 960 190
15164622922 960 190
15164622934 960 190
15164622942 960 190
15164622954 960 190
15164622962 960 190
15164622974 960 190
15164622982 960 190
15164622994 960 190
15164623002 960 190
15164623014 960 190
15164623026 960 190
15164623034 960 190
15164623046 960 190
15164623054 960 190
15164623066 960 190
15164623074 960 190
15164623086 960 190
15164623094 960 190
15164623106 960 190
15164623114 960 190
15164623126 960 190
15164623134 960 190
15164623146 960 190
15164623154 960 190
15164623166 960 190
15164623174 960 190
15164623186 960 190
15164623194 960 190
15164623206 960 190
15164623214 960 190
15164623226 960 190
15164623234 960 190
15164623246 960 190
15164623254 960 190
15164623266 960 190
15164623278 960 190
15164623286 960 190
15164623298 960 190
15164623306 960 190
15164623318 960 190
15164623326 960 190
15164623338 960 190
15164623346 960 190
15164623358 960 190
15164623366 960 190
15164623378 960 190
15164623386 960 190
15164623398 960 190
15164623406 960 190
15164623418 960 190
15164623426 960 190
15164623438 960 190
15164623446 960 190
15164623458 960 190
15164623466 960 190
15164623478 960 190
15164623486 960 190
15164623498 960 190
15164623506 960 190
15164623518 960 190
15164623530 960 190
15164623538 960 190
15164623550 960 190
15164623558 960 190
15164623570 960 190
15164623578 960 190
15164623590 960 190
15164623598 960 190
15164623610 960 190
15164623618 960 190
15164623630 960 190
15164623638 960 190
15164623650 960 190
15164623658 960 190
15164623670 960 190
15164623678 960 190
15164623690 960 190
15164623698 960 190
15164623710 960 190
15164623718 960 190
15164623730 960 190
15164623738 960 190
15164623750 960 190
15164623758 960 190
15164623770 960 190
15164623782 960 190
15164623790 960 190
15164623802 960 190
15164623810 960 190
15164623822 960 190
15164623830 960 190
15164623842 960 190
15164623850 960 190
15164623862 960 190
15164623870 960 190
15164623882 960 190
15164623890 960 190
15164623902 960 190
15164623910 960 190
15164623922 960 190
15164623930 960 190
15164623942 960 190
15164623950 960 190
15164623962 960 190
15164623970 960 190
15164623982 960 190
15164623990 960 190
15164624002 960 190
15164624010 960 190
15164624022 960 190
15164624034 960 190
15164624042 960 190
15164624054 960 190
15164624062 960 190
15164624074 960 190
15164624082 960 190
15164624094 960 190
15164624102 960 190
15164624114 960 190
15164624122 960 190
15164624134 960 190
15164624142 960 190
15164624154 960 190
15164624162 960 190
15164624174 960 190
15164624182 960 190
15164624194 960 190
15164624202 960 190
15164624214 960 190
15164624222 960 190
15164624234 960 190
15164624242 960 190
15164624254 960 190
15164624262 960 190
15164624274 960 190
15164624286 960 190
15164624294 960 190
15164624306 960 190
15164624314 960 540
15164624327 960 540
15164624334 960 540
15164624346 960 540
15164624354 960 540
15164624366 960 540
15164624374 960 540
15164624386 960 540
15164624394 960 540
15164624406 960 540
15164624414 960 540
15164624426 960 540
15164624434 960 540
15164624446 960 540
15164624454 960 540
15164624466 960 540
15164624474 960 540
15164624486 960 540
15164624494 960 540
15164624506 960 540
15164624514 960 540
15164624526 960 540
15164624538 960 540
15164624546 960 540
15164624558 960 540
15164624566 960 540
15164624578 960 540
15164624586 960 540
15164624598 960 540
15164624606 960 540
15164624618 960 540
15164624626 960 540
15164624638 960 540
15164624646 960 540
15164624658 960 540
15164624666 960 540
15164624678 960 540
15164624686 960 540
15164624698 960 540
15164624706 960 540
15164624718 960 540
15164624726 960 540
15164624738 960 540
15164624746 960 540
15164624758 960 540
15164624766 960 540
15164624778 960 540
15164624790 960 540
15164624798 960 540
15164624810 960 540
15164624818 960 540
15164624830 960 540
15164624838 960 540
15164624850 960 540
15164624858 960 540
15164624870 960 540
15164624878 960 540
15164624890 960 540
15164624898 960 540
15164624910 960 540
15164624918 960 540
15164624930 960 540
15164624938 960 540
15164624950 960 540
15164624958 960 540
15164624970 960 540
15164624978 960 540
15164624990 960 540
15164624998 960 540
15164625010 960 540
15164625018 960 540
15164625030 960 540
15164625042 960 540
15164625050 960 540
15164625062 960 540
15164625070 960 540
15164625082 960 540
15164625090 960 540
15164625102 960 540
15164625110 960 540
15164625122 960 540
15164625130 960 540
15164625142 960 540
15164625150 960 540
15164625162 960 540
15164625170 960 540
15164625182 960 540
15164625190 960 540
15164625202 960 540
15164625210 960 540
15164625222 960 540
15164625230 960 540
15164625242 960 540
15164625250 960 540
15164625262 960 540
15164625270 960 540
15164625282 960 540
15164625294 960 540
15164625302 960 540
15164625314 960 540
15164625322 960 540
15164625334 960 540
15164625342 960 540
15164625354 960 540
15164625362 960 540
15164625374 960 540
15164625382 960 540
15164625394 960 540
15164625402 960 540
15164625414 960 540
15164625422 960 540
15164625434 960 540
15164625442 960 540
15164625454 960 540
15164625462 960 540
15164625474 960 540
15164625482 960 540
15164625494 960 540
15164625502 960 540
15164625514 960 540
15164625522 960 540
15164625534 960 540
15164625546 960 540
15164625554 960 540
15164625566 960 540
15164625574 960 540
15164625586 960 540
15164625594 960 540
15164625606 960 540
15164625614 960 540
15164625626 960 540
15164625634 960 540
15164625646 960 540
15164625654 960 540
15164625666 960 540
15164625674 960 540
15164625686 960 540
15164625694 960 540
15164625706 960 540
15164625714 960 540
15164625726 960 540
15164625734 960 540
15164625746 960 540
15164625754 960 540
15164625766 960 540
15164625774 960 540
15164625786 960 540
15164625798 960 540
15164625806 960 540
15164625819 960 190
15164625826 960 190
15164625838 960 190
15164625846 960 190
15164625858 960 190
15164625866 960 190
15164625878 960 190
15164625886 960 190
15164625898 960 190
15164625906 960 190
15164625918 960 190
15164625926 960 190
15164625938 960 190
15164625946 960 190
15164625958 960 190
15164625966 960 190
15164625978 960 190
15164625986 960 190
15164625998 960 190
15164626006 960 190
15164626018 960 190
15164626026 960 190
15164626038 960 190
15164626050 960 190
15164626058 960 190
15164626070 960 190
15164626078 960 190
15164626090 960 190
15164626098 960 190
15164626110 960 190
15164626118 960 190
15164626130 960 190
15164626138 960 190
15164626150 960 190
15164626158 960 190
15164626170 960 190
15164626178 960 190
15164626190 960 190
15164626198 960 190
15164626210 960 190
15164626218 960 190
15164626230 960 190
15164626238 960 190
15164626250 960 190
15164626258 960 190
15164626270 960 190
15164626278 960 190
15164626290 960 190
15164626302 960 190
15164626310 960 190
15164626322 960 190
15164626330 960 190
15164626342 960 190
15164626350 960 190
15164626362 960 190
15164626370 960 190
15164626382 960 190
15164626390 960 190
15164626402 960 190
15164626410 960 190
15164626422 960 190
15164626430 960 190
15164626442 960 190
15164626450 960 190
15164626462 960 190
15164626470 960 190
15164626482 960 190
15164626490 960 190
15164626502 960 190
15164626510 960 190
15164626522 960 190
15164626530 960 190
15164626542 960 190
15164626554 960 190
15164626562 960 190
15164626574 960 190
15164626582 960 190
15164626594 960 190
15164626602 960 190
15164626614 960 190
15164626622 960 190
15164626634 960 190
15164626642 960 190
15164626654 960 190
15164626662 960 190
15164626674 960 190
15164626682 960 190
15164626694 960 190
15164626702 960 190
15164626714 960 190
15164626722 960 190
15164626734 960 190
15164626742 960 190
15164626754 960 190
15164626762 960 190
15164626774 960 190
15164626782 960 190
15164626794 960 190
15164626806 960 190
15164626814 960 190
15164626826 960 190
15164626834 960 190
15164626846 960 190
15164626854 960 190
15164626866 960 190
15164626874 960 190
15164626886 960 190
15164626894 960 190
15164626906 960 190
15164626914 960 190
15164626926 960 190
15164626934 960 190
15164626946 960 190
15164626954 960 190
15164626966 960 190
15164626974 960 190
15164626986 960 190
15164626994 960 190
15164627006 960 190
15164627014 960 190
15164627026 960 190
15164627034 960 190
15164627046 960 190
15164627058 960 190
15164627066 960 190
15164627078 960 190
15164627086 960 190
15164627098 960 190
15164627106 960 190
15164627118 960 190
15164627126 960 190
15164627138 960 190
15164627146 960 190
15164627158 960 190
15164627166 960 190
15164627178 960 190
15164627186 960 190
15164627198 960 190
15164627206 960 190
15164627218 960 190
15164627226 960 190
15164627238 960 190
15164627246 960 190
15164627258 960 190
15164627266 960 190
15164627278 960 190
15164627286 960 190
15164627298 960 190
15164627310 960 190
15164627318 960 540
15164627330 960 540
15164627338 960 540
15164627350 960 540
15164627358 960 540
15164627370 960 540
15164627378 960 540
15164627390 960 540
15164627398 960 540
15164627410 960 540
15164627418 960 540
15164627430 960 540
15164627438 960 540
15164627450 960 540
15164627458 960 540
15164627470 960 540
15164627478 960 540
15164627490 960 540
15164627498 960 540
15164627510 960 540
15164627518 960 540
15164627530 960 540
15164627538 960 540
15164627550 960 540
15164627562 960 540
15164627570 960 540
15164627582 960 540
15164627590 960 540
15164627602 960 540
15164627610 960 540
15164627622 960 540
15164627630 960 540
15164627642 960 540
15164627650 960 540
15164627662 960 540
15164627670 960 540
15164627682 960 540
15164627690 960 540
15164627702 960 540
15164627710 960 540
15164627722 960 540
15164627730 960 540
15164627742 960 540
15164627750 960 540
15164627762 960 540
15164627770 960 540
15164627782 960 540
15164627790 960 540
15164627802 960 540
15164627814 960 540
15164627822 960 540
15164627834 960 540
15164627842 960 540
15164627854 960 540
15164627862 960 540
15164627874 960 540
15164627882 960 540
15164627894 960 540
15164627902 960 540
15164627914 960 540
15164627922 960 540
15164627934 960 540
15164627942 960 540
15164627954 960 540
15164627962 960 540
15164627974 960 540
15164627982 960 540
15164627994 960 540
15164628002 960 540
15164628014 960 540
15164628022 960 540
15164628034 960 540
15164628042 960 540
15164628054 960 540
15164628066 960 540
15164628074 960 540
15164628086 960 540
15164628094 960 540
15164628106 960 540
15164628114 960 540
15164628126 960 540
15164628134 960 540
15164628146 960 540
15164628154 960 540
15164628166 960 540
15164628174 960 540
15164628186 960 540
15164628194 960 540
15164628206 960 540
15164628214 960 540
15164628226 960 540
15164628234 960 540
15164628246 960 540
15164628254 960 540
15164628266 960 540
15164628274 960 540
15164628286 960 540
15164628294 960 540
15164628306 960 540
15164628318 960 540
15164628326 960 540
15164628338 960 540
15164628346 960 540
15164628358 960 540
15164628366 960 540
15164628378 960 540
15164628386 960 540
15164628398 960 540
15164628406 960 540
15164628418 960 540
15164628426 960 540
15164628438 960 540
15164628446 960 540
15164628458 960 540
15164628466 960 540
15164628478 960 540
15164628486 960 540
15164628498 960 540
15164628506 960 540
15164628518 960 540
15164628526 960 540
15164628538 960 540
15164628546 960 540
15164628558 960 540
15164628570 960 540
15164628578 960 540
15164628590 960 540
15164628598 960 540
15164628610 960 540
15164628618 960 540
15164628630 960 540
15164628638 960 540
15164628650 960 540
15164628658 960 540
15164628670 960 540
15164628678 960 540
15164628690 960 540
15164628698 960 540
15164628710 960 540
15164628718 960 540
15164628730 960 540
15164628738 960 540
15164628750 960 540
15164628758 960 540
15164628770 960 540
15164628778 960 540
15164628789 960 540
15164628797 960 540
15164628809 960 540
15164628821 960 365
15164628829 960 365
15164628841 960 365
15164628849 960 365
15164628861 960 365
15164628869 960 365
15164628882 960 365
15164628890 960 365
15164628902 960 365
15164628910 960 365
15164628922 960 365
15164628930 960 365
15164628942 960 365
15164628950 960 365
15164628962 960 365
15164628970 960 365
15164628982 960 365
15164628990 960 365
15164629002 960 365
15164629010 960 365
15164629022 960 365
15164629030 960 365
15164629042 960 365
15164629050 960 365
15164629062 960 365
15164629074 960 365
15164629081 960 365
15164629093 960 365
15164629101 960 365
15164629113 960 365
15164629121 960 365
15164629133 960 365
15164629141 960 365
15164629153 960 365
15164629161 960 365
15164629174 960 365
15164629183 960 365
15164629195 960 365
15164629203 960 365
15164629215 960 365
15164629223 960 365
15164629235 960 365
15164629243 960 365
15164629255 960 365
15164629263 960 365
15164629275 960 365
15164629283 960 365
15164629295 960 365
15164629303 960 365
15164629315 960 365
15164629327 960 365
15164629335 960 365
15164629347 960 365
15164629355 960 365
15164629367 960 365
15164629375 960 365
15164629387 960 365
15164629395 960 365
15164629407 960 365
15164629415 960 365
15164629427 960 365
15164629435 960 365
15164629447 960 365
15164629455 960 365
15164629467 960 365
15164629475 960 365
15164629487 960 365
15164629495 960 365
15164629507 960 365
15164629515 960 365
15164629527 960 365
15164629535 960 365
15164629547 960 365
15164629555 960 365
15164629567 960 365
15164629579 960 365
15164629587 960 365
15164629599 960 365
15164629607 960 365
15164629619 960 365
15164629627 960 365
15164629639 960 365
15164629647 960 365
15164629659 960 365
15164629667 960 365
15164629679 960 365
15164629687 960 365
15164629699 960 365
15164629707 960 365
15164629719 960 365
15164629727 960 365
15164629739 960 365
15164629747 960 365
15164629759 960 365
15164629767 960 365
15164629779 960 365
15164629787 960 365
15164629799 960 365
15164629807 960 365
15164629819 960 365
15164629831 960 365
15164629839 960 365
15164629851 960 365
15164629859 960 365
15164629871 960 365
15164629879 960 365
15164629891 960 365
15164629899 960 365
15164629911 960 365
15164629919 960 365
15164629931 960 365
15164629939 960 365
15164629951 960 365
15164629959 960 365
15164629971 960 365
15164629979 960 365
15164629991 960 365
15164629999 960 365
15164630011 960 365
15164630019 960 365
15164630031 960 365
15164630039 960 365
15164630051 960 365
15164630059 960 365
15164630071 960 365
15164630083 960 365
15164630091 960 365
15164630103 960 365
15164630111 960 365
15164630123 960 365
15164630131 960 365
15164630143 960 365
15164630151 960 365
15164630163 960 365
15164630171 960 365
15164630183 960 365
15164630191 960 365
15164630203 960 365
15164630211 960 365
15164630223 960 365
15164630231 960 365
15164630243 960 365
15164630251 960 365
15164630263 960 365
15164630271 960 365
15164630283 960 365
15164630291 960 365
15164630303 960 365
15164630311 960 365
15164630323 960 540
15164630335 960 540
15164630343 960 540
15164630355 960 540
15164630363 960 540
15164630375 960 540
15164630383 960 540
15164630395 960 540
15164630403 960 540
15164630415 960 540
15164630423 960 540
15164630435 960 540
15164630443 960 540
15164630455 960 540
15164630463 960 540
15164630475 960 540
15164630483 960 540
15164630495 960 540
15164630503 960 540
15164630515 960 540
15164630523 960 540
15164630535 960 540
15164630543 960 540
15164630555 960 540
15164630563 960 540
15164630575 960 540
15164630587 960 540
15164630595 960 540
15164630607 960 540
15164630615 960 540
15164630627 960 540
15164630635 960 540
15164630647 960 540
15164630655 960 540
15164630667 960 540
15164630675 960 540
15164630687 960 540
15164630695 960 540
15164630707 960 540
15164630715 960 540
15164630727 960 540
15164630735 960 540
15164630747 960 540
15164630755 960 540
15164630767 960 540
15164630775 960 540
15164630787 960 540
15164630795 960 540
15164630807 960 540
15164630815 960 540
15164630827 960 540
15164630839 960 540
15164630847 960 540
15164630859 960 540
15164630867 960 540
15164630879 960 540
15164630887 960 540
15164630899 960 540
15164630907 960 540
15164630919 960 540
15164630927 960 540
15164630939 960 540
15164630947 960 540
15164630959 960 540
15164630967 960 540
15164630979 960 540
15164630987 960 540
15164630999 960 540
15164631007 960 540
15164631019 960 540
15164631027 960 540
15164631039 960 540
15164631047 960 540
15164631059 960 540
15164631067 960 540
15164631079 960 540
15164631091 960 540
15164631099 960 540
15164631111 960 540
15164631119 960 540
15164631131 960 540
15164631139 960 540
15164631151 960 540
15164631159 960 540
15164631171 960 540
15164631179 960 540
15164631191 960 540
15164631199 960 540
15164631211 960 540
15164631219 960 540
15164631231 960 540
15164631239 960 540
15164631251 960 540
15164631259 960 540
15164631271 960 540
15164631279 960 540
15164631291 960 540
15164631299 960 540
15164631311 960 540
15164631319 960 540
15164631331 960 540
15164631343 960 540
15164631351 960 540
15164631363 960 540
15164631371 960 540
15164631383 960 540
15164631391 960 540
15164631403 960 540
15164631411 960 540
15164631423 960 540
15164631431 960 540
15164631443 960 540
15164631451 960 540
15164631463 960 540
15164631471 960 540
15164631483 960 540
15164631491 960 540
15164631503 960 540
15164631511 960 540
15164631523 960 540
15164631531 960 540
15164631543 960 540
15164631551 960 540
15164631563 960 540
15164631571 960 540
15164631583 960 540
15164631595 960 540
15164631603 960 540
15164631615 960 540
15164631623 960 540
15164631635 960 540
15164631643 960 540
15164631655 960 540
15164631663 960 540
15164631675 960 540
15164631683 960 540
15164631695 960 540
15164631703 960 540
15164631715 960 540
15164631723 960 540
15164631735 960 540
15164631743 960 540
15164631755 960 540
15164631763 960 540
15164631775 960 540
15164631783 960 540
15164631795 960 540
15164631803 960 540
15164631815 960 540
15164631823 960 365
15164631835 960 365
15164631847 960 365
15164631855 960 365
15164631867 960 365
15164631875 960 365
15164631887 960 365
15164631895 960 365
15164631907 960 365
15164631915 960 365
15164631927 960 365
15164631935 960 365
15164631947 960 365
15164631955 960 365
15164631967 960 365
15164631975 960 365
15164631987 960 365
15164631995 960 365
15164632007 960 365
15164632015 960 365
15164632027 960 365
15164632035 960 365
15164632047 960 365
15164632055 960 365
15164632067 960 365
15164632075 960 365
15164632087 960 365
15164632099 960 365
15164632107 960 365
15164632119 960 365
15164632127 960 365
15164632139 960 365
15164632147 960 365
15164632159 960 365
15164632167 960 365
15164632179 960 365
15164632187 960 365
15164632199 960 365
15164632207 960 365
15164632219 960 365
15164632227 960 365
15164632239 960 365
15164632247 960 365
15164632259 960 365
15164632267 960 365
15164632279 960 365
15164632287 960 365
15164632299 960 365
15164632307 960 365
15164632319 960 365
15164632327 960 365
15164632339 960 365
15164632351 960 365
15164632359 960 365
15164632371 960 365
15164632379 960 365
15164632391 960 365
15164632399 960 365
15164632411 960 365
15164632419 960 365
15164632431 960 365
15164632439 960 365
15164632451 960 365
15164632459 960 365
15164632471 960 365
15164632479 960 365
15164632491 960 365
15164632499 960 365
15164632511 960 365
15164632519 960 365
15164632531 960 365
15164632539 960 365
15164632551 960 365
15164632559 960 365
15164632571 960 365
15164632579 960 365
15164632591 960 365
15164632603 960 365
15164632611 960 365
15164632623 960 365
15164632631 960 365
15164632643 960 365
15164632651 960 365
15164632663 960 365
15164632671 960 365
15164632683 960 365
15164632691 960 365
15164632703 960 365
15164632711 960 365
15164632723 960 365
15164632731 960 365
15164632743 960 365
15164632751 960 365
15164632763 960 365
15164632771 960 365
15164632783 960 365
15164632791 960 365
15164632803 960 365
15164632811 960 365
15164632823 960 365
15164632831 960 365
15164632843 960 365
15164632855 960 365
15164632863 960 365
15164632875 960 365
15164632883 960 365
15164632895 960 365
15164632903 960 365
15164632915 960 365
15164632923 960 365
15164632935 960 365
15164632943 960 365
15164632955 960 365
15164632963 960 365
15164632975 960 365
15164632983 960 365
15164632995 960 365
15164633003 960 365
15164633015 960 365
15164633023 960 365
15164633035 960 365
15164633043 960 365
15164633055 960 365
15164633063 960 365
15164633075 960 365
15164633083 960 365
15164633095 960 365
15164633107 960 365
15164633115 960 365
15164633127 960 365
15164633135 960 365
15164633147 960 365
15164633155 960 365
15164633167 960 365
15164633175 960 365
15164633187 960 365
15164633195 960 365
15164633207 960 365
15164633215 960 365
15164633227 960 365
15164633235 960 365
15164633247 960 365
15164633255 960 365
15164633267 960 365
15164633275 960 365
15164633287 960 365
15164633295 960 365
15164633307 960 365
15164633315 960 365
15164633327 960 540
15164633335 960 540
15164633347 960 540
15164633359 960 540
15164633367 960 540
15164633379 960 540
15164633387 960 540
15164633399 960 540
15164633407 960 540
15164633419 960 540
15164633427 960 540
15164633439 960 540
15164633447 960 540
15164633459 960 540
15164633467 960 540
15164633479 960 540
15164633487 960 540
15164633499 960 540
15164633507 960 540
15164633519 960 540
15164633527 960 540
15164633539 960 540
15164633547 960 540
15164633559 960 540
15164633567 960 540
15164633579 960 540
15164633587 960 540
15164633599 960 540
15164633611 960 540
15164633619 960 540
15164633631 960 540
15164633639 960 540
15164633651 960 540
15164633659 960 540
15164633671 960 540
15164633679 960 540
15164633691 960 540
15164633699 960 540
15164633711 960 540
15164633719 960 540
15164633731 960 540
15164633739 960 540
15164633751 960 540
15164633759 960 540
15164633771 960 540
15164633779 960 540
15164633791 960 540
15164633799 960 540
15164633811 960 540
15164633819 960 540
15164633831 960 540
15164633839 960 540
15164633851 960 540
15164633863 960 540
15164633871 960 540
15164633883 960 540
15164633891 960 540
15164633903 960 540
15164633911 960 540
15164633923 960 540
15164633931 960 540
15164633943 960 540
15164633951 960 540
15164633963 960 540
15164633971 960 540
15164633983 960 540
15164633991 960 540
15164634003 960 540
15164634011 960 540
15164634023 960 540
15164634031 960 540
15164634043 960 540
15164634051 960 540
15164634063 960 540
15164634071 960 540
15164634083 960 540
15164634091 960 540
15164634103 960 540
15164634115 960 540
15164634123 960 540
15164634135 960 540
15164634143 960 540
15164634155 960 540
15164634163 960 540
15164634175 960 540
15164634183 960 540
15164634195 960 540
15164634203 960 540
15164634215 960 540
15164634223 960 540
15164634235 960 540
15164634243 960 540
15164634255 960 540
15164634263 960 540
15164634275 960 540
15164634283 960 540
15164634295 960 540
15164634303 960 540
15164634315 960 540
15164634323 960 540
15164634335 960 540
15164634343 960 540
15164634355 960 540
15164634367 960 540
15164634375 960 540
15164634387 960 540
15164634395 960 540
15164634407 960 540
15164634415 960 540
15164634427 960 540
15164634435 960 540
15164634447 960 540
15164634455 960 540
15164634467 960 540
15164634475 960 540
15164634487 960 540
15164634495 960 540
15164634507 960 540
15164634515 960 540
15164634527 960 540
15164634535 960 540
15164634547 960 540
15164634555 960 540
15164634567 960 540
15164634575 960 540
15164634587 960 540
15164634595 960 540
15164634607 960 540
15164634619 960 540
15164634627 960 540
15164634639 960 540
15164634647 960 540
15164634659 960 540
15164634667 960 540
15164634679 960 540
15164634687 960 540
15164634699 960 540
15164634707 960 540
15164634719 960 540
15164634727 960 540
15164634739 960 540
15164634747 960 540
15164634759 960 540
15164634767 960 540
15164634779 960 540
15164634787 960 540
15164634799 960 540
15164634807 960 540
15164634819 960 540
15164634827 960 890
15164634839 960 890
15164634847 960 890
15164634859 960 890
15164634871 960 890
15164634879 960 890
15164634891 960 890
15164634899 960 890
15164634911 960 890
15164634919 960 890
15164634931 960 890
15164634939 960 890
15164634951 960 890
15164634959 960 890
15164634971 960 890
15164634979 960 890
15164634991 960 890
15164634999 960 890
15164635011 960 890
15164635019 960 890
15164635031 960 890
15164635039 960 890
15164635051 960 890
15164635059 960 890
15164635071 960 890
15164635079 960 890
15164635091 960 890
15164635099 960 890
15164635111 960 890
15164635123 960 890
15164635131 960 890
15164635143 960 890
15164635151 960 890
15164635163 960 890
15164635171 960 890
15164635183 960 890
15164635191 960 890
15164635203 960 890
15164635211 960 890
15164635223 960 890
15164635231 960 890
15164635243 960 890
15164635251 960 890
15164635263 960 890
15164635271 960 890
15164635283 960 890
15164635291 960 890
15164635303 960 890
15164635311 960 890
15164635323 960 890
15164635331 960 890
15164635343 960 890
15164635351 960 890
15164635363 960 890
15164635375 960 890
15164635383 960 890
15164635395 960 890
15164635403 960 890
15164635415 960 890
15164635423 960 890
15164635435 960 890
15164635443 960 890
15164635455 960 890
15164635463 960 890
15164635475 960 890
15164635483 960 890
15164635495 960 890
15164635503 960 890
15164635515 960 890
15164635523 960 890
15164635535 960 890
15164635543 960 890
15164635555 960 890
15164635563 960 890
15164635575 960 890
15164635583 960 890
15164635595 960 890
15164635603 960 890
15164635615 960 890
15164635627 960 890
15164635635 960 890
15164635647 960 890
15164635655 960 890
15164635667 960 890
15164635675 960 890
15164635687 960 890
15164635695 960 890
15164635707 960 890
15164635715 960 890
15164635727 960 890
15164635735 960 890
15164635747 960 890
15164635755 960 890
15164635767 960 890
15164635775 960 890
15164635787 960 890
15164635795 960 890
15164635807 960 890
15164635815 960 890
15164635827 960 890
15164635835 960 890
15164635847 960 890
15164635855 960 890
15164635867 960 890
15164635879 960 890
15164635887 960 890
15164635899 960 890
15164635907 960 890
15164635919 960 890
15164635927 960 890
15164635939 960 890
15164635947 960 890
15164635959 960 890
15164635967 960 890
15164635979 960 890
15164635987 960 890
15164635999 960 890
15164636007 960 890
15164636019 960 890
15164636027 960 890
15164636039 960 890
15164636047 960 890
15164636059 960 890
15164636067 960 890
15164636079 960 890
15164636087 960 890
15164636099 960 890
15164636107 960 890
15164636119 960 890
15164636131 960 890
15164636139 960 890
15164636151 960 890
15164636159 960 890
15164636171 960 890
15164636179 960 890
15164636191 960 890
15164636199 960 890
15164636211 960 890
15164636219 960 890
15164636231 960 890
15164636239 960 890
15164636251 960 890
15164636259 960 890
15164636271 960 890
15164636279 960 890
15164636291 960 890
15164636299 960 890
15164636311 960 890
15164636319 960 890
15164636331 960 540
15164636339 960 540
15164636351 960 540
15164636359 960 540
15164636371 960 540
15164636383 960 540
15164636391 960 540
15164636403 960 540
15164636411 960 540
15164636423 960 540
15164636431 960 540
15164636443 960 540
15164636451 960 540
15164636463 960 540
15164636471 960 540
15164636483 960 540
15164636491 960 540
15164636503 960 540
15164636511 960 540
15164636523 960 540
15164636531 960 540
15164636543 960 540
15164636551 960 540
15164636563 960 540
15164636571 960 540
15164636583 960 540
15164636591 960 540
15164636603 960 540
15164636611 960 540
15164636623 960 540
15164636635 960 540
15164636643 960 540
15164636655 960 540
15164636663 960 540
15164636675 960 540
15164636683 960 540
15164636695 960 540
15164636703 960 540
15164636715 960 540
15164636723 960 540
15164636735 960 540
15164636743 960 540
15164636755 960 540
15164636763 960 540
15164636775 960 540
15164636783 960 540
15164636795 960 540
15164636803 960 540
15164636815 960 540
15164636823 960 540
15164636835 960 540
15164636843 960 540
15164636855 960 540
15164636863 960 540
15164636875 960 540
15164636887 960 540
15164636895 960 540
15164636907 960 540
15164636915 960 540
15164636927 960 540
15164636935 960 540
15164636947 960 540
15164636955 960 540
15164636967 960 540
15164636975 960 540
15164636987 960 540
15164636995 960 540
15164637007 960 540
15164637015 960 540
15164637027 960 540
15164637035 960 540
15164637047 960 540
15164637055 960 540
15164637067 960 540
15164637075 960 540
15164637087 960 540
15164637095 960 540
15164637107 960 540
15164637115 960 540
15164637127 960 540
15164637139 960 540
15164637147 960 540
15164637159 960 540
15164637167 960 540
15164637179 960 540
15164637187 960 540
15164637199 960 540
15164637207 960 540
15164637219 960 540
15164637227 960 540
15164637239 960 540
15164637247 960 540
15164637259 960 540
15164637267 960 540
15164637279 960 540
15164637287 960 540
15164637299 960 540
15164637307 960 540
15164637319 960 540
15164637327 960 540
15164637339 960 540
15164637347 960 540
15164637359 960 540
15164637367 960 540
15164637379 960 540
15164637391 960 540
15164637399 960 540
15164637411 960 540
15164637419 960 540
15164637431 960 540
15164637439 960 540
15164637451 960 540
15164637459 960 540
15164637471 960 540
15164637479 960 540
15164637491 960 540
15164637499 960 540
15164637511 960 540
15164637519 960 540
15164637531 960 540
15164637539 960 540
15164637551 960 540
15164637559 960 540
15164637571 960 540
15164637579 960 540
15164637591 960 540
15164637599 960 540
15164637611 960 540
15164637619 960 540
15164637631 960 540
15164637643 960 540
15164637651 960 540
15164637663 960 540
15164637671 960 540
15164637683 960 540
15164637691 960 540
15164637703 960 540
15164637711 960 540
15164637723 960 540
15164637731 960 540
15164637743 960 540
15164637751 960 540
15164637763 960 540
15164637771 960 540
15164637783 960 540
15164637791 960 540
15164637803 960 540
15164637811 960 540
15164637823 960 540
15164637831 960 890
15164637843 960 890
15164637851 960 890
15164637863 960 890
15164637871 960 890
15164637883 960 890
15164637895 960 890
15164637903 960 890
15164637915 960 890
15164637923 960 890
15164637935 960 890
15164637943 960 890
15164637955 960 890
15164637963 960 890
15164637975 960 890
15164637983 960 890
15164637995 960 890
15164638003 960 890
15164638015 960 890
15164638023 960 890
15164638035 960 890
15164638043 960 890
15164638055 960 890
15164638063 960 890
15164638075 960 890
15164638083 960 890
15164638095 960 890
15164638103 960 890
15164638115 960 890
15164638123 960 890
15164638135 960 890
15164638147 960 890
15164638155 960 890
15164638167 960 890
15164638175 960 890
15164638187 960 890
15164638195 960 890
15164638207 960 890
15164638215 960 890
15164638227 960 890
15164638235 960 890
15164638247 960 890
15164638255 960 890
15164638267 960 890
15164638275 960 890
15164638287 960 890
15164638295 960 890
15164638307 960 890
15164638315 960 890
15164638327 960 890
15164638335 960 890
15164638347 960 890
15164638355 960 890
15164638367 960 890
15164638375 960 890
15164638387 960 890
15164638399 960 890
15164638407 960 890
15164638419 960 890
15164638427 960 890
15164638439 960 890
15164638447 960 890
15164638459 960 890
15164638467 960 890
15164638479 960 890
15164638487 960 890
15164638499 960 890
15164638507 960 890
15164638519 960 890
15164638527 960 890
15164638539 960 890
15164638547 960 890
15164638559 960 890
15164638567 960 890
15164638579 960 890
15164638587 960 890
15164638599 960 890
15164638607 960 890
15164638619 960 890
15164638627 960 890
15164638639 960 890
15164638651 960 890
15164638659 960 890
15164638671 960 890
15164638679 960 890
15164638691 960 890
15164638699 960 890
15164638711 960 890
15164638719 960 890
15164638731 960 890
15164638739 960 890
15164638751 960 890
15164638759 960 890
15164638771 960 890
15164638779 960 890
15164638791 960 890
15164638799 960 890
15164638811 960 890
15164638819 960 890
15164638831 960 890
15164638839 960 890
15164638851 960 890
15164638859 960 890
15164638871 960 890
15164638879 960 890
15164638891 960 890
15164638903 960 890
15164638911 960 890
15164638923 960 890
15164638931 960 890
15164638943 960 890
15164638951 960 890
15164638963 960 890
15164638971 960 890
15164638983 960 890
15164638991 960 890
15164639003 960 890
15164639011 960 890
15164639023 960 890
15164639031 960 890
15164639043 960 890
15164639051 960 890
15164639063 960 890
15164639071 960 890
15164639083 960 890
15164639091 960 890
15164639103 960 890
15164639111 960 890
15164639123 960 890
15164639131 960 890
15164639143 960 890
15164639155 960 890
15164639163 960 890
15164639175 960 890
15164639183 960 890
15164639195 960 890
15164639203 960 890
15164639215 960 890
15164639223 960 890
15164639235 960 890
15164639243 960 890
15164639255 960 890
15164639263 960 890
15164639275 960 890
15164639283 960 890
15164639295 960 890
15164639303 960 890
15164639315 960 890
15164639323 960 890
15164639335 960 540
15164639343 960 540
15164639355 960 540
15164639363 960 540
15164639375 960 540
15164639383 960 540
15164639395 960 540
15164639407 960 540
15164639415 960 540
15164639427 960 540
15164639435 960 540
15164639447 960 540
15164639455 960 540
15164639467 960 540
15164639475 960 540
15164639487 960 540
15164639495 960 540
15164639507 960 540
15164639515 960 540
15164639527 960 540
15164639535 960 540
15164639547 960 540
15164639555 960 540
15164639567 960 540
15164639575 960 540
15164639587 960 540
15164639595 960 540
15164639607 960 540
15164639615 960 540
15164639627 960 540
15164639635 960 540
15164639647 960 540
15164639659 960 540
15164639667 960 540
15164639679 960 540
15164639687 960 540
15164639699 960 540
15164639707 960 540
15164639719 960 540
15164639727 960 540
15164639739 960 540
15164639747 960 540
15164639759 960 540
15164639767 960 540
15164639779 960 540
15164639787 960 540
15164639799 960 540
15164639807 960 540
15164639819 960 540
15164639827 960 540
15164639839 960 540
15164639847 960 540
15164639859 960 540
15164639867 960 540
15164639879 960 540
15164639887 960 540
15164639899 960 540
15164639911 960 540
15164639919 960 540
15164639931 960 540
15164639939 960 540
15164639951 960 540
15164639959 960 540
15164639971 960 540
15164639979 960 540
15164639991 960 540
15164639999 960 540
15164640011 960 540
15164640019 960 540
15164640031 960 540
15164640039 960 540
15164640051 960 540
15164640059 960 540
15164640071 960 540
15164640079 960 540
15164640091 960 540
15164640099 960 540
15164640111 960 540
15164640119 960 540
15164640131 960 540
15164640143 960 540
15164640151 960 540
15164640163 960 540
15164640171 960 540
15164640183 960 540
15164640191 960 540
15164640203 960 540
15164640211 960 540
15164640223 960 540
15164640231 960 540
15164640243 960 540
15164640251 960 540
15164640263 960 540
15164640271 960 540
15164640283 960 540
15164640291 960 540
15164640303 960 540
15164640311 960 540
15164640323 960 540
15164640331 960 540
15164640343 960 540
15164640351 960 540
15164640363 960 540
15164640371 960 540
15164640383 960 540
15164640395 960 540
15164640403 960 540
15164640415 960 540
15164640423 960 540
15164640435 960 540
15164640443 960 540
15164640455 960 540
15164640463 960 540
15164640475 960 540
15164640483 960 540
15164640495 960 540
15164640503 960 540
15164640515 960 540
15164640523 960 540
15164640535 960 540
15164640543 960 540
15164640555 960 540
15164640563 960 540
15164640575 960 540
15164640583 960 540
15164640595 960 540
15164640603 960 540
15164640615 960 540
15164640623 960 540
15164640635 960 540
15164640647 960 540
15164640655 960 540
15164640667 960 540
15164640675 960 540
15164640687 960 540
15164640695 960 540
15164640707 960 540
15164640715 960 540
15164640727 960 540
15164640735 960 540
15164640747 960 540
15164640755 960 540
15164640767 960 540
15164640775 960 540
15164640787 960 540
15164640795 960 540
15164640807 960 540
15164640815 960 540
15164640827 960 540
15164640835 960 715
15164640847 960 715
15164640855 960 715
15164640867 960 715
15164640875 960 715
15164640887 960 715
15164640899 960 715
15164640907 960 715
15164640919 960 715
15164640927 960 715
15164640939 960 715
15164640947 960 715
15164640959 960 715
15164640967 960 715
15164640979 960 715
15164640987 960 715
15164640999 960 715
15164641007 960 715
15164641019 960 715
15164641027 960 715
15164641039 960 715
15164641047 960 715
15164641059 960 715
15164641067 960 715
15164641079 960 715
15164641087 960 715
15164641099 960 715
15164641107 960 715
15164641119 960 715
15164641127 960 715
15164641139 960 715
15164641151 960 715
15164641159 960 715
15164641171 960 715
15164641179 960 715
15164641191 960 715
15164641199 960 715
15164641211 960 715
15164641219 960 715
15164641231 960 715
15164641239 960 715
15164641251 960 715
15164641259 960 715
15164641271 960 715
15164641279 960 715
15164641291 960 715
15164641299 960 715
15164641311 960 715
15164641319 960 715
15164641331 960 715
15164641339 960 715
15164641351 960 715
15164641359 960 715
15164641371 960 715
15164641379 960 715
15164641391 960 715
15164641403 960 715
15164641411 960 715
15164641423 960 715
15164641431 960 715
15164641443 960 715
15164641451 960 715
15164641463 960 715
15164641471 960 715
15164641483 960 715
15164641491 960 715
15164641503 960 715
15164641511 960 715
15164641523 960 715
15164641531 960 715
15164641543 960 715
15164641551 960 715
15164641563 960 715
15164641571 960 715
15164641583 960 715
15164641591 960 715
15164641603 960 715
15164641611 960 715
15164641623 960 715
15164641631 960 715
15164641643 960 715
15164641655 960 715
15164641663 960 715
15164641675 960 715
15164641683 960 715
15164641695 960 715
15164641703 960 715
15164641715 960 715
15164641723 960 715
15164641735 960 715
15164641743 960 715
15164641755 960 715
15164641763 960 715
15164641775 960 715
15164641783 960 715
15164641795 960 715
15164641803 960 715
15164641815 960 715
15164641823 960 715
15164641835 960 715
15164641843 960 715
15164641855 960 715
15164641863 960 715
15164641875 960 715
15164641883 960 715
15164641895 960 715
15164641907 960 715
15164641915 960 715
15164641927 960 715
15164641935 960 715
15164641947 960 715
15164641955 960 715
15164641967 960 715
15164641977 960 715
15164641988 960 715
15164641994 960 715
15164642006 960 715
15164642014 960 715
15164642026 960 715
15164642034 960 715
15164642046 960 715
15164642054 960 715
15164642066 960 715
15164642074 960 715
15164642086 960 715
15164642094 960 715
15164642106 960 715
15164642114 960 715
15164642126 960 715
15164642134 960 715
15164642146 960 715
15164642158 960 715
15164642166 960 715
15164642178 960 715
15164642186 960 715
15164642198 960 715
15164642206 960 715
15164642218 960 715
15164642226 960 715
15164642238 960 715
15164642246 960 715
15164642258 960 715
15164642266 960 715
15164642278 960 715
15164642286 960 715
15164642298 960 715
15164642306 960 715
15164642318 960 715
15164642326 960 715
15164642339 960 540
15164642346 960 540
15164642358 960 540
15164642366 960 540
15164642378 960 540
15164642386 960 540
15164642398 960 540
15164642410 960 540
15164642418 960 540
15164642430 960 540
15164642438 960 540
15164642450 960 540
15164642458 960 540
15164642470 960 540
15164642478 960 540
15164642490 960 540
15164642498 960 540
15164642510 960 540
15164642518 960 540
15164642530 960 540
15164642538 960 540
15164642550 960 540
15164642558 960 540
15164642570 960 540
15164642578 960 540
15164642590 960 540
15164642598 960 540
15164642610 960 540
15164642618 960 540
15164642630 960 540
15164642638 960 540
15164642650 960 540
15164642662 960 540
15164642670 960 540
15164642682 960 540
15164642690 960 540
15164642702 960 540
15164642710 960 540
15164642722 960 540
15164642730 960 540
15164642742 960 540
15164642750 960 540
15164642762 960 540
15164642770 960 540
15164642782 960 540
15164642790 960 540
15164642802 960 540
15164642810 960 540
15164642822 960 540
15164642830 960 540
15164642842 960 540
15164642850 960 540
15164642862 960 540
15164642870 960 540
15164642882 960 540
15164642890 960 540
15164642902 960 540
15164642914 960 540
15164642922 960 540
15164642934 960 540
15164642942 960 540
15164642954 960 540
15164642962 960 540
15164642974 960 540
15164642982 960 540
15164642994 960 540
15164643002 960 540
15164643014 960 540
15164643022 960 540
15164643034 960 540
15164643042 960 540
15164643054 960 540
15164643062 960 540
15164643074 960 540
15164643082 960 540
15164643094 960 540
15164643102 960 540
15164643114 960 540
15164643122 960 540
15164643134 960 540
15164643142 960 540
15164643154 960 540
15164643166 960 540
15164643174 960 540
15164643186 960 540
15164643194 960 540
15164643206 960 540
15164643214 960 540
15164643226 960 540
15164643234 960 540
15164643246 960 540
15164643254 960 540
15164643266 960 540
15164643274 960 540
15164643286 960 540
15164643294 960 540
15164643306 960 540
15164643314 960 540
15164643326 960 540
15164643334 960 540
15164643346 960 540
15164643354 960 540
15164643366 960 540
15164643374 960 540
15164643386 960 540
15164643394 960 540
15164643406 960 540
15164643418 960 540
15164643426 960 540
15164643438 960 540
15164643446 960 540
15164643458 960 540
15164643466 960 540
15164643478 960 540
15164643486 960 540
15164643498 960 540
15164643506 960 540
15164643518 960 540
15164643526 960 540
15164643538 960 540
15164643546 960 540
15164643558 960 540
15164643566 960 540
15164643578 960 540
15164643586 960 540
15164643598 960 540
15164643606 960 540
15164643618 960 540
15164643626 960 540
15164643638 960 540
15164643646 960 540
15164643658 960 540
15164643670 960 540
15164643678 960 540
15164643690 960 540
15164643698 960 540
15164643710 960 540
15164643718 960 540
15164643730 960 540
15164643738 960 540
15164643750 960 540
15164643758 960 540
15164643770 960 540
15164643778 960 540
15164643790 960 540
15164643798 960 540
15164643810 960 540
15164643818 960 540
15164643830 960 540
15164643838 960 715
15164643850 960 715
15164643858 960 715
15164643870 960 715
15164643878 960 715
15164643890 960 715
15164643898 960 715
15164643910 960 715
15164643922 960 715
15164643930 960 715
15164643942 960 715
15164643950 960 715
15164643962 960 715
15164643970 960 715
15164643982 960 715
15164643990 960 715
15164644002 960 715
15164644010 960 715
15164644022 960 715
15164644030 960 715
15164644042 960 715
15164644050 960 715
15164644062 960 715
15164644070 960 715
15164644082 960 715
15164644090 960 715
15164644102 960 715
15164644110 960 715
15164644122 960 715
15164644130 960 715
15164644142 960 715
15164644150 960 715
15164644162 960 715
15164644174 960 715
15164644182 960 715
15164644194 960 715
15164644202 960 715
15164644214 960 715
15164644222 960 715
15164644234 960 715
15164644242 960 715
15164644254 960 715
15164644262 960 715
15164644274 960 715
15164644282 960 715
15164644294 960 715
15164644302 960 715
15164644314 960 715
15164644322 960 715
15164644334 960 715
15164644342 960 715
15164644354 960 715
15164644362 960 715
15164644374 960 715
15164644382 960 715
15164644394 960 715
15164644402 960 715
15164644414 960 715
15164644426 960 715
15164644434 960 715
15164644446 960 715
15164644454 960 715
15164644466 960 715
15164644474 960 715
15164644486 960 715
15164644494 960 715
15164644506 960 715
15164644514 960 715
15164644526 960 715
15164644534 960 715
15164644546 960 715
15164644554 960 715
15164644566 960 715
15164644574 960 715
15164644586 960 715
15164644594 960 715
15164644606 960 715
15164644614 960 715
15164644626 960 715
15164644634 960 715
15164644646 960 715
15164644654 960 715
15164644666 960 715
15164644678 960 715
15164644686 960 715
15164644698 960 715
15164644706 960 715
15164644718 960 715
15164644726 960 715
15164644738 960 715
15164644746 960 715
15164644758 960 715
15164644766 960 715
15164644778 960 715
15164644786 960 715
15164644798 960 715
15164644806 960 715
15164644818 960 715
15164644826 960 715
15164644838 960 715
15164644846 960 715
15164644858 960 715
15164644866 960 715
15164644878 960 715
15164644886 960 715
15164644898 960 715
15164644906 960 715
15164644918 960 715
15164644930 960 715
15164644938 960 715
15164644950 960 715
15164644958 960 715
15164644970 960 715
15164644978 960 715
15164644990 960 715
15164644998 960 715
15164645010 960 715
15164645018 960 715
15164645030 960 715
15164645038 960 715
15164645050 960 715
15164645058 960 715
15164645070 960 715
15164645078 960 715
15164645090 960 715
15164645098 960 715
15164645110 960 715
15164645118 960 715
15164645130 960 715
15164645138 960 715
15164645150 960 715
15164645158 960 715
15164645170 960 715
15164645182 960 715
15164645190 960 715
15164645202 960 715
15164645210 960 715
15164645222 960 715
15164645230 960 715
15164645242 960 715
15164645250 960 715
15164645262 960 715
15164645270 960 715
15164645282 960 715
15164645290 960 715
15164645302 960 715
15164645310 960 715
15164645322 960 715
15164645330 960 715
