20132918380 960 540
20132918389 960 540
20132918397 960 540
20132918409 960 540
20132918417 960 540
20132918429 960 540
20132918437 960 540
20132918449 960 540
20132918458 960 540
20132918470 960 540
20132918478 960 540
20132918490 960 540
20132918498 960 540
20132918510 960 540
20132918518 960 540
20132918530 960 540
20132918538 960 540
20132918550 960 540
20132918558 960 540
20132918570 960 540
20132918578 960 540
20132918590 960 540
20132918602 960 540
20132918610 960 540
20132918622 960 540
20132918630 960 540
20132918642 960 540
20132918650 960 540
20132918662 960 540
20132918670 960 540
20132918682 960 540
20132918690 960 540
20132918702 960 540
20132918710 960 540
20132918722 960 540
20132918730 960 540
20132918742 960 540
20132918750 960 540
20132918762 960 540
20132918770 960 540
20132918782 960 540
20132918790 960 540
20132918802 960 540
20132918810 960 540
20132918822 960 540
20132918830 960 540
20132918842 960 540
20132918854 960 540
20132918862 960 540
20132918874 960 540
20132918882 960 540
20132918894 960 540
20132918902 960 540
20132918914 960 540
20132918922 960 540
20132918934 960 540
20132918942 960 540
20132918954 960 540
20132918962 960 540
20132918974 960 540
20132918982 960 540
20132918994 960 540
20132919002 960 540
20132919014 960 540
20132919022 960 540
20132919034 960 540
20132919042 960 540
20132919054 960 540
20132919062 960 540
20132919074 960 540
20132919082 960 540
20132919094 960 540
20132919106 960 540
20132919115 960 540
20132919126 960 540
20132919135 960 540
20132919147 960 540
20132919154 960 540
20132919166 960 540
20132919174 960 540
20132919186 960 540
20132919194 960 540
20132919206 960 540
20132919214 960 540
20132919226 960 540
20132919234 960 540
20132919247 960 540
20132919254 960 540
20132919266 960 540
20132919274 960 540
20132919286 960 540
20132919294 960 540
20132919307 960 540
20132919314 960 540
20132919326 960 540
20132919334 960 540
20132919347 960 540
20132919358 960 540
20132919367 960 540
20132919379 960 540
20132919387 960 540
20132919398 960 540
20132919406 960 540
20132919419 960 540
20132919426 960 540
20132919439 960 540
20132919446 960 540
20132919458 960 540
20132919467 960 540
20132919478 960 540
20132919486 960 540
20132919498 960 540
20132919506 960 540
20132919519 960 540
20132919526 960 540
20132919539 960 540
20132919546 960 540
20132919559 960 540
20132919567 960 540
20132919578 960 540
20132919587 960 540
20132919599 960 540
20132919611 960 540
20132919619 960 540
20132919630 960 540
20132919638 960 540
20132919651 960 540
20132919658 960 540
20132919670 960 540
20132919678 960 540
20132919690 960 540
20132919698 960 540
20132919710 960 540
20132919718 960 540
20132919730 960 540
20132919738 960 540
20132919750 960 540
20132919758 960 540
20132919770 960 540
20132919778 960 540
20132919790 960 540
20132919798 960 540
20132919810 960 540
20132919818 960 540
20132919830 960 540
20132919838 960 540
20132919850 960 540
20132919862 960 540
20132919870 960 540
20132919883 260 540
20132919891 260 540
20132919903 260 540
20132919910 260 540
20132919922 260 540
20132919930 260 540
20132919942 260 540
20132919950 260 540
20132919962 260 540
20132919970 260 540
20132919982 260 540
20132919990 260 540
20132920002 260 540
20132920010 260 540
20132920022 260 540
20132920030 260 540
20132920042 260 540
20132920050 260 540
20132920062 260 540
20132920070 260 540
20132920082 260 540
20132920091 260 540
20132920102 260 540
20132920114 260 540
20132920122 260 540
20132920134 260 540
20132920142 260 540
20132920155 260 540
20132920162 260 540
20132920174 260 540
20132920182 260 540
20132920194 260 540
20132920202 260 540
20132920214 260 540
20132920223 260 540
20132920235 260 540
20132920242 260 540
20132920255 260 540
20132920262 260 540
20132920274 260 540
20132920283 260 540
20132920295 260 540
20132920302 260 540
20132920314 260 540
20132920323 260 540
20132920335 260 540
20132920342 260 540
20132920354 260 540
20132920367 260 540
20132920375 260 540
20132920387 260 540
20132920394 260 540
20132920406 260 540
20132920414 260 540
20132920427 260 540
20132920435 260 540
20132920446 260 540
20132920454 260 540
20132920466 260 540
20132920474 260 540
20132920486 260 540
20132920494 260 540
20132920506 260 540
20132920514 260 540
20132920527 260 540
20132920535 260 540
20132920546 260 540
20132920554 260 540
20132920567 260 540
20132920575 260 540
20132920586 260 540
20132920594 260 540
20132920607 260 540
20132920618 260 540
20132920626 260 540
20132920638 260 540
20132920647 260 540
20132920659 260 540
20132920667 260 540
20132920679 260 540
20132920686 260 540
20132920698 260 540
20132920706 260 540
20132920718 260 540
20132920726 260 540
20132920738 260 540
20132920746 260 540
20132920759 260 540
20132920766 260 540
20132920778 260 540
20132920786 260 540
20132920799 260 540
20132920806 260 540
20132920818 260 540
20132920826 260 540
20132920838 260 540
20132920847 260 540
20132920859 260 540
20132920870 260 540
20132920878 260 540
20132920891 260 540
20132920899 260 540
20132920910 260 540
20132920919 260 540
20132920930 260 540
20132920939 260 540
20132920950 260 540
20132920959 260 540
20132920970 260 540
20132920978 260 540
20132920990 260 540
20132920998 260 540
20132921010 260 540
20132921018 260 540
20132921030 260 540
20132921038 260 540
20132921050 260 540
20132921058 260 540
20132921071 260 540
20132921078 260 540
20132921090 260 540
20132921098 260 540
20132921110 260 540
20132921122 260 540
20132921130 260 540
20132921142 260 540
20132921150 260 540
20132921162 260 540
20132921170 260 540
20132921183 260 540
20132921190 260 540
20132921202 260 540
20132921211 260 540
20132921222 260 540
20132921230 260 540
20132921242 260 540
20132921250 260 540
20132921262 260 540
20132921270 260 540
20132921282 260 540
20132921290 260 540
20132921302 260 540
20132921310 260 540
20132921322 260 540
20132921330 260 540
20132921342 260 540
20132921350 260 540
20132921362 260 540
20132921375 260 540
20132921382 960 540
20132921395 960 540
20132921402 960 540
20132921414 960 540
20132921422 960 540
20132921434 960 540
20132921442 960 540
20132921454 960 540
20132921462 960 540
20132921474 960 540
20132921482 960 540
20132921494 960 540
20132921502 960 540
20132921514 960 540
20132921523 960 540
20132921534 960 540
20132921543 960 540
20132921554 960 540
20132921562 960 540
20132921575 960 540
20132921582 960 540
20132921594 960 540
20132921602 960 540
20132921614 960 540
20132921626 960 540
20132921634 960 540
20132921646 960 540
20132921655 960 540
20132921667 960 540
20132921675 960 540
20132921686 960 540
20132921694 960 540
20132921706 960 540
20132921714 960 540
20132921726 960 540
20132921734 960 540
20132921746 960 540
20132921754 960 540
20132921766 960 540
20132921774 960 540
20132921786 960 540
20132921794 960 540
20132921806 960 540
20132921814 960 540
20132921826 960 540
20132921834 960 540
20132921846 960 540
20132921854 960 540
20132921866 960 540
20132921878 960 540
20132921886 960 540
20132921897 960 540
20132921905 960 540
20132921917 960 540
20132921925 960 540
20132921937 960 540
20132921946 960 540
20132921958 960 540
20132921966 960 540
20132921978 960 540
20132921986 960 540
20132921998 960 540
20132922006 960 540
20132922018 960 540
20132922026 960 540
20132922038 960 540
20132922046 960 540
20132922059 960 540
20132922066 960 540
20132922078 960 540
20132922086 960 540
20132922098 960 540
20132922106 960 540
20132922118 960 540
20132922130 960 540
20132922138 960 540
20132922150 960 540
20132922158 960 540
20132922170 960 540
20132922178 960 540
20132922190 960 540
20132922198 960 540
20132922210 960 540
20132922218 960 540
20132922230 960 540
20132922238 960 540
20132922250 960 540
20132922258 960 540
20132922270 960 540
20132922278 960 540
20132922290 960 540
20132922299 960 540
20132922311 960 540
20132922318 960 540
20132922329 960 540
20132922337 960 540
20132922349 960 540
20132922357 960 540
20132922369 960 540
20132922381 960 540
20132922389 960 540
20132922401 960 540
20132922409 960 540
20132922422 960 540
20132922430 960 540
20132922442 960 540
20132922450 960 540
20132922462 960 540
20132922470 960 540
20132922482 960 540
20132922490 960 540
20132922502 960 540
20132922510 960 540
20132922522 960 540
20132922530 960 540
20132922542 960 540
20132922550 960 540
20132922562 960 540
20132922570 960 540
20132922582 960 540
20132922590 960 540
20132922602 960 540
20132922610 960 540
20132922622 960 540
20132922634 960 540
20132922642 960 540
20132922654 960 540
20132922662 960 540
20132922674 960 540
20132922682 960 540
20132922694 960 540
20132922702 960 540
20132922714 960 540
20132922722 960 540
20132922734 960 540
20132922742 960 540
20132922754 960 540
20132922762 960 540
20132922774 960 540
20132922782 960 540
20132922795 960 540
20132922802 960 540
20132922814 960 540
20132922822 960 540
20132922834 960 540
20132922842 960 540
20132922854 960 540
20132922862 960 540
20132922875 960 540
20132922887 1310 540
20132922894 1310 540
20132922906 1310 540
20132922914 1310 540
20132922926 1310 540
20132922934 1310 540
20132922946 1310 540
20132922954 1310 540
20132922966 1310 540
20132922974 1310 540
20132922986 1310 540
20132922994 1310 540
20132923006 1310 540
20132923014 1310 540
20132923026 1310 540
20132923034 1310 540
20132923046 1310 540
20132923054 1310 540
20132923066 1310 540
20132923074 1310 540
20132923086 1310 540
20132923094 1310 540
20132923106 1310 540
20132923114 1310 540
20132923126 1310 540
20132923138 1310 540
20132923147 1310 540
20132923158 1310 540
20132923166 1310 540
20132923178 1310 540
20132923186 1310 540
20132923198 1310 540
20132923206 1310 540
20132923218 1310 540
20132923226 1310 540
20132923238 1310 540
20132923246 1310 540
20132923258 1310 540
20132923266 1310 540
20132923278 1310 540
20132923286 1310 540
20132923298 1310 540
20132923306 1310 540
20132923318 1310 540
20132923326 1310 540
20132923338 1310 540
20132923346 1310 540
20132923358 1310 540
20132923366 1310 540
20132923378 1310 540
20132923390 1310 540
20132923398 1310 540
20132923410 1310 540
20132923419 1310 540
20132923430 1310 540
20132923438 1310 540
20132923450 1310 540
20132923458 1310 540
20132923470 1310 540
20132923478 1310 540
20132923490 1310 540
20132923498 1310 540
20132923510 1310 540
20132923518 1310 540
20132923530 1310 540
20132923538 1310 540
20132923550 1310 540
20132923558 1310 540
20132923570 1310 540
20132923578 1310 540
20132923590 1310 540
20132923598 1310 540
20132923610 1310 540
20132923618 1310 540
20132923630 1310 540
20132923642 1310 540
20132923650 1310 540
20132923662 1310 540
20132923670 1310 540
20132923682 1310 540
20132923690 1310 540
20132923702 1310 540
20132923710 1310 540
20132923722 1310 540
20132923730 1310 540
20132923742 1310 540
20132923750 1310 540
20132923762 1310 540
20132923770 1310 540
20132923782 1310 540
20132923790 1310 540
20132923802 1310 540
20132923810 1310 540
20132923822 1310 540
20132923830 1310 540
20132923842 1310 540
20132923850 1310 540
20132923862 1310 540
20132923870 1310 540
20132923882 1310 540
20132923894 1310 540
20132923902 1310 540
20132923914 1310 540
20132923922 1310 540
20132923934 1310 540
20132923942 1310 540
20132923954 1310 540
20132923962 1310 540
20132923974 1310 540
20132923982 1310 540
20132923994 1310 540
20132924002 1310 540
20132924014 1310 540
20132924022 1310 540
20132924034 1310 540
20132924042 1310 540
20132924054 1310 540
20132924062 1310 540
20132924074 1310 540
20132924082 1310 540
20132924094 1310 540
20132924102 1310 540
20132924114 1310 540
20132924122 1310 540
20132924134 1310 540
20132924146 1310 540
20132924154 1310 540
20132924166 1310 540
20132924174 1310 540
20132924186 1310 540
20132924194 1310 540
20132924206 1310 540
20132924214 1310 540
20132924226 1310 540
20132924234 1310 540
20132924246 1310 540
20132924254 1310 540
20132924266 1310 540
20132924274 1310 540
20132924286 1310 540
20132924294 1310 540
20132924306 1310 540
20132924314 1310 540
20132924326 1310 540
20132924334 1310 540
20132924346 1310 540
20132924354 1310 540
20132924366 1310 540
20132924374 1310 540
20132924387 960 540
20132924398 960 540
20132924406 960 540
20132924418 960 540
20132924426 960 540
20132924438 960 540
20132924446 960 540
20132924458 960 540
20132924466 960 540
20132924478 960 540
20132924487 960 540
20132924498 960 540
20132924506 960 540
20132924518 960 540
20132924526 960 540
20132924538 960 540
20132924546 960 540
20132924558 960 540
20132924566 960 540
20132924578 960 540
20132924586 960 540
20132924598 960 540
20132924606 960 540
20132924618 960 540
20132924626 960 540
20132924638 960 540
20132924650 960 540
20132924658 960 540
20132924670 960 540
20132924679 960 540
20132924690 960 540
20132924698 960 540
20132924710 960 540
20132924718 960 540
20132924730 960 540
20132924738 960 540
20132924750 960 540
20132924758 960 540
20132924770 960 540
20132924778 960 540
20132924790 960 540
20132924798 960 540
20132924810 960 540
20132924819 960 540
20132924830 960 540
20132924838 960 540
20132924850 960 540
20132924858 960 540
20132924870 960 540
20132924878 960 540
20132924890 960 540
20132924902 960 540
20132924910 960 540
20132924922 960 540
20132924930 960 540
20132924942 960 540
20132924950 960 540
20132924962 960 540
20132924970 960 540
20132924982 960 540
20132924990 960 540
20132925002 960 540
20132925010 960 540
20132925022 960 540
20132925030 960 540
20132925042 960 540
20132925050 960 540
20132925062 960 540
20132925070 960 540
20132925082 960 540
20132925090 960 540
20132925102 960 540
20132925110 960 540
20132925122 960 540
20132925130 960 540
20132925142 960 540
20132925154 960 540
20132925162 960 540
20132925174 960 540
20132925182 960 540
20132925194 960 540
20132925202 960 540
20132925214 960 540
20132925222 960 540
20132925234 960 540
20132925242 960 540
20132925254 960 540
20132925262 960 540
20132925274 960 540
20132925282 960 540
20132925294 960 540
20132925302 960 540
20132925314 960 540
20132925322 960 540
20132925334 960 540
20132925342 960 540
20132925354 960 540
20132925362 960 540
20132925374 960 540
20132925382 960 540
20132925394 960 540
20132925406 960 540
20132925414 960 540
20132925426 960 540
20132925434 960 540
20132925446 960 540
20132925454 960 540
20132925466 960 540
20132925474 960 540
20132925487 960 540
20132925494 960 540
20132925506 960 540
20132925514 960 540
20132925526 960 540
20132925534 960 540
20132925546 960 540
20132925554 960 540
20132925566 960 540
20132925574 960 540
20132925586 960 540
20132925594 960 540
20132925606 960 540
20132925614 960 540
20132925626 960 540
20132925634 960 540
20132925646 960 540
20132925658 960 540
20132925666 960 540
20132925678 960 540
20132925686 960 540
20132925698 960 540
20132925706 960 540
20132925718 960 540
20132925726 960 540
20132925738 960 540
20132925746 960 540
20132925758 960 540
20132925766 960 540
20132925778 960 540
20132925786 960 540
20132925798 960 540
20132925806 960 540
20132925818 960 540
20132925826 960 540
20132925838 960 540
20132925846 960 540
20132925858 960 540
20132925866 960 540
20132925878 960 540
20132925886 260 540
20132925898 260 540
20132925910 260 540
20132925919 260 540
20132925930 260 540
20132925938 260 540
20132925950 260 540
20132925958 260 540
20132925970 260 540
20132925978 260 540
20132925990 260 540
20132925998 260 540
20132926010 260 540
20132926018 260 540
20132926030 260 540
20132926038 260 540
20132926050 260 540
20132926058 260 540
20132926070 260 540
20132926078 260 540
20132926090 260 540
20132926098 260 540
20132926110 260 540
20132926118 260 540
20132926130 260 540
20132926138 260 540
20132926150 260 540
20132926162 260 540
20132926170 260 540
20132926182 260 540
20132926190 260 540
20132926202 260 540
20132926210 260 540
20132926222 260 540
20132926230 260 540
20132926242 260 540
20132926250 260 540
20132926262 260 540
20132926270 260 540
20132926282 260 540
20132926290 260 540
20132926302 260 540
20132926310 260 540
20132926322 260 540
20132926330 260 540
20132926342 260 540
20132926350 260 540
20132926362 260 540
20132926370 260 540
20132926382 260 540
20132926390 260 540
20132926402 260 540
20132926414 260 540
20132926422 260 540
20132926434 260 540
20132926442 260 540
20132926454 260 540
20132926462 260 540
20132926474 260 540
20132926482 260 540
20132926494 260 540
20132926502 260 540
20132926514 260 540
20132926522 260 540
20132926534 260 540
20132926542 260 540
20132926554 260 540
20132926562 260 540
20132926574 260 540
20132926582 260 540
20132926594 260 540
20132926602 260 540
20132926614 260 540
20132926622 260 540
20132926634 260 540
20132926642 260 540
20132926654 260 540
20132926666 260 540
20132926674 260 540
20132926686 260 540
20132926694 260 540
20132926706 260 540
20132926714 260 540
20132926726 260 540
20132926734 260 540
20132926746 260 540
20132926754 260 540
20132926766 260 540
20132926774 260 540
20132926786 260 540
20132926794 260 540
20132926806 260 540
20132926814 260 540
20132926826 260 540
20132926834 260 540
20132926846 260 540
20132926854 260 540
20132926866 260 540
20132926874 260 540
20132926886 260 540
20132926894 260 540
20132926906 260 540
20132926918 260 540
20132926926 260 540
20132926938 260 540
20132926946 260 540
20132926958 260 540
20132926966 260 540
20132926978 260 540
20132926986 260 540
20132926998 260 540
20132927006 260 540
20132927018 260 540
20132927026 260 540
20132927038 260 540
20132927046 260 540
20132927058 260 540
20132927066 260 540
20132927078 260 540
20132927086 260 540
20132927098 260 540
20132927106 260 540
20132927118 260 540
20132927126 260 540
20132927138 260 540
20132927146 260 540
20132927158 260 540
20132927170 260 540
20132927178 260 540
20132927190 260 540
20132927198 260 540
20132927210 260 540
20132927218 260 540
20132927230 260 540
20132927238 260 540
20132927250 260 540
20132927258 260 540
20132927270 260 540
20132927278 260 540
20132927290 260 540
20132927298 260 540
20132927310 260 540
20132927318 260 540
20132927330 260 540
20132927338 260 540
20132927350 260 540
20132927358 260 540
20132927370 260 540
20132927378 260 540
20132927391 960 540
20132927398 960 540
20132927410 960 540
20132927422 960 540
20132927430 960 540
20132927442 960 540
20132927450 960 540
20132927462 960 540
20132927470 960 540
20132927482 960 540
20132927491 960 540
20132927503 960 540
20132927510 960 540
20132927522 960 540
20132927530 960 540
20132927542 960 540
20132927550 960 540
20132927562 960 540
20132927570 960 540
20132927582 960 540
20132927590 960 540
20132927602 960 540
20132927610 960 540
20132927622 960 540
20132927630 960 540
20132927642 960 540
20132927650 960 540
20132927662 960 540
20132927674 960 540
20132927682 960 540
20132927694 960 540
20132927702 960 540
20132927714 960 540
20132927722 960 540
20132927734 960 540
20132927742 960 540
20132927754 960 540
20132927762 960 540
20132927774 960 540
20132927782 960 540
20132927794 960 540
20132927802 960 540
20132927814 960 540
20132927822 960 540
20132927834 960 540
20132927842 960 540
20132927854 960 540
20132927862 960 540
20132927874 960 540
20132927882 960 540
20132927894 960 540
20132927902 960 540
20132927914 960 540
20132927926 960 540
20132927934 960 540
20132927946 960 540
20132927954 960 540
20132927966 960 540
20132927974 960 540
20132927986 960 540
20132927994 960 540
20132928006 960 540
20132928014 960 540
20132928026 960 540
20132928034 960 540
20132928046 960 540
20132928054 960 540
20132928066 960 540
20132928074 960 540
20132928086 960 540
20132928094 960 540
20132928106 960 540
20132928114 960 540
20132928126 960 540
20132928134 960 540
20132928146 960 540
20132928154 960 540
20132928166 960 540
20132928178 960 540
20132928186 960 540
20132928198 960 540
20132928206 960 540
20132928218 960 540
20132928226 960 540
20132928238 960 540
20132928246 960 540
20132928258 960 540
20132928266 960 540
20132928278 960 540
20132928286 960 540
20132928298 960 540
20132928306 960 540
20132928318 960 540
20132928326 960 540
20132928338 960 540
20132928346 960 540
20132928358 960 540
20132928366 960 540
20132928378 960 540
20132928386 960 540
20132928398 960 540
20132928406 960 540
20132928418 960 540
20132928430 960 540
20132928438 960 540
20132928452 960 540
20132928460 960 540
20132928469 960 540
20132928477 960 540
20132928491 960 540
20132928497 960 540
20132928509 960 540
20132928517 960 540
20132928529 960 540
20132928537 960 540
20132928549 960 540
20132928557 960 540
20132928569 960 540
20132928577 960 540
20132928590 960 540
20132928598 960 540
20132928610 960 540
20132928618 960 540
20132928630 960 540
20132928638 960 540
20132928650 960 540
20132928658 960 540
20132928671 960 540
20132928682 960 540
20132928690 960 540
20132928702 960 540
20132928710 960 540
20132928722 960 540
20132928730 960 540
20132928742 960 540
20132928750 960 540
20132928762 960 540
20132928770 960 540
20132928782 960 540
20132928790 960 540
20132928802 960 540
20132928810 960 540
20132928822 960 540
20132928830 960 540
20132928842 960 540
20132928850 960 540
20132928862 960 540
20132928870 960 540
20132928883 960 540
20132928890 1310 540
20132928903 1310 540
20132928910 1310 540
20132928922 1310 540
20132928934 1310 540
20132928942 1310 540
20132928954 1310 540
20132928962 1310 540
20132928974 1310 540
20132928982 1310 540
20132928994 1310 540
20132929002 1310 540
20132929014 1310 540
20132929022 1310 540
20132929034 1310 540
20132929042 1310 540
20132929054 1310 540
20132929062 1310 540
20132929074 1310 540
20132929082 1310 540
20132929094 1310 540
20132929102 1310 540
20132929114 1310 540
20132929122 1310 540
20132929134 1310 540
20132929142 1310 540
20132929154 1310 540
20132929162 1310 540
20132929174 1310 540
20132929186 1310 540
20132929194 1310 540
20132929206 1310 540
20132929214 1310 540
20132929226 1310 540
20132929234 1310 540
20132929246 1310 540
20132929254 1310 540
20132929266 1310 540
20132929274 1310 540
20132929286 1310 540
20132929295 1310 540
20132929306 1310 540
20132929314 1310 540
20132929326 1310 540
20132929334 1310 540
20132929346 1310 540
20132929354 1310 540
20132929366 1310 540
20132929375 1310 540
20132929386 1310 540
20132929394 1310 540
20132929406 1310 540
20132929414 1310 540
20132929426 1310 540
20132929438 1310 540
20132929446 1310 540
20132929458 1310 540
20132929466 1310 540
20132929478 1310 540
20132929487 1310 540
20132929498 1310 540
20132929506 1310 540
20132929518 1310 540
20132929526 1310 540
20132929538 1310 540
20132929546 1310 540
20132929559 1310 540
20132929566 1310 540
20132929578 1310 540
20132929586 1310 540
20132929598 1310 540
20132929606 1310 540
20132929618 1310 540
20132929626 1310 540
20132929638 1310 540
20132929646 1310 540
20132929659 1310 540
20132929666 1310 540
20132929678 1310 540
20132929690 1310 540
20132929698 1310 540
20132929710 1310 540
20132929718 1310 540
20132929730 1310 540
20132929738 1310 540
20132929750 1310 540
20132929758 1310 540
20132929770 1310 540
20132929778 1310 540
20132929790 1310 540
20132929798 1310 540
20132929810 1310 540
20132929818 1310 540
20132929830 1310 540
20132929838 1310 540
20132929850 1310 540
20132929858 1310 540
20132929870 1310 540
20132929878 1310 540
20132929890 1310 540
20132929898 1310 540
20132929910 1310 540
20132929918 1310 540
20132929930 1310 540
20132929942 1310 540
20132929950 1310 540
20132929962 1310 540
20132929970 1310 540
20132929982 1310 540
20132929990 1310 540
20132930002 1310 540
20132930010 1310 540
20132930022 1310 540
20132930030 1310 540
20132930042 1310 540
20132930050 1310 540
20132930062 1310 540
20132930070 1310 540
20132930082 1310 540
20132930090 1310 540
20132930102 1310 540
20132930110 1310 540
20132930122 1310 540
20132930130 1310 540
20132930142 1310 540
20132930150 1310 540
20132930162 1310 540
20132930170 1310 540
20132930182 1310 540
20132930194 1310 540
20132930202 1310 540
20132930214 1310 540
20132930222 1310 540
20132930234 1310 540
20132930242 1310 540
20132930254 1310 540
20132930262 1310 540
20132930274 1310 540
20132930282 1310 540
20132930295 1310 540
20132930302 1310 540
20132930314 1310 540
20132930322 1310 540
20132930334 1310 540
20132930342 1310 540
20132930354 1310 540
20132930362 1310 540
20132930375 1310 540
20132930382 1310 540
20132930395 960 540
20132930402 960 540
20132930414 960 540
20132930422 960 540
20132930434 960 540
20132930446 960 540
20132930454 960 540
20132930466 960 540
20132930474 960 540
20132930487 960 540
20132930494 960 540
20132930506 960 540
20132930514 960 540
20132930526 960 540
20132930534 960 540
20132930546 960 540
20132930554 960 540
20132930566 960 540
20132930574 960 540
20132930586 960 540
20132930594 960 540
20132930606 960 540
20132930614 960 540
20132930626 960 540
20132930634 960 540
20132930646 960 540
20132930654 960 540
20132930666 960 540
20132930674 960 540
20132930686 960 540
20132930698 960 540
20132930706 960 540
20132930718 960 540
20132930726 960 540
20132930738 960 540
20132930746 960 540
20132930758 960 540
20132930766 960 540
20132930778 960 540
20132930786 960 540
20132930798 960 540
20132930806 960 540
20132930818 960 540
20132930826 960 540
20132930838 960 540
20132930846 960 540
20132930858 960 540
20132930866 960 540
20132930878 960 540
20132930886 960 540
20132930898 960 540
20132930906 960 540
20132930918 960 540
20132930926 960 540
20132930938 960 540
20132930950 960 540
20132930958 960 540
20132930970 960 540
20132930978 960 540
20132930990 960 540
20132930998 960 540
20132931010 960 540
20132931018 960 540
20132931030 960 540
20132931038 960 540
20132931050 960 540
20132931058 960 540
20132931070 960 540
20132931078 960 540
20132931090 960 540
20132931098 960 540
20132931110 960 540
20132931118 960 540
20132931130 960 540
20132931138 960 540
20132931150 960 540
20132931158 960 540
20132931170 960 540
20132931178 960 540
20132931190 960 540
20132931202 960 540
20132931210 960 540
20132931222 960 540
20132931230 960 540
20132931242 960 540
20132931250 960 540
20132931262 960 540
20132931270 960 540
20132931282 960 540
20132931290 960 540
20132931302 960 540
20132931310 960 540
20132931322 960 540
20132931330 960 540
20132931342 960 540
20132931350 960 540
20132931362 960 540
20132931370 960 540
20132931382 960 540
20132931390 960 540
20132931402 960 540
20132931410 960 540
20132931422 960 540
20132931430 960 540
20132931442 960 540
20132931454 960 540
20132931462 960 540
20132931474 960 540
20132931482 960 540
20132931494 960 540
20132931502 960 540
20132931514 960 540
20132931522 960 540
20132931534 960 540
20132931542 960 540
20132931554 960 540
20132931562 960 540
20132931574 960 540
20132931582 960 540
20132931594 960 540
20132931602 960 540
20132931614 960 540
20132931622 960 540
20132931634 960 540
20132931642 960 540
20132931654 960 540
20132931662 960 540
20132931674 960 540
20132931682 960 540
20132931694 960 540
20132931706 960 540
20132931714 960 540
20132931726 960 540
20132931734 960 540
20132931746 960 540
20132931754 960 540
20132931766 960 540
20132931774 960 540
20132931786 960 540
20132931795 960 540
20132931806 960 540
20132931814 960 540
20132931826 960 540
20132931834 960 540
20132931846 960 540
20132931854 960 540
20132931866 960 540
20132931875 960 540
20132931886 960 540
20132931894 1660 540
20132931907 1660 540
20132931914 1660 540
20132931926 1660 540
20132931934 1660 540
20132931946 1660 540
20132931958 1660 540
20132931966 1660 540
20132931978 1660 540
20132931986 1660 540
20132931998 1660 540
20132932006 1660 540
20132932018 1660 540
20132932026 1660 540
20132932038 1660 540
20132932046 1660 540
20132932058 1660 540
20132932066 1660 540
20132932078 1660 540
20132932086 1660 540
20132932098 1660 540
20132932106 1660 540
20132932118 1660 540
20132932126 1660 540
20132932138 1660 540
20132932147 1660 540
20132932158 1660 540
20132932166 1660 540
20132932178 1660 540
20132932186 1660 540
20132932198 1660 540
20132932210 1660 540
20132932218 1660 540
20132932230 1660 540
20132932238 1660 540
20132932250 1660 540
20132932258 1660 540
20132932270 1660 540
20132932278 1660 540
20132932290 1660 540
20132932298 1660 540
20132932310 1660 540
20132932318 1660 540
20132932330 1660 540
20132932338 1660 540
20132932350 1660 540
20132932358 1660 540
20132932370 1660 540
20132932378 1660 540
20132932390 1660 540
20132932398 1660 540
20132932410 1660 540
20132932419 1660 540
20132932430 1660 540
20132932438 1660 540
20132932450 1660 540
20132932462 1660 540
20132932470 1660 540
20132932482 1660 540
20132932490 1660 540
20132932502 1660 540
20132932510 1660 540
20132932522 1660 540
20132932530 1660 540
20132932542 1660 540
20132932550 1660 540
20132932563 1660 540
20132932570 1660 540
20132932582 1660 540
20132932590 1660 540
20132932602 1660 540
20132932610 1660 540
20132932622 1660 540
20132932630 1660 540
20132932642 1660 540
20132932650 1660 540
20132932662 1660 540
20132932670 1660 540
20132932682 1660 540
20132932690 1660 540
20132932702 1660 540
20132932714 1660 540
20132932722 1660 540
20132932734 1660 540
20132932742 1660 540
20132932755 1660 540
20132932762 1660 540
20132932774 1660 540
20132932782 1660 540
20132932794 1660 540
20132932803 1660 540
20132932814 1660 540
20132932822 1660 540
20132932834 1660 540
20132932842 1660 540
20132932854 1660 540
20132932862 1660 540
20132932875 1660 540
20132932882 1660 540
20132932894 1660 540
20132932902 1660 540
20132932914 1660 540
20132932922 1660 540
20132932934 1660 540
20132932942 1660 540
20132932954 1660 540
20132932966 1660 540
20132932975 1660 540
20132932986 1660 540
20132932994 1660 540
20132933006 1660 540
20132933014 1660 540
20132933026 1660 540
20132933034 1660 540
20132933046 1660 540
20132933054 1660 540
20132933066 1660 540
20132933074 1660 540
20132933086 1660 540
20132933094 1660 540
20132933106 1660 540
20132933114 1660 540
20132933126 1660 540
20132933134 1660 540
20132933147 1660 540
20132933154 1660 540
20132933166 1660 540
20132933174 1660 540
20132933186 1660 540
20132933194 1660 540
20132933206 1660 540
20132933218 1660 540
20132933226 1660 540
20132933238 1660 540
20132933246 1660 540
20132933258 1660 540
20132933266 1660 540
20132933278 1660 540
20132933286 1660 540
20132933298 1660 540
20132933306 1660 540
20132933318 1660 540
20132933326 1660 540
20132933338 1660 540
20132933346 1660 540
20132933358 1660 540
20132933366 1660 540
20132933378 1660 540
20132933386 1660 540
20132933399 960 540
20132933406 960 540
20132933419 960 540
20132933426 960 540
20132933438 960 540
20132933446 960 540
20132933458 960 540
20132933470 960 540
20132933478 960 540
20132933490 960 540
20132933498 960 540
20132933510 960 540
20132933518 960 540
20132933530 960 540
20132933538 960 540
20132933550 960 540
20132933558 960 540
20132933570 960 540
20132933578 960 540
20132933590 960 540
20132933598 960 540
20132933610 960 540
20132933618 960 540
20132933630 960 540
20132933638 960 540
20132933650 960 540
20132933658 960 540
20132933670 960 540
20132933678 960 540
20132933690 960 540
20132933698 960 540
20132933710 960 540
20132933722 960 540
20132933730 960 540
20132933742 960 540
20132933750 960 540
20132933762 960 540
20132933770 960 540
20132933782 960 540
20132933790 960 540
20132933802 960 540
20132933810 960 540
20132933822 960 540
20132933830 960 540
20132933842 960 540
20132933850 960 540
20132933862 960 540
20132933870 960 540
20132933882 960 540
20132933890 960 540
20132933902 960 540
20132933910 960 540
20132933922 960 540
20132933930 960 540
20132933942 960 540
20132933950 960 540
20132933962 960 540
20132933974 960 540
20132933982 960 540
20132933994 960 540
20132934002 960 540
20132934014 960 540
20132934022 960 540
20132934034 960 540
20132934042 960 540
20132934054 960 540
20132934062 960 540
20132934074 960 540
20132934082 960 540
20132934094 960 540
20132934102 960 540
20132934114 960 540
20132934122 960 540
20132934134 960 540
20132934142 960 540
20132934154 960 540
20132934162 960 540
20132934174 960 540
20132934182 960 540
20132934194 960 540
20132934202 960 540
20132934214 960 540
20132934226 960 540
20132934234 960 540
20132934246 960 540
20132934254 960 540
20132934266 960 540
20132934274 960 540
20132934286 960 540
20132934294 960 540
20132934306 960 540
20132934315 960 540
20132934327 960 540
20132934334 960 540
20132934346 960 540
20132934354 960 540
20132934366 960 540
20132934374 960 540
20132934386 960 540
20132934394 960 540
20132934406 960 540
20132934414 960 540
20132934426 960 540
20132934434 960 540
20132934446 960 540
20132934454 960 540
20132934466 960 540
20132934478 960 540
20132934486 960 540
20132934498 960 540
20132934506 960 540
20132934518 960 540
20132934526 960 540
20132934538 960 540
20132934546 960 540
20132934558 960 540
20132934566 960 540
20132934578 960 540
20132934586 960 540
20132934598 960 540
20132934606 960 540
20132934618 960 540
20132934626 960 540
20132934638 960 540
20132934646 960 540
20132934658 960 540
20132934666 960 540
20132934678 960 540
20132934686 960 540
20132934698 960 540
20132934706 960 540
20132934718 960 540
20132934730 960 540
20132934738 960 540
20132934750 960 540
20132934758 960 540
20132934770 960 540
20132934778 960 540
20132934790 960 540
20132934798 960 540
20132934810 960 540
20132934818 960 540
20132934830 960 540
20132934838 960 540
20132934850 960 540
20132934858 960 540
20132934870 960 540
20132934878 960 540
20132934890 960 540
20132934898 785 540
20132934911 785 540
20132934918 785 540
20132934930 785 540
20132934938 785 540
20132934950 785 540
20132934958 785 540
20132934970 785 540
20132934982 785 540
20132934990 785 540
20132935002 785 540
20132935010 785 540
20132935022 785 540
20132935030 785 540
20132935042 785 540
20132935050 785 540
20132935063 785 540
20132935070 785 540
20132935082 785 540
20132935090 785 540
20132935102 785 540
20132935110 785 540
20132935122 785 540
20132935130 785 540
20132935142 785 540
20132935150 785 540
20132935162 785 540
20132935170 785 540
20132935182 785 540
20132935190 785 540
20132935202 785 540
20132935210 785 540
20132935222 785 540
20132935234 785 540
20132935242 785 540
20132935254 785 540
20132935262 785 540
20132935274 785 540
20132935282 785 540
20132935294 785 540
20132935302 785 540
20132935314 785 540
20132935322 785 540
20132935334 785 540
20132935342 785 540
20132935354 785 540
20132935362 785 540
20132935374 785 540
20132935382 785 540
20132935394 785 540
20132935402 785 540
20132935414 785 540
20132935422 785 540
20132935434 785 540
20132935442 785 540
20132935454 785 540
20132935462 785 540
20132935474 785 540
20132935486 785 540
20132935494 785 540
20132935506 785 540
20132935514 785 540
20132935526 785 540
20132935534 785 540
20132935546 785 540
20132935554 785 540
20132935566 785 540
20132935574 785 540
20132935586 785 540
20132935594 785 540
20132935606 785 540
20132935614 785 540
20132935626 785 540
20132935634 785 540
20132935646 785 540
20132935654 785 540
20132935666 785 540
20132935674 785 540
20132935686 785 540
20132935694 785 540
20132935706 785 540
20132935714 785 540
20132935726 785 540
20132935738 785 540
20132935746 785 540
20132935758 785 540
20132935766 785 540
20132935778 785 540
20132935786 785 540
20132935798 785 540
20132935806 785 540
20132935818 785 540
20132935826 785 540
20132935838 785 540
20132935846 785 540
20132935858 785 540
20132935866 785 540
20132935878 785 540
20132935886 785 540
20132935898 785 540
20132935906 785 540
20132935918 785 540
20132935926 785 540
20132935938 785 540
20132935946 785 540
20132935958 785 540
20132935966 785 540
20132935978 785 540
20132935990 785 540
20132935998 785 540
20132936010 785 540
20132936018 785 540
20132936030 785 540
20132936038 785 540
20132936050 785 540
20132936058 785 540
20132936070 785 540
20132936078 785 540
20132936090 785 540
20132936098 785 540
20132936110 785 540
20132936118 785 540
20132936130 785 540
20132936138 785 540
20132936150 785 540
20132936158 785 540
20132936170 785 540
20132936178 785 540
20132936190 785 540
20132936198 785 540
20132936210 785 540
20132936218 785 540
20132936230 785 540
20132936242 785 540
20132936250 785 540
20132936262 785 540
20132936270 785 540
20132936282 785 540
20132936290 785 540
20132936302 785 540
20132936310 785 540
20132936322 785 540
20132936330 785 540
20132936342 785 540
20132936350 785 540
20132936362 785 540
20132936370 785 540
20132936382 785 540
20132936390 785 540
20132936403 960 540
20132936410 960 540
20132936422 960 540
20132936430 960 540
20132936442 960 540
20132936450 960 540
20132936462 960 540
20132936470 960 540
20132936482 960 540
20132936494 960 540
20132936502 960 540
20132936514 960 540
20132936522 960 540
20132936534 960 540
20132936542 960 540
20132936554 960 540
20132936562 960 540
20132936574 960 540
20132936582 960 540
20132936594 960 540
20132936602 960 540
20132936614 960 540
20132936622 960 540
20132936634 960 540
20132936642 960 540
20132936654 960 540
20132936662 960 540
20132936674 960 540
20132936682 960 540
20132936694 960 540
20132936702 960 540
20132936714 960 540
20132936722 960 540
20132936734 960 540
20132936746 960 540
20132936754 960 540
20132936766 960 540
20132936774 960 540
20132936786 960 540
20132936794 960 540
20132936806 960 540
20132936814 960 540
20132936826 960 540
20132936834 960 540
20132936846 960 540
20132936854 960 540
20132936866 960 540
20132936875 960 540
20132936886 960 540
20132936894 960 540
20132936906 960 540
20132936914 960 540
20132936926 960 540
20132936934 960 540
20132936946 960 540
20132936954 960 540
20132936966 960 540
20132936974 960 540
20132936986 960 540
20132936998 960 540
20132937006 960 540
20132937018 960 540
20132937026 960 540
20132937038 960 540
20132937046 960 540
20132937058 960 540
20132937066 960 540
20132937078 960 540
20132937086 960 540
20132937098 960 540
20132937106 960 540
20132937118 960 540
20132937127 960 540
20132937138 960 540
20132937147 960 540
20132937158 960 540
20132937166 960 540
20132937178 960 540
20132937186 960 540
20132937198 960 540
20132937206 960 540
20132937218 960 540
20132937226 960 540
20132937238 960 540
20132937250 960 540
20132937258 960 540
20132937270 960 540
20132937278 960 540
20132937290 960 540
20132937298 960 540
20132937310 960 540
20132937318 960 540
20132937330 960 540
20132937338 960 540
20132937350 960 540
20132937358 960 540
20132937370 960 540
20132937378 960 540
20132937390 960 540
20132937398 960 540
20132937410 960 540
20132937419 960 540
20132937430 960 540
20132937438 960 540
20132937450 960 540
20132937458 960 540
20132937470 960 540
20132937478 960 540
20132937490 960 540
20132937502 960 540
20132937510 960 540
20132937522 960 540
20132937530 960 540
20132937542 960 540
20132937550 960 540
20132937562 960 540
20132937570 960 540
20132937582 960 540
20132937590 960 540
20132937602 960 540
20132937610 960 540
20132937622 960 540
20132937630 960 540
20132937642 960 540
20132937650 960 540
20132937662 960 540
20132937670 960 540
20132937682 960 540
20132937690 960 540
20132937702 960 540
20132937710 960 540
20132937722 960 540
20132937730 960 540
20132937742 960 540
20132937754 960 540
20132937762 960 540
20132937774 960 540
20132937782 960 540
20132937794 960 540
20132937802 960 540
20132937814 960 540
20132937822 960 540
20132937834 960 540
20132937842 960 540
20132937854 960 540
20132937862 960 540
20132937874 960 540
20132937882 960 540
20132937894 960 540
20132937902 610 540
20132937914 610 540
20132937922 610 540
20132937934 610 540
20132937942 610 540
20132937954 610 540
20132937962 610 540
20132937974 610 540
20132937982 610 540
20132937994 610 540
20132938006 610 540
20132938014 610 540
20132938026 610 540
20132938034 610 540
20132938046 610 540
20132938054 610 540
20132938066 610 540
20132938074 610 540
20132938086 610 540
20132938094 610 540
20132938106 610 540
20132938114 610 540
20132938126 610 540
20132938134 610 540
20132938147 610 540
20132938154 610 540
20132938166 610 540
20132938174 610 540
20132938186 610 540
20132938194 610 540
20132938206 610 540
20132938214 610 540
20132938226 610 540
20132938234 610 540
20132938246 610 540
20132938258 610 540
20132938266 610 540
20132938278 610 540
20132938286 610 540
20132938298 610 540
20132938306 610 540
20132938318 610 540
20132938326 610 540
20132938338 610 540
20132938346 610 540
20132938358 610 540
20132938366 610 540
20132938378 610 540
20132938386 610 540
20132938398 610 540
20132938406 610 540
20132938418 610 540
20132938426 610 540
20132938438 610 540
20132938446 610 540
20132938458 610 540
20132938466 610 540
20132938478 610 540
20132938486 610 540
20132938498 610 540
20132938510 610 540
20132938518 610 540
20132938530 610 540
20132938538 610 540
20132938550 610 540
20132938558 610 540
20132938570 610 540
20132938578 610 540
20132938590 610 540
20132938598 610 540
20132938610 610 540
20132938618 610 540
20132938630 610 540
20132938638 610 540
20132938650 610 540
20132938658 610 540
20132938670 610 540
20132938678 610 540
20132938690 610 540
20132938698 610 540
20132938710 610 540
20132938718 610 540
20132938730 610 540
20132938738 610 540
20132938750 610 540
20132938762 610 540
20132938770 610 540
20132938782 610 540
20132938790 610 540
20132938802 610 540
20132938810 610 540
20132938822 610 540
20132938830 610 540
20132938842 610 540
20132938850 610 540
20132938862 610 540
20132938870 610 540
20132938882 610 540
20132938890 610 540
20132938902 610 540
20132938910 610 540
20132938922 610 540
20132938930 610 540
20132938942 610 540
20132938950 610 540
20132938962 610 540
20132938970 610 540
20132938982 610 540
20132938990 610 540
20132939002 610 540
20132939014 610 540
20132939022 610 540
20132939034 610 540
20132939042 610 540
20132939054 610 540
20132939062 610 540
20132939074 610 540
20132939082 610 540
20132939094 610 540
20132939102 610 540
20132939114 610 540
20132939122 610 540
20132939134 610 540
20132939142 610 540
20132939154 610 540
20132939162 610 540
20132939174 610 540
20132939182 610 540
20132939194 610 540
20132939202 610 540
20132939214 610 540
20132939222 610 540
20132939234 610 540
20132939242 610 540
20132939254 610 540
20132939266 610 540
20132939274 610 540
20132939286 610 540
20132939294 610 540
20132939306 610 540
20132939314 610 540
20132939326 610 540
20132939334 610 540
20132939346 610 540
20132939354 610 540
20132939366 610 540
20132939374 610 540
20132939386 610 540
20132939394 610 540
20132939407 960 540
20132939414 960 540
20132939426 960 540
20132939434 960 540
20132939446 960 540
20132939454 960 540
20132939466 960 540
20132939474 960 540
20132939486 960 540
20132939494 960 540
20132939506 960 540
20132939518 960 540
20132939526 960 540
20132939538 960 540
20132939546 960 540
20132939558 960 540
20132939567 960 540
20132939578 960 540
20132939586 960 540
20132939598 960 540
20132939606 960 540
20132939618 960 540
20132939626 960 540
20132939638 960 540
20132939646 960 540
20132939658 960 540
20132939666 960 540
20132939678 960 540
20132939686 960 540
20132939698 960 540
20132939706 960 540
20132939718 960 540
20132939726 960 540
20132939738 960 540
20132939746 960 540
20132939758 960 540
20132939770 960 540
20132939778 960 540
20132939790 960 540
20132939798 960 540
20132939810 960 540
20132939818 960 540
20132939830 960 540
20132939838 960 540
20132939850 960 540
20132939858 960 540
20132939870 960 540
20132939878 960 540
20132939890 960 540
20132939898 960 540
20132939910 960 540
20132939918 960 540
20132939930 960 540
20132939938 960 540
20132939950 960 540
20132939958 960 540
20132939970 960 540
20132939978 960 540
20132939990 960 540
20132939998 960 540
20132940010 960 540
20132940022 960 540
20132940030 960 540
20132940042 960 540
20132940050 960 540
20132940062 960 540
20132940070 960 540
20132940082 960 540
20132940090 960 540
20132940102 960 540
20132940110 960 540
20132940122 960 540
20132940130 960 540
20132940142 960 540
20132940150 960 540
20132940162 960 540
20132940170 960 540
20132940182 960 540
20132940190 960 540
20132940202 960 540
20132940210 960 540
20132940222 960 540
20132940230 960 540
20132940242 960 540
20132940250 960 540
20132940262 960 540
20132940274 960 540
20132940282 960 540
20132940294 960 540
20132940302 960 540
20132940314 960 540
20132940322 960 540
20132940334 960 540
20132940342 960 540
20132940354 960 540
20132940362 960 540
20132940374 960 540
20132940382 960 540
20132940394 960 540
20132940402 960 540
20132940414 960 540
20132940422 960 540
20132940434 960 540
20132940442 960 540
20132940454 960 540
20132940462 960 540
20132940474 960 540
20132940482 960 540
20132940494 960 540
20132940502 960 540
20132940514 960 540
20132940526 960 540
20132940534 960 540
20132940546 960 540
20132940554 960 540
20132940566 960 540
20132940574 960 540
20132940586 960 540
20132940594 960 540
20132940606 960 540
20132940614 960 540
20132940626 960 540
20132940634 960 540
20132940646 960 540
20132940654 960 540
20132940666 960 540
20132940674 960 540
20132940686 960 540
20132940694 960 540
20132940706 960 540
20132940714 960 540
20132940726 960 540
20132940734 960 540
20132940746 960 540
20132940754 960 540
20132940766 960 540
20132940778 960 540
20132940786 960 540
20132940798 960 540
20132940806 960 540
20132940818 960 540
20132940826 960 540
20132940838 960 540
20132940846 960 540
20132940858 960 540
20132940866 960 540
20132940878 960 540
20132940886 960 540
20132940898 960 540
20132940906 785 540
20132940918 785 540
20132940926 785 540
20132940938 785 540
20132940946 785 540
20132940958 785 540
20132940966 785 540
20132940978 785 540
20132940986 785 540
20132940998 785 540
20132941006 785 540
20132941018 785 540
20132941030 785 540
20132941038 785 540
20132941050 785 540
20132941058 785 540
20132941070 785 540
20132941078 785 540
20132941090 785 540
20132941098 785 540
20132941110 785 540
20132941118 785 540
20132941130 785 540
20132941138 785 540
20132941150 785 540
20132941158 785 540
20132941170 785 540
20132941178 785 540
20132941190 785 540
20132941198 785 540
20132941210 785 540
20132941218 785 540
20132941230 785 540
20132941238 785 540
20132941250 785 540
20132941258 785 540
20132941270 785 540
20132941282 785 540
20132941290 785 540
20132941302 785 540
20132941310 785 540
20132941322 785 540
20132941330 785 540
20132941342 785 540
20132941350 785 540
20132941362 785 540
20132941370 785 540
20132941382 785 540
20132941390 785 540
20132941402 785 540
20132941410 785 540
20132941422 785 540
20132941430 785 540
20132941442 785 540
20132941450 785 540
20132941462 785 540
20132941470 785 540
20132941482 785 540
20132941490 785 540
20132941502 785 540
20132941510 785 540
20132941522 785 540
20132941534 785 540
20132941542 785 540
20132941554 785 540
20132941562 785 540
20132941574 785 540
20132941582 785 540
20132941594 785 540
20132941602 785 540
20132941614 785 540
20132941622 785 540
20132941634 785 540
20132941642 785 540
20132941654 785 540
20132941662 785 540
20132941674 785 540
20132941682 785 540
20132941694 785 540
20132941702 785 540
20132941714 785 540
20132941722 785 540
20132941734 785 540
20132941742 785 540
20132941754 785 540
20132941762 785 540
20132941774 785 540
20132941786 785 540
20132941794 785 540
20132941806 785 540
20132941814 785 540
20132941826 785 540
20132941834 785 540
20132941846 785 540
20132941854 785 540
20132941866 785 540
20132941874 785 540
20132941886 785 540
20132941894 785 540
20132941906 785 540
20132941914 785 540
20132941926 785 540
20132941934 785 540
20132941946 785 540
20132941954 785 540
20132941966 785 540
20132941974 785 540
20132941986 785 540
20132941994 785 540
20132942006 785 540
20132942014 785 540
20132942026 785 540
20132942038 785 540
20132942046 785 540
20132942058 785 540
20132942066 785 540
20132942078 785 540
20132942086 785 540
20132942098 785 540
20132942106 785 540
20132942118 785 540
20132942126 785 540
20132942138 785 540
20132942146 785 540
20132942158 785 540
20132942166 785 540
20132942178 785 540
20132942186 785 540
20132942198 785 540
20132942206 785 540
20132942218 785 540
20132942226 785 540
20132942238 785 540
20132942246 785 540
20132942258 785 540
20132942266 785 540
20132942278 785 540
20132942290 785 540
20132942298 785 540
20132942310 785 540
20132942318 785 540
20132942330 785 540
20132942338 785 540
20132942350 785 540
20132942358 785 540
20132942370 785 540
20132942378 785 540
20132942390 785 540
20132942398 785 540
20132942411 960 540
20132942418 960 540
20132942430 960 540
20132942438 960 540
20132942450 960 540
20132942458 960 540
20132942470 960 540
20132942478 960 540
20132942490 960 540
20132942498 960 540
20132942510 960 540
20132942518 960 540
20132942530 960 540
20132942542 960 540
20132942550 960 540
20132942562 960 540
20132942570 960 540
20132942582 960 540
20132942590 960 540
20132942602 960 540
20132942610 960 540
20132942622 960 540
20132942630 960 540
20132942642 960 540
20132942650 960 540
20132942662 960 540
20132942670 960 540
20132942682 960 540
20132942690 960 540
20132942702 960 540
20132942710 960 540
20132942722 960 540
20132942730 960 540
20132942742 960 540
20132942750 960 540
20132942762 960 540
20132942770 960 540
20132942782 960 540
20132942794 960 540
20132942802 960 540
20132942814 960 540
20132942822 960 540
20132942834 960 540
20132942842 960 540
20132942854 960 540
20132942862 960 540
20132942874 960 540
20132942882 960 540
20132942894 960 540
20132942902 960 540
20132942914 960 540
20132942922 960 540
20132942934 960 540
20132942942 960 540
20132942954 960 540
20132942962 960 540
20132942974 960 540
20132942982 960 540
20132942994 960 540
20132943002 960 540
20132943014 960 540
20132943022 960 540
20132943034 960 540
20132943046 960 540
20132943054 960 540
20132943066 960 540
20132943074 960 540
20132943086 960 540
20132943094 960 540
20132943106 960 540
20132943114 960 540
20132943126 960 540
20132943134 960 540
20132943146 960 540
20132943154 960 540
20132943166 960 540
20132943174 960 540
20132943186 960 540
20132943194 960 540
20132943206 960 540
20132943214 960 540
20132943226 960 540
20132943234 960 540
20132943246 960 540
20132943254 960 540
20132943266 960 540
20132943274 960 540
20132943286 960 540
20132943298 960 540
20132943306 960 540
20132943318 960 540
20132943326 960 540
20132943338 960 540
20132943346 960 540
20132943358 960 540
20132943366 960 540
20132943378 960 540
20132943386 960 540
20132943398 960 540
20132943406 960 540
20132943418 960 540
20132943426 960 540
20132943438 960 540
20132943446 960 540
20132943458 960 540
20132943466 960 540
20132943478 960 540
20132943486 960 540
20132943498 960 540
20132943506 960 540
20132943518 960 540
20132943526 960 540
20132943538 960 540
20132943550 960 540
20132943558 960 540
20132943570 960 540
20132943578 960 540
20132943590 960 540
20132943598 960 540
20132943610 960 540
20132943618 960 540
20132943630 960 540
20132943638 960 540
20132943650 960 540
20132943658 960 540
20132943670 960 540
20132943678 960 540
20132943690 960 540
20132943698 960 540
20132943710 960 540
20132943718 960 540
20132943730 960 540
20132943738 960 540
20132943750 960 540
20132943758 960 540
20132943770 960 540
20132943778 960 540
20132943790 960 540
20132943802 960 540
20132943810 960 540
20132943822 960 540
20132943830 960 540
20132943842 960 540
20132943850 960 540
20132943862 960 540
20132943870 960 540
20132943882 960 540
20132943890 960 540
20132943902 960 540
20132943910 610 540
20132943922 610 540
20132943930 610 540
20132943942 610 540
20132943950 610 540
20132943962 610 540
20132943970 610 540
20132943982 610 540
20132943990 610 540
20132944002 610 540
20132944010 610 540
20132944022 610 540
20132944030 610 540
20132944042 610 540
20132944054 610 540
20132944062 610 540
20132944074 610 540
20132944082 610 540
20132944094 610 540
20132944102 610 540
20132944114 610 540
20132944122 610 540
20132944134 610 540
20132944142 610 540
20132944154 610 540
20132944162 610 540
20132944174 610 540
20132944182 610 540
20132944194 610 540
20132944202 610 540
20132944214 610 540
20132944222 610 540
20132944234 610 540
20132944242 610 540
20132944254 610 540
20132944262 610 540
20132944274 610 540
20132944282 610 540
20132944294 610 540
20132944306 610 540
20132944314 610 540
20132944326 610 540
20132944334 610 540
20132944346 610 540
20132944354 610 540
20132944366 610 540
20132944374 610 540
20132944386 610 540
20132944394 610 540
20132944406 610 540
20132944414 610 540
20132944426 610 540
20132944434 610 540
20132944446 610 540
20132944454 610 540
20132944466 610 540
20132944474 610 540
20132944486 610 540
20132944494 610 540
20132944506 610 540
20132944514 610 540
20132944526 610 540
20132944534 610 540
20132944546 610 540
20132944558 610 540
20132944566 610 540
20132944577 610 540
20132944585 610 540
20132944597 610 540
20132944605 610 540
20132944617 610 540
20132944625 610 540
20132944637 610 540
20132944646 610 540
20132944658 610 540
20132944666 610 540
20132944678 610 540
20132944686 610 540
20132944698 610 540
20132944706 610 540
20132944718 610 540
20132944726 610 540
20132944738 610 540
20132944746 610 540
20132944758 610 540
20132944766 610 540
20132944778 610 540
20132944785 610 540
20132944798 610 540
20132944810 610 540
20132944818 610 540
20132944830 610 540
20132944838 610 540
20132944850 610 540
20132944858 610 540
20132944870 610 540
20132944878 610 540
20132944890 610 540
20132944898 610 540
20132944910 610 540
20132944918 610 540
20132944930 610 540
20132944938 610 540
20132944950 610 540
20132944958 610 540
20132944970 610 540
20132944978 610 540
20132944990 610 540
20132944998 610 540
20132945010 610 540
20132945018 610 540
20132945030 610 540
20132945038 610 540
20132945050 610 540
20132945062 610 540
20132945070 610 540
20132945082 610 540
20132945090 610 540
20132945102 610 540
20132945110 610 540
20132945122 610 540
20132945130 610 540
20132945142 610 540
20132945150 610 540
20132945162 610 540
20132945170 610 540
20132945182 610 540
20132945190 610 540
20132945202 610 540
20132945210 610 540
20132945222 610 540
20132945230 610 540
20132945242 610 540
20132945250 610 540
20132945262 610 540
20132945270 610 540
20132945282 610 540
20132945290 610 540
20132945302 610 540
20132945314 610 540
20132945322 610 540
20132945334 610 540
20132945342 610 540
20132945354 610 540
20132945362 610 540
20132945374 610 540
20132945382 610 540
20132945394 610 540
20132945402 610 540
20132945427 960 540
20132945431 960 540
20132945436 960 540
20132945443 960 540
20132945455 960 540
20132945463 960 540
20132945475 960 540
20132945483 960 540
20132945495 960 540
20132945503 960 540
20132945515 960 540
20132945523 960 540
20132945535 960 540
20132945543 960 540
20132945555 960 540
20132945567 960 540
20132945575 960 540
20132945587 960 540
20132945595 960 540
20132945607 960 540
20132945615 960 540
20132945627 960 540
20132945635 960 540
20132945647 960 540
20132945655 960 540
20132945667 960 540
20132945675 960 540
20132945687 960 540
20132945695 960 540
20132945707 960 540
20132945715 960 540
20132945727 960 540
20132945735 960 540
20132945747 960 540
20132945755 960 540
20132945767 960 540
20132945775 960 540
20132945787 960 540
20132945795 960 540
20132945807 960 540
20132945819 960 540
20132945827 960 540
20132945839 960 540
20132945847 960 540
20132945859 960 540
20132945867 960 540
20132945879 960 540
20132945887 960 540
20132945899 960 540
20132945907 960 540
20132945919 960 540
20132945927 960 540
20132945939 960 540
20132945947 960 540
20132945959 960 540
20132945967 960 540
20132945979 960 540
20132945987 960 540
20132945999 960 540
20132946007 960 540
20132946019 960 540
20132946027 960 540
20132946039 960 540
20132946047 960 540
20132946059 960 540
20132946071 960 540
20132946079 960 540
20132946091 960 540
20132946099 960 540
20132946111 960 540
20132946119 960 540
20132946131 960 540
20132946139 960 540
20132946151 960 540
20132946159 960 540
20132946171 960 540
20132946179 960 540
20132946191 960 540
20132946199 960 540
20132946211 960 540
20132946219 960 540
20132946231 960 540
20132946239 960 540
20132946251 960 540
20132946259 960 540
20132946271 960 540
20132946279 960 540
20132946291 960 540
20132946299 960 540
20132946311 960 540
20132946323 960 540
20132946331 960 540
20132946343 960 540
20132946351 960 540
20132946363 960 540
20132946371 960 540
20132946383 960 540
20132946391 960 540
20132946403 960 540
20132946411 960 540
20132946423 960 540
20132946431 960 540
20132946443 960 540
20132946451 960 540
20132946463 960 540
20132946471 960 540
20132946483 960 540
20132946491 960 540
20132946503 960 540
20132946511 960 540
20132946523 960 540
20132946531 960 540
20132946543 960 540
20132946551 960 540
20132946564 960 540
20132946575 960 540
20132946583 960 540
20132946595 960 540
20132946603 960 540
20132946615 960 540
20132946623 960 540
20132946635 960 540
20132946643 960 540
20132946655 960 540
20132946663 960 540
20132946675 960 540
20132946683 960 540
20132946695 960 540
20132946703 960 540
20132946715 960 540
20132946723 960 540
20132946735 960 540
20132946743 960 540
20132946755 960 540
20132946763 960 540
20132946775 960 540
20132946783 960 540
20132946795 960 540
20132946803 960 540
20132946815 960 540
20132946827 960 540
20132946835 960 540
20132946847 960 540
20132946855 960 540
20132946867 960 540
20132946875 960 540
20132946887 960 540
20132946895 960 540
20132946907 960 540
20132946915 1135 540
20132946933 1135 540
20132946935 1135 540
20132946945 1135 540
20132946953 1135 540
20132946965 1135 540
20132946973 1135 540
20132946985 1135 540
20132946993 1135 540
20132947006 1135 540
20132947014 1135 540
20132947026 1135 540
20132947034 1135 540
20132947046 1135 540
20132947054 1135 540
20132947066 1135 540
20132947078 1135 540
20132947086 1135 540
20132947098 1135 540
20132947106 1135 540
20132947118 1135 540
20132947126 1135 540
20132947138 1135 540
20132947146 1135 540
20132947158 1135 540
20132947166 1135 540
20132947178 1135 540
20132947186 1135 540
20132947198 1135 540
20132947206 1135 540
20132947218 1135 540
20132947226 1135 540
20132947238 1135 540
20132947246 1135 540
20132947258 1135 540
20132947266 1135 540
20132947278 1135 540
20132947286 1135 540
20132947298 1135 540
20132947306 1135 540
20132947318 1135 540
20132947330 1135 540
20132947338 1135 540
20132947350 1135 540
20132947358 1135 540
20132947370 1135 540
20132947378 1135 540
20132947390 1135 540
20132947398 1135 540
20132947410 1135 540
20132947418 1135 540
20132947430 1135 540
20132947438 1135 540
20132947450 1135 540
20132947458 1135 540
20132947470 1135 540
20132947478 1135 540
20132947490 1135 540
20132947498 1135 540
20132947510 1135 540
20132947518 1135 540
20132947530 1135 540
20132947538 1135 540
20132947550 1135 540
20132947558 1135 540
20132947570 1135 540
20132947582 1135 540
20132947590 1135 540
20132947602 1135 540
20132947610 1135 540
20132947622 1135 540
20132947630 1135 540
20132947642 1135 540
20132947650 1135 540
20132947662 1135 540
20132947670 1135 540
20132947682 1135 540
20132947690 1135 540
20132947702 1135 540
20132947710 1135 540
20132947722 1135 540
20132947730 1135 540
20132947742 1135 540
20132947750 1135 540
20132947762 1135 540
20132947770 1135 540
20132947782 1135 540
20132947790 1135 540
20132947802 1135 540
20132947810 1135 540
20132947822 1135 540
20132947834 1135 540
20132947842 1135 540
20132947854 1135 540
20132947862 1135 540
20132947874 1135 540
20132947882 1135 540
20132947894 1135 540
20132947902 1135 540
20132947914 1135 540
20132947922 1135 540
20132947934 1135 540
20132947942 1135 540
20132947954 1135 540
20132947962 1135 540
20132947974 1135 540
20132947982 1135 540
20132947994 1135 540
20132948002 1135 540
20132948014 1135 540
20132948022 1135 540
20132948034 1135 540
20132948042 1135 540
20132948054 1135 540
20132948062 1135 540
20132948074 1135 540
20132948086 1135 540
20132948094 1135 540
20132948106 1135 540
20132948114 1135 540
20132948126 1135 540
20132948134 1135 540
20132948146 1135 540
20132948154 1135 540
20132948166 1135 540
20132948174 1135 540
20132948186 1135 540
20132948194 1135 540
20132948206 1135 540
20132948214 1135 540
20132948226 1135 540
20132948234 1135 540
20132948246 1135 540
20132948254 1135 540
20132948266 1135 540
20132948274 1135 540
20132948286 1135 540
20132948294 1135 540
20132948306 1135 540
20132948314 1135 540
20132948326 1135 540
20132948338 1135 540
20132948346 1135 540
20132948358 1135 540
20132948366 1135 540
20132948378 1135 540
20132948386 1135 540
20132948398 1135 540
20132948406 1135 540
20132948434 960 540
20132948440 960 540
20132948446 960 540
20132948460 960 540
20132948466 960 540
20132948477 960 540
20132948485 960 540
20132948497 960 540
20132948505 960 540
20132948517 960 540
20132948525 960 540
20132948537 960 540
20132948545 960 540
20132948557 960 540
20132948565 960 540
20132948577 960 540
20132948589 960 540
20132948597 960 540
20132948609 960 540
20132948617 960 540
20132948629 960 540
20132948637 960 540
20132948649 960 540
20132948657 960 540
20132948669 960 540
20132948677 960 540
20132948689 960 540
20132948697 960 540
20132948709 960 540
20132948717 960 540
20132948729 960 540
20132948737 960 540
20132948749 960 540
20132948757 960 540
20132948769 960 540
20132948777 960 540
20132948789 960 540
20132948797 960 540
20132948809 960 540
20132948817 960 540
20132948829 960 540
20132948841 960 540
20132948849 960 540
20132948861 960 540
20132948869 960 540
20132948881 960 540
20132948889 960 540
20132948901 960 540
20132948909 960 540
20132948921 960 540
20132948929 960 540
20132948941 960 540
20132948949 960 540
20132948961 960 540
20132948969 960 540
20132948981 960 540
20132948989 960 540
20132949001 960 540
20132949009 960 540
20132949021 960 540
20132949029 960 540
20132949041 960 540
20132949049 960 540
20132949061 960 540
20132949069 960 540
20132949081 960 540
20132949093 960 540
20132949101 960 540
20132949113 960 540
20132949121 960 540
20132949133 960 540
20132949141 960 540
20132949153 960 540
20132949161 960 540
20132949173 960 540
20132949181 960 540
20132949193 960 540
20132949201 960 540
20132949213 960 540
20132949221 960 540
20132949233 960 540
20132949241 960 540
20132949253 960 540
20132949261 960 540
20132949273 960 540
20132949281 960 540
20132949293 960 540
20132949301 960 540
20132949313 960 540
20132949321 960 540
20132949333 960 540
20132949345 960 540
20132949353 960 540
20132949365 960 540
20132949374 960 540
20132949385 960 540
20132949393 960 540
20132949405 960 540
20132949413 960 540
20132949425 960 540
20132949433 960 540
20132949445 960 540
20132949453 960 540
20132949465 960 540
20132949473 960 540
20132949485 960 540
20132949493 960 540
20132949505 960 540
20132949513 960 540
20132949525 960 540
20132949533 960 540
20132949545 960 540
20132949553 960 540
20132949565 960 540
20132949573 960 540
20132949585 960 540
20132949597 960 540
20132949605 960 540
20132949617 960 540
20132949625 960 540
20132949637 960 540
20132949646 960 540
20132949657 960 540
20132949665 960 540
20132949677 960 540
20132949685 960 540
20132949697 960 540
20132949705 960 540
20132949717 960 540
20132949725 960 540
20132949737 960 540
20132949745 960 540
20132949757 960 540
20132949765 960 540
20132949777 960 540
20132949785 960 540
20132949797 960 540
20132949805 960 540
20132949817 960 540
20132949825 960 540
20132949837 960 540
20132949850 960 540
20132949858 960 540
20132949870 960 540
20132949878 960 540
20132949890 960 540
20132949898 960 540
20132949910 960 540
20132949918 1135 540
20132949930 1135 540
20132949938 1135 540
20132949950 1135 540
20132949958 1135 540
20132949970 1135 540
20132949978 1135 540
20132949990 1135 540
20132949998 1135 540
20132950010 1135 540
20132950018 1135 540
20132950030 1135 540
20132950038 1135 540
20132950050 1135 540
20132950058 1135 540
20132950070 1135 540
20132950078 1135 540
20132950090 1135 540
20132950102 1135 540
20132950110 1135 540
20132950122 1135 540
20132950130 1135 540
20132950142 1135 540
20132950150 1135 540
20132950162 1135 540
20132950170 1135 540
20132950182 1135 540
20132950190 1135 540
20132950202 1135 540
20132950210 1135 540
20132950222 1135 540
20132950230 1135 540
20132950242 1135 540
20132950250 1135 540
20132950262 1135 540
20132950270 1135 540
20132950282 1135 540
20132950290 1135 540
20132950302 1135 540
20132950310 1135 540
20132950322 1135 540
20132950330 1135 540
20132950342 1135 540
20132950354 1135 540
20132950362 1135 540
20132950374 1135 540
20132950382 1135 540
20132950394 1135 540
20132950402 1135 540
20132950414 1135 540
20132950422 1135 540
20132950434 1135 540
20132950442 1135 540
20132950454 1135 540
20132950462 1135 540
20132950474 1135 540
20132950482 1135 540
20132950494 1135 540
20132950502 1135 540
20132950514 1135 540
20132950522 1135 540
20132950534 1135 540
20132950542 1135 540
20132950554 1135 540
20132950562 1135 540
20132950574 1135 540
20132950582 1135 540
20132950594 1135 540
20132950606 1135 540
20132950614 1135 540
20132950626 1135 540
20132950634 1135 540
20132950646 1135 540
20132950654 1135 540
20132950666 1135 540
20132950674 1135 540
20132950686 1135 540
20132950694 1135 540
20132950706 1135 540
20132950714 1135 540
20132950726 1135 540
20132950734 1135 540
20132950746 1135 540
20132950754 1135 540
20132950766 1135 540
20132950774 1135 540
20132950786 1135 540
20132950794 1135 540
20132950806 1135 540
20132950814 1135 540
20132950826 1135 540
20132950834 1135 540
20132950846 1135 540
20132950858 1135 540
20132950866 1135 540
20132950878 1135 540
20132950886 1135 540
20132950898 1135 540
20132950906 1135 540
20132950918 1135 540
20132950926 1135 540
20132950938 1135 540
20132950946 1135 540
20132950958 1135 540
20132950966 1135 540
20132950978 1135 540
20132950986 1135 540
20132950998 1135 540
20132951006 1135 540
20132951018 1135 540
20132951026 1135 540
20132951038 1135 540
20132951046 1135 540
20132951058 1135 540
20132951066 1135 540
20132951078 1135 540
20132951086 1135 540
20132951098 1135 540
20132951110 1135 540
20132951118 1135 540
20132951130 1135 540
20132951138 1135 540
20132951150 1135 540
20132951158 1135 540
20132951170 1135 540
20132951178 1135 540
20132951190 1135 540
20132951198 1135 540
20132951210 1135 540
20132951218 1135 540
20132951230 1135 540
20132951238 1135 540
20132951250 1135 540
20132951258 1135 540
20132951270 1135 540
20132951278 1135 540
20132951290 1135 540
20132951298 1135 540
20132951310 1135 540
20132951318 1135 540
20132951330 1135 540
20132951338 1135 540
20132951350 1135 540
20132951362 1135 540
20132951370 1135 540
20132951382 1135 540
20132951390 1135 540
20132951402 1135 540
20132951410 1135 540
20132951422 960 540
20132951430 960 540
20132951442 960 540
20132951450 960 540
20132951462 960 540
20132951470 960 540
20132951482 960 540
20132951490 960 540
20132951502 960 540
20132951510 960 540
20132951522 960 540
20132951530 960 540
20132951542 960 540
20132951550 960 540
20132951562 960 540
20132951570 960 540
20132951582 960 540
20132951590 960 540
20132951602 960 540
20132951614 960 540
20132951622 960 540
20132951634 960 540
20132951642 960 540
20132951654 960 540
20132951662 960 540
20132951674 960 540
20132951682 960 540
20132951694 960 540
20132951702 960 540
20132951714 960 540
20132951722 960 540
20132951734 960 540
20132951742 960 540
20132951754 960 540
20132951762 960 540
20132951774 960 540
20132951782 960 540
20132951794 960 540
20132951802 960 540
20132951814 960 540
20132951822 960 540
20132951834 960 540
20132951842 960 540
20132951854 960 540
20132951866 960 540
20132951874 960 540
20132951886 960 540
20132951894 960 540
20132951906 960 540
20132951914 960 540
20132951926 960 540
20132951934 960 540
20132951946 960 540
20132951954 960 540
20132951966 960 540
20132951974 960 540
20132951986 960 540
20132951994 960 540
20132952006 960 540
20132952014 960 540
20132952026 960 540
20132952034 960 540
20132952046 960 540
20132952054 960 540
20132952066 960 540
20132952074 960 540
20132952086 960 540
20132952094 960 540
20132952106 960 540
20132952118 960 540
20132952126 960 540
20132952138 960 540
20132952146 960 540
20132952158 960 540
20132952166 960 540
20132952178 960 540
20132952186 960 540
20132952198 960 540
20132952206 960 540
20132952218 960 540
20132952226 960 540
20132952238 960 540
20132952246 960 540
20132952258 960 540
20132952266 960 540
20132952278 960 540
20132952286 960 540
20132952298 960 540
20132952306 960 540
20132952318 960 540
20132952326 960 540
20132952338 960 540
20132952346 960 540
20132952358 960 540
20132952370 960 540
20132952378 960 540
20132952390 960 540
20132952398 960 540
20132952410 960 540
20132952418 960 540
20132952430 960 540
20132952438 960 540
20132952450 960 540
20132952458 960 540
20132952470 960 540
20132952478 960 540
20132952490 960 540
20132952498 960 540
20132952510 960 540
20132952518 960 540
20132952529 960 540
20132952537 960 540
20132952549 960 540
20132952557 960 540
20132952569 960 540
20132952578 960 540
20132952590 960 540
20132952598 960 540
20132952610 960 540
20132952622 960 540
20132952630 960 540
20132952642 960 540
20132952650 960 540
20132952662 960 540
20132952670 960 540
20132952682 960 540
20132952690 960 540
20132952702 960 540
20132952710 960 540
20132952722 960 540
20132952730 960 540
20132952742 960 540
20132952750 960 540
20132952762 960 540
20132952770 960 540
20132952782 960 540
20132952790 960 540
20132952802 960 540
20132952810 960 540
20132952822 960 540
20132952830 960 540
20132952842 960 540
20132952850 960 540
20132952862 960 540
20132952874 960 540
20132952882 960 540
20132952894 960 540
20132952902 960 540
20132952914 960 540
20132952922 1660 540
20132952935 1660 540
20132952942 1660 540
20132952954 1660 540
20132952962 1660 540
20132952974 1660 540
20132952982 1660 540
20132952994 1660 540
20132953002 1660 540
20132953014 1660 540
20132953022 1660 540
20132953034 1660 540
20132953042 1660 540
20132953054 1660 540
20132953062 1660 540
20132953074 1660 540
20132953082 1660 540
20132953094 1660 540
20132953102 1660 540
20132953114 1660 540
20132953126 1660 540
20132953134 1660 540
20132953146 1660 540
20132953154 1660 540
20132953166 1660 540
20132953174 1660 540
20132953186 1660 540
20132953194 1660 540
20132953206 1660 540
20132953214 1660 540
20132953226 1660 540
20132953234 1660 540
20132953246 1660 540
20132953254 1660 540
20132953266 1660 540
20132953274 1660 540
20132953286 1660 540
20132953295 1660 540
20132953306 1660 540
20132953314 1660 540
20132953326 1660 540
20132953334 1660 540
20132953346 1660 540
20132953354 1660 540
20132953366 1660 540
20132953378 1660 540
20132953386 1660 540
20132953398 1660 540
20132953406 1660 540
20132953418 1660 540
20132953426 1660 540
20132953438 1660 540
20132953446 1660 540
20132953458 1660 540
20132953466 1660 540
20132953478 1660 540
20132953486 1660 540
20132953498 1660 540
20132953506 1660 540
20132953518 1660 540
20132953526 1660 540
20132953538 1660 540
20132953546 1660 540
20132953558 1660 540
20132953566 1660 540
20132953578 1660 540
20132953586 1660 540
20132953598 1660 540
20132953606 1660 540
20132953618 1660 540
20132953630 1660 540
20132953638 1660 540
20132953650 1660 540
20132953658 1660 540
20132953670 1660 540
20132953678 1660 540
20132953690 1660 540
20132953698 1660 540
20132953710 1660 540
20132953718 1660 540
20132953730 1660 540
20132953738 1660 540
20132953750 1660 540
20132953758 1660 540
20132953770 1660 540
20132953778 1660 540
20132953790 1660 540
20132953798 1660 540
20132953810 1660 540
20132953818 1660 540
20132953830 1660 540
20132953838 1660 540
20132953850 1660 540
20132953858 1660 540
20132953870 1660 540
20132953882 1660 540
20132953890 1660 540
20132953902 1660 540
20132953910 1660 540
20132953922 1660 540
20132953930 1660 540
20132953942 1660 540
20132953950 1660 540
20132953962 1660 540
20132953970 1660 540
20132953982 1660 540
20132953990 1660 540
20132954002 1660 540
20132954010 1660 540
20132954022 1660 540
20132954030 1660 540
20132954042 1660 540
20132954050 1660 540
20132954062 1660 540
20132954070 1660 540
20132954082 1660 540
20132954090 1660 540
20132954102 1660 540
20132954110 1660 540
20132954122 1660 540
20132954134 1660 540
20132954142 1660 540
20132954154 1660 540
20132954162 1660 540
20132954175 1660 540
20132954182 1660 540
20132954194 1660 540
20132954202 1660 540
20132954214 1660 540
20132954222 1660 540
20132954234 1660 540
20132954242 1660 540
20132954254 1660 540
20132954262 1660 540
20132954275 1660 540
20132954282 1660 540
20132954295 1660 540
20132954302 1660 540
20132954314 1660 540
20132954322 1660 540
20132954335 1660 540
20132954342 1660 540
20132954354 1660 540
20132954362 1660 540
20132954375 1660 540
20132954386 1660 540
20132954394 1660 540
20132954406 1660 540
20132954414 1660 540
