20180512T192211.058957 20 20
20180512T192211.066734 20 20
20180512T192211.078677 170.206 196.089 102.935 80.1846 122.672 206.317 230.988 228.257 229.597 20180512T192211.078677 20 20
20180512T192211.087971 20 20
20180512T192211.097838 20 20
20180512T192211.105301 170.243 196.163 102.518 79.9189 122.52 206.337 231.109 228.986 230.221 20180512T192211.105301 20 20
20180512T192211.116726 20 20
20180512T192211.124380 20 20
20180512T192211.136442 170.034 195.923 102.444 79.4364 122.287 206.3 230.85 228.911 229.865 20180512T192211.136442 20 20
20180512T192211.144528 20 20
20180512T192211.156345 20 20
20180512T192211.164407 170.256 195.548 102.247 79.3857 122.94 206.44 230.486 229.07 229.756 20180512T192211.164407 20 20
20180512T192211.176387 20 20
20180512T192211.188341 20 20
20180512T192211.196459 170.645 195.173 101.763 79.748 122.908 207.471 230.243 229.176 229.265 20180512T192211.196459 20 20
20180512T192211.208491 20 20
20180512T192211.216384 20 20
20180512T192211.228334 170.381 195.065 101.745 79.0328 122.606 206.744 229.862 229.333 229.105 20180512T192211.228334 20 20
20180512T192211.236461 20 20
20180512T192211.248381 20 20
20180512T192211.256331 170.403 195.238 102.179 78.9761 123.113 206.716 230.199 229.215 229.355 20180512T192211.256331 20 20
20180512T192211.268422 20 20
20180512T192211.276438 20 20
20180512T192211.288318 170.61 195.638 101.614 79.7508 122.628 206.52 230.306 229.216 229.794 20180512T192211.288318 20 20
20180512T192211.296582 20 20
20180512T192211.308334 20 20
20180512T192211.316453 170.624 195.584 101.901 79.6741 123.347 206.842 229.93 229.374 229.624 20180512T192211.316453 20 20
20180512T192211.328454 20 20
20180512T192211.336340 20 20
20180512T192211.348323 170.485 195.031 102.023 78.9549 123.439 207.62 230.164 229.617 229.341 20180512T192211.348323 20 20
20180512T192211.356992 20 20
20180512T192211.368341 20 20
20180512T192211.376337 170.633 195.58 101.887 79.7713 123.28 206.923 230.072 229.589 229.749 20180512T192211.376337 20 20
20180512T192211.388401 20 20
20180512T192211.396439 20 20
20180512T192211.408331 170.759 195.355 102.105 79.5969 123.133 207.685 230.333 229.687 229.363 20180512T192211.408331 20 20
20180512T192211.416826 20 20
20180512T192211.428465 20 20
20180512T192211.440319 170.76 195.39 102.156 79.8338 123.305 207.039 230.143 229.391 229.696 20180512T192211.440319 20 20
20180512T192211.448518 20 20
20180512T192211.460334 20 20
20180512T192211.468342 170.604 195.219 102.462 79.9545 122.73 207.773 230.241 229.641 229.412 20180512T192211.468342 20 20
20180512T192211.480680 20 20
20180512T192211.488417 20 20
20180512T192211.500319 170.996 194.967 102.688 80.1306 122.863 206.587 229.037 215.5 234 20180512T192211.500319 20 20
20180512T192211.508445 20 20
20180512T192211.520344 20 20
20180512T192211.528340 171.146 194.909 102.48 80.6147 123.252 206.519 228.922 215.667 233.667 20180512T192211.528340 20 20
20180512T192211.540492 20 20
20180512T192211.548497 20 20
20180512T192211.560329 170.974 194.9 102.773 80.6901 122.897 206.437 229.002 215.762 233.524 20180512T192211.560329 20 20
20180512T192211.568507 20 20
20180512T192211.580342 20 20
20180512T192211.588399 170.784 195.118 102.626 80.9483 123.125 207.067 229.513 229.769 229.132 20180512T192211.588399 20 20
20180512T192211.600438 20 20
20180512T192211.608414 20 20
20180512T192211.620330 171.05 195.282 102.605 81.3705 122.218 207.173 229.531 229.86 229.216 20180512T192211.620330 20 20
20180512T192211.628384 20 20
20180512T192211.640346 20 20
20180512T192211.648417 170.983 194.725 103.077 80.7098 124.061 207.041 229.249 230.012 229.139 20180512T192211.648417 20 20
20180512T192211.660484 20 20
20180512T192211.668481 20 20
20180512T192211.680343 171.374 194.979 103.095 80.9988 122.976 207.468 229.056 229.453 228.168 20180512T192211.680343 20 20
20180512T192211.692495 20 20
20180512T192211.700446 20 20
20180512T192211.712312 171.317 194.887 103.114 81.0578 122.388 208.439 229.349 229.429 228.004 20180512T192211.712312 20 20
20180512T192211.720402 20 20
20180512T192211.732328 20 20
20180512T192211.740330 171.41 195.113 103.129 81.3349 122.062 207.087 229.009 230.808 229.036 20180512T192211.740330 20 20
20180512T192211.752526 20 20
20180512T192211.760481 20 20
20180512T192211.772319 171.297 195.073 102.659 81.3893 122.01 208.257 229.607 230.864 229 20180512T192211.772319 20 20
20180512T192211.780503 20 20
20180512T192211.792329 20 20
20180512T192211.800320 171.412 194.808 102.794 81.5631 122.01 207.44 229.114 229.652 228.19 20180512T192211.800320 20 20
20180512T192211.812416 20 20
20180512T192211.820335 20 20
20180512T192211.832312 171.374 194.983 102.798 81.5521 121.638 208.226 229.562 229.595 228.158 20180512T192211.832312 20 20
20180512T192211.840773 20 20
20180512T192211.852372 20 20
20180512T192211.860336 171.224 194.82 103.082 81.5423 121.699 208.196 229.549 229.498 228.257 20180512T192211.860336 20 20
20180512T192211.872456 20 20
20180512T192211.880390 20 20
20180512T192211.892316 170.926 195.041 103.049 81.69 121.417 206.204 228.702 215.744 233.487 20180512T192211.892316 20 20
20180512T192211.900384 20 20
20180512T192211.912400 20 20
20180512T192211.920372 170.637 194.842 103.053 81.4379 121.567 206.276 228.863 215.718 232.872 20180512T192211.920372 20 20
20180512T192211.932429 20 20
20180512T192211.944386 20 20
20180512T192211.952395 171.214 194.361 103.178 81.683 121.393 208.288 228.925 229.571 227.027 20180512T192211.952395 20 20
20180512T192211.964412 20 20
20180512T192211.972464 20 20
20180512T192211.984380 171.361 193.893 103.498 81.6155 121.352 207.841 228.088 231.073 227.67 20180512T192211.984380 20 20
20180512T192211.992424 20 20
20180512T192212.004394 20 20
20180512T192212.012469 171.204 193.979 103.491 81.7497 120.703 207.654 228.414 230.641 227.492 20180512T192212.012469 20 20
20180512T192212.024425 20 20
20180512T192212.032463 20 20
20180512T192212.044312 170.767 194.247 104.118 81.3433 122.367 208.157 228.984 230.441 227.722 20180512T192212.044312 20 20
20180512T192212.052462 20 20
20180512T192212.064365 20 20
20180512T192212.072368 170.643 194.324 104.007 81.8974 121.605 207.163 228.744 215.905 248.905 20180512T192212.072368 20 20
20180512T192212.084390 20 20
20180512T192212.092457 20 20
20180512T192212.104468 170.555 194.362 103.766 82.1638 120.874 206.808 228.568 216.095 249.095 20180512T192212.104468 20 20
20180512T192212.112509 20 20
20180512T192212.124338 20 20
20180512T192212.132325 170.505 194.523 104.168 81.9601 121.186 206.957 228.636 229.041 227.447 20180512T192212.132325 20 20
20180512T192212.144358 20 20
20180512T192212.152386 20 20
20180512T192212.164309 170.728 194.533 104.059 82.5162 121.159 207.227 228.783 229.216 227.452 20180512T192212.164309 20 20
20180512T192212.172532 20 20
20180512T192212.184460 20 20
20180512T192212.196371 170.835 194.376 104.508 82.4306 121.657 207.284 228.811 230.279 228.114 20180512T192212.196371 20 20
20180512T192212.204432 20 20
20180512T192212.216319 20 20
20180512T192212.224409 170.489 194.446 105.429 82.2519 121.617 207.017 228.728 229.327 227.639 20180512T192212.224409 20 20
20180512T192212.236422 20 20
20180512T192212.244329 20 20
20180512T192212.256298 170.606 194.337 105.545 82.4407 121.796 207.117 228.838 229.704 228.001 20180512T192212.256298 20 20
20180512T192212.264653 20 20
20180512T192212.276351 20 20
20180512T192212.284347 170.836 194.488 105.71 82.91 121.064 207.161 228.719 229.954 227.924 20180512T192212.284347 20 20
20180512T192212.296382 20 20
20180512T192212.304363 20 20
20180512T192212.316346 170.764 194.445 105.976 82.9934 121.061 206.92 228.734 229.855 228.126 20180512T192212.316346 20 20
20180512T192212.324434 20 20
20180512T192212.336369 20 20
20180512T192212.344312 170.651 194.437 106.373 83.0371 121.335 206.909 228.832 228.817 227.761 20180512T192212.344312 20 20
20180512T192212.356432 20 20
20180512T192212.364440 20 20
20180512T192212.376316 170.684 194.472 106.297 83.5553 121.682 206.889 228.934 228.831 227.842 20180512T192212.376316 20 20
20180512T192212.385411 20 20
20180512T192212.396397 20 20
20180512T192212.404372 170.59 194.625 106.432 83.6007 121.372 207.061 229.08 228.608 227.923 20180512T192212.404372 20 20
20180512T192212.416420 20 20
20180512T192212.424382 20 20
20180512T192212.436384 170.727 194.582 106.477 83.5263 121.332 207.127 228.962 228.88 227.849 20180512T192212.436384 20 20
20180512T192212.448418 20 20
20180512T192212.456410 20 20
20180512T192212.468321 170.982 194.494 106.609 83.5285 121.504 207.055 228.861 229.162 228.168 20180512T192212.468321 20 20
20180512T192212.476944 20 20
20180512T192212.488312 20 20
20180512T192212.496309 171.282 194.376 106.451 83.9049 120.904 207.589 228.798 229.309 227.616 20180512T192212.496309 20 20
20180512T192212.508335 20 20
20180512T192212.516322 20 20
20180512T192212.528295 171.194 194.392 106.797 83.3712 121.256 207.498 229.043 229.302 228.019 20180512T192212.528295 20 20
20180512T192212.536412 20 20
20180512T192212.548305 20 20
20180512T192214.294399 267.729 170.674 108.933 97.1625 158.132 265.961 210.039 288.782 210.509 20180512T192214.294399 960 20
20180512T192214.301384 960 20
20180512T192214.312332 960 20
20180512T192214.320378 267.855 170.89 108.343 97.0636 157.043 266.004 209.981 288.787 210.922 20180512T192214.320378 960 20
20180512T192214.332451 960 20
20180512T192214.340439 960 20
20180512T192214.352352 268.156 170.927 108.056 97.0253 156.62 266.355 210.051 289.205 210.872 20180512T192214.352352 960 20
20180512T192214.361506 960 20
20180512T192214.372312 960 20
20180512T192214.380290 268.55 170.866 108.175 95.9369 157.616 266.351 209.844 289.72 210.648 20180512T192214.380290 960 20
20180512T192214.392473 960 20
20180512T192214.400405 960 20
20180512T192214.412273 268.758 170.75 107.822 95.7025 156.56 266.388 209.954 289.768 210.791 20180512T192214.412273 960 20
20180512T192214.420465 960 20
20180512T192214.432417 960 20
20180512T192214.440434 268.412 170.815 107.865 95.0268 154.817 266.397 210.03 289.648 210.875 20180512T192214.440434 960 20
20180512T192214.452394 960 20
20180512T192214.464344 960 20
20180512T192214.472347 268.395 171.136 107.696 95.1726 156.272 266.49 209.808 289.356 211.144 20180512T192214.472347 960 20
20180512T192214.484431 960 20
20180512T192214.492439 960 20
20180512T192214.504272 268.185 171.095 107.611 95.0003 157.09 266.355 210.051 289.396 210.991 20180512T192214.504272 960 20
20180512T192214.512366 960 20
20180512T192214.524284 960 20
20180512T192214.532287 267.984 171.272 107.25 95.2662 156.847 266.088 210.153 289.221 211.218 20180512T192214.532287 960 20
20180512T192214.544379 960 20
20180512T192214.552361 960 20
20180512T192214.564272 267.858 171.702 107.181 96.0561 156.934 265.285 210.128 288.94 211.34 20180512T192214.564272 960 20
20180512T192214.572361 960 20
20180512T192214.584287 960 20
20180512T192214.592377 267.483 171.438 107.752 95.2127 156.914 265.327 210.35 288.715 211.424 20180512T192214.592377 960 20
20180512T192214.604384 960 20
20180512T192214.612427 960 20
20180512T192214.624276 267.621 171.774 107.68 96.1459 158.675 265.219 210.441 288.751 211.456 20180512T192214.624276 960 20
20180512T192214.633239 960 20
20180512T192214.644300 960 20
20180512T192214.652375 267.69 171.769 107.642 96.0787 157.475 265.388 210.633 288.751 211.456 20180512T192214.652375 960 20
20180512T192214.665359 960 20
20180512T192214.672376 960 20
20180512T192214.684284 267.521 172.012 107.9 96.4676 158.438 265.32 211.063 288.633 211.682 20180512T192214.684284 960 20
20180512T192214.692308 960 20
20180512T192214.704302 960 20
20180512T192214.716268 267.439 171.984 108.413 96.7449 156.602 265.356 210.975 288.215 213.972 20180512T192214.716268 960 20
20180512T192214.724359 960 20
20180512T192214.736285 960 20
20180512T192214.744291 267.15 171.787 109.271 96.5913 157.412 265.275 210.994 288.147 213.299 20180512T192214.744291 960 20
20180512T192214.756393 960 20
20180512T192214.764300 960 20
20180512T192214.776267 267.417 171.482 109.938 97.2656 157.269 265.413 210.747 288.38 212.87 20180512T192214.776267 960 20
20180512T192214.784391 960 20
20180512T192214.796277 960 20
20180512T192214.804278 267.7 171.268 110.374 97.769 157.588 265.663 210.121 288.519 212.155 20180512T192214.804278 960 20
20180512T192214.816413 960 20
20180512T192214.824287 960 20
20180512T192214.836266 267.551 171.315 110.377 97.92 157.642 265.584 210.306 288.756 212.154 20180512T192214.836266 960 20
20180512T192214.844377 960 20
20180512T192214.856275 960 20
20180512T192214.864265 267.236 171.743 110.515 98.6897 157.24 265.167 210.531 288.434 212.098 20180512T192214.864265 960 20
20180512T192214.876378 960 20
20180512T192214.884429 960 20
20180512T192214.896388 274.076 171.119 111.007 99.0868 160.923 269.62 210.075 292.635 210.42 20180512T192214.896388 960 20
20180512T192214.904375 960 20
20180512T192214.916348 960 20
20180512T192214.924329 273.609 171.528 110.896 99.0998 159.691 269.326 210.491 292.484 210.612 20180512T192214.924329 960 20
20180512T192214.936384 960 20
20180512T192214.944332 960 20
20180512T192214.956341 273.714 171.2 111.527 98.809 159.172 269.365 210.263 292.312 210.812 20180512T192214.956341 960 20
20180512T192214.968688 960 20
20180512T192214.976345 960 20
20180512T192214.988318 274.034 171.239 110.876 99.087 159.174 269.729 210.365 292.912 211.047 20180512T192214.988318 960 20
20180512T192214.996547 960 20
20180512T192215.008345 960 20
20180512T192215.016437 269.448 172.237 111.558 98.6312 156.18 267.106 211.242 290.201 212.414 20180512T192215.016437 960 20
20180512T192215.028376 960 20
20180512T192215.036367 960 20
20180512T192215.048264 269.094 172.467 110.883 99.1135 156.295 266.883 211.267 289.512 212.409 20180512T192215.048264 960 20
20180512T192215.056389 960 20
20180512T192215.068279 960 20
20180512T192215.076278 269.125 172.409 111.11 98.809 157.529 266.898 211.288 289.508 212.241 20180512T192215.076278 960 20
20180512T192215.088314 960 20
20180512T192215.096375 960 20
20180512T192215.108271 269.038 172.557 110.758 99.0526 156.975 266.719 211.24 289.297 212.114 20180512T192215.108271 960 20
20180512T192215.116442 960 20
20180512T192215.128288 960 20
20180512T192215.136264 268.858 172.695 111.342 99.0892 157.533 266.635 211.447 289.188 212.077 20180512T192215.136264 960 20
20180512T192215.148390 960 20
20180512T192215.156352 960 20
20180512T192215.168271 268.739 172.892 110.965 99.0811 157.888 266.58 211.51 289.075 211.918 20180512T192215.168271 960 20
20180512T192215.176383 960 20
20180512T192215.188290 960 20
20180512T192215.196259 268.806 173.076 110.876 99.3155 158.802 266.5 211.5 288.966 211.466 20180512T192215.196259 960 20
20180512T192215.208319 960 20
20180512T192215.220270 960 20
20180512T192215.228321 268.996 173.043 110.888 99.2478 158.232 266.5 211.5 289.076 211.094 20180512T192215.228321 960 20
20180512T192215.240300 960 20
20180512T192215.248398 960 20
20180512T192215.260261 269.205 172.912 110.534 99.7442 156.917 266.5 211.5 289.045 210.932 20180512T192215.260261 960 20
20180512T192215.269325 960 20
20180512T192215.280268 960 20
20180512T192215.288275 269.147 172.623 110.879 98.8991 157.378 266.857 211.48 289.184 210.704 20180512T192215.288275 960 20
20180512T192215.300387 960 20
20180512T192215.308437 960 20
20180512T192215.320251 269.265 172.879 110.771 99.4653 157.366 266.894 211.498 289.235 210.958 20180512T192215.320251 960 20
20180512T192215.328407 960 20
20180512T192215.340270 960 20
20180512T192215.348352 269.139 173.137 110.655 99.4199 158.722 266.69 211.572 289.455 212.044 20180512T192215.348352 960 20
20180512T192215.360390 960 20
20180512T192215.368362 960 20
20180512T192215.380259 269.095 173.14 110.567 99.287 157.804 266.766 211.561 289.392 212.006 20180512T192215.380259 960 20
20180512T192215.388465 960 20
20180512T192215.400268 960 20
20180512T192215.408240 269.106 173.156 110.825 99.3407 157.903 266.838 211.608 289.509 212.172 20180512T192215.408240 960 20
20180512T192215.420432 960 20
20180512T192215.428390 960 20
20180512T192215.440262 268.9 173.206 110.796 99.1598 157.544 266.857 211.646 289.409 212.206 20180512T192215.440262 960 20
20180512T192215.448341 960 20
20180512T192215.460269 960 20
20180512T192215.472241 268.723 173.397 110.4 99.4057 156.246 266.751 211.754 289.354 212.253 20180512T192215.472241 960 20
20180512T192215.480330 960 20
20180512T192215.492251 960 20
20180512T192215.500344 268.452 173.417 110.382 99.407 157.093 266.464 211.659 289.123 212.262 20180512T192215.500344 960 20
20180512T192215.512347 960 20
20180512T192215.520350 960 20
20180512T192215.532321 268.43 173.188 110.379 98.8948 157.251 266.528 211.574 289.221 211.877 20180512T192215.532321 960 20
20180512T192215.540809 960 20
20180512T192215.552332 960 20
20180512T192215.560332 268.792 172.632 110.507 98.9886 156.989 267.039 211.004 289.669 211.175 20180512T192215.560332 960 20
20180512T192215.572452 960 20
20180512T192215.580348 960 20
20180512T192215.592253 268.779 172.496 110.73 98.8424 157.111 266.966 211.045 289.468 211.051 20180512T192215.592253 960 20
20180512T192215.600332 960 20
20180512T192215.612263 960 20
20180512T192215.620263 268.45 172.841 110.304 98.8511 156.951 266.585 211.33 289.292 211.642 20180512T192215.620263 960 20
20180512T192215.632431 960 20
20180512T192215.640314 960 20
20180512T192215.652263 268.229 173.082 110.634 98.6065 157.717 266.411 211.633 289.347 212.068 20180512T192215.652263 960 20
20180512T192215.660317 960 20
20180512T192215.672286 960 20
20180512T192215.680268 268.221 173.35 110.434 98.9367 156.346 266.539 211.967 289.379 212.28 20180512T192215.680268 960 20
20180512T192215.692407 960 20
20180512T192215.700402 960 20
20180512T192215.712265 268.254 173.467 110.692 98.9612 156.601 266.539 211.967 289.344 212.457 20180512T192215.712265 960 20
20180512T192215.724412 960 20
20180512T192215.732283 960 20
20180512T192215.744247 268.51 173.414 110.522 99.1288 157.05 266.539 211.967 289.435 212.395 20180512T192215.744247 960 20
20180512T192215.753449 960 20
20180512T192215.764268 960 20
20180512T192215.772273 272.43 173.125 110.585 99.3582 159.503 269.537 211.52 292.466 211.765 20180512T192215.772273 960 20
20180512T192215.784397 960 20
20180512T192217.174698 1900 20
20180512T192217.186703 368.716 167.722 114.503 100.626 28.3203 331.996 209.768 354.448 208.573 20180512T192217.186703 1900 20
20180512T192217.193846 1900 20
20180512T192217.204353 1900 20
20180512T192217.212313 368.361 168.162 114.431 101.218 28.068 331.765 209.922 354.333 206.992 20180512T192217.212313 1900 20
20180512T192217.224450 1900 20
20180512T192217.236409 1900 20
20180512T192217.244318 368.749 168.058 114.246 101.219 27.6255 331.872 209.885 354.667 209.465 20180512T192217.244318 1900 20
20180512T192217.256447 1900 20
20180512T192217.264409 1900 20
20180512T192217.276223 368.935 167.934 114.296 100.966 28.4137 344.778 214.444 355.167 209.569 20180512T192217.276223 1900 20
20180512T192217.284649 1900 20
20180512T192217.296232 1900 20
20180512T192217.304362 369.382 167.571 114.112 101.387 27.1964 332.559 209.743 353.785 208.881 20180512T192217.304362 1900 20
20180512T192217.316295 1900 20
20180512T192217.324294 1900 20
20180512T192217.336271 369.638 167.296 113.957 101.428 26.8065 332.784 209.995 355.413 208.422 20180512T192217.336271 1900 20
20180512T192217.344364 1900 20
20180512T192217.356304 1900 20
20180512T192217.364235 369.718 166.851 114.793 101.076 27.2913 333.106 209.574 355.436 208.612 20180512T192217.364235 1900 20
20180512T192217.376311 1900 20
20180512T192217.384291 1900 20
20180512T192217.396237 369.607 167.127 114.521 101.631 26.9655 332.564 209.137 353.134 207.903 20180512T192217.396237 1900 20
20180512T192217.404346 1900 20
20180512T192217.416251 1900 20
20180512T192217.424251 369.067 167.236 114.897 101.607 27.3357 331.987 209.275 354.73 208.337 20180512T192217.424251 1900 20
20180512T192217.436355 1900 20
20180512T192217.444240 1900 20
20180512T192217.456233 369.255 167.179 114.808 101.934 24.5886 332.193 209.281 354.955 208.763 20180512T192217.456233 1900 20
20180512T192217.464412 1900 20
20180512T192217.476238 1900 20
20180512T192217.488214 369.429 167.062 115.527 101.781 26.2028 332.213 209.246 355.283 208.8 20180512T192217.488214 1900 20
20180512T192217.497359 1900 20
20180512T192217.508228 1900 20
20180512T192217.516230 369.349 166.996 115.543 102.26 24.3161 332.695 209.167 355.403 208.448 20180512T192217.516230 1900 20
20180512T192217.528377 1900 20
20180512T192217.536322 1900 20
20180512T192217.548221 369.34 167.094 115.748 101.942 25.7353 332.747 209.038 355.355 208.446 20180512T192217.548221 1900 20
20180512T192217.556866 1900 20
20180512T192217.568348 1900 20
20180512T192217.576360 369.291 167.033 115.749 102.094 25.5984 332.708 209.019 355.159 208.275 20180512T192217.576360 1900 20
20180512T192217.588322 1900 20
20180512T192217.596310 1900 20
20180512T192217.608281 369.082 166.992 116.032 102.377 24.1495 332.578 208.863 354.884 207.989 20180512T192217.608281 1900 20
20180512T192217.616337 1900 20
20180512T192217.628297 1900 20
20180512T192217.636285 369.03 166.948 116.094 102.602 24.1752 332.519 208.785 355.522 208.378 20180512T192217.636285 1900 20
20180512T192217.648348 1900 20
20180512T192217.656320 1900 20
20180512T192217.668306 368.859 166.724 116.437 102.379 23.977 332.459 208.732 355.195 208.462 20180512T192217.668306 1900 20
20180512T192217.676340 1900 20
20180512T192217.688339 1900 20
20180512T192217.696312 368.579 166.825 115.981 102.833 23.4841 331.622 208.44 354.791 208.453 20180512T192217.696312 1900 20
20180512T192217.708350 1900 20
20180512T192217.716372 1900 20
20180512T192217.728308 368.375 166.712 116.176 102.649 23.5906 331.592 208.395 355.049 208.647 20180512T192217.728308 1900 20
20180512T192217.740338 1900 20
20180512T192217.748323 1900 20
20180512T192217.760291 368.462 166.074 116.495 102.575 24.1944 331.74 208.316 355.072 207.603 20180512T192217.760291 1900 20
20180512T192217.768804 1900 20
20180512T192217.780240 1900 20
20180512T192217.788241 368.474 165.805 116.635 102.11 23.762 329.628 208.907 355.025 207.383 20180512T192217.788241 1900 20
20180512T192217.800353 1900 20
20180512T192217.808250 1900 20
20180512T192217.820216 368.027 165.963 116.238 102.619 24.1165 329.45 208.934 354.64 207.347 20180512T192217.820216 1900 20
20180512T192217.829448 1900 20
20180512T192217.840236 1900 20
20180512T192217.848228 368.126 165.874 116.373 102.464 23.9121 329.62 208.885 354.824 207.484 20180512T192217.848228 1900 20
20180512T192217.860356 1900 20
20180512T192217.868357 1900 20
20180512T192217.880217 368.269 165.921 116.561 102.686 23.3268 331.557 208.967 354.89 207.489 20180512T192217.880217 1900 20
20180512T192217.888410 1900 20
20180512T192217.900303 1900 20
20180512T192217.908286 368.742 166.034 116.683 102.927 23.8817 332.028 209.261 355.403 207.403 20180512T192217.908286 1900 20
20180512T192217.920418 1900 20
20180512T192217.928290 1900 20
20180512T192217.940285 370.38 168.165 116.611 103.392 25.0912 333.022 209.914 356.028 208.621 20180512T192217.940285 1900 20
20180512T192217.948321 1900 20
20180512T192217.960308 1900 20
20180512T192217.968281 370.457 168.368 116.556 103.627 25.3779 332.94 209.899 356.115 208.196 20180512T192217.968281 1900 20
20180512T192217.980376 1900 20
20180512T192217.992298 1900 20
20180512T192218.000388 370.409 168.206 116.592 103.797 25.6738 333.123 209.862 356.439 208.385 20180512T192218.000388 1900 20
20180512T192218.012378 1900 20
20180512T192218.020320 1900 20
20180512T192218.032217 370.475 167.935 116.574 103.503 25.333 333.08 209.656 356.652 208.236 20180512T192218.032217 1900 20
20180512T192218.040501 1900 20
20180512T192218.052227 1900 20
20180512T192218.060229 370.696 167.554 116.736 103.808 25.571 333.092 209.362 356.448 207.972 20180512T192218.060229 1900 20
20180512T192218.072898 1900 20
20180512T192218.080378 1900 20
20180512T192218.092203 370.859 167.384 116.907 103.293 25.3464 333.05 208.931 356.659 207.926 20180512T192218.092203 1900 20
20180512T192218.100651 1900 20
20180512T192218.112234 1900 20
20180512T192218.120217 370.737 167.35 117.063 103.302 25.9218 332.97 208.854 356.716 208.299 20180512T192218.120217 1900 20
20180512T192218.132328 1900 20
20180512T192218.140365 1900 20
20180512T192218.152211 369.8 167.498 116.749 104.074 25.2297 332.603 208.707 356.026 208.409 20180512T192218.152211 1900 20
20180512T192218.160295 1900 20
20180512T192218.172233 1900 20
20180512T192218.180275 368.813 166.928 117.223 103.902 24.0768 332.121 208.591 355.679 208.088 20180512T192218.180275 1900 20
20180512T192218.192340 1900 20
20180512T192218.200308 1900 20
20180512T192218.212285 368.51 167.308 117.137 104.834 24.6861 332.204 208.357 355.533 207.801 20180512T192218.212285 1900 20
20180512T192218.220389 1900 20
20180512T192218.232312 1900 20
20180512T192218.244278 368.554 167.187 117.561 104.402 25.5689 332.173 208.612 355.456 207.76 20180512T192218.244278 1900 20
20180512T192218.252338 1900 20
20180512T192218.264304 1900 20
20180512T192218.272294 368.704 167.193 117.464 103.99 25.438 332.35 208.721 355.421 207.673 20180512T192218.272294 1900 20
20180512T192218.284320 1900 20
20180512T192218.292306 1900 20
20180512T192218.304318 368.673 167.196 117.505 104.178 25.1341 332.528 208.365 355.441 207.494 20180512T192218.304318 1900 20
20180512T192218.312335 1900 20
20180512T192218.324223 1900 20
20180512T192218.332223 368.802 167.187 117.557 104.114 24.8084 332.553 208.298 355.44 207.392 20180512T192218.332223 1900 20
20180512T192218.344295 1900 20
20180512T192218.352344 1900 20
20180512T192218.364263 368.968 167.128 117.758 103.931 26.1939 332.592 208.253 355.458 207.42 20180512T192218.364263 1900 20
20180512T192218.372558 1900 20
20180512T192218.384338 1900 20
20180512T192218.392266 368.72 167.181 117.793 104.04 25.4938 332.626 208.161 355.52 207.436 20180512T192218.392266 1900 20
20180512T192218.404557 1900 20
20180512T192218.412310 1900 20
20180512T192218.424246 368.671 167.229 117.691 104.034 25.5924 332.522 208.292 355.469 207.478 20180512T192218.424246 1900 20
20180512T192218.432314 1900 20
20180512T192218.444229 1900 20
20180512T192218.452204 368.681 167.04 117.738 103.525 25.756 332.553 208.592 355.469 207.077 20180512T192218.452204 1900 20
20180512T192218.464326 1900 20
20180512T192218.472287 1900 20
20180512T192218.484384 368.871 166.823 117.872 103.657 25.6943 332.685 208.328 355.907 206.703 20180512T192218.484384 1900 20
20180512T192218.496402 1900 20
20180512T192218.504357 1900 20
20180512T192218.516206 368.883 166.483 117.52 103.57 26.5057 332.691 208.229 355.995 206.609 20180512T192218.516206 1900 20
20180512T192218.524567 1900 20
20180512T192218.536256 1900 20
20180512T192218.544261 368.75 166.417 117.655 103.464 25.9693 332.648 208.204 355.995 206.602 20180512T192218.544261 1900 20
20180512T192218.556311 1900 20
20180512T192218.564301 1900 20
20180512T192218.576271 368.658 166.588 117.454 103.696 25.6233 332.622 208.428 355.77 206.924 20180512T192218.576271 1900 20
20180512T192218.584663 1900 20
20180512T192218.596291 1900 20
20180512T192218.604281 369.427 167.797 117.654 103.351 27.9555 333.251 208.808 356.118 207.959 20180512T192218.604281 1900 20
20180512T192218.616314 1900 20
20180512T192218.624293 1900 20
20180512T192218.636273 372.077 178.097 117.481 104.78 30.5071 334.595 214.49 358.207 213.828 20180512T192218.636273 1900 20
20180512T192218.644327 1900 20
20180512T192218.656213 1900 20
20180512T192218.664277 371.466 178.085 116.965 105.36 30.5567 334.508 214.577 357.802 213.789 20180512T192218.664277 1900 20
20180512T192220.594839 1900 540
20180512T192220.603261 1900 540
20180512T192220.612228 380.783 209.259 96.5711 92.0583 57.7596 340.375 233.273 363.66 232.409 20180512T192220.612228 1900 540
20180512T192220.621347 1900 540
20180512T192220.632246 1900 540
20180512T192220.640275 380.79 209.094 96.9009 91.6553 57.1428 340.185 232.943 363.585 232.607 20180512T192220.640275 1900 540
20180512T192220.652288 1900 540
20180512T192220.660311 1900 540
20180512T192220.672310 380.387 209.21 96.7003 92.3607 56.945 339.794 233.068 363.19 232.673 20180512T192220.672310 1900 540
20180512T192220.680246 1900 540
20180512T192220.692235 1900 540
20180512T192220.700199 380.389 209.192 96.7466 92.1315 56.4819 339.912 233.054 363.218 232.776 20180512T192220.700199 1900 540
20180512T192220.712335 1900 540
20180512T192220.720221 1900 540
20180512T192220.732206 380.506 209.17 96.8776 92.0441 56.5432 340.292 232.852 363.407 232.61 20180512T192220.732206 1900 540
20180512T192220.740235 1900 540
20180512T192220.752217 1900 540
20180512T192220.764188 380.482 209.184 96.71 92.0972 58.0815 340.237 233.128 363.343 232.384 20180512T192220.764188 1900 540
20180512T192220.772276 1900 540
20180512T192220.784299 1900 540
20180512T192220.792316 380.435 209.178 96.8455 92.1317 56.7369 340.438 233.167 363.247 232.194 20180512T192220.792316 1900 540
20180512T192220.804310 1900 540
20180512T192220.812222 1900 540
20180512T192220.824195 380.37 209.169 96.8816 92.1695 56.3436 340.282 233.29 363.102 232.558 20180512T192220.824195 1900 540
20180512T192220.832431 1900 540
20180512T192220.844206 1900 540
20180512T192220.852191 380.144 209.016 96.9971 92.7124 54.8939 340.344 233.114 363.052 232.323 20180512T192220.852191 1900 540
20180512T192220.864273 1900 540
20180512T192220.872283 1900 540
20180512T192220.884147 380.402 208.596 97.4106 92.9137 54.9806 340.5 232.45 363.247 231.824 20180512T192220.884147 1900 540
20180512T192220.892238 1900 540
20180512T192220.904202 1900 540
20180512T192220.912223 380.433 208.242 97.5625 92.4369 53.1867 340.509 232.588 363.015 231.318 20180512T192220.912223 1900 540
20180512T192220.924261 1900 540
20180512T192220.932227 1900 540
20180512T192220.944221 380.17 208.395 97.733 92.9436 54.4362 340.09 232.349 363.061 231.401 20180512T192220.944221 1900 540
20180512T192220.952246 1900 540
20180512T192220.964236 1900 540
20180512T192220.972275 380.254 208.527 97.9258 93.6218 50.2835 340.301 232.943 363.189 231.779 20180512T192220.972275 1900 540
20180512T192220.984269 1900 540
20180512T192220.992224 1900 540
20180512T192221.004235 380.584 208.155 97.8565 93.2787 50.0554 340.288 232.56 363.486 231.44 20180512T192221.004235 1900 540
20180512T192221.016261 1900 540
20180512T192221.024239 1900 540
20180512T192221.036222 380.534 208.176 97.9993 93.8591 50.6043 340.251 232.514 363.512 231.221 20180512T192221.036222 1900 540
20180512T192221.044263 1900 540
20180512T192221.056164 1900 540
20180512T192221.064152 380.985 207.959 97.9701 92.9812 53.3663 340.281 232.393 363.523 231.115 20180512T192221.064152 1900 540
20180512T192221.076257 1900 540
20180512T192221.084304 1900 540
20180512T192221.096222 381.294 207.914 97.9105 93.3076 54.9116 340.679 232.595 363.996 230.977 20180512T192221.096222 1900 540
20180512T192221.104616 1900 540
20180512T192221.116216 1900 540
20180512T192221.124216 381.447 207.774 97.9844 93.3373 55.8701 340.746 231.995 364.264 230.67 20180512T192221.124216 1900 540
20180512T192221.136256 1900 540
20180512T192221.144226 1900 540
20180512T192221.156310 381.334 207.687 98.0423 93.0651 55.2349 340.929 231.714 364.087 230.615 20180512T192221.156310 1900 540
20180512T192221.164256 1900 540
20180512T192221.176238 1900 540
20180512T192221.184238 381.361 207.469 97.8334 93.1194 50.6633 340.6 231.719 364.067 230.297 20180512T192221.184238 1900 540
20180512T192221.196270 1900 540
20180512T192221.204278 1900 540
20180512T192221.216313 381.632 207.142 97.0477 92.8613 57.0058 340.83 231.631 364.072 230.024 20180512T192221.216313 1900 540
20180512T192221.224339 1900 540
20180512T192221.236204 1900 540
20180512T192221.244210 381.476 207.11 97.3392 92.7933 54.6986 340.679 231.58 364.051 230.097 20180512T192221.244210 1900 540
20180512T192221.256270 1900 540
20180512T192221.268158 1900 540
20180512T192221.276189 381.618 207.157 97.258 92.2951 51.8617 340.376 231.889 364.051 230.302 20180512T192221.276189 1900 540
20180512T192221.288192 1900 540
20180512T192221.296282 1900 540
20180512T192221.308151 381.374 207.306 97.199 92.8491 49.0135 340.431 231.672 364.145 230.225 20180512T192221.308151 1900 540
20180512T192221.316291 1900 540
20180512T192221.328159 1900 540
20180512T192221.336153 381.375 207.322 97.0074 92.8185 49.6326 340.46 231.968 364.219 230.242 20180512T192221.336153 1900 540
20180512T192221.348218 1900 540
20180512T192221.356263 1900 540
20180512T192221.368150 381.502 207.408 96.6892 92.5613 51.8246 340.655 231.769 364.442 230.336 20180512T192221.368150 1900 540
20180512T192221.376492 1900 540
20180512T192221.388156 1900 540
20180512T192221.396142 381.576 207.303 96.6901 92.4079 53.1904 340.803 231.344 364.562 230.213 20180512T192221.396142 1900 540
20180512T192221.408294 1900 540
20180512T192221.416298 1900 540
20180512T192221.428222 381.566 207.178 97.0247 92.5113 52.7843 340.912 231.441 364.543 230.356 20180512T192221.428222 1900 540
20180512T192221.436254 1900 540
20180512T192221.448155 1900 540
20180512T192221.456124 381.26 207.159 96.7173 92.4493 50.1908 340.565 231.768 364.371 230.156 20180512T192221.456124 1900 540
20180512T192221.468348 1900 540
20180512T192221.476215 1900 540
20180512T192221.488149 381.292 206.992 97.1817 92.3298 50.9946 340.827 231.566 364.232 230.298 20180512T192221.488149 1900 540
20180512T192221.496217 1900 540
20180512T192221.508167 1900 540
20180512T192221.520137 381.066 207.179 96.8262 92.8909 49.8698 340.827 231.589 364.247 230.385 20180512T192221.520137 1900 540
20180512T192221.528274 1900 540
20180512T192221.540153 1900 540
20180512T192221.548144 381.217 207.085 97.2541 92.3836 50.5461 340.655 231.342 364.455 230.512 20180512T192221.548144 1900 540
20180512T192221.560376 1900 540
20180512T192221.568152 1900 540
20180512T192221.580129 381.089 207.08 97.1693 93.029 52.4241 340.878 231.12 364.595 231.082 20180512T192221.580129 1900 540
20180512T192221.589202 1900 540
20180512T192221.600153 1900 540
20180512T192221.608233 381.165 207.005 97.405 92.7773 51.8867 340.843 230.823 364.511 231.319 20180512T192221.608233 1900 540
20180512T192221.620200 1900 540
20180512T192221.628181 1900 540
20180512T192221.640163 381.27 206.957 97.4532 93.2537 51.2376 341.078 230.813 364.575 231.118 20180512T192221.640163 1900 540
20180512T192221.648301 1900 540
20180512T192221.660212 1900 540
20180512T192221.668204 381.304 207.029 97.6584 93.3888 55.0415 341.083 230.765 364.546 231.296 20180512T192221.668204 1900 540
20180512T192221.680242 1900 540
20180512T192221.688231 1900 540
20180512T192221.700280 381.167 206.874 98.4135 93.3165 51.3556 341.046 230.691 364.567 231.19 20180512T192221.700280 1900 540
20180512T192221.708230 1900 540
20180512T192221.720231 1900 540
20180512T192221.728202 381.091 206.875 98.9611 93.6006 49.657 341.003 230.686 364.653 231.096 20180512T192221.728202 1900 540
20180512T192221.740256 1900 540
20180512T192221.748216 1900 540
20180512T192221.760208 381.067 206.863 99.0788 93.8367 49.6977 341.09 230.499 364.667 231.172 20180512T192221.760208 1900 540
20180512T192221.772347 1900 540
20180512T192221.780310 1900 540
20180512T192221.792138 380.841 207.007 99.3286 94.019 50.5969 340.745 230.564 364.378 231.274 20180512T192221.792138 1900 540
20180512T192221.800249 1900 540
20180512T192221.812150 1900 540
20180512T192221.820135 380.599 206.921 99.6407 94.2908 51.959 340.565 230.412 364.255 231.032 20180512T192221.820135 1900 540
20180512T192221.832167 1900 540
20180512T192221.840233 1900 540
20180512T192221.852131 380.808 206.253 99.9135 94.4883 48.9968 341.18 230.105 364.534 230.432 20180512T192221.852131 1900 540
20180512T192221.860270 1900 540
20180512T192221.872141 1900 540
20180512T192221.880128 381.223 205.805 99.8963 94.3057 51.5286 341.481 229.437 364.927 229.743 20180512T192221.880128 1900 540
20180512T192221.892171 1900 540
20180512T192221.900231 1900 540
20180512T192221.912144 381.037 205.941 100.188 94.4417 48.2091 341.159 229.875 364.612 230.108 20180512T192221.912144 1900 540
20180512T192221.920172 1900 540
20180512T192221.932145 1900 540
20180512T192221.940197 380.762 206.285 100.499 94.7569 51.3191 340.997 229.971 364.198 229.925 20180512T192221.940197 1900 540
20180512T192221.952247 1900 540
20180512T192221.960202 1900 540
20180512T192221.972256 380.895 206.241 100.805 94.3941 52.6568 340.856 230.384 364.236 230.453 20180512T192221.972256 1900 540
20180512T192221.980235 1900 540
20180512T192221.992307 1900 540
20180512T192222.000265 381.031 206.427 100.58 94.3252 53.1136 340.852 230.594 364.254 230.147 20180512T192222.000265 1900 540
20180512T192222.012306 1900 540
20180512T192222.024142 1900 540
20180512T192222.032136 380.917 206.517 100.798 94.9306 53.1263 340.852 230.594 364.37 230.367 20180512T192222.032136 1900 540
20180512T192222.044286 1900 540
20180512T192222.052178 1900 540
20180512T192222.064132 381.377 206.637 101.04 94.813 51.631 340.995 230.5 364.465 230.012 20180512T192222.064132 1900 540
20180512T192222.072977 1900 540
20180512T192222.084236 1900 540
20180512T192224.754592 283.378 217.883 80.2931 77.9049 137.222 277.279 238.829 299.964 238.869 20180512T192224.754592 960 540
20180512T192224.764649 960 540
20180512T192224.772189 960 540
20180512T192224.784182 283.361 217.766 80.3969 77.5702 141.254 277.283 238.913 299.964 238.869 20180512T192224.784182 960 540
20180512T192224.796187 960 540
20180512T192224.804283 960 540
20180512T192224.816222 283.332 217.722 80.2963 77.681 138.423 277.283 238.913 299.932 238.9 20180512T192224.816222 960 540
20180512T192224.824228 960 540
20180512T192224.836246 960 540
20180512T192224.844229 283.431 217.579 80.373 77.5414 141.621 277.197 238.807 299.867 238.75 20180512T192224.844229 960 540
20180512T192224.856272 960 540
20180512T192224.864185 960 540
20180512T192224.876100 283.258 217.438 80.6542 77.4897 142.535 277.208 238.475 299.777 238.531 20180512T192224.876100 960 540
20180512T192224.884291 960 540
20180512T192224.896183 960 540
20180512T192224.904223 283.117 217.487 80.829 77.4497 141.016 277.092 238.511 299.689 238.689 20180512T192224.904223 960 540
20180512T192224.916207 960 540
20180512T192224.924177 960 540
20180512T192224.936164 283.009 217.701 81.0743 78.1766 142.65 277.127 238.756 299.711 238.817 20180512T192224.936164 960 540
20180512T192224.944205 960 540
20180512T192224.956184 960 540
20180512T192224.964163 282.984 217.856 80.9934 78.5995 139.468 277.031 239.012 299.711 238.817 20180512T192224.964163 960 540
20180512T192224.976213 960 540
20180512T192224.984165 960 540
20180512T192224.996167 283.111 218.09 82.1591 78.7599 136.942 277.447 239.092 299.956 238.85 20180512T192224.996167 960 540
20180512T192225.004323 960 540
20180512T192225.016108 960 540
20180512T192225.024093 283.483 217.922 82.0155 79.2584 143.643 277.458 238.896 299.888 238.79 20180512T192225.024093 960 540
20180512T192225.037032 960 540
20180512T192225.048112 960 540
20180512T192225.056100 283.455 217.862 82.4225 79.8053 136.192 277.562 238.674 299.914 238.946 20180512T192225.056100 960 540
20180512T192225.068134 960 540
20180512T192225.076108 960 540
20180512T192225.088095 283.542 217.935 82.5231 80.4444 142.18 277.762 238.697 299.979 239 20180512T192225.088095 960 540
20180512T192225.096133 960 540
20180512T192225.108101 960 540
20180512T192225.116099 283.368 217.835 83.3243 80.8774 148.131 277.833 238.88 299.938 238.931 20180512T192225.116099 960 540
20180512T192225.128206 960 540
20180512T192225.136182 960 540
20180512T192225.148100 283.39 217.907 83.7719 81.3295 145.387 277.591 238.848 299.89 238.868 20180512T192225.148100 960 540
20180512T192225.157049 960 540
20180512T192225.168176 960 540
20180512T192225.176243 283.43 217.738 84.3598 81.4203 139.083 277.628 238.877 299.912 238.895 20180512T192225.176243 960 540
20180512T192225.188195 960 540
20180512T192225.196182 960 540
20180512T192225.208167 283.448 217.79 84.7007 81.9903 145.136 277.889 238.732 300.07 238.827 20180512T192225.208167 960 540
20180512T192225.216200 960 540
20180512T192225.228271 960 540
20180512T192225.236192 283.426 217.906 84.9235 82.0956 142.328 277.327 238.874 299.961 238.737 20180512T192225.236192 960 540
20180512T192225.249034 960 540
20180512T192225.256182 960 540
20180512T192225.268093 283.269 217.841 85.0473 82.133 145.362 277.293 238.888 299.69 238.663 20180512T192225.268093 960 540
20180512T192225.277045 960 540
20180512T192225.289024 960 540
20180512T192225.300088 283.433 217.705 84.9747 82.3174 147.051 277.708 238.646 300.261 238.357 20180512T192225.300088 960 540
20180512T192225.308132 960 540
20180512T192225.320094 960 540
20180512T192225.328090 283.826 217.272 84.7073 82.0364 144.162 277.912 238.108 300.807 238.026 20180512T192225.328090 960 540
20180512T192225.340202 960 540
20180512T192225.348176 960 540
20180512T192225.360169 283.507 217.289 84.9012 81.9212 146.964 277.773 238.149 300.46 237.807 20180512T192225.360169 960 540
20180512T192225.369283 960 540
20180512T192225.380247 960 540
20180512T192225.388165 283.285 217.455 84.5488 81.4884 142.026 277.218 238.551 300.031 238.389 20180512T192225.388165 960 540
20180512T192225.400210 960 540
20180512T192225.408236 960 540
20180512T192225.420090 283.327 217.55 84.5092 81.5453 146.969 277.266 238.539 300.014 238.344 20180512T192225.420090 960 540
20180512T192225.428167 960 540
20180512T192225.440258 960 540
20180512T192225.448219 283.367 217.471 84.3018 81.4276 146.324 277.398 238.639 300.031 238.389 20180512T192225.448219 960 540
20180512T192225.460206 960 540
20180512T192225.468252 960 540
20180512T192225.480090 283.195 217.605 84.1585 81.162 142.441 277.133 238.674 300.017 238.248 20180512T192225.480090 960 540
20180512T192225.488173 960 540
20180512T192225.500103 960 540
20180512T192225.508078 283.305 217.587 84.0512 81.3955 143.481 277.306 238.726 299.954 238.22 20180512T192225.508078 960 540
20180512T192225.521226 960 540
20180512T192225.528184 960 540
20180512T192225.540176 283.683 217.516 83.9137 81.4121 142.579 277.759 238.743 300.182 238.292 20180512T192225.540176 960 540
20180512T192225.552126 960 540
20180512T192225.560101 960 540
20180512T192225.572083 283.613 217.625 83.9602 81.3453 140.455 277.673 238.683 300.078 238.376 20180512T192225.572083 960 540
20180512T192225.580253 960 540
20180512T192225.592196 960 540
20180512T192225.600119 283.44 217.524 84.4421 81.6277 143.965 277.587 238.577 300.052 238.398 20180512T192225.600119 960 540
20180512T192225.612158 960 540
20180512T192225.620131 960 540
20180512T192225.632157 283.532 217.504 84.5511 81.8125 145.1 277.7 238.373 300.412 238.113 20180512T192225.632157 960 540
20180512T192225.640166 960 540
20180512T192225.652130 960 540
20180512T192225.660114 283.559 217.38 84.6863 81.9735 145.806 277.721 238.349 300.49 238.243 20180512T192225.660114 960 540
20180512T192225.672195 960 540
20180512T192225.680166 960 540
20180512T192225.692170 283.452 217.549 84.5153 81.9969 145.962 277.344 238.663 300.058 238.376 20180512T192225.692170 960 540
20180512T192225.700194 960 540
20180512T192225.712265 960 540
20180512T192225.720149 283.239 217.801 84.4812 82.2068 145.74 277.103 238.827 299.959 238.565 20180512T192225.720149 960 540
20180512T192225.733030 960 540
20180512T192225.740980 960 540
20180512T192225.752166 283.292 217.777 84.8466 82.4787 142.956 277.233 238.757 300.288 238.534 20180512T192225.752166 960 540
20180512T192225.760189 960 540
20180512T192225.772175 960 540
20180512T192225.780145 283.433 217.721 85.2378 82.5008 141.029 277.548 238.769 300.34 238.539 20180512T192225.780145 960 540
20180512T192225.793101 960 540
20180512T192225.804096 960 540
20180512T192225.812075 283.691 217.819 85.3141 82.9689 146.333 277.719 238.805 300.533 238.587 20180512T192225.812075 960 540
20180512T192225.824968 960 540
20180512T192225.832200 960 540
20180512T192225.844081 283.595 217.852 85.9585 83.0335 143.62 277.735 238.731 300.402 238.504 20180512T192225.844081 960 540
20180512T192225.852150 960 540
20180512T192225.864088 960 540
20180512T192225.872130 283.593 217.981 86.3973 83.6799 143.489 277.69 238.677 300.5 238.963 20180512T192225.872130 960 540
20180512T192225.884189 960 540
20180512T192225.892220 960 540
20180512T192225.904152 283.637 218.063 86.4722 84.3676 142.358 277.551 238.855 300.589 238.967 20180512T192225.904152 960 540
20180512T192225.912245 960 540
20180512T192225.924155 960 540
20180512T192225.932145 283.552 218.096 87.2276 84.8203 144.047 277.567 238.791 300.648 239.042 20180512T192225.932145 960 540
20180512T192225.944182 960 540
20180512T192225.952156 960 540
20180512T192225.964147 283.674 218.126 87.7958 85.1353 147.966 277.683 238.784 300.593 239.12 20180512T192225.964147 960 540
20180512T192225.972184 960 540
20180512T192225.984165 960 540
20180512T192225.992131 283.724 218.344 88.4209 85.8989 150.117 277.735 238.867 300.628 239.149 20180512T192225.992131 960 540
20180512T192226.004191 960 540
20180512T192226.012223 960 540
20180512T192226.024150 283.775 218.485 89.1857 86.429 151.537 277.764 238.935 300.56 238.921 20180512T192226.024150 960 540
20180512T192226.032179 960 540
20180512T192226.044160 960 540
20180512T192226.056209 283.641 218.634 89.6152 87.1791 145.506 277.575 239.003 300.535 239.275 20180512T192226.056209 960 540
20180512T192226.064177 960 540
20180512T192226.076161 960 540
20180512T192226.084211 283.508 218.588 90.197 87.5044 145.656 277.502 239.042 300.534 239.174 20180512T192226.084211 960 540
20180512T192226.097031 960 540
20180512T192226.104153 960 540
20180512T192226.116131 283.831 218.252 90.4281 88.1697 143.488 277.958 238.642 300.802 238.97 20180512T192226.116131 960 540
20180512T192226.124176 960 540
20180512T192226.136244 960 540
20180512T192226.144139 283.987 217.777 91.1436 88.5097 145.01 278.037 238.118 301.036 238.718 20180512T192226.144139 960 540
20180512T192226.156180 960 540
20180512T192226.164153 960 540
20180512T192226.176195 283.568 217.985 91.5141 89.0904 147.343 277.755 238.556 300.78 238.886 20180512T192226.176195 960 540
20180512T192226.184180 960 540
20180512T192226.196154 960 540
20180512T192226.204150 283.065 218.347 91.7949 89.2704 141.967 277.294 238.918 300.264 239.087 20180512T192226.204150 960 540
20180512T192226.216183 960 540
20180512T192226.224167 960 540
20180512T192226.236153 283 218.512 91.7915 89.7932 142.825 277.128 238.965 300.007 239.212 20180512T192226.236153 960 540
20180512T192226.244171 960 540
20180512T192229.666168 20 540
20180512T192229.672760 177.218 243.067 108.949 94.8389 104.997 207.686 256.547 232.497 257.05 20180512T192229.672760 20 540
20180512T192229.684142 20 540
20180512T192229.692128 20 540
20180512T192229.704109 177.444 243.073 108.605 94.6632 104.509 207.863 256.357 233.036 257.04 20180512T192229.704109 20 540
20180512T192229.712179 20 540
20180512T192229.724112 20 540
20180512T192229.732393 177.672 243.053 108.406 94.2584 103.5 208.317 256.465 233.208 257.19 20180512T192229.732393 20 540
20180512T192229.744133 20 540
20180512T192229.752096 20 540
20180512T192229.764080 177.766 243.137 108.283 93.8758 103.123 208.025 256.477 233.297 257.096 20180512T192229.764080 20 540
20180512T192229.772100 20 540
20180512T192229.784020 20 540
20180512T192229.792063 177.849 243.257 108.223 93.1902 103.911 207.837 256.644 233.277 257.232 20180512T192229.792063 20 540
20180512T192229.804171 20 540
20180512T192229.812079 20 540
20180512T192229.824117 178.072 243.117 107.247 93.2149 103.091 207.679 256.564 233.382 257.275 20180512T192229.824117 20 540
20180512T192229.836101 20 540
20180512T192229.844175 20 540
20180512T192229.855995 177.976 242.73 107.472 92.2674 103.398 207.857 256.442 233.437 256.891 20180512T192229.855995 20 540
20180512T192229.864069 20 540
20180512T192229.876002 20 540
20180512T192229.883989 178.635 242.691 107.037 92.282 104.026 208.509 256.19 233.601 256.784 20180512T192229.883989 20 540
20180512T192229.896064 20 540
20180512T192229.904125 20 540
20180512T192229.916014 178.928 242.348 106.978 91.561 103.627 208.79 255.986 234.097 256.295 20180512T192229.916014 20 540
20180512T192229.924067 20 540
20180512T192229.936039 20 540
20180512T192229.944026 179.125 242.634 106.292 92.1458 103.472 209.516 256.641 216.907 259.693 20180512T192229.944026 20 540
20180512T192229.956100 20 540
20180512T192229.964072 20 540
20180512T192229.976074 179.364 242.856 105.917 92.2796 103.816 209.584 256.718 216.933 260.12 20180512T192229.976074 20 540
20180512T192229.984114 20 540
20180512T192229.996081 20 540
20180512T192230.004077 179.704 242.692 106.325 91.5168 103.036 209.62 256.558 235.005 257.48 20180512T192230.004077 20 540
20180512T192230.016180 20 540
20180512T192230.024079 20 540
20180512T192230.036008 180.11 242.721 106.006 91.7989 103.149 209.95 256.543 235.061 257.214 20180512T192230.036008 20 540
20180512T192230.044113 20 540
20180512T192230.056019 20 540
20180512T192230.063991 180.617 242.451 106.059 91.3996 103.809 210.288 256.22 222 260 20180512T192230.063991 20 540
20180512T192230.076037 20 540
20180512T192230.088013 20 540
20180512T192230.095995 181.328 242.408 105.665 92.1028 103.422 211.199 256.252 236.123 257.123 20180512T192230.095995 20 540
20180512T192230.108118 20 540
20180512T192230.116075 20 540
20180512T192230.127996 181.607 242.326 106.294 91.7835 103.876 211.648 256.261 236.293 256.871 20180512T192230.127996 20 540
20180512T192230.136149 20 540
20180512T192230.148010 20 540
20180512T192230.155999 181.283 242.092 106.624 91.4212 103.486 211.309 256.172 236.278 256.848 20180512T192230.155999 20 540
20180512T192230.168068 20 540
20180512T192230.176011 20 540
20180512T192230.188000 181.191 241.894 106.51 91.7768 104.056 211.272 255.995 236.075 256.781 20180512T192230.188000 20 540
20180512T192230.196159 20 540
20180512T192230.208093 20 540
20180512T192230.216166 181.43 242.019 106.554 92.3458 104.113 211.262 255.94 236.158 256.768 20180512T192230.216166 20 540
20180512T192230.228114 20 540
20180512T192230.236080 20 540
20180512T192230.248070 181.068 242.377 107.055 91.926 104.31 211.196 256.422 235.91 257.103 20180512T192230.248070 20 540
20180512T192230.256111 20 540
20180512T192230.268082 20 540
20180512T192230.276138 181.378 242.846 106.433 93.3196 103.206 211.125 256.357 236.183 257.399 20180512T192230.276138 20 540
20180512T192230.288170 20 540
20180512T192230.296080 20 540
20180512T192230.308066 181.416 242.574 106.739 92.7174 103.898 211.324 256.378 223.133 258.133 20180512T192230.308066 20 540
20180512T192230.316120 20 540
20180512T192230.328064 20 540
20180512T192230.340043 181.807 242.52 106.609 92.9471 103.737 211.751 256.465 223.778 255.131 20180512T192230.340043 20 540
20180512T192230.348118 20 540
20180512T192230.360006 20 540
20180512T192230.367996 181.834 242.597 106.747 92.3957 104.032 211.813 256.393 223.8 255.2 20180512T192230.367996 20 540
20180512T192230.380154 20 540
20180512T192230.388145 20 540
20180512T192230.399998 181.847 242.949 106.705 92.781 104.394 211.676 256.664 223.75 255.021 20180512T192230.399998 20 540
20180512T192230.408439 20 540
20180512T192230.420013 20 540
20180512T192230.428124 181.619 243.014 106.681 92.6068 103.792 211.711 256.953 223.867 257.867 20180512T192230.428124 20 540
20180512T192230.440112 20 540
20180512T192230.448131 20 540
20180512T192230.460056 181.672 242.858 105.998 92.9268 104.078 211.419 256.479 224 257.5 20180512T192230.460056 20 540
20180512T192230.468523 20 540
20180512T192230.479959 20 540
20180512T192230.487940 184.088 241.642 102.707 93.6969 110.162 212.678 254.256 237.749 255.028 20180512T192230.487940 20 540
20180512T192230.500043 20 540
20180512T192230.507944 20 540
20180512T192230.519928 -1 -1 102.707 93.6969 110.162 212.678 254.256 237.749 255.028 20180512T192230.519928 20 540
20180512T192230.528921 20 540
20180512T192230.540032 20 540
20180512T192230.547990 -1 -1 102.707 93.6969 110.162 212.678 254.256 237.749 255.028 20180512T192230.547990 20 540
20180512T192230.560151 20 540
20180512T192230.568061 20 540
20180512T192230.579969 -1 -1 102.707 93.6969 110.162 212.678 254.256 237.749 255.028 20180512T192230.579969 20 540
20180512T192230.592173 20 540
20180512T192230.600168 20 540
20180512T192230.611975 182.704 247.421 83.1038 75.86 154.815 211.574 248.732 237.213 248.986 20180512T192230.611975 20 540
20180512T192230.620107 20 540
20180512T192230.632000 20 540
20180512T192230.639986 181.814 253.859 84.9237 67.7344 170.574 210.864 250.352 236.75 251.717 20180512T192230.639986 20 540
20180512T192230.652019 20 540
20180512T192230.659992 20 540
20180512T192230.671979 181.6 239.423 103.913 92.508 105.989 210.851 252.125 236.707 253.657 20180512T192230.671979 20 540
20180512T192230.680099 20 540
20180512T192230.692068 20 540
20180512T192230.700070 181.884 240.192 104.13 93.6021 107.818 211.351 253.311 237.023 254.939 20180512T192230.700070 20 540
20180512T192230.712108 20 540
20180512T192230.720087 20 540
20180512T192230.731998 181.946 240.182 105.929 93.0173 105.843 211.52 253.714 237.171 254.576 20180512T192230.731998 20 540
20180512T192230.740072 20 540
20180512T192230.752012 20 540
20180512T192230.760062 182 240.44 105.503 93.0518 105.374 211.16 253.963 237.071 255.56 20180512T192230.760062 20 540
20180512T192230.772108 20 540
20180512T192230.780063 20 540
20180512T192230.791992 182.262 240.729 105.994 93.1809 105.613 211.309 254.39 237.212 255.987 20180512T192230.791992 20 540
20180512T192230.800159 20 540
20180512T192230.812003 20 540
20180512T192230.819990 182.287 240.973 105.93 93.177 104.565 211.812 254.941 237.693 256.46 20180512T192230.819990 20 540
20180512T192230.832185 20 540
20180512T192230.844003 20 540
20180512T192230.851992 182.231 241.152 105.859 92.8055 105.141 211.649 255.092 237.07 256.154 20180512T192230.851992 20 540
20180512T192230.864032 20 540
20180512T192230.872001 20 540
20180512T192230.883987 182.517 241.294 105.613 93.4326 105.13 211.361 254.959 236.721 256.497 20180512T192230.883987 20 540
20180512T192230.892096 20 540
20180512T192230.904028 20 540
20180512T192230.912027 182.437 240.945 106.099 93.0243 106.716 211.311 254.735 228 262.5 20180512T192230.912027 20 540
20180512T192230.924091 20 540
20180512T192230.932066 20 540
20180512T192230.944050 182.718 240.943 106.48 93.5033 106.607 211.597 254.423 237.106 255.802 20180512T192230.944050 20 540
20180512T192230.952401 20 540
20180512T192230.964061 20 540
20180512T192230.972136 182.457 241.018 106.65 93.1965 105.931 211.782 254.787 227.778 260.444 20180512T192230.972136 20 540
20180512T192230.984162 20 540
20180512T192230.992062 20 540
20180512T192231.004054 182.803 241.162 106.503 93.9736 107.177 211.481 254.995 237.02 255.629 20180512T192231.004054 20 540
20180512T192231.012106 20 540
20180512T192231.024166 20 540
20180512T192231.032048 182.821 241.168 106.487 93.6529 106.393 211.275 255.037 237.462 256.19 20180512T192231.032048 20 540
20180512T192231.044175 20 540
20180512T192231.052142 20 540
20180512T192231.063983 183.406 241.28 106.117 94.1735 105.563 211.624 255.008 229.267 262.467 20180512T192231.063983 20 540
20180512T192231.072073 20 540
20180512T192231.083997 20 540
20180512T192231.095978 183.542 241.172 106.971 93.743 106.455 211.706 255.128 236.839 256.212 20180512T192231.095978 20 540
20180512T192231.104098 20 540
20180512T192231.116056 20 540
20180512T192231.124042 183.427 241.249 107.257 93.6354 106.373 212.058 254.791 236.791 255.988 20180512T192231.124042 20 540
20180512T192231.136085 20 540
20180512T192231.144113 20 540
20180512T192233.890236 195.9 287.344 103.284 93.0713 81.3524 220.95 281.953 244.224 281.477 20180512T192233.890236 20 1060
20180512T192233.898747 20 1060
20180512T192233.908040 20 1060
20180512T192233.916360 195.609 287.447 103.809 92.9396 82.5027 220.982 282.098 244.057 281.817 20180512T192233.916360 20 1060
20180512T192233.928072 20 1060
20180512T192233.936629 20 1060
20180512T192233.948174 195.536 287.516 103.716 93.4282 82.3775 220.634 281.935 244.075 281.901 20180512T192233.948174 20 1060
20180512T192233.956093 20 1060
20180512T192233.968032 20 1060
20180512T192233.976012 195.894 287.4 103.995 93.858 82.2632 221.158 282.182 244.065 282.029 20180512T192233.976012 20 1060
20180512T192233.989231 20 1060
20180512T192233.995970 20 1060
20180512T192234.008033 196.223 287.27 104.298 93.8924 81.8987 221.287 282.067 244.507 282.049 20180512T192234.008033 20 1060
20180512T192234.016116 20 1060
20180512T192234.027952 20 1060
20180512T192234.035939 196.218 287.14 104.586 94.0432 84.2457 221.375 281.917 244.459 282.081 20180512T192234.035939 20 1060
20180512T192234.048102 20 1060
20180512T192234.056063 20 1060
20180512T192234.068001 196.062 287.07 104.736 94.3315 82.6158 221.434 281.81 244.472 281.89 20180512T192234.068001 20 1060
20180512T192234.076142 20 1060
20180512T192234.087961 20 1060
20180512T192234.095936 196.06 286.999 104.942 94.7229 84.5709 221.285 281.682 244.447 281.763 20180512T192234.095936 20 1060
20180512T192234.108117 20 1060
20180512T192234.120091 20 1060
20180512T192234.128004 195.944 286.902 105.289 94.9275 82.9111 221.289 281.739 244.449 281.795 20180512T192234.128004 20 1060
20180512T192234.140114 20 1060
20180512T192234.148020 20 1060
20180512T192234.159933 195.961 287.394 105.313 95.3451 83.6982 221.111 281.889 244.37 282.135 20180512T192234.159933 20 1060
20180512T192234.168344 20 1060
20180512T192234.179936 20 1060
20180512T192234.187930 196.083 287.458 105.549 95.4217 83.4873 221.158 282.142 244.311 282.203 20180512T192234.187930 20 1060
20180512T192234.200032 20 1060
20180512T192234.208083 20 1060
20180512T192234.219997 195.943 287.626 106.063 94.992 83.7964 221.302 281.806 244.411 282.306 20180512T192234.219997 20 1060
20180512T192234.228037 20 1060
20180512T192234.240020 20 1060
20180512T192234.248010 196.452 287.747 105.939 95.6947 82.8326 221.399 282.274 244.755 282.377 20180512T192234.248010 20 1060
20180512T192234.260096 20 1060
20180512T192234.268018 20 1060
20180512T192234.280001 196.536 287.511 106.367 95.8456 83.1365 221.642 281.886 245.072 282.276 20180512T192234.280001 20 1060
20180512T192234.288091 20 1060
20180512T192234.300013 20 1060
20180512T192234.307999 196.564 287.541 106.903 96.0081 82.8028 221.745 281.757 245.339 282.085 20180512T192234.307999 20 1060
20180512T192234.320046 20 1060
20180512T192234.328016 20 1060
20180512T192234.339996 196.72 287.391 106.961 96.1366 83.7053 221.745 281.757 245.326 282.259 20180512T192234.339996 20 1060
20180512T192234.348147 20 1060
20180512T192234.360014 20 1060
20180512T192234.371995 196.481 287.489 107.199 95.9764 83.9013 221.745 281.757 245.361 282.333 20180512T192234.371995 20 1060
20180512T192234.380963 20 1060
20180512T192234.391955 20 1060
20180512T192234.399938 196.215 287.438 107.315 95.6057 83.2117 221.676 281.807 245.213 282.272 20180512T192234.399938 20 1060
20180512T192234.412121 20 1060
20180512T192234.420099 20 1060
20180512T192234.431929 195.911 287.45 107.226 95.8046 83.5158 221.432 281.933 245.087 282.172 20180512T192234.431929 20 1060
20180512T192234.440894 20 1060
20180512T192234.451945 20 1060
20180512T192234.459933 195.716 287.543 107.224 95.8574 84.3246 221.221 281.838 245.034 282.206 20180512T192234.459933 20 1060
20180512T192234.471960 20 1060
20180512T192234.479944 20 1060
20180512T192234.491935 195.697 287.77 106.808 95.9234 84.0921 221.353 281.96 244.848 282.241 20180512T192234.491935 20 1060
20180512T192234.500056 20 1060
20180512T192234.511981 20 1060
20180512T192234.519987 196.676 286.759 106.526 95.849 81.3942 221.538 281.48 245.532 281.652 20180512T192234.519987 20 1060
20180512T192234.532054 20 1060
20180512T192234.540004 20 1060
20180512T192234.551970 197.352 286.155 106.706 95.507 83.7848 222.202 281.199 245.755 281.295 20180512T192234.551970 20 1060
20180512T192234.560414 20 1060
20180512T192234.571988 20 1060
20180512T192234.579977 197.138 286.023 106.381 95.2223 83.0022 222.068 281.221 245.623 281.317 20180512T192234.579977 20 1060
20180512T192234.592045 20 1060
20180512T192234.600050 20 1060
20180512T192234.611932 197.037 285.763 106.407 94.7332 84.5294 222.05 280.87 245.532 281.134 20180512T192234.611932 20 1060
20180512T192234.624089 20 1060
20180512T192234.632059 20 1060
20180512T192234.643964 196.765 285.923 106.249 94.3317 85.2086 221.902 281.17 245.161 281.384 20180512T192234.643964 20 1060
20180512T192234.652076 20 1060
20180512T192234.663946 20 1060
20180512T192234.671933 196.297 286.307 106.013 94.1763 84.9396 221.544 281.327 244.879 281.472 20180512T192234.671933 20 1060
20180512T192234.684002 20 1060
20180512T192234.692097 20 1060
20180512T192234.704082 196.127 286.39 105.392 94.039 85.0625 221.301 281.5 244.652 281.43 20180512T192234.704082 20 1060
20180512T192234.712407 20 1060
20180512T192234.724074 20 1060
20180512T192234.732082 194.58 287.178 105.059 93.7136 84.0282 220.236 281.604 243.97 281.845 20180512T192234.732082 20 1060
20180512T192234.744039 20 1060
20180512T192234.752081 20 1060
20180512T192234.763932 194.684 287.24 104.733 93.493 83.7805 220.236 281.604 243.899 281.897 20180512T192234.763932 20 1060
20180512T192234.772069 20 1060
20180512T192234.783940 20 1060
20180512T192234.791966 194.474 287.365 104.609 93.5301 83.6927 219.898 281.698 243.953 281.922 20180512T192234.791966 20 1060
20180512T192234.804088 20 1060
20180512T192234.812037 20 1060
20180512T192234.823919 194.307 287.391 104.638 93.4489 83.9068 219.712 281.785 243.573 282.058 20180512T192234.823919 20 1060
20180512T192234.832062 20 1060
20180512T192234.843937 20 1060
20180512T192234.851926 194.287 287.406 104.627 93.4882 82.6495 219.688 281.623 243.515 282 20180512T192234.851926 20 1060
20180512T192234.863999 20 1060
20180512T192234.875934 20 1060
20180512T192234.883924 194.168 287.155 104.908 93.2109 82.5528 219.67 281.493 243.432 281.5 20180512T192234.883924 20 1060
20180512T192234.896032 20 1060
20180512T192234.904057 20 1060
20180512T192234.915996 193.693 287.264 104.945 93.5469 82.904 219.418 281.525 242.994 281.734 20180512T192234.915996 20 1060
20180512T192234.924936 20 1060
20180512T192234.936003 20 1060
20180512T192234.943990 193.329 287.537 105.236 93.6194 82.8197 219.188 281.771 242.489 282.13 20180512T192234.943990 20 1060
20180512T192234.956029 20 1060
20180512T192234.964004 20 1060
20180512T192234.975989 192.992 287.928 105.739 93.3062 83.2776 218.728 281.96 242.253 282.27 20180512T192234.975989 20 1060
20180512T192234.984029 20 1060
20180512T192234.996000 20 1060
20180512T192235.003999 192.896 287.866 105.672 94.0188 82.8015 218.702 282.065 242.103 282.321 20180512T192235.003999 20 1060
20180512T192235.016273 20 1060
20180512T192235.024002 20 1060
20180512T192235.036066 193.15 287.815 105.543 94.1427 83.2967 218.941 281.876 242.531 282.281 20180512T192235.036066 20 1060
20180512T192235.044030 20 1060
20180512T192235.055935 20 1060
20180512T192235.063917 193.441 287.701 105.903 94.2937 83.1773 219.433 281.712 243.011 281.919 20180512T192235.063917 20 1060
20180512T192235.075999 20 1060
20180512T192235.084039 20 1060
20180512T192235.095923 193.693 287.439 105.872 94.8387 83.5872 219.319 281.597 243.27 281.799 20180512T192235.095923 20 1060
20180512T192235.104106 20 1060
20180512T192235.115931 20 1060
20180512T192235.127925 193.411 287.601 106.464 94.362 83.5482 219.433 281.712 243.071 281.931 20180512T192235.127925 20 1060
20180512T192235.136123 20 1060
20180512T192235.147934 20 1060
20180512T192235.155918 193.276 287.629 106.072 94.9042 82.7663 219.045 281.86 242.845 282.181 20180512T192235.155918 20 1060
20180512T192235.168100 20 1060
20180512T192235.176055 20 1060
20180512T192235.187987 192.97 287.592 106.293 94.4718 82.4674 219.105 281.81 242.84 282.202 20180512T192235.187987 20 1060
20180512T192235.196121 20 1060
20180512T192235.207941 20 1060
20180512T192235.215964 193.141 287.58 106.402 94.6444 83.252 219.263 281.775 242.857 282.291 20180512T192235.215964 20 1060
20180512T192235.228929 20 1060
20180512T192235.236081 20 1060
20180512T192235.247911 193.358 287.458 106.498 94.7482 83.7165 219.471 281.685 243.103 282.208 20180512T192235.247911 20 1060
20180512T192235.256047 20 1060
20180512T192235.267922 20 1060
20180512T192235.275917 193.486 287.43 106.3 95.0516 84.1817 219.441 281.649 243.123 282.142 20180512T192235.275917 20 1060
20180512T192235.288038 20 1060
20180512T192235.296030 20 1060
20180512T192235.307919 193.446 287.527 106.176 94.8765 83.4047 219.276 281.615 243.173 282.193 20180512T192235.307919 20 1060
20180512T192235.316793 20 1060
20180512T192235.327936 20 1060
20180512T192235.335915 193.276 287.366 105.849 94.6399 84.8709 219.319 281.597 243.056 282.104 20180512T192235.335915 20 1060
20180512T192235.348059 20 1060
20180512T192235.356061 20 1060
20180512T192235.367918 193.423 286.976 105.663 94.6222 84.9038 219.561 281.447 243.178 281.782 20180512T192235.367918 20 1060
20180512T192235.380035 20 1060
20180512T192238.553697 960 1060
20180512T192238.566092 285.264 276.645 102.709 99.6449 123.427 276.645 275.88 299.193 275.878 20180512T192238.566092 960 1060
20180512T192238.573147 960 1060
20180512T192238.584006 960 1060
20180512T192238.591911 285.433 276.527 102.502 99.4516 134.638 276.782 276.079 299.328 275.851 20180512T192238.591911 960 1060
20180512T192238.604138 960 1060
20180512T192238.611957 960 1060
20180512T192238.623881 285.739 276.037 102.406 99.6223 127.027 277.184 275.439 299.763 275.469 20180512T192238.623881 960 1060
20180512T192238.631939 960 1060
20180512T192238.643887 960 1060
20180512T192238.655835 285.971 276.03 102.416 99.064 134.011 277.329 275.221 300.087 275.251 20180512T192238.655835 960 1060
20180512T192238.663979 960 1060
20180512T192238.675996 960 1060
20180512T192238.683923 285.684 276.003 102.222 99.0154 130.649 277.073 275.228 299.625 275.444 20180512T192238.683923 960 1060
20180512T192238.696030 960 1060
20180512T192238.703979 960 1060
20180512T192238.715850 285.649 276.13 101.932 98.1724 131.409 277.073 275.374 299.554 275.5 20180512T192238.715850 960 1060
20180512T192238.724044 960 1060
20180512T192238.735857 960 1060
20180512T192238.743845 285.963 275.842 101.186 97.7318 135.336 277.313 275.187 300.061 275.434 20180512T192238.743845 960 1060
20180512T192238.755957 960 1060
20180512T192238.763967 960 1060
20180512T192238.775844 286.248 275.755 100.313 96.9463 132.805 277.826 275.212 300.261 275.295 20180512T192238.775844 960 1060
20180512T192238.784157 960 1060
20180512T192238.795937 960 1060
20180512T192238.803836 286.262 275.606 99.3747 96.6336 131.041 277.868 275.275 300.313 275.328 20180512T192238.803836 960 1060
20180512T192238.817041 960 1060
20180512T192238.823925 960 1060
20180512T192238.835830 286.186 275.673 98.4935 95.6385 127.87 277.868 275.275 300.313 275.328 20180512T192238.835830 960 1060
20180512T192238.843931 960 1060
20180512T192238.855848 960 1060
20180512T192238.863827 286.011 275.613 97.7194 94.8745 132.946 277.74 275.333 300.101 275.152 20180512T192238.863827 960 1060
20180512T192238.875869 960 1060
20180512T192238.883883 960 1060
20180512T192238.895864 285.969 275.655 96.7943 94.1585 130.972 277.826 275.348 300.298 275.258 20180512T192238.895864 960 1060
20180512T192238.908911 960 1060
20180512T192238.916002 960 1060
20180512T192238.927902 286.153 275.284 95.7441 93.5491 131.73 277.641 275.207 300.366 275.161 20180512T192238.927902 960 1060
20180512T192238.936919 960 1060
20180512T192238.947843 960 1060
20180512T192238.955989 286.304 275.312 95.1489 92.9872 131.866 277.796 275.274 300.462 275.344 20180512T192238.955989 960 1060
20180512T192238.968827 960 1060
20180512T192238.975854 960 1060
20180512T192238.987834 286.287 275.2 94.9954 92.5504 125.15 277.787 275.147 300.333 274.926 20180512T192238.987834 960 1060
20180512T192238.996838 960 1060
20180512T192239.007893 960 1060
20180512T192239.015905 286.139 275.005 94.1453 92.1224 126.168 277.705 275.019 300.283 274.848 20180512T192239.015905 960 1060
20180512T192239.027961 960 1060
20180512T192239.035920 960 1060
20180512T192239.047824 286.368 274.662 93.8755 91.7755 125.723 277.979 274.72 300.5 274.5 20180512T192239.047824 960 1060
20180512T192239.055932 960 1060
20180512T192239.067853 960 1060
20180512T192239.075838 286.37 274.443 93.5026 91.2544 130.823 277.919 274.446 300.5 274.5 20180512T192239.075838 960 1060
20180512T192239.087966 960 1060
20180512T192239.095952 960 1060
20180512T192239.107836 286.12 274.606 93.0301 91.0542 129.566 277.896 274.751 300.5 274.5 20180512T192239.107836 960 1060
20180512T192239.116020 960 1060
20180512T192239.127854 960 1060
20180512T192239.135874 286.35 274.66 92.3991 90.6447 127.064 277.922 274.816 300.5 274.667 20180512T192239.135874 960 1060
20180512T192239.147876 960 1060
20180512T192239.159844 960 1060
20180512T192239.167887 286.431 274.723 92.2461 90.5086 127.179 278.228 274.801 300.515 274.583 20180512T192239.167887 960 1060
20180512T192239.179990 960 1060
20180512T192239.187918 960 1060
20180512T192239.199828 286.542 274.607 92.2174 89.9372 128.606 278.329 274.782 300.515 274.583 20180512T192239.199828 960 1060
20180512T192239.208027 960 1060
20180512T192239.219854 960 1060
20180512T192239.227842 286.577 274.584 91.8846 90.3123 130.73 278.415 274.791 300.545 274.695 20180512T192239.227842 960 1060
20180512T192239.239945 960 1060
20180512T192239.247930 960 1060
20180512T192239.259872 286.704 274.387 91.5012 89.8094 129.528 278.517 274.791 300.667 274.596 20180512T192239.259872 960 1060
20180512T192239.268022 960 1060
20180512T192239.279843 960 1060
20180512T192239.287838 286.993 274.302 91.4821 89.3595 132.464 278.683 274.473 300.968 274.676 20180512T192239.287838 960 1060
20180512T192239.299869 960 1060
20180512T192239.307851 960 1060
20180512T192239.319830 287.101 274.242 91.2899 89.4356 128.366 278.794 274.267 301.068 274.556 20180512T192239.319830 960 1060
20180512T192239.327995 960 1060
20180512T192239.339946 960 1060
20180512T192239.347913 287 274.023 91.0346 89.2686 124.423 279.282 274.688 300.878 274.248 20180512T192239.347913 960 1060
20180512T192239.359940 960 1060
20180512T192239.367915 960 1060
20180512T192239.379830 286.808 273.998 90.9227 88.9396 130.225 278.854 274.402 300.751 274.316 20180512T192239.379830 960 1060
20180512T192239.388347 960 1060
20180512T192239.399845 960 1060
20180512T192239.411828 286.669 274.147 90.7884 88.6662 125.639 278.903 274.652 300.759 274.579 20180512T192239.411828 960 1060
20180512T192239.419965 960 1060
20180512T192239.431842 960 1060
20180512T192239.439833 286.584 274.139 90.2181 88.739 129.279 278.984 274.984 300.557 274.667 20180512T192239.439833 960 1060
20180512T192239.452017 960 1060
20180512T192239.459988 960 1060
20180512T192239.471893 286.775 274.187 90.0935 88.4109 132.292 278.942 274.79 300.557 274.667 20180512T192239.471893 960 1060
20180512T192239.479936 960 1060
20180512T192239.491838 960 1060
20180512T192239.499835 286.644 274.238 89.9443 88.1841 129.637 278.977 275.008 300.601 274.695 20180512T192239.499835 960 1060
20180512T192239.512761 960 1060
20180512T192239.520153 960 1060
20180512T192239.531815 286.4 274.322 89.7512 88.0235 123.833 279.096 275.022 300.542 274.745 20180512T192239.531815 960 1060
20180512T192239.539938 960 1060
20180512T192239.551983 960 1060
20180512T192239.559967 286.347 274.367 89.5725 87.6733 122.277 278.873 274.959 300.542 274.745 20180512T192239.559967 960 1060
20180512T192239.571950 960 1060
20180512T192239.579906 960 1060
20180512T192239.591818 286.386 274.302 89.6209 87.6502 124.645 279.072 275.094 300.584 274.772 20180512T192239.591818 960 1060
20180512T192239.601020 960 1060
20180512T192239.611830 960 1060
20180512T192239.619829 286.523 274.391 89.575 87.9146 120.279 279.041 275.172 300.584 274.772 20180512T192239.619829 960 1060
20180512T192239.631856 960 1060
20180512T192239.639842 960 1060
20180512T192239.651816 286.335 274.366 89.6112 88.1926 111.839 278.93 275.189 300.5 274.868 20180512T192239.651816 960 1060
20180512T192239.663916 960 1060
20180512T192239.671937 960 1060
20180512T192239.683821 286.238 274.473 89.8036 88.2315 116.684 278.86 275.341 300.343 274.977 20180512T192239.683821 960 1060
20180512T192239.691914 960 1060
20180512T192239.703834 960 1060
20180512T192239.711894 286.021 274.17 89.7501 88.4129 114.504 278.507 275.219 300.374 274.895 20180512T192239.711894 960 1060
20180512T192239.725065 960 1060
20180512T192239.731962 960 1060
20180512T192239.743824 285.989 274.016 90.2021 88.3084 120.594 278.871 275.027 300.324 274.71 20180512T192239.743824 960 1060
20180512T192239.751943 960 1060
20180512T192239.763899 960 1060
20180512T192239.771968 285.884 273.597 90.087 88.6533 121.006 278.811 274.892 300.399 274.305 20180512T192239.771968 960 1060
20180512T192239.785093 960 1060
20180512T192239.791970 960 1060
20180512T192239.803814 285.684 273.6 90.1056 89.0621 109.454 278.356 274.802 299.84 274.269 20180512T192239.803814 960 1060
20180512T192239.811909 960 1060
20180512T192239.823830 960 1060
20180512T192239.831824 285.304 273.98 90.3791 89.2223 113.359 277.841 274.867 299.436 274.739 20180512T192239.831824 960 1060
20180512T192239.843853 960 1060
20180512T192239.851967 960 1060
20180512T192239.863814 285.309 273.912 90.5393 89.3815 116.92 277.744 274.893 299.436 274.739 20180512T192239.863814 960 1060
20180512T192239.871856 960 1060
20180512T192239.883826 960 1060
20180512T192239.891812 285.14 273.968 90.7063 89.6078 110.125 277.857 274.824 299.731 274.579 20180512T192239.891812 960 1060
20180512T192239.904687 960 1060
20180512T192239.915870 960 1060
20180512T192239.923881 285.104 273.995 90.8893 89.7028 116.952 277.659 274.913 299.622 274.563 20180512T192239.923881 960 1060
20180512T192239.935922 960 1060
20180512T192239.943896 960 1060
20180512T192239.955881 285.15 274.021 91.4123 89.9426 117.797 277.622 274.97 299.731 274.579 20180512T192239.955881 960 1060
20180512T192239.964829 960 1060
20180512T192239.975902 960 1060
20180512T192239.983884 285.051 273.883 91.8725 90.4495 117.745 277.777 274.864 299.772 274.548 20180512T192239.983884 960 1060
20180512T192239.995920 960 1060
20180512T192240.003906 960 1060
20180512T192240.015820 284.987 273.993 92.141 90.9657 133.011 277.693 274.884 299.772 274.548 20180512T192240.015820 960 1060
20180512T192240.023921 960 1060
20180512T192240.035833 960 1060
20180512T192240.043824 285.204 273.553 92.6574 91.7844 115.768 277.843 274.58 299.706 274.242 20180512T192240.043824 960 1060
20180512T192240.055915 960 1060
20180512T192241.954648 1900 1060
20180512T192241.962895 378.482 267.832 104.908 102.349 103.909 338.076 272.014 361.036 272.03 20180512T192241.962895 1900 1060
20180512T192241.974469 1900 1060
20180512T192241.981194 1900 1060
20180512T192241.991938 378.419 267.629 105.49 102.401 107.214 338.08 271.913 360.732 271.591 20180512T192241.991938 1900 1060
20180512T192242.000028 1900 1060
20180512T192242.011837 1900 1060
20180512T192242.019886 378.41 267.653 105.636 102.577 110.376 338.033 272.113 360.756 272.167 20180512T192242.019886 1900 1060
20180512T192242.031897 1900 1060
20180512T192242.039951 1900 1060
20180512T192242.051833 378.432 268.215 105.904 103.235 103.158 337.982 272.279 360.756 272.226 20180512T192242.051833 1900 1060
20180512T192242.060746 1900 1060
20180512T192242.071905 1900 1060
20180512T192242.079825 378.161 268.205 106.009 103.342 105.861 337.57 272.385 360.703 272.2 20180512T192242.079825 1900 1060
20180512T192242.092768 1900 1060
20180512T192242.099875 1900 1060
20180512T192242.111768 377.985 268.246 106.117 103.618 101.714 337.513 272.481 360.5 272.328 20180512T192242.111768 1900 1060
20180512T192242.119915 1900 1060
20180512T192242.131778 1900 1060
20180512T192242.139761 377.955 268.319 106.304 103.833 104.249 337.513 272.481 360.5 272.328 20180512T192242.139761 1900 1060
20180512T192242.151898 1900 1060
20180512T192242.159854 1900 1060
20180512T192242.171766 377.801 268.811 107.29 103.735 107.952 337.632 272.517 360.158 272.48 20180512T192242.171766 1900 1060
20180512T192242.183800 1900 1060
20180512T192242.191775 1900 1060
20180512T192242.203754 377.919 268.559 106.886 103.954 101.624 337.583 272.446 360.268 272.464 20180512T192242.203754 1900 1060
20180512T192242.211881 1900 1060
20180512T192242.223817 1900 1060
20180512T192242.231801 377.898 268.343 107.257 104.065 96.2974 337.384 272.403 360.339 272.298 20180512T192242.231801 1900 1060
20180512T192242.243872 1900 1060
20180512T192242.251843 1900 1060
20180512T192242.263824 377.911 267.8 107.142 104.199 98.124 337.163 272.203 360.29 272.08 20180512T192242.263824 1900 1060
20180512T192242.271982 1900 1060
20180512T192242.283841 1900 1060
20180512T192242.291918 377.826 267.719 107.371 104.2 100.961 337.333 272.123 359.96 271.933 20180512T192242.291918 1900 1060
20180512T192242.303870 1900 1060
20180512T192242.311847 1900 1060
20180512T192242.323759 377.792 267.859 107.861 104.201 97.7162 336.869 272.065 359.852 271.938 20180512T192242.323759 1900 1060
20180512T192242.331839 1900 1060
20180512T192242.343824 1900 1060
20180512T192242.351765 377.538 267.934 107.641 104.45 99.7611 336.778 272.157 359.827 272.364 20180512T192242.351765 1900 1060
20180512T192242.363958 1900 1060
20180512T192242.371841 1900 1060
20180512T192242.383760 377.443 268.232 108.146 104.416 97.1328 336.605 272.277 359.827 272.364 20180512T192242.383760 1900 1060
20180512T192242.392033 1900 1060
20180512T192242.403775 1900 1060
20180512T192242.411758 377.381 268.291 108.336 104.469 99.8927 336.414 272.391 359.827 272.364 20180512T192242.411758 1900 1060
20180512T192242.423926 1900 1060
20180512T192242.435768 1900 1060
20180512T192242.443872 377.365 268.381 108.386 104.753 97.8455 336.554 272.446 359.861 272.406 20180512T192242.443872 1900 1060
20180512T192242.455832 1900 1060
20180512T192242.463777 1900 1060
20180512T192242.475756 377.41 268.325 108.389 104.688 98.4581 336.655 272.395 359.861 272.406 20180512T192242.475756 1900 1060
20180512T192242.483916 1900 1060
20180512T192242.495761 1900 1060
20180512T192242.503757 377.464 268.342 108.317 105.011 96.7999 336.877 272.272 359.861 272.406 20180512T192242.503757 1900 1060
20180512T192242.515889 1900 1060
20180512T192242.523917 1900 1060
20180512T192242.535753 377.34 268.271 108.547 105.03 98.3942 336.824 272.245 359.827 272.364 20180512T192242.535753 1900 1060
20180512T192242.544759 1900 1060
20180512T192242.555775 1900 1060
20180512T192242.563761 377.392 267.982 108.601 105.012 95.1678 336.654 272.113 359.753 272.185 20180512T192242.563761 1900 1060
20180512T192242.576267 1900 1060
20180512T192242.583849 1900 1060
20180512T192242.595754 377.466 267.866 108.777 104.984 95.299 336.721 271.864 359.879 271.753 20180512T192242.595754 1900 1060
20180512T192242.604138 1900 1060
20180512T192242.615953 1900 1060
20180512T192242.623820 377.473 267.467 108.617 105.215 98.4715 337.196 271.645 360.034 271.259 20180512T192242.623820 1900 1060
20180512T192242.635942 1900 1060
20180512T192242.643923 1900 1060
20180512T192242.655754 377.425 267.247 108.53 105.379 94.5787 337.271 271.236 359.988 271.212 20180512T192242.655754 1900 1060
20180512T192242.663927 1900 1060
20180512T192242.675772 1900 1060
20180512T192242.687757 377.326 266.854 109.113 105.598 98.555 337.012 270.83 359.967 270.694 20180512T192242.687757 1900 1060
20180512T192242.697010 1900 1060
20180512T192242.707760 1900 1060
20180512T192242.715796 377.399 266.625 108.977 105.512 97.7546 337.038 270.654 359.953 270.462 20180512T192242.715796 1900 1060
20180512T192242.727805 1900 1060
20180512T192242.735828 1900 1060
20180512T192242.747744 377.367 266.567 109.34 105.454 94.3131 337.176 270.739 360 270.5 20180512T192242.747744 1900 1060
20180512T192242.755998 1900 1060
20180512T192242.767816 1900 1060
20180512T192242.775804 377.428 266.605 109.102 105.699 96.1523 337.321 270.521 360 270.5 20180512T192242.775804 1900 1060
20180512T192242.787837 1900 1060
20180512T192242.795813 1900 1060
20180512T192242.807753 377.397 266.4 109.253 105.957 93.5707 337.17 270.322 360 270.5 20180512T192242.807753 1900 1060
20180512T192242.816494 1900 1060
20180512T192242.827811 1900 1060
20180512T192242.835806 377.192 266.331 108.959 106.197 91.434 337.17 270.322 360.047 270.462 20180512T192242.835806 1900 1060
20180512T192242.847826 1900 1060
20180512T192242.855817 1900 1060
20180512T192242.867800 377.199 266.292 109.137 106.638 97.4823 337.018 270.244 359.953 270.462 20180512T192242.867800 1900 1060
20180512T192242.875818 1900 1060
20180512T192242.887816 1900 1060
20180512T192242.895788 377.276 266.351 109.632 106.535 97.5204 336.778 270.157 359.967 270.333 20180512T192242.895788 1900 1060
20180512T192242.907859 1900 1060
20180512T192242.915837 1900 1060
20180512T192242.927813 377.061 266.24 109.81 107.106 97.2089 336.654 270.113 359.831 269.974 20180512T192242.927813 1900 1060
20180512T192242.940652 1900 1060
20180512T192242.947835 1900 1060
20180512T192242.959811 376.875 266.083 109.901 107.307 97.381 336.567 269.858 359.865 270.041 20180512T192242.959811 1900 1060
20180512T192242.967951 1900 1060
20180512T192242.979825 1900 1060
20180512T192242.987867 376.771 265.849 109.793 107.601 96.5398 336.503 269.769 359.918 269.883 20180512T192242.987867 1900 1060
20180512T192242.999950 1900 1060
20180512T192243.007880 1900 1060
20180512T192243.019744 376.757 266.143 110.621 107.669 98.4243 336.567 269.858 359.649 269.879 20180512T192243.019744 1900 1060
20180512T192243.028719 1900 1060
20180512T192243.039866 1900 1060
20180512T192243.047819 376.174 266.475 110.45 107.968 95.4785 336.327 270 359.339 270.226 20180512T192243.047819 1900 1060
20180512T192243.059790 1900 1060
20180512T192243.067766 1900 1060
20180512T192243.079736 375.731 266.653 110.909 108.003 99.1919 336.279 270.091 358.877 270.272 20180512T192243.079736 1900 1060
20180512T192243.088742 1900 1060
20180512T192243.099751 1900 1060
20180512T192243.107748 375.794 266.649 111.174 108.138 98.1054 336.157 270.132 358.927 270.236 20180512T192243.107748 1900 1060
20180512T192243.119885 1900 1060
20180512T192243.127850 1900 1060
20180512T192243.139838 375.789 266.728 111.567 108.133 93.8724 336.279 270.091 359.194 270.301 20180512T192243.139838 1900 1060
20180512T192243.147852 1900 1060
20180512T192243.159752 1900 1060
20180512T192243.167753 375.768 266.804 111.271 108.565 91.5933 336.279 270.091 358.971 270.356 20180512T192243.167753 1900 1060
20180512T192243.179791 1900 1060
20180512T192243.191763 1900 1060
20180512T192243.199744 375.711 266.622 111.738 108.285 91.4665 336.157 270.132 358.971 270.356 20180512T192243.199744 1900 1060
20180512T192243.212726 1900 1060
20180512T192243.220710 1900 1060
20180512T192243.231816 375.724 266.42 112.383 108.305 93.0503 336.109 270.167 358.933 270.328 20180512T192243.231816 1900 1060
20180512T192243.239974 1900 1060
20180512T192243.251756 1900 1060
20180512T192243.259749 375.89 266.413 112.246 108.269 96.3596 336.327 270 359.158 270.038 20180512T192243.259749 1900 1060
20180512T192243.271848 1900 1060
20180512T192243.279848 1900 1060
20180512T192243.291895 375.784 266.503 112.222 108.491 95.7345 336.109 270.167 358.971 270.246 20180512T192243.291895 1900 1060
20180512T192243.299882 1900 1060
20180512T192243.311821 1900 1060
20180512T192243.319883 375.435 266.362 112.035 108.981 92.8886 335.98 270.144 358.679 270.244 20180512T192243.319883 1900 1060
20180512T192243.331774 1900 1060
20180512T192243.339825 1900 1060
20180512T192243.351735 375.464 266.372 111.724 108.534 93.6083 336.133 269.77 358.724 269.839 20180512T192243.351735 1900 1060
20180512T192243.360217 1900 1060
20180512T192243.371760 1900 1060
20180512T192243.379743 375.921 265.862 112.014 108.136 91.8952 336.426 269.364 359.282 269.646 20180512T192243.379743 1900 1060
20180512T192243.392740 1900 1060
20180512T192243.399895 1900 1060
20180512T192243.411743 376.12 265.457 112.11 108.436 92.0176 336.5 269 359.545 269.076 20180512T192243.411743 1900 1060
20180512T192243.420844 1900 1060
20180512T192243.431756 1900 1060
20180512T192243.443742 376.822 265.311 112.228 108.183 88.1306 337.082 269.069 360.021 269 20180512T192243.443742 1900 1060
20180512T192243.452042 1900 1060
