22160023644 262.973 173.531 64.4081 63.3491 101.365 269.302 178.23 287.225 178.264 22160023644 255 0
22160023652 262.574 173.629 64.1669 63.8124 100.856 269.333 178.333 287.25 178.424 22160023652 255 0
22160023664 262.783 173.678 64.4047 63.4419 115.767 269.333 178.333 287.318 178.45 22160023664 255 0
22160023672 262.865 173.692 64.438 63.6962 122.545 269.38 178.38 287.625 178.479 22160023672 255 0
22160023684 263.151 173.532 64.5446 63.7163 98.6525 269.652 178.455 287.652 178.455 22160023684 255 0
22160023692 263.208 173.31 64.235 63.6872 87.9504 269.83 178.32 287.955 178.356 22160023692 255 0
22160023704 263.463 173.405 64.4108 64.0058 74.9415 269.987 178.186 288.241 178.284 22160023704 255 0
22160023712 263.539 173.401 64.8911 63.8793 101.749 270.006 178.205 288.241 178.284 22160023712 255 0
22160023724 263.686 173.739 64.447 64.2068 146.002 270 178.5 287.917 178.583 22160023724 255 0
22160023732 263.685 173.81 64.8315 63.6081 98.242 269.986 178.558 288.193 178.748 22160023732 255 0
22160023744 263.99 173.862 64.9061 63.9951 110.241 270.042 178.583 288.248 178.806 22160023744 255 0
22160023752 264.018 173.815 64.7514 64.3038 103.734 270.333 178.524 288.536 178.699 22160023752 255 0
22160023764 264.173 173.643 64.9995 64.2243 121.855 270.281 178.359 288.432 178.765 22160023764 255 0
22160023772 264.33 173.618 64.944 64.521 138.327 270.558 178.244 288.636 178.833 22160023772 255 0
22160023784 264.313 173.541 65.0764 64.2756 115.396 270.673 178.253 288.571 178.754 22160023784 255 0
22160023792 264.324 173.719 64.8806 64.7446 133.736 270.601 178.281 288.636 178.833 22160023792 255 0
22160023804 264.287 173.685 64.9025 64.8406 34.728 270.346 178.44 288.432 178.765 22160023804 255 0
22160023812 264.318 173.551 65.187 64.6527 75.8718 270.173 178.48 288.5 178.5 22160023812 255 0
22160023824 264.145 173.528 65.273 64.6756 94.2455 270.142 178.352 288.375 178.479 22160023824 255 0
22160023832 264.119 173.475 65.4668 64.5459 122.022 270.128 178.282 288.119 178.63 22160023832 255 0
22160023844 264.233 173.553 65.2709 65.0853 50.1666 270 178.293 288.272 178.374 22160023844 255 0
22160023852 264.051 173.636 65.3682 65.1025 95.7067 270.094 178.327 288.213 178.353 22160023852 255 0
22160023864 263.955 173.6 65.426 65.2981 70.7669 269.874 178.403 287.986 178.558 22160023864 255 0
22160023872 263.761 173.522 65.5271 65.282 156.501 270 178.5 287.986 178.558 22160023872 255 0
22160023884 263.764 173.656 65.7955 65.0701 96.7357 270 178.5 287.917 178.583 22160023884 255 0
22160023896 263.828 173.468 65.8688 65.0573 110.862 270 178.5 287.917 178.583 22160023896 255 0
22160023904 263.846 173.538 66.1652 65.1166 105.459 269.958 178.417 288 178.5 22160023904 255 0
22160023916 263.73 173.588 66.0841 64.9903 103.636 270 178.5 287.986 178.558 22160023916 255 0
22160023924 263.861 173.728 65.6462 65.1849 96.7698 270 178.5 287.986 178.558 22160023924 255 0
22160023936 263.912 173.724 65.4269 64.9326 84.3256 269.874 178.403 287.917 178.583 22160023936 255 0
22160023944 263.827 173.682 65.3424 64.2557 95.5791 270 178.5 287.986 178.558 22160023944 255 0
22160023956 263.886 173.663 64.6461 63.9664 68.0051 269.948 178.477 287.986 178.558 22160023956 255 0
22160023964 263.601 173.795 64.4333 63.2729 89.0632 270.048 178.415 288.042 178.583 22160023964 255 0
22160023976 263.92 173.833 63.8051 63.1498 68.768 269.948 178.477 288.042 178.583 22160023976 255 0
22160023984 263.882 173.729 63.1697 62.6844 58.3728 269.98 178.476 288.118 178.536 22160023984 255 0
22160023996 263.932 173.911 62.5985 61.7575 75.4572 269.837 178.496 288.516 178.616 22160023996 255 0
22160024004 263.903 173.776 62.1781 60.9098 97.2746 270.139 178.562 288.458 178.542 22160024004 255 0
22160024016 263.974 173.835 61.4006 60.6672 74.5351 270.611 178.327 288.5 178.841 22160024016 255 0
22160024024 264.012 173.798 60.727 59.545 62.0906 270.741 178.426 288.571 178.754 22160024024 255 0
22160024036 263.84 173.861 59.9444 59.2119 95.002 270.185 178.607 288.5 178.5 22160024036 255 0
22160024044 262.646 173.824 59.1962 58.4411 77.6462 270 178.5 288.195 178.484 22160024044 255 0
22160024056 262.734 173.79 58.9295 57.5909 86.1443 270 178.5 288.195 178.484 22160024056 255 0
22160024064 262.796 173.735 57.9627 57.064 87.8527 270 178.5 288.195 178.484 22160024064 255 0
22160024076 262.68 173.705 57.2512 56.4942 79.7719 270 178.5 288.297 178.521 22160024076 255 0
22160024084 262.567 173.654 56.8622 55.8469 86.1091 269.905 178.395 288.333 178.315 22160024084 255 0
22160024096 262.638 173.427 56.3949 55.104 101.429 270.039 178.157 288.27 178.113 22160024096 255 0
22160024104 262.51 173.4 55.8262 54.4795 91.1753 270.039 178.157 288.333 178.123 22160024104 255 0
22160024116 262.182 173.591 55.0662 53.9731 85.5131 269.987 178.186 288.333 178.123 22160024116 255 0
22160024124 262.059 173.697 54.7127 53.7165 87.2096 269.696 178.407 288.304 178.374 22160024124 255 0
22160024136 261.905 173.737 54.3741 53.1451 92.6161 269.693 178.233 288.161 178.361 22160024136 255 0
22160024148 261.687 173.69 53.7701 52.5651 91.7306 269.464 178.319 287.948 178.477 22160024148 255 0
22160024156 261.679 173.459 53.3591 52.1775 94.5839 269.357 178.186 287.885 178.282 22160024156 255 0
22160024168 261.648 173.234 52.6364 51.7061 80.4501 269.31 177.55 287.909 178.157 22160024168 255 0
22160024176 261.693 173.067 52.4224 51.3093 89.4141 269.399 177.478 287.846 177.5 22160024176 255 0
22160024188 261.572 173.118 51.9454 51.0642 85.9753 269.399 177.478 287.846 177.5 22160024188 255 0
22160024196 261.724 173.32 51.7926 50.8017 90.8112 269.399 177.522 287.778 177.743 22160024196 255 0
22160024208 261.524 173.45 51.6004 50.2193 75.4936 269.617 178.128 288.132 178.138 22160024208 255 0
22160024216 261.632 173.75 51.0035 50.0796 75.3558 269.607 178.23 288.395 178.412 22160024216 255 0
22160024228 261.808 173.701 50.6363 49.773 78.1555 269.741 178.272 288.269 178.317 22160024228 255 0
22160024236 261.875 173.491 50.473 49.473 82.3521 269.959 178.102 288.251 178.005 22160024236 255 0
22160024248 261.888 173.412 50.2636 49.1073 87.1953 269.975 177.883 288.456 177.877 22160024248 255 0
22160024256 261.897 173.33 49.7188 48.728 92.5551 269.87 177.761 288.234 177.745 22160024256 255 0
22160024268 261.682 173.358 49.838 48.5608 81.334 269.741 177.558 288.309 177.76 22160024268 255 0
22160024276 261.427 173.545 49.4634 48.2096 82.9312 269.689 178.022 288.216 177.956 22160024276 255 0
22160024288 261.268 173.78 49.1483 47.9662 87.2018 269.489 178.178 287.853 178.141 22160024288 255 0
22160024296 261.094 173.746 48.7579 47.9506 77.8438 269.065 178.167 287.833 178.369 22160024296 255 0
22160024308 261 173.571 48.3184 47.5673 84.8884 269.065 178.167 287.423 178.114 22160024308 255 0
22160024316 260.993 173.477 48.1628 47.485 82.8145 269.021 178.062 287.516 177.984 22160024316 255 0
22160024328 260.836 173.368 48.1645 47.1429 85.7869 268.941 177.563 287.251 177.774 22160024328 255 0
22160024336 260.824 173.091 47.8248 46.9053 74.2742 269.171 177.374 287.245 177.48 22160024336 255 0
22160024348 260.885 173.068 47.7765 46.8953 102.433 269.054 177.357 287.318 177.249 22160024348 255 0
22160024356 260.942 173.186 47.5225 46.9429 89.6596 268.681 177.417 287.167 177.438 22160024356 255 0
22160024368 260.566 173.284 47.751 46.3655 86.291 268.681 177.583 286.862 177.815 22160024368 255 0
22160024376 260.517 173.503 47.4802 46.2741 88.4937 268.652 177.811 286.852 177.657 22160024376 255 0
22160024388 260.243 173.409 46.9747 45.9277 102.735 268.742 177.985 286.697 177.934 22160024388 255 0
22160024400 260.435 173.238 46.6785 46.2003 106.351 268.611 177.984 286.693 177.894 22160024400 255 0
22160024408 260.227 173.505 46.7838 45.7831 83.3108 268.611 177.984 286.459 177.757 22160024408 255 0
22160024420 260.167 173.412 46.2971 45.5439 82.4252 268.742 177.985 286.629 177.743 22160024420 255 0
22160024428 260.154 173.322 46.394 45.6117 108.426 268.327 177.566 286.417 177.681 22160024428 255 0
22160024440 260.119 173.224 46.5219 45.4832 76.4399 268.34 177.458 286.394 177.722 22160024440 255 0
22160024448 260.036 173.044 46.1144 45.3643 87.1435 268.297 177.333 286.375 177.278 22160024448 255 0
22160024460 260.048 173.034 46.1106 45.307 85.6026 268.27 177.252 286.375 177.278 22160024460 255 0
22160024468 259.807 173.043 45.6419 44.9219 87.5565 268.297 177.333 286.355 177.447 22160024468 255 0
22160024480 259.908 173.13 45.8368 44.7835 94.5104 268.233 177.403 286.264 177.583 22160024480 255 0
22160024488 259.947 173.173 45.7162 44.7042 96.3252 268.281 177.667 286.355 177.553 22160024488 255 0
22160024500 260.215 173.206 45.7607 44.6027 95.8037 268.597 177.618 286.417 177.681 22160024500 255 0
22160024508 260.398 173.13 45.4508 44.5502 99.2505 268.597 177.618 286.662 177.716 22160024508 255 0
22160024520 260.62 172.974 45.1763 44.6169 94.0957 268.986 177.475 287.117 177.676 22160024520 255 0
22160024528 260.729 172.958 45.146 44.6376 79.5461 269.348 177.452 287.233 177.512 22160024528 255 0
22160024540 260.696 172.882 45.0124 44.2137 87.4505 269.399 177.478 287.408 177.579 22160024540 255 0
22160024548 260.891 172.99 45.0779 44.1677 110.189 269.444 177.57 287.237 177.626 22160024548 255 0
22160024560 260.755 173.11 44.986 44.2922 102.61 269.513 177.88 287.388 177.721 22160024560 255 0
22160024568 260.701 173.167 44.946 43.809 105.887 269.558 177.853 287.219 177.776 22160024568 255 0
22160024580 260.73 173.263 44.528 43.7207 109.715 269.276 177.65 287.244 177.822 22160024580 255 0
22160024588 260.738 173.189 44.5524 43.8891 112.091 269.31 177.55 287.214 177.692 22160024588 255 0
22160024600 260.604 172.967 44.5781 43.5956 111.109 269.042 177.5 287.214 177.59 22160024600 255 0
22160024608 260.892 172.933 44.5199 43.4714 104.863 269.23 177.405 287.316 177.476 22160024608 255 0
22160024620 261.499 172.681 44.406 43.3503 101.736 269.587 177.42 287.57 177.485 22160024620 255 0
22160024628 261.346 172.862 44.6645 43.2171 98.8183 269.341 177.413 287.257 177.553 22160024628 255 0
22160024640 260.973 172.819 44.1943 43.1368 86.2712 269.171 177.374 287.316 177.476 22160024640 255 0
22160024652 261.155 172.696 43.8963 43.6626 82.8921 269.256 177.287 287.173 177.471 22160024652 255 0
22160024660 261.039 172.634 44.0222 43.3149 101.121 269.175 177.526 287.08 177.324 22160024660 255 0
22160024672 260.962 172.643 43.7865 43.2805 72.5135 269.141 177.274 287.156 177.277 22160024672 255 0
22160024680 260.983 172.565 43.9606 43.2971 102.713 269.028 177.22 287.08 177.324 22160024680 255 0
22160024692 260.698 172.521 43.7559 42.9523 102.706 268.688 177.475 287.08 177.324 22160024692 255 0
22160024700 261.027 172.749 43.608 43.2657 92.5613 268.681 177.417 286.855 177.397 22160024700 255 0
22160024712 260.772 172.724 43.9266 42.8649 101.205 268.681 177.417 286.766 177.5 22160024712 255 0
22160024720 260.93 172.748 43.6611 42.9415 75.3 268.837 177.454 286.978 177.579 22160024720 255 0
22160024732 260.937 172.736 43.3798 42.8001 124.105 269.171 177.374 287.096 177.5 22160024732 255 0
22160024740 261.027 172.63 43.5024 42.3913 97.7524 269.256 177.287 287.137 177.402 22160024740 255 0
22160024752 261.153 172.611 43.4096 42.3367 93.5136 269.15 177.5 287.177 177.359 22160024752 255 0
22160024760 261.167 172.651 43.1278 42.3796 93.2438 269.259 177.237 287.167 177.451 22160024760 255 0
22160024772 261.239 172.765 43.1188 42.2954 103.302 269.394 177.5 287.316 177.476 22160024772 255 0
22160024780 261.299 172.834 43.2992 42.5174 113.645 269.444 177.526 287.298 177.662 22160024780 255 0
22160024792 261.141 172.846 43.0933 42.2655 105.548 269.444 177.526 287.238 177.736 22160024792 255 0
22160024800 261.261 172.882 43.1483 42.5295 109.085 269.31 177.55 287.308 177.679 22160024800 255 0
22160024812 261.283 172.999 42.8583 42.2222 104.183 269.276 177.65 287.238 177.632 22160024812 255 0
22160024820 261.286 172.852 42.9624 42.291 113.21 269.444 177.526 287.238 177.632 22160024820 255 0
22160024832 261.224 172.751 42.7966 42.3522 94.5124 269.623 177.5 287.355 177.447 22160024832 255 0
22160024840 261.362 172.699 42.7868 42.6184 112.302 269.623 177.5 287.364 177.569 22160024840 255 0
22160024852 261.224 172.751 42.8773 42.4382 111.896 269.444 177.526 287.384 177.527 22160024852 255 0
22160024860 261.42 172.808 42.7088 42.1731 120.22 269.528 177.5 287.384 177.527 22160024860 255 0
22160024872 261.321 172.794 42.7113 42.277 115.71 269.444 177.526 287.298 177.662 22160024872 255 0
22160024880 261.264 172.882 42.7434 42.1718 120.157 269.574 177.546 287.238 177.736 22160024880 255 0
22160024892 261.292 172.844 42.5858 41.7871 107.174 269.31 177.55 287.285 177.632 22160024892 255 0
22160024904 261.295 172.837 42.7265 42.0662 89.5496 269.574 177.546 287.271 177.822 22160024904 255 0
22160024912 261.07 172.92 42.5201 41.5069 104.466 269.276 177.65 287.164 177.689 22160024912 255 0
22160024924 261.157 172.804 42.2161 41.6521 105.316 269.556 177.637 287.238 177.736 22160024924 255 0
22160024932 260.379 172.775 42.2283 41.8552 125.987 268.743 177.639 286.526 177.697 22160024932 255 0
22160024944 259.701 172.898 42.3837 41.8909 155.66 268.34 177.458 286.355 177.553 22160024944 255 0
22160024952 259.816 172.747 42.3727 41.9504 154.416 268.224 177.509 286.338 177.635 22160024952 255 0
22160024964 259.897 172.732 42.5516 41.9195 147.31 268.224 177.509 286.384 177.473 22160024964 255 0
22160024972 259.574 172.81 42.1962 41.7121 101.323 268.217 177.767 286.338 177.635 22160024972 255 0
22160024984 259.486 172.819 42.3459 41.6615 92.17 268.363 177.733 286.201 177.705 22160024984 255 0
22160024992 259.567 172.738 42.1793 41.7038 92.3816 268.156 177.582 286.201 177.551 22160024992 255 0
22160025004 259.509 172.488 42.07 41.4229 122.649 268.297 177.333 286.201 177.397 22160025004 255 0
22160025012 259.561 172.469 42.162 41.4588 128.116 268.27 177.252 286.148 177.257 22160025012 255 0
22160025024 259.339 172.391 41.887 41.3486 105.479 268.093 177.193 286.238 177.264 22160025024 255 0
22160025032 259.528 172.482 42.1256 41.3864 123.612 268.27 177.252 286.164 177.311 22160025032 255 0
22160025044 259.694 172.564 42.1269 41.7016 158.131 268.233 177.403 286.257 177.447 22160025044 255 0
22160025052 259.804 172.753 42.072 41.5946 147.141 268.327 177.566 286.355 177.553 22160025052 255 0
22160025064 259.962 172.789 42.3031 41.4931 127.576 268.639 177.785 286.392 177.797 22160025064 255 0
22160025072 260.123 172.858 41.8674 41.2911 122.94 268.639 177.785 286.561 177.763 22160025072 255 0
22160025084 260.472 172.703 42.16 41.6509 160.713 269.171 177.569 287.125 177.7 22160025084 255 0
22160025092 260.599 172.545 42.0573 41.104 118.776 269.265 177.5 287.073 177.577 22160025092 255 0
22160025104 260.437 172.522 41.9537 41.1771 111.916 269.265 177.5 287.238 177.632 22160025104 255 0
22160025112 260.292 172.727 42.0896 41.2394 133.29 268.941 177.563 287.08 177.644 22160025112 255 0
22160025124 260.205 172.827 42.0586 41.1554 144.379 268.639 177.785 286.568 177.784 22160025124 255 0
22160025132 260.033 173.055 42.0987 41.0405 150.667 268.639 177.785 286.419 177.797 22160025132 255 0
22160025144 259.798 173.052 41.7513 41.1923 137.274 268.653 177.693 286.431 177.884 22160025144 0 0
22160025156 259.991 173.025 41.9494 41.4402 165.285 268.639 177.785 286.419 177.797 22160025156 0 0
22160025164 260.125 172.976 41.9453 41.2611 169.721 268.639 177.785 286.419 177.797 22160025164 0 0
22160025176 259.996 172.77 41.7955 41.2981 123.225 268.683 177.913 286.5 177.82 22160025176 0 0
22160025184 260.069 172.808 41.8455 41.0805 123.269 268.58 177.71 286.397 177.628 22160025184 0 0
22160025196 260.03 172.898 41.8563 41.3001 162.128 268.71 177.884 286.382 177.711 22160025196 0 0
22160025204 260.125 172.976 41.9453 41.2611 169.721 268.653 177.693 286.487 177.737 22160025204 0 0
22160025216 259.89 172.91 41.7417 41.2117 161.301 268.742 177.985 286.419 177.797 22160025216 0 0
22160025224 259.848 172.846 41.7924 41.1673 149.801 268.396 177.785 286.382 177.711 22160025224 0 0
22160025236 259.831 173.016 41.5621 41.2785 163.179 268.479 177.944 286.382 177.711 22160025236 0 0
22160025244 259.73 173.005 41.8891 40.9582 144.21 268.742 177.985 286.431 177.884 22160025244 0 0
22160025256 259.864 173.042 41.8917 41.2912 160.065 268.479 177.944 286.432 177.977 22160025256 0 0
22160025264 259.762 173.094 41.8813 41.0441 135.028 268.379 178.078 286.324 177.978 22160025264 0 0
22160025276 259.726 173.082 41.9734 40.9821 141.616 268.456 178 286.193 178.173 22160025276 0 0
22160025284 259.721 172.947 41.5802 41.1132 153.36 268.348 177.986 286.201 177.705 22160025284 0 0
22160025296 259.413 172.636 41.7523 40.953 129.669 268.217 177.767 286.112 177.738 22160025296 0 0
22160025304 259.398 172.529 41.7743 40.9973 145.812 268.105 177.418 286.15 177.423 22160025304 0 0
22160025316 259.31 172.578 41.7662 41.1638 130.057 268.068 177.497 286.096 177.5 22160025316 0 0
22160025324 259.177 172.649 41.7601 40.7008 124.464 267.977 177.705 286.112 177.738 22160025324 0 0
22160025336 259.427 172.847 41.5721 41.0172 162.376 268.062 177.876 286.206 177.789 22160025336 0 0
22160025344 259.703 173.053 41.5149 41.013 151.228 268.212 177.985 286.239 178.009 22160025344 0 0
22160025356 259.782 172.912 41.4097 41.0963 150.623 268.609 177.986 286.391 177.836 22160025356 0 0
22160025364 260.169 172.897 41.7473 41.1883 177.712 268.639 177.785 286.382 177.711 22160025364 0 0
22160025376 260.279 172.801 41.6674 40.9224 165.884 268.732 177.732 286.583 177.87 22160025376 0 0
22160025384 260.326 172.657 41.5253 40.8838 130.836 268.915 177.643 286.884 177.769 22160025384 0 0
22160025396 260.479 172.802 41.6071 40.7784 130.459 268.868 177.868 286.895 178 22160025396 0 0
22160025408 260.395 172.874 41.4597 40.871 132.785 268.92 178.1 286.949 178.064 22160025408 0 0
22160025416 260.36 172.973 41.8071 40.864 144.595 268.958 178.201 286.855 178.092 22160025416 0 0
22160025428 260.253 172.766 41.684 40.7919 162.755 268.693 177.928 286.694 178 22160025428 0 0
22160025436 260.226 172.808 41.4782 41.2423 161.555 268.639 177.785 286.5 177.847 22160025436 0 0
22160025448 259.995 172.654 41.6127 40.9291 119.022 268.653 177.693 286.382 177.711 22160025448 0 0
22160025456 259.901 172.628 41.3418 41.2341 132.225 268.683 177.913 286.431 177.884 22160025456 0 0
22160025468 259.762 172.614 41.4714 41.321 157.948 268.34 177.693 286.382 177.711 22160025468 0 0
22160025476 259.713 172.564 41.6811 41.3969 104.601 268.333 177.755 286.343 177.775 22160025476 0 0
22160025488 259.633 172.386 41.9361 40.9269 138.619 268.233 177.403 286.355 177.553 22160025488 0 0
22160025496 259.461 172.288 41.5977 41.0439 118.94 268.105 177.418 286.15 177.423 22160025496 0 0
22160025508 259.47 172.283 41.6972 41.4161 168.364 268.203 177.32 286.127 177.342 22160025508 0 0
22160025516 259.413 172.238 41.666 41.1353 140.742 267.929 177.305 286.013 177.461 22160025516 0 0
22160025528 259.332 172.29 41.7886 41.4652 154.72 267.741 177.395 285.915 177.415 22160025528 0 0
22160025536 258.997 172.377 41.8851 41.214 124.939 267.741 177.395 285.659 177.451 22160025536 0 0
22160025548 259.024 172.508 41.909 41.3951 129.089 267.741 177.395 285.714 177.5 22160025548 0 0
22160025556 258.842 172.398 41.8871 41.4616 128.624 267.741 177.395 285.714 177.5 22160025556 0 0
22160025568 259.006 172.253 42.0834 41.4923 147.589 267.741 177.395 285.714 177.5 22160025568 0 0
22160025576 259.071 172.261 42.2976 41.7206 150.387 267.741 177.395 285.81 177.262 22160025576 0 0
22160025588 259.203 172.237 42.6539 41.5821 141.29 267.741 177.395 285.767 177.337 22160025588 0 0
22160025596 259.143 172.222 41.9363 41.9082 121.35 267.741 177.395 285.69 177.381 22160025596 0 0
22160025608 259.36 172.434 42.4937 41.8077 173.941 267.688 177.475 285.793 177.537 22160025608 0 0
22160025616 259.212 172.463 42.5842 42.3102 153.075 267.846 177.5 285.895 177.651 22160025616 0 0
22160025628 259.349 172.645 42.8768 42.3326 168.803 267.653 177.693 285.91 177.761 22160025628 0 0
22160025636 259.161 172.526 42.9312 42.2688 136.105 267.846 177.5 285.94 177.726 22160025636 0 0
22160025648 259.259 172.469 43.1283 42.2661 119.202 267.846 177.5 285.94 177.726 22160025648 0 0
22160025660 259.533 172.58 43.6966 42.7318 137.365 267.846 177.5 285.94 177.631 22160025660 0 0
22160025668 259.516 172.513 43.7964 42.8095 135.097 267.846 177.5 286.074 177.723 22160025668 0 0
22160025680 259.394 172.487 43.7241 43.1377 120.562 267.792 177.667 286.279 177.909 22160025680 0 0
22160025688 259.664 172.552 43.974 43.2614 115.152 268.013 177.68 286.279 177.909 22160025688 0 0
22160025700 259.738 172.626 44.1098 43.2625 124.903 268.033 177.54 286.279 177.909 22160025700 0 0
22160025708 259.616 172.632 43.9902 43.8138 146.381 268.156 177.582 286.238 177.736 22160025708 0 0
22160025720 259.622 172.69 44.471 44.1073 167.786 267.913 177.964 286.279 177.909 22160025720 0 0
22160025728 260.289 172.68 44.9254 44.2915 147.006 268.284 177.95 286.431 177.884 22160025728 0 0
22160025740 260.387 172.662 45.3011 44.3434 146.64 268.415 177.912 286.431 177.884 22160025740 0 0
22160025748 260.177 172.761 45.5417 44.2676 152.293 268.148 177.948 286.279 177.909 22160025748 0 0
22160025760 260.073 172.846 45.3354 44.9798 155.574 268.062 177.876 286.279 177.909 22160025760 0 0
22160025768 260.232 172.859 45.8105 45.0627 176.477 268.056 177.965 286.343 177.836 22160025768 0 0
22160025780 260.119 172.727 46.2134 45.4136 143.079 267.938 177.698 286.224 177.612 22160025780 0 0
22160025788 259.859 172.543 46.0853 45.5513 140.06 267.8 177.58 286.142 177.612 22160025788 0 0
22160025800 259.961 172.659 46.1696 46.0951 136.993 267.8 177.42 286.179 177.787 22160025800 0 0
22160025808 259.901 172.632 46.9503 45.9126 166.448 267.75 177.5 286.142 177.612 22160025808 0 0
22160025820 260.012 172.853 46.9039 46.6698 148.161 267.791 177.908 286.198 177.842 22160025820 0 0
22160025828 259.948 172.797 47.2504 46.353 163.88 267.816 178.106 286.279 177.909 22160025828 0 0
22160025840 259.966 172.815 47.5396 46.8696 162.249 267.8 177.58 286.279 177.909 22160025840 0 0
22160025848 260.027 172.707 47.639 47.17 155.627 267.688 177.475 286.179 177.787 22160025848 0 0
22160025860 260.08 172.447 47.8897 46.9971 156.245 267.816 177.305 286.318 177.556 22160025860 0 0
22160025868 260.331 172.353 48.0178 47.4696 175.217 268.093 177.193 286.338 177.512 22160025868 0 0
22160025880 260.286 172.217 47.8856 47.4577 157.88 267.958 177.201 286.503 177.291 22160025880 0 0
22160025888 260.496 172.381 48.6627 47.5859 160.39 268.27 177.252 286.376 177.074 22160025888 0 0
22160025900 260.545 172.568 48.6837 48.041 159.031 268.233 177.403 286.453 177.651 22160025900 0 0
22160025912 260.431 172.675 48.907 48.1587 143.566 268.203 177.477 286.548 177.704 22160025912 0 0
22160025920 260.613 172.701 49.4695 48.5135 129.842 268.203 177.477 286.548 177.704 22160025920 0 0
22160025932 260.421 172.595 49.1744 48.3921 127.992 268.176 177.346 286.533 177.611 22160025932 0 0
22160025940 260.44 172.4 49.2284 48.7276 148.02 268.27 177.252 286.454 177.322 22160025940 0 0
22160025952 260.271 172.344 49.777 48.8229 155.437 267.87 177.275 286.275 177.074 22160025952 0 0
22160025960 260.106 172.582 50.4737 49.1808 155.044 267.782 177.282 286.18 177.233 22160025960 0 0
22160025972 260.008 172.662 50.4099 49.5045 147.508 267.633 177.374 286.012 177.316 22160025972 0 0
22160025980 259.74 172.575 50.2983 49.3993 142.544 267.587 177.42 285.852 177.605 22160025980 0 0
22160025992 259.837 172.732 50.3884 49.4022 165.035 267.399 177.478 285.926 177.938 22160025992 0 0
22160026000 259.954 172.731 50.6546 49.7833 151.88 267.623 177.5 286.194 177.828 22160026000 0 0
22160026012 260.139 172.549 50.8274 50.0877 149.935 267.741 177.395 286.224 177.5 22160026012 0 0
22160026020 260.375 172.576 51.1638 50.1107 161.522 267.905 177.231 286.362 177.362 22160026020 0 0
22160026032 260.405 172.285 51.3133 49.9859 160.018 267.958 177.201 286.417 177.433 22160026032 0 0
22160026040 260.391 172.52 51.2515 50.5178 152.954 268.014 177.231 286.417 177.433 22160026040 0 0
22160026052 260.513 172.749 51.7431 50.8395 176.142 268.068 177.293 286.426 177.679 22160026052 0 0
22160026060 260.471 172.847 51.6867 51.1511 162.529 267.8 177.58 286.482 177.744 22160026060 0 0
22160026072 260.5 172.961 51.848 51.0595 172.78 268.014 177.771 286.389 177.969 22160026072 0 0
22160026080 260.247 173.029 51.9684 50.9431 150.343 268.013 178.067 286.395 178.22 22160026080 0 0
22160026092 260.413 173.308 52.0935 51.6695 178.72 267.959 178.102 286.448 178.253 22160026092 0 0
22160026100 260.313 173.195 52.258 51.3607 147.78 267.807 178 286.448 178.253 22160026100 0 0
22160026112 260.595 172.958 52.6381 51.3856 169.801 267.741 177.605 286.327 178 22160026112 0 0
22160026120 260.476 172.81 52.9057 51.6152 152.438 267.741 177.558 286.404 177.878 22160026120 0 0
22160026132 260.5 172.748 52.8744 51.8136 143.026 267.741 177.395 286.34 177.813 22160026132 0 0
22160026140 260.486 172.8 52.9315 52.0883 153.053 267.741 177.395 286.272 177.796 22160026140 0 0
22160026152 260.312 172.815 53.3109 52.0999 137.512 267.8 177.42 286.5 177.813 22160026152 0 0
22160026164 260.563 172.926 53.1699 52.1793 136.464 267.8 177.58 286.404 177.878 22160026164 0 0
22160026172 260.346 172.84 53.4371 52.5509 158.718 267.8 177.42 286.404 177.878 22160026172 0 0
22160026184 259.834 172.68 53.441 52.6613 165.781 267.574 177.454 286.101 177.5 22160026184 0 0
22160026192 260.015 172.613 53.6684 52.7468 157.454 267.752 177.287 286.304 177.429 22160026192 0 0
22160026204 260.177 172.513 53.6145 53.3288 4.25616 267.875 177.333 286.242 177.406 22160026204 0 0
22160026212 260.176 172.549 53.7162 53.0818 135.65 267.741 177.395 286.304 177.429 22160026212 0 0
22160026224 260.183 172.512 54.1811 53.4787 138.978 267.741 177.395 286.214 177.478 22160026224 0 0
22160026232 260.093 172.591 54.4431 53.5653 155.592 267.741 177.395 286.34 177.813 22160026232 0 0
22160026244 260.117 172.697 54.3328 53.0501 157.169 267.8 177.42 286.272 177.844 22160026244 0 0
22160026252 260.107 172.751 54.3908 53.3718 145.361 267.8 177.42 286.272 177.844 22160026252 0 0
22160026264 260.297 172.712 54.7871 54.055 158.496 267.688 177.475 286.34 177.813 22160026264 0 0
22160026272 260.361 172.583 54.5894 54.267 168.644 267.741 177.395 286.278 177.5 22160026272 0 0
22160026284 260.355 172.467 55.1051 54.1829 168.465 268.014 177.231 286.464 177.092 22160026284 0 0
22160026292 260.384 172.33 55.1588 54.4541 173.329 268 177 286.56 177.031 22160026292 0 0
22160026304 260.276 172.351 55.4179 54.2805 163.988 267.957 177.101 286.5 177 22160026304 0 0
22160026312 260.242 172.503 55.4546 54.4381 164.663 267.874 177.031 286.214 177.327 22160026312 0 0
22160026324 260.273 172.591 55.391 54.7973 179.569 267.8 177.42 286.214 177.478 22160026324 0 0
22160026332 259.968 172.65 55.8938 54.8127 139.852 267.741 177.395 286.147 177.5 22160026332 0 0
22160026344 260.135 172.649 55.791 54.8892 166.041 267.688 177.475 286.113 177.42 22160026344 0 0
22160026352 260.142 172.612 55.9107 54.9233 156.554 267.741 177.395 286.183 177.399 22160026352 0 0
22160026364 260.217 172.492 56.0791 55.2059 137.765 267.788 177.068 286.241 177.227 22160026364 0 0
22160026372 260.238 172.497 56.2347 55.6027 162.996 267.845 177.109 286.272 177.156 22160026372 0 0
22160026384 260.394 172.425 56.1282 55.6357 166.685 268.093 177.193 286.386 177.242 22160026384 0 0
22160026392 261.614 172.617 56.4866 56.04 0.987976 268.203 177.32 286.444 177.379 22160026392 0 0
22160026404 261.441 172.6 56.2129 55.9739 133.966 268.403 177.384 286.818 177.682 22160026404 0 0
22160026416 261.43 172.682 56.6075 56.0934 154.232 268.34 177.458 286.681 177.696 22160026416 0 0
22160026424 261.409 172.717 56.7328 55.9333 125.708 268.442 177.423 286.627 177.52 22160026424 0 0
22160026436 261.497 172.69 56.7618 55.8938 129.911 268.492 177.477 286.674 177.385 22160026436 0 0
22160026444 261.799 172.57 57.3812 56.1378 158.99 268.606 177.591 286.674 177.385 22160026444 0 0
22160026456 261.618 172.55 56.9407 56.6173 84.4297 268.681 177.417 286.688 177.475 22160026456 0 0
22160026464 261.702 172.806 56.7452 56.6959 76.6812 268.681 177.417 286.75 177.5 22160026464 0 0
22160026476 261.988 172.962 57.3891 56.9593 30.6238 268.623 177.5 286.969 177.891 22160026476 0 0
22160026484 261.889 173.038 57.3984 57.0322 122.482 268.775 177.652 286.969 177.891 22160026484 0 0
22160026496 261.963 172.992 57.6214 57.1689 77.4108 268.775 177.652 286.969 177.891 22160026496 0 0
22160026504 262.045 173.023 57.7498 57.4759 94.4826 269.265 177.5 286.929 177.695 22160026504 0 0
22160026516 262.067 172.903 57.7949 57.637 73.6924 269.209 177.473 287.068 177.667 22160026516 0 0
22160026524 262.108 172.907 58.0902 57.6879 114.338 269.171 177.374 287.028 177.589 22160026524 0 0
22160026536 261.979 172.923 58.2567 57.6694 110.865 269.171 177.374 286.929 177.525 22160026536 0 0
22160026544 261.86 172.928 58.5945 57.5118 109.908 268.775 177.478 286.929 177.695 22160026544 0 0
22160026556 261.906 173.111 58.5322 58.2421 131.152 268.623 177.5 286.864 177.773 22160026556 0 0
22160026564 261.854 173.137 58.4826 58.2092 60.317 268.623 177.5 286.73 177.695 22160026564 0 0
22160026576 261.628 173.012 58.8267 58.0735 94.3876 268.623 177.5 286.705 177.659 22160026576 0 0
22160026584 261.769 173.031 58.8505 58.5576 80.7113 268.574 177.454 286.606 177.591 22160026584 0 0
22160026596 261.793 172.875 58.8281 58.535 44.0219 268.681 177.417 286.75 177.5 22160026596 0 0
22160026604 261.812 172.762 59.2659 58.6384 93.4961 268.419 177.333 286.752 177.287 22160026604 0 0
22160026616 261.575 172.733 59.4424 58.6774 108.457 268.617 177.284 286.789 177.187 22160026616 0 0
22160026624 261.597 172.658 59.5435 58.5497 85.1998 268.497 177.272 286.481 177.295 22160026624 0 0
22160026636 261.492 172.862 59.692 58.7064 102.724 268.27 177.252 286.354 177.417 22160026636 0 0
22160026644 261.491 173.021 59.9719 59.0238 87.0926 268.297 177.333 286.397 177.475 22160026644 0 0
22160026656 261.442 173.005 59.9831 59.404 73.8141 268.297 177.333 286.432 177.765 22160026656 255 0
22160026668 261.28 172.914 59.7287 59.1029 75.8094 268.27 177.252 286.304 177.232 22160026668 255 0
22160026676 261.39 172.618 60.2622 59.1545 111.743 268.333 177.075 286.391 177.065 22160026676 255 0
22160026688 261.463 172.36 60.4958 59.4228 95.2727 268.577 176.737 286.558 176.679 22160026688 255 0
22160026696 261.331 172.193 60.5014 59.4614 94.1164 268.516 176.616 286.636 176.955 22160026696 255 0
22160026708 260.548 172.5 60.6776 59.5099 93.5821 268.095 176.769 286.333 176.925 22160026708 255 0
22160026716 260.972 172.555 60.6805 59.6512 96.0428 268.042 176.799 286.22 176.986 22160026716 255 0
22160026728 261.146 172.823 61.171 60.0504 83.5352 268.27 177.252 286.319 177.081 22160026728 255 0
22160026736 260.816 172.943 61.5446 59.5893 102.1 268.27 177.252 286.304 177.232 22160026736 255 0
22160026748 261.018 172.857 61.3962 60.0811 98.8323 268.27 177.252 286.24 177.155 22160026748 255 0
22160026756 260.803 172.729 61.192 60.1265 92.8059 268.38 177.04 286.271 177.021 22160026756 255 0
22160026768 260.686 172.687 61.5834 60.0168 106.627 268 177 286.271 177.021 22160026768 255 0
22160026776 260.584 172.597 61.52 60.4024 91.3733 267.967 176.66 286.145 177 22160026776 255 0
22160026788 260.529 172.594 61.5592 60.2413 101.969 267.901 176.865 286.145 177 22160026788 255 0
22160026796 260.512 172.529 61.6279 60.7174 87.8753 267.823 176.769 285.881 176.952 22160026796 255 0
22160026808 260.464 172.746 62.0078 60.6209 84.1242 267.673 176.667 285.862 176.877 22160026808 255 0
22160026816 260.247 172.767 62.1014 60.5847 97.8874 267.633 176.626 285.862 176.877 22160026816 255 0
22160026828 260.308 172.772 62.0934 60.5384 91.5445 267.741 176.605 285.822 176.992 22160026828 255 0
22160026836 260.349 172.657 62.3756 60.5118 95.4375 267.823 176.769 286.145 177 22160026836 255 0
22160026848 260.444 172.585 61.8202 60.8495 100.913 267.874 176.597 286.145 177 22160026848 255 0
22160026856 260.36 172.57 62.8301 60.6434 92.4701 267.83 176.68 286.145 177 22160026856 255 0
22160026868 260.304 172.831 62.7536 60.8385 89.3596 267.874 176.597 286 177 22160026868 255 0
22160026876 260.342 172.889 62.9076 61.0029 97.1655 267.901 176.865 286.145 177 22160026876 255 0
22160026888 260.168 172.666 64.0749 60.5631 94.015 267.733 176.96 286 177.104 22160026888 255 0
22160026896 260.106 173.143 63.0687 61.2939 107.752 267.741 177.395 285.763 177.385 22160026896 255 0
22160026908 260.092 173.156 62.7593 61.0385 100.875 267.688 177.475 285.971 177.696 22160026908 255 0
22160026920 260.036 173.394 63.0138 60.9856 91.8144 267.741 177.395 285.971 177.696 22160026920 255 0
22160026928 260.216 173.366 62.9881 60.6981 101.162 267.8 177.42 285.905 177.595 22160026928 255 0
22160026940 260.402 173.05 63.015 60.7044 101.527 268.013 177.131 285.915 177.369 22160026940 255 0
22160026948 260.166 172.905 62.7907 60.8585 97.4893 268.061 177.068 286.145 177 22160026948 255 0
22160026960 260.361 172.947 62.7807 60.5712 103.585 268 177 286.145 177 22160026960 255 0
22160026968 260.06 173.094 62.1715 60.0762 92.2575 267.84 176.96 286.096 177.193 22160026968 255 0
22160026980 260.013 173.164 61.691 59.3673 94.6176 267.816 177.305 285.993 177.347 22160026980 255 0
22160026988 259.817 173.277 61.1141 59.1803 111.075 267.936 177.404 286.21 177.587 22160026988 255 0
22160027000 259.999 173.311 60.3375 58.5786 99.5519 268.014 177.231 286.486 177.587 22160027000 255 0
22160027008 260.163 173.131 59.5964 57.707 96.8679 268.27 177.252 286.465 177.5 22160027008 255 0
22160027020 260.512 172.906 59.3675 57.2979 95.0337 268.556 177.363 286.553 177.326 22160027020 255 0
22160027028 260.487 172.717 58.7329 56.1889 100.901 268.586 176.944 286.85 177.308 22160027028 255 0
22160027040 260.584 172.841 57.8982 56.0466 106.963 268.617 177.284 287 177.072 22160027040 255 0
22160027048 260.581 173.096 57.4369 55.6154 101.055 268.633 177.374 286.846 177.5 22160027048 255 0
22160027060 260.325 173.157 56.7932 54.5478 104.824 268.623 177.5 286.885 177.654 22160027060 255 0
22160027068 260.559 173.308 55.7951 53.8338 104.099 268.667 177.674 287.059 177.963 22160027068 255 0
22160027080 260.784 173.227 55.409 53.764 105.849 268.681 177.583 287.014 178.163 22160027080 255 0
22160027088 260.676 173.145 54.4311 53.0846 119.398 268.681 177.417 287.126 177.597 22160027088 255 0
22160027100 260.686 172.905 53.8111 52.6032 112.086 268.645 177.27 287.362 177.412 22160027100 255 0
22160027108 260.642 172.798 53.5676 51.9507 115.371 268.917 177 287.345 177.198 22160027108 255 0
22160027120 260.45 172.632 52.3419 51.5854 117.701 268.823 177.231 287.012 177.117 22160027120 255 0
22160027128 260.45 172.633 52.4522 50.8507 114.249 268.574 177.454 286.967 177.306 22160027128 255 0
22160027140 260.263 172.632 52.0069 50.3831 109.541 268.633 177.374 286.763 177.355 22160027140 255 0
22160027148 260.138 172.685 51.5484 49.6139 113.766 268.17 177.395 286.606 177.694 22160027148 255 0
22160027160 259.954 172.791 50.8854 49.7033 111.903 268.203 177.32 286.559 177.279 22160027160 255 0
22160027172 259.779 172.54 50.5092 48.9645 110.73 268.27 177.252 286.503 177.1 22160027172 255 0
22160027180 259.864 172.475 50.0862 49.3516 111.949 268.252 177.231 286.637 177.055 22160027180 255 0
22160027192 259.693 172.47 49.9905 48.3017 109.651 268.252 177.231 286.443 177.124 22160027192 255 0
22160027200 259.711 172.494 49.2229 48.1943 117.84 268.27 177.252 286.457 177.229 22160027200 255 0
22160027212 259.722 172.695 49.0225 47.8744 105.831 268.27 177.252 286.375 177.278 22160027212 255 0
22160027220 259.702 172.733 48.518 47.3112 109.564 268.27 177.252 286.214 177.357 22160027220 255 0
22160027232 259.673 172.59 48.4134 47.372 126.175 268.27 177.252 286.338 177.365 22160027232 255 0
22160027240 259.672 172.555 48.1085 47.1169 125.346 268.27 177.252 286.386 177.19 22160027240 255 0
22160027252 259.764 172.407 47.8531 46.7449 121.645 268.203 177.32 286.419 177.203 22160027252 255 0
22160027260 259.956 172.453 47.5171 46.6448 131.865 268.27 177.252 286.419 177.203 22160027260 255 0
22160027272 259.813 172.6 47.2283 46.2779 113.892 268.27 177.252 286.419 177.203 22160027272 255 0
22160027280 259.872 172.733 46.9485 46.3878 132.387 268.297 177.333 286.375 177.278 22160027280 255 0
22160027292 259.963 172.747 46.6718 46.2785 97.3052 268.34 177.458 286.338 177.365 22160027292 255 0
22160027300 259.961 172.694 46.5671 45.5243 118.935 268.34 177.458 286.432 177.595 22160027300 255 0
22160027312 259.956 172.613 46.0975 45.5805 120.241 268.34 177.458 286.432 177.486 22160027312 255 0
22160027320 259.978 172.683 46.0722 45.5033 139.077 268.633 177.374 286.432 177.486 22160027320 255 0
22160027332 259.966 172.6 45.9894 44.9177 110.578 268.681 177.417 286.472 177.498 22160027332 255 0
22160027340 260.019 172.563 46.0136 44.8272 117.269 268.468 177.571 286.457 177.314 22160027340 255 0
22160027352 260.095 172.581 45.4456 44.4512 117.216 268.492 177.477 286.457 177.314 22160027352 255 0
22160027360 260.157 172.492 45.5936 44.4806 120.215 268.667 177.326 286.391 177.164 22160027360 255 0
22160027372 259.868 172.535 45.3252 43.7844 96.6399 268.633 177.374 286.375 177.278 22160027372 255 0
22160027380 259.872 172.547 44.909 44.0845 95.2049 268.203 177.477 286.347 177.237 22160027380 255 0
22160027392 259.752 172.558 44.7585 43.8246 120.661 268.297 177.333 286.355 177.447 22160027392 255 0
22160027400 259.686 172.576 44.6701 43.6424 122.611 268.233 177.403 286.284 177.5 22160027400 255 0
22160027412 259.779 172.533 44.2193 43.8876 119.707 268.233 177.403 286.244 177.529 22160027412 255 0
22160027424 259.614 172.397 44.345 44.0533 147.162 268.27 177.252 286.201 177.295 22160027424 255 0
22160027432 259.708 172.273 44.3988 43.2313 119.314 268.068 177.293 286.364 177.164 22160027432 255 0
22160027444 259.654 172.115 44.1839 43.1569 120.395 268 177 286.279 176.954 22160027444 255 0
22160027452 259.543 172.058 44.0542 43.1538 127.364 268.145 177 286.324 176.932 22160027452 255 0
22160027464 259.525 172.213 43.7356 42.8934 117.186 268.093 177.193 286.279 176.954 22160027464 255 0
22160027472 259.326 172.333 43.8288 42.875 110.298 267.958 177.201 286.092 177.197 22160027472 255 0
22160027484 259.32 172.339 43.4634 43.0067 95.4372 267.87 177.275 285.895 177.419 22160027484 255 0
22160027492 259.1 172.281 43.2953 42.5768 129.634 267.816 177.305 285.94 177.345 22160027492 255 0
22160027504 259.193 171.967 43.3437 42.562 120.403 267.858 176.865 285.801 176.988 22160027504 255 0
22160027512 258.956 171.83 43.1073 42.19 109.208 267.841 176.674 286.039 176.908 22160027512 255 0
22160027524 259.151 171.727 43.237 42.4962 107.572 267.858 176.61 285.921 176.732 22160027524 255 0
22160027532 259.196 171.741 43.0874 42.5822 128.066 267.986 176.558 285.97 176.745 22160027532 255 0
22160027544 259.278 171.949 43.0743 42.5159 92.0014 268 177 286.18 177 22160027544 255 0
22160027552 259.299 172.052 43.072 41.5477 115.757 268.144 177.222 286.316 177.108 22160027552 255 0
22160027564 259.752 172.229 43.0792 41.951 122.771 268.297 177.333 286.298 177.396 22160027564 255 0
22160027572 260.058 172.304 42.9909 41.8534 119.818 268.468 177.571 286.391 177.164 22160027572 255 0
22160027584 260.197 172.132 42.7206 41.9386 123.687 268.823 177.231 286.84 177.194 22160027584 255 0
22160027592 260.397 171.776 42.4881 41.8824 111.661 269.104 176.653 287.004 176.996 22160027592 255 0
22160027604 260.45 171.724 42.3157 42.1834 95.2603 269.217 176.638 287.132 176.934 22160027604 255 0
22160027612 260.37 171.89 42.3916 41.9636 122.238 269.083 176.667 286.967 177.033 22160027612 255 0
22160027624 260.211 172.161 42.1298 41.932 107.899 268.606 177.409 286.624 177.232 22160027624 255 0
22160027632 259.924 172.459 42.2938 41.6253 118.014 268.681 177.417 286.423 177.5 22160027632 255 0
22160027644 260.006 172.462 42.1706 41.5693 122.772 268.623 177.5 286.423 177.5 22160027644 255 0
22160027652 260.1 172.378 42.1043 41.8076 116.941 268.633 177.374 286.423 177.5 22160027652 255 0
22160027664 259.951 172.111 41.9666 41.6964 129.286 268.556 177.363 286.391 177.164 22160027664 255 0
22160027676 260.051 171.98 42.5418 41.3191 128.627 268.673 176.667 286.513 176.987 22160027676 255 0
22160027684 259.989 171.836 42.4364 41.1768 131.151 268.782 176.718 286.542 177.022 22160027684 255 0
22160027696 259.891 171.832 42.1438 41.2705 137.191 268.782 176.718 286.436 176.936 22160027696 255 0
22160027704 259.787 171.944 41.8264 41.0702 125.605 268.5 177 286.432 177.068 22160027704 255 0
22160027716 259.788 172.148 41.674 41.5669 117.745 268.27 177.252 286.324 177.022 22160027716 255 0
22160027724 259.716 172.184 41.9571 41.206 123.246 268.27 177.252 286.378 177.178 22160027724 255 0
22160027736 259.615 172.257 41.6114 41.3603 88.4694 268.27 177.252 286.316 177.108 22160027736 255 0
22160027744 259.456 172.186 41.6425 41.0539 111.443 268.014 177.231 286.201 177.295 22160027744 255 0
22160027756 259.599 172.257 41.6939 41.0636 112.717 268.27 177.252 286.238 177.264 22160027756 255 0
22160027764 259.58 172.229 41.5921 40.9883 120.993 268.203 177.32 286.201 177.295 22160027764 255 0
22160027776 259.707 172.236 41.818 41.2906 138.707 268.27 177.252 286.259 177.368 22160027776 255 0
22160027784 259.695 172.042 41.5111 41.2813 118.669 268.113 177.199 286.283 177.194 22160027784 255 0
22160027796 259.593 172.04 41.419 40.9045 120.514 268 177 286.395 176.868 22160027796 255 0
22160027804 259.517 171.882 41.7691 40.582 122.487 268.145 177 286.324 176.932 22160027804 255 0
22160027816 259.517 171.897 41.4192 40.7265 117.53 268.145 177 286.244 177.044 22160027816 255 0
22160027824 259.532 172.02 41.5284 40.6674 121.952 268.068 177.293 286.421 177.154 22160027824 255 0
22160027836 259.582 172.095 41.6122 40.4777 131.523 268.27 177.252 286.246 177.225 22160027836 255 0
22160027844 259.891 172.223 41.5493 40.7418 124.099 268.313 177.293 286.439 177.346 22160027844 255 0
22160027856 260.198 172.045 41.1292 40.5773 106.297 268.468 177.381 286.528 177.238 22160027856 255 0
22160027864 260.36 172.14 41.1161 41.0614 121.646 269.028 177.22 286.932 177.365 22160027864 255 0
22160027876 260.536 172.087 41.3781 40.5986 130.129 269.302 177.23 287.024 177.354 22160027876 255 0
22160027884 260.69 172.171 41.3239 40.9139 128.849 269.419 177.333 287.266 177.44 22160027884 255 0
22160027896 260.589 172.186 41.3007 40.3291 119.387 269.633 177.374 287.612 177.455 22160027896 255 0
22160027904 260.807 172.34 41.1809 40.513 111.525 269.681 177.417 287.508 177.563 22160027904 255 0
22160027916 260.905 172.357 41.0711 40.602 111.996 269.681 177.417 287.566 177.609 22160027916 255 0
22160027928 260.777 172.243 41.4688 40.4045 130.251 269.681 177.417 287.508 177.536 22160027928 255 0
22160027936 260.707 172.166 40.8227 40.3276 121.918 269.511 177.348 287.554 177.406 22160027936 255 0
22160027948 260.72 172.163 41.34 40.2659 116.266 269.377 177.109 287.304 177.288 22160027948 255 0
22160027956 260.56 172.169 41.0937 40.2922 112.475 269.302 177.333 287.024 177.305 22160027956 255 0
22160027968 260.31 172.135 41.3502 40.5394 120.815 269.171 177.374 286.851 177.404 22160027968 255 0
22160027976 260.282 172.132 41.095 40.1982 123.512 268.741 177.395 286.816 177.439 22160027976 255 0
22160027988 260.207 172.114 41.19 40.6666 123.908 268.681 177.417 286.464 177.473 22160027988 255 0
22160027996 260.156 172.003 40.9779 40.3894 93.6455 268.538 177.295 286.528 177.238 22160027996 255 0
22160028008 260.14 171.953 40.9534 40.6517 113.726 268.66 176.84 286.513 176.987 22160028008 255 0
22160028016 259.968 171.796 40.7645 40.6499 115.401 268.765 176.955 286.513 176.987 22160028016 255 0
22160028028 259.806 171.845 41.1049 40.4226 152.21 268.635 177 286.513 176.987 22160028028 255 0
22160028036 259.798 171.969 40.9103 40.5304 162.946 268.113 177.199 286.388 177.091 22160028036 255 0
22160028048 259.684 171.988 41.0942 40.4417 152.478 268.27 177.252 286.238 177.264 22160028048 255 0
22160028056 259.701 172.06 41.2381 40.2896 138.854 268.27 177.252 286.283 177.194 22160028056 255 0
22160028068 259.835 172.002 41.2101 40.3519 154.119 268.27 177.252 286.303 177.295 22160028068 255 0
22160028076 259.894 171.92 40.9928 40.709 46.5298 268.23 177.163 286.316 177.108 22160028076 255 0
22160028088 259.961 171.941 40.9045 40.3002 105.196 268.606 177.106 286.434 177.14 22160028088 255 0
22160028096 260.131 171.99 40.8919 40.1495 115.218 268.733 176.84 286.391 177.164 22160028096 255 0
22160028108 260.312 172.058 41.0309 40.1971 117.045 268.674 177.563 286.769 177.298 22160028108 255 0
22160028116 260.473 172.314 41.2198 40.1711 133.028 268.941 177.385 286.922 177.545 22160028116 255 0
22160028128 260.545 172.533 40.7659 40.3112 151.782 269.23 177.595 286.95 177.65 22160028128 255 0
22160028136 260.567 172.475 40.6165 40.2248 159.412 269.31 177.55 287.148 177.743 22160028136 255 0
22160028148 260.695 172.564 41.1526 40.0379 145.952 269.419 177.62 287.218 177.687 22160028148 255 0
22160028156 260.817 172.525 40.7947 40.1689 169.226 269.574 177.546 287.566 177.609 22160028156 0 0
22160028168 260.906 172.227 40.541 40.1573 130.286 269.681 177.417 287.569 177.492 22160028168 0 0
22160028180 260.984 172.291 40.5304 40.1743 121.545 269.741 177.395 287.659 177.451 22160028180 0 0
22160028188 261.082 172.364 40.5735 40.1637 156.894 269.741 177.395 287.866 177.683 22160028188 0 0
22160028200 261.092 172.516 40.4852 40.2053 156.908 269.681 177.583 287.94 177.726 22160028200 0 0
22160028208 261.238 172.526 40.6545 39.7685 138.146 269.807 178 287.992 177.779 22160028208 0 0
22160028220 261.004 172.616 40.5262 39.9201 121.344 269.807 178 288.145 177.974 22160028220 0 0
22160028228 261.004 172.625 40.4016 39.857 115.5 269.816 178.106 287.93 177.918 22160028228 0 0
22160028240 261.069 172.562 40.556 40.1821 138.72 269.807 178 287.91 177.761 22160028240 0 0
22160028248 261.162 172.556 40.633 40.2412 127.305 269.807 178 287.996 177.916 22160028248 0 0
22160028260 261.028 172.694 40.6839 39.8457 140.659 269.742 177.985 287.703 177.87 22160028260 0 0
22160028268 260.925 172.561 40.429 39.8384 113.129 269.702 178.128 287.883 177.938 22160028268 0 0
22160028280 260.907 172.528 40.8299 40.0444 140.291 269.702 178.128 287.883 177.938 22160028280 0 0
22160028288 260.804 172.494 40.5377 40.1609 157.055 269.592 177.823 287.627 177.825 22160028288 0 0
22160028300 260.961 172.415 40.7479 40.064 174.381 269.574 177.546 287.325 177.601 22160028300 0 0
22160028308 260.77 172.403 40.3862 40.1512 146.728 269.31 177.55 287.308 177.679 22160028308 0 0
22160028320 260.677 172.269 40.5388 40.0708 129.5 269.265 177.5 287.169 177.564 22160028320 0 0
22160028328 260.63 172.15 40.7646 39.9121 135.754 269.209 177.473 287.048 177.524 22160028328 0 0
22160028340 260.466 172.22 40.6568 40.252 146.737 268.986 177.475 286.877 177.475 22160028340 0 0
22160028348 260.279 172.243 40.6857 39.8622 142.457 268.623 177.5 286.578 177.587 22160028348 0 0
22160028360 260.003 172.351 40.7018 39.7448 112.152 268.681 177.417 286.423 177.5 22160028360 0 0
22160028368 260.181 172.121 40.6711 40.1535 121.624 268.681 177.417 286.423 177.5 22160028368 0 0
22160028380 260.143 172.009 40.68 40.1056 120.375 268.681 177.417 286.397 177.372 22160028380 0 0
22160028388 260.071 171.851 40.5681 40.0747 127.722 268.419 177.333 286.464 177.274 22160028388 0 0
22160028400 260.459 171.902 40.7954 40.1224 122.604 268.83 177.23 286.663 177.306 22160028400 0 0
22160028408 260.527 171.898 40.8739 39.7141 145.044 269.197 177.444 286.976 177.381 22160028408 0 0
22160028420 260.827 171.959 40.7478 39.9573 140.681 269.681 177.417 287.397 177.548 22160028420 0 0
22160028432 261.195 172.343 40.5283 40.0151 158.3 269.741 177.395 287.757 177.773 22160028432 0 0
22160028440 261.257 172.267 40.7477 39.6652 133.374 269.909 177.856 288.058 177.774 22160028440 0 0
22160028452 261.476 172.453 40.7986 40.0503 147.077 270.193 177.927 288.201 177.773 22160028452 0 0
22160028460 261.466 172.536 40.8245 40.123 148.25 270.058 177.862 288.182 177.938 22160028460 0 0
22160028472 261.419 172.438 40.5942 40.1062 163.029 269.909 177.856 288.2 177.911 22160028472 0 0
22160028480 261.191 172.295 40.6407 39.7113 136.653 269.76 177.773 287.862 177.762 22160028480 0 0
22160028492 260.889 172.424 40.8253 40.157 162.627 269.574 177.546 287.627 177.825 22160028492 0 0
22160028500 260.762 172.384 40.5259 39.8657 160.696 269.31 177.55 287.218 177.687 22160028500 0 0
22160028512 260.744 172.395 40.7184 39.8964 147.662 269.193 177.526 287.148 177.743 22160028512 0 0
22160028520 260.518 172.356 40.8466 40.0655 137.052 269.209 177.473 287.148 177.641 22160028520 0 0
22160028532 260.568 172.272 40.9275 40.0771 132.887 269.209 177.473 286.983 177.679 22160028532 0 0
22160028540 260.615 172.33 41.1327 40.067 133.648 269.209 177.473 287.074 177.697 22160028540 0 0
22160028552 260.521 172.152 40.9174 39.8598 129.286 269.209 177.473 286.929 177.5 22160028552 0 0
22160028560 260.526 172.187 40.9195 40.1877 127.892 269.171 177.374 286.976 177.524 22160028560 0 0
22160028572 260.598 172.237 41.3086 40.1871 148.874 268.837 177.326 286.851 177.545 22160028572 0 0
22160028580 260.341 172.166 41.0492 40.3063 128.172 268.681 177.417 286.578 177.587 22160028580 0 0
22160028592 260.316 172.153 41.136 40.4414 134.133 268.681 177.417 286.464 177.473 22160028592 0 0
22160028600 260.072 172.209 41.3209 40.79 136.393 268.623 177.5 286.423 177.5 22160028600 0 0
22160028612 258.776 172.429 41.3386 40.5251 128.486 267.875 177.868 286.201 177.705 22160028612 0 0
22160028620 258.438 172.598 41.6374 40.4542 120.084 267.722 177.938 285.808 177.917 22160028620 0 0
22160028632 258.483 172.55 41.4239 40.8001 118.24 267.693 177.647 285.94 177.726 22160028632 0 0
22160028640 258.548 172.408 41.7391 40.9814 123.968 267.791 177.523 286.146 177.625 22160028640 0 0
22160028652 258.73 172.251 41.7414 41.1744 151.414 267.688 177.475 285.885 177.538 22160028652 0 0
22160028660 258.651 171.944 42.0698 41.0401 146.36 267.807 177.207 285.87 177.341 22160028660 0 0
22160028672 258.642 171.909 41.8779 41.4042 111.583 267.807 177.207 285.866 177.39 22160028672 0 0
22160028684 258.609 172.106 42.0929 41.6423 152.203 267.8 177.42 285.786 177.357 22160028684 0 0
22160028692 258.562 172.422 42.6586 41.7033 133.875 267.75 177.5 285.895 177.651 22160028692 0 0
22160028704 258.652 172.487 42.5728 41.9551 148.292 267.741 177.605 286.028 177.72 22160028704 0 0
22160028712 259.004 172.504 42.977 42.0339 173.721 267.923 177.686 286.148 177.768 22160028712 0 0
22160028724 259.235 172.394 42.7865 42.2158 116.597 268.105 177.379 286.244 177.822 22160028724 0 0
22160028732 259.559 172.269 43.3092 42.4118 138.795 268.34 177.458 286.384 177.473 22160028732 0 0
22160028744 259.807 172.259 43.39 42.7514 140.653 268.633 177.374 286.423 177.5 22160028744 0 0
22160028752 259.723 172.3 43.7013 42.8176 143.049 268.653 177.307 286.5 177.654 22160028752 0 0
22160028764 260.732 172.317 43.9234 43.2872 154.982 269.265 177.5 287.238 177.736 22160028764 0 0
22160028772 261.373 172.412 44.2528 43.5406 147.902 269.689 177.815 287.803 177.897 22160028772 0 0
22160028784 261.062 172.363 44.5267 43.6845 142.454 269.403 177.961 287.446 178.054 22160028784 0 0
22160028792 260.838 172.318 44.9169 43.7566 143.524 269.31 177.55 287.308 177.679 22160028792 0 0
22160028804 260.876 172.022 44.9557 43.8575 139.467 269.209 177.473 287.214 177.59 22160028804 0 0
22160028812 260.99 172.004 45.238 44.448 142.356 269.171 177.374 287.432 177.486 22160028812 0 0
22160028824 261.036 172.018 45.4269 44.8203 177.142 269.171 177.374 287.227 177.338 22160028824 0 0
22160028832 260.939 172.141 45.577 44.9503 153.127 268.986 177.475 287.147 177.498 22160028832 0 0
22160028844 260.824 172.266 45.6646 45.1933 1.66666 268.681 177.583 286.949 177.667 22160028844 0 0
22160028852 260.831 172.397 45.9617 45.3027 146.291 268.623 177.5 286.841 177.622 22160028852 0 0
22160028864 260.761 172.174 46.2015 45.5082 138.445 268.681 177.417 286.841 177.622 22160028864 0 0
22160028872 260.866 172.168 46.8286 45.9349 164.88 268.681 177.417 286.874 177.485 22160028872 0 0
22160028884 260.658 172.138 46.9676 45.8614 160.872 268.558 177.391 286.841 177.622 22160028884 0 0
22160028892 260.737 171.978 46.9863 46.3055 155.822 268.468 177.571 286.767 177.661 22160028892 0 0
22160028904 260.835 172.171 47.3371 46.6521 150.991 268.633 177.374 286.813 177.485 22160028904 0 0
22160028912 260.756 172.347 47.5719 46.597 154.378 268.623 177.5 286.841 177.622 22160028912 0 0
22160028924 260.922 172.487 47.9678 46.9831 160.351 268.623 177.5 286.831 177.974 22160028924 0 0
22160028936 260.975 172.418 48.2217 47.0935 170.664 268.623 177.5 286.862 177.815 22160028936 0 0
22160028944 260.991 172.408 48.1923 47.3298 166.523 268.623 177.5 286.94 177.743 22160028944 0 0
22160028956 261.054 172.345 48.5506 47.4113 170.616 268.681 177.417 287.226 177.61 22160028956 0 0
22160028964 261.157 172.283 48.5322 47.4341 154.384 268.681 177.417 287.307 177.635 22160028964 0 0
22160028976 261.289 172.508 49.2489 47.639 158.329 268.775 177.478 287.292 177.76 22160028976 0 0
22160028984 261.207 172.441 49.4473 47.8473 152.365 268.775 177.652 287.301 177.776 22160028984 0 0
22160028996 261.332 172.417 49.386 47.8697 142.103 268.941 177.563 287.375 177.839 22160028996 0 0
22160029004 261.299 172.359 49.5913 48.1532 153.676 268.986 177.475 287.323 177.862 22160029004 0 0
22160029016 261.412 172.334 49.4907 48.7662 147.471 268.941 177.385 287.323 177.914 22160029016 0 0
22160029024 261.295 172.47 49.9861 48.6989 146.473 269.209 177.473 287.375 177.839 22160029024 0 0
22160029036 261.405 172.478 50.0686 48.8901 125.664 268.986 177.475 287.323 177.914 22160029036 0 0
22160029044 261.569 172.466 50.0952 49.311 152.689 268.941 177.563 287.417 177.878 22160029044 0 0
22160029056 261.67 172.51 50.3182 49.4237 166.294 269.209 177.473 287.426 177.851 22160029056 0 0
22160029064 261.517 172.494 50.4511 49.4126 164.138 269.209 177.473 287.519 177.842 22160029064 0 0
22160029076 261.584 172.354 50.5804 49.7047 154.91 269.209 177.473 287.419 177.753 22160029076 0 0
22160029084 261.601 172.385 50.8985 49.6941 148.816 269.171 177.374 287.419 177.753 22160029084 0 0
22160029096 261.539 172.418 50.9549 49.8406 159.731 268.837 177.326 287.4 177.661 22160029096 0 0
22160029104 261.523 172.402 51.1698 49.8458 153.423 268.681 177.583 287.287 177.76 22160029104 0 0
22160029116 261.354 172.291 50.9553 50.2601 138.986 268.623 177.5 287.05 177.78 22160029116 0 0
22160029124 261.263 172.247 51.3735 50.1348 123.65 268.623 177.5 287.05 177.78 22160029124 0 0
22160029136 261.129 172.115 51.4374 50.4286 145.741 268.681 177.417 286.846 177.5 22160029136 0 0
22160029144 261.24 172.044 51.641 50.5202 139.897 268.587 177.5 286.926 177.426 22160029144 0 0
22160029156 261.255 172.054 51.8663 50.5338 149.276 268.538 177.295 287 177.346 22160029156 0 0
22160029164 261.161 172.143 52.0176 50.7131 142.044 268.39 177.423 286.926 177.426 22160029164 0 0
22160029176 261.171 172.32 51.9999 51.0409 151.516 268.633 177.374 286.926 177.426 22160029176 0 0
22160029188 260.619 172.526 51.955 51.1855 128.153 268.224 177.509 286.542 177.673 22160029188 0 0
22160029196 259.731 172.657 52.0622 51.3342 143.794 267.8 177.58 286.234 177.745 22160029196 0 0
22160029208 259.61 172.506 52.5771 51.1125 138.564 267.688 177.475 286.293 177.667 22160029208 0 0
22160029216 260.057 172.181 52.2742 51.7278 146.269 268.061 177.068 286.401 177.249 22160029216 0 0
22160029228 260.067 171.86 52.5802 51.5212 136.984 268 177 286.556 177.029 22160029228 0 0
22160029236 260.194 171.77 52.4016 51.6845 127.584 268.095 176.769 286.678 176.833 22160029236 0 0
22160029248 260.254 171.895 52.7978 52.215 143.205 268.042 176.799 286.556 176.756 22160029248 0 0
22160029256 260.314 172.181 53.0025 52.2103 126.904 268.27 177.252 286.503 177.292 22160029256 0 0
22160029268 260.434 172.44 52.8893 52.2306 139.071 268.403 177.384 286.562 177.574 22160029268 0 0
22160029276 260.475 172.55 52.9835 52.549 126.671 268.574 177.454 286.542 177.673 22160029276 0 0
22160029288 260.355 172.621 53.3852 52.2121 134.462 268.574 177.454 286.8 177.58 22160029288 0 0
22160029296 260.543 172.334 53.6849 52.5115 135.056 268.27 177.252 286.562 177.426 22160029296 0 0
22160029308 260.5 172.149 53.8336 52.6594 138.968 268.27 177.252 286.544 177.293 22160029308 0 0
22160029316 260.151 172.029 54.1181 52.9392 136.005 268.333 177.075 286.467 177.261 22160029316 0 0
22160029328 260.042 172.211 53.8991 52.9766 136.507 268.27 177.252 286.401 177.249 22160029328 0 0
22160029336 259.968 172.356 53.8895 53.0676 128.113 267.929 177.305 286.503 177.552 22160029336 0 0
22160029348 260.015 172.536 53.9462 53.2541 137.739 268.105 177.418 286.401 177.576 22160029348 0 0
22160029356 260.98 172.575 54.2542 53.5628 144.243 268.456 177.476 286.667 177.68 22160029356 0 0
22160029368 261.694 172.303 54.4145 53.6573 150.303 269.054 177.357 287.261 177.533 22160029368 0 0
22160029376 261.948 172.257 54.3748 53.5564 141.084 269.368 177.162 287.704 177.148 22160029376 0 0
22160029388 261.781 172.244 54.9489 53.7058 159.176 269.296 176.852 287.788 177.068 22160029388 0 0
22160029396 261.836 172.276 54.471 53.8962 152.206 269.441 177.045 287.73 177.143 22160029396 0 0
22160029408 261.711 172.433 54.7304 53.8499 129.307 269.217 177.317 287.565 177.497 22160029408 0 0
22160029416 261.635 172.596 54.9931 53.6179 129.795 269.209 177.473 287.333 177.722 22160029416 0 0
22160029428 261.579 172.634 55.0557 53.7537 140.022 268.977 177.614 287.333 177.925 22160029428 0 0
22160029440 261.622 172.765 55.0135 54.1517 131.26 268.911 177.976 287.144 178.157 22160029440 0 0
22160029448 261.652 172.826 54.9169 54.265 133.437 268.976 177.992 287.32 178.02 22160029448 0 0
22160029460 261.689 172.85 55.5217 54.4212 129.648 269.155 177.667 287.333 177.925 22160029460 0 0
22160029468 261.73 172.608 55.3584 54.3519 139.974 269.209 177.473 287.333 177.722 22160029468 0 0
22160029480 261.922 172.506 55.7465 54.5696 149.27 269.171 177.374 287.296 177.574 22160029480 0 0
22160029488 261.775 172.478 55.8006 54.3636 127.476 269.054 177.357 287.203 177.523 22160029488 0 0
22160029500 261.781 172.502 55.7519 54.7235 131.842 269.054 177.403 287.24 177.58 22160029500 0 0
22160029508 261.795 172.666 55.9185 54.6321 137.291 269.171 177.374 287.203 177.68 22160029508 0 0
22160029520 261.972 172.824 56.2975 54.8758 141.265 268.941 177.563 287.333 177.925 22160029520 0 0
22160029528 262.074 172.913 56.0321 55.3587 144.745 269.31 177.55 287.521 177.896 22160029528 0 0
22160029540 262.068 172.842 56.4135 55.1854 135.484 269.444 177.57 287.716 177.901 22160029540 0 0
22160029548 262.296 172.664 56.421 55.1598 137.509 269.681 177.417 288.167 177.754 22160029548 0 0
22160029560 262.563 172.733 56.5121 55.5112 138.639 269.741 177.395 288.241 177.773 22160029560 0 0
22160029568 262.527 172.637 56.9207 55.3396 135.521 269.741 177.395 288.241 177.773 22160029568 0 0
22160029580 262.573 172.689 56.8988 55.6609 137.909 269.688 177.475 288.241 177.723 22160029580 0 0
22160029588 262.493 172.766 56.6439 55.6437 137.297 269.92 177.58 288.272 177.844 22160029588 0 0
22160029600 262.345 173.012 57.103 55.8281 131.135 269.816 178.106 288.282 177.942 22160029600 0 0
22160029608 262.68 173.048 57.1478 56.1404 146.521 269.816 178.106 288.242 178.261 22160029608 0 0
22160029620 262.627 173.003 57.2521 56.1217 134.095 269.959 178.102 288.279 178.152 22160029620 0 0
22160029628 262.919 172.857 57.4839 56.1406 134.112 270.013 177.68 288.333 177.875 22160029628 0 0
22160029640 263.124 172.719 57.6524 56.2067 141.2 269.929 177.475 288.38 177.66 22160029640 0 0
22160029648 263.169 172.666 57.9618 56.0826 140.65 270.203 177.32 288.481 177.696 22160029648 0 0
22160029660 263.206 172.587 57.7691 56.0982 133.376 270.233 177.403 288.418 177.61 22160029660 255 0
22160029668 263.203 172.929 57.958 56.8529 134.599 270.19 177.497 288.504 177.773 22160029668 255 0
22160029680 263.217 172.964 58.0701 56.6548 131.142 270.056 177.965 288.333 177.875 22160029680 255 0
22160029692 262.925 172.892 58.0657 56.7616 146.113 270.056 177.965 288.4 177.94 22160029692 255 0
22160029700 262.781 172.95 58.5373 56.6894 132.087 269.909 177.856 288.272 177.844 22160029700 255 0
22160029712 262.966 172.863 58.3375 56.8862 143.636 269.73 177.645 288.241 177.773 22160029712 255 0
22160029720 262.933 172.743 58.2539 56.9843 146.736 269.741 177.395 288.241 177.723 22160029720 255 0
22160029732 262.903 172.719 58.2892 57.2025 135.279 269.741 177.395 288.096 177.711 22160029732 255 0
22160029740 262.88 172.737 58.3633 57.1798 132.972 269.741 177.395 288.015 177.742 22160029740 255 0
22160029752 262.864 172.772 58.5844 57.2369 124.797 269.688 177.475 287.953 177.822 22160029752 255 0
22160029760 262.832 172.984 58.5816 57.2958 131.219 269.778 177.873 287.959 178 22160029760 255 0
22160029772 262.939 173.142 58.6264 57.4438 129.715 269.807 178 288.021 177.95 22160029772 255 0
22160029780 262.998 172.866 58.4302 57.3053 136.492 269.909 177.856 288 177.896 22160029780 255 0
22160029792 263.288 172.731 59.0835 57.2983 131.384 269.92 177.58 288.333 177.826 22160029792 255 0
22160029800 263.251 172.703 59.0971 57.4957 131.224 270.233 177.403 288.409 177.674 22160029800 255 0
22160029812 263.363 172.761 59.1013 57.4426 125.737 270.233 177.403 288.432 177.765 22160029812 255 0
22160029820 263.543 172.901 59.6178 57.7879 137.051 270.065 177.756 288.435 177.804 22160029820 255 0
22160029832 263.332 173.153 58.9553 57.9551 145.553 270.348 177.986 288.415 177.959 22160029832 255 0
22160029840 263.571 173.491 59.5414 58.0075 143.78 270.379 178.078 288.093 178.193 22160029840 255 0
22160029852 263.465 173.277 59.0878 58.1622 146.275 270.326 178.043 288.088 178.272 22160029852 255 0
22160029860 263.594 173.319 59.5355 58.3035 140.14 270.292 177.889 288.272 178.224 22160029860 255 0
22160029872 263.559 173.157 59.7598 58.0775 133.669 270.479 177.944 288.704 177.896 22160029872 255 0
22160029880 263.509 173.096 59.7753 58.0218 122.901 270.34 177.693 288.636 177.879 22160029880 255 0
22160029892 263.63 172.84 59.5762 58.0573 137.535 270.413 177.877 288.636 177.879 22160029892 255 0
22160029900 263.621 172.99 59.3085 58.3013 133.314 270.413 177.877 288.5 177.841 22160029900 255 0
22160029912 263.501 173.074 59.495 58.1815 132.219 270.479 177.944 288.415 177.959 22160029912 255 0
22160029920 263.463 173.391 59.8444 58.2349 119.54 270.32 178.02 288.093 178.193 22160029920 255 0
22160029932 263.611 173.362 59.6074 58.9264 134.639 270.014 178.163 288.014 178.264 22160029932 255 0
22160029944 263.305 173.194 59.4986 58.291 128.491 269.913 177.964 288.058 178.167 22160029944 255 0
22160029952 263.168 173.057 59.4715 58.0984 111.709 270.201 177.826 287.969 177.891 22160029952 255 0
22160029964 263.099 172.918 59.1049 57.8204 112.338 269.971 177.696 288.201 177.826 22160029964 255 0
22160029972 262.992 172.988 59.0217 57.2734 116.57 269.739 177.587 288.167 177.754 22160029972 255 0
22160029984 262.811 172.856 57.8913 57.5196 137.571 269.752 177.659 288.167 177.754 22160029984 255 0
22160029992 262.749 173.141 57.539 56.9587 116.406 269.623 177.5 288.076 177.917 22160029992 255 0
22160030004 262.393 172.918 57.5939 56.1582 111.929 269.623 177.5 288.058 177.935 22160030004 255 0
22160030012 262.254 172.885 56.4829 55.8986 101.216 269.623 177.5 287.816 177.801 22160030012 255 0
22160030024 262.255 172.659 56.308 54.7512 126.086 269.681 177.417 287.826 177.587 22160030024 255 0
22160030032 262.344 172.493 55.3211 54.2807 106.173 269.853 177.193 288.085 177.301 22160030032 255 0
22160030044 262.503 172.516 54.7254 54.1284 145.739 269.764 177.264 288.261 177.242 22160030044 255 0
22160030052 262.463 172.597 54.5656 52.5039 116.441 269.816 177.305 288.365 177.577 22160030052 255 0
22160030064 262.594 172.795 53.2072 52.1541 126.669 270.203 177.477 288.464 177.908 22160030064 255 0
22160030072 262.97 172.814 52.8601 51.5909 105.932 270.207 177.837 288.639 177.828 22160030072 255 0
22160030084 262.972 173.053 52.2731 51.2612 129.136 270.609 177.986 288.848 178.255 22160030084 255 0
22160030092 263.028 172.984 51.9309 50.3207 126.035 270.653 177.693 288.819 178.164 22160030092 255 0
22160030104 263.084 173.027 51.1487 49.9281 123.2 270.653 177.693 289 177.943 22160030104 255 0
22160030112 263.316 172.627 50.5106 49.6478 138.268 270.884 177.537 289.344 177.8 22160030112 255 0
22160030124 263.387 172.307 49.7685 48.5208 116.152 271.578 177.452 289.554 177.258 22160030124 255 0
22160030132 263.605 172.021 49.1737 48.2505 173.151 271.782 176.406 290.269 176.338 22160030132 255 0
22160030144 -1 -1 49.1737 48.2505 173.151 271.782 176.406 290.269 176.338 22160030144 255 0
22160030152 -1 -1 49.1737 48.2505 173.151 271.782 176.406 290.269 176.338 22160030152 255 0
22160030164 -1 -1 49.1737 48.2505 173.151 271.782 176.406 290.269 176.338 22160030164 255 0
22160030172 -1 -1 49.1737 48.2505 173.151 271.782 176.406 290.269 176.338 22160030172 255 0
22160030184 -1 -1 49.1737 48.2505 173.151 271.782 176.406 290.269 176.338 22160030184 255 0
22160030196 -1 -1 49.1737 48.2505 173.151 271.782 176.406 290.269 176.338 22160030196 255 0
22160030204 -1 -1 49.1737 48.2505 173.151 271.782 176.406 290.269 176.338 22160030204 255 0
22160030216 -1 -1 49.1737 48.2505 173.151 271.782 176.406 290.269 176.338 22160030216 255 0
22160030224 -1 -1 49.1737 48.2505 173.151 271.782 176.406 290.269 176.338 22160030224 255 0
22160030236 -1 -1 49.1737 48.2505 173.151 271.782 176.406 290.269 176.338 22160030236 255 0
22160030244 -1 -1 49.1737 48.2505 173.151 271.782 176.406 290.269 176.338 22160030244 255 0
22160030256 262.541 168.79 45.7236 43.8898 82.8941 270.313 174.232 288.905 174.363 22160030256 255 0
22160030264 262.409 169.675 44.3929 43.5086 17.7665 270.536 174.536 288.361 174.512 22160030264 255 0
22160030276 262.469 169.552 44.9288 43.5668 16.6131 270.397 174.626 288.355 174.905 22160030276 255 0
22160030284 262.484 169.188 44.5889 43.7601 161.961 270.228 174.5 288.33 174.52 22160030284 255 0
22160030296 262.371 168.967 44.2766 43.83 139.229 270.167 174.569 288.258 174.717 22160030296 255 0
22160030304 262.33 169.412 44.2584 42.8786 32.3012 270.383 174.883 288.238 174.696 22160030304 255 0
22160030316 262.038 169.523 43.538 43.3251 130.717 270.185 175.093 288.319 175.139 22160030316 255 0
22160030324 261.886 169.811 43.2386 42.8296 167.925 270.101 175.5 288.241 175.467 22160030324 255 0
22160030336 261.92 170.011 43.2921 42.77 126.604 270.101 175.5 288.289 175.638 22160030336 255 0
22160030344 261.814 170.094 43.1478 42.6967 86.765 270.065 175.673 288.146 175.824 22160030344 255 0
22160030356 262.044 169.994 43.0087 42.3879 74.2309 270.287 175.579 288.234 175.782 22160030356 255 0
22160030364 262.277 169.817 42.9026 42.2081 119.95 270.287 175.439 288.314 175.5 22160030364 255 0
22160030376 262.317 169.862 42.7378 41.996 124.487 270.101 175.491 288.411 175.427 22160030376 255 0
22160030384 262.394 169.864 42.6888 42.3953 136.798 270.388 175.491 288.629 175.5 22160030384 255 0
22160030396 262.352 170.141 42.3891 42.1004 110.993 270.388 175.636 288.31 175.717 22160030396 255 0
22160030404 262.565 170.72 42.2997 41.8658 139.59 270.503 176.22 288.344 176.213 22160030404 255 0
22160030416 262.207 171.356 41.9498 41.7142 155.902 270.186 176.808 288.351 176.667 22160030416 255 0
22160030424 262.23 171.457 42.2787 42.0779 169.5 270.234 176.515 288.278 176.762 22160030424 255 0
22160030436 262.164 171.407 42.1184 41.8973 58.1382 270.19 176.554 288.24 176.7 22160030436 255 0
22160030448 261.961 171.207 42.4145 41.1448 129.36 270.048 176.411 288.329 176.488 22160030448 255 0
22160030456 262.086 170.912 42.2222 41.4254 157.586 270.048 176.411 288.217 176.187 22160030456 255 0
22160030468 261.953 170.908 41.9815 41.4414 175.054 270 176.388 288.361 176.258 22160030468 255 0
22160030476 261.791 171.095 41.8087 41.3901 165.307 269.926 176.364 288.146 176.375 22160030476 255 0
22160030488 261.649 171.045 41.68 41.3711 138.856 269.948 176.477 288.078 176.433 22160030488 255 0
22160030496 261.671 171.083 41.9394 41.1883 156.959 269.948 176.477 287.821 176.371 22160030496 255 0
22160030508 261.5 171.153 41.6992 41.1053 134.772 269.827 176.364 287.747 176.384 22160030508 255 0
22160030516 261.511 171.018 41.9473 41.2415 152.559 269.827 176.364 287.646 176.399 22160030516 255 0
22160030528 261.33 170.937 41.442 41.255 149.093 269.827 176.364 287.638 176.289 22160030528 255 0
22160030536 261.385 171.085 41.7017 40.9805 149.061 269.827 176.364 287.654 176.308 22160030536 255 0
22160030548 261.286 171.015 41.606 41.3856 152.499 269.827 176.364 287.608 176.425 22160030548 255 0
22160030556 261.321 171.077 41.5702 40.9728 140.853 269.806 176.583 287.667 176.424 22160030556 255 0
22160030568 261.288 171.078 41.6422 41.2312 152.339 269.806 176.583 287.675 176.498 22160030568 255 0
22160030576 261.256 171.119 41.7481 41.1706 157.8 269.806 176.583 287.706 176.615 22160030576 255 0
22160030588 261.488 171.15 41.8354 41.0516 141.677 269.806 176.583 287.797 176.536 22160030588 255 0
22160030596 261.397 171.159 41.5576 41.0754 124.388 269.806 176.583 287.792 176.421 22160030596 255 0
22160030608 261.445 171.122 41.4852 40.8035 115.85 269.806 176.583 287.753 176.461 22160030608 255 0
22160030616 261.54 171.222 41.671 40.982 117.572 269.844 176.626 288.064 176.58 22160030616 255 0
22160030628 261.54 171.222 41.671 40.982 117.572 269.806 176.583 288.102 176.611 22160030628 255 0
22160030636 261.55 171.203 41.4436 40.9287 129.42 269.844 176.626 288.022 176.472 22160030636 255 0
22160030648 261.604 171.334 41.6338 41.0757 130.107 269.841 176.674 287.722 176.512 22160030648 255 0
22160030656 260.599 171.773 41.7273 40.7995 128.473 269.111 176.732 287.026 176.748 22160030656 255 0
22160030668 260.35 172.033 41.3199 40.979 116.27 269.026 176.817 286.947 176.748 22160030668 255 0
22160030676 260.564 171.988 41.4722 40.9293 160.88 269.326 176.752 287.061 176.801 22160030676 255 0
22160030688 260.454 171.886 41.4573 40.6353 130.425 269.385 176.637 287.343 177.038 22160030688 255 0
22160030700 260.615 171.889 41.3774 40.8453 164.187 269.285 177.171 287.16 176.827 22160030700 255 0
22160030708 260.41 171.721 41.2318 40.7903 146.839 269.35 177.06 287.301 177.014 22160030708 255 0
22160030720 260.64 171.786 41.2662 40.6803 171.028 269.289 177.105 287.14 176.75 22160030720 255 0
22160030728 260.599 171.81 41.3591 40.4183 138.407 269.026 176.712 287.192 176.968 22160030728 255 0
22160030740 260.501 172.052 41.4851 40.6899 153.326 269.026 176.817 287.06 176.825 22160030740 255 0
22160030748 260.305 172.004 41.0448 40.575 119.414 269.025 176.918 287.147 177.035 22160030748 255 0
22160030760 260.235 171.927 41.0553 40.3389 127.196 268.859 176.904 287.218 176.885 22160030760 255 0
22160030768 260.309 171.808 40.9049 40.4582 119.204 269.026 176.712 286.943 176.842 22160030768 255 0
22160030780 260.218 171.779 40.9192 40.5083 121.733 269.289 177.105 287.076 176.679 22160030780 255 0
22160030788 260.248 171.557 41.1915 40.0749 155.807 269.15 177.15 287.18 176.584 22160030788 255 0
22160030800 260.074 171.573 40.7459 40.3699 130.955 269.15 177.15 286.831 176.506 22160030800 255 0
22160030808 259.953 171.629 40.7209 40.4917 8.88193 268.897 176.718 286.295 176.557 22160030808 255 0
22160030820 259.892 171.69 40.8063 40.6038 54.5993 268.788 176.833 286.35 176.704 22160030820 255 0
22160030828 259.861 171.663 40.6696 40.5506 170.167 268.577 176.737 286.212 176.775 22160030828 255 0
22160030840 259.851 171.463 40.6447 40.4849 164.951 268.319 176.874 286.341 176.586 22160030840 255 0
22160030848 259.875 171.318 40.5466 40.3847 132.607 268.636 176.833 286.476 176.439 22160030848 255 0
22160030860 260.059 171.258 40.7182 40.3459 94.6381 268.986 176.558 286.541 176.433 22160030860 255 0
22160030868 260.216 171.389 40.6566 40.207 151.973 269.279 176.626 287.075 176.5 22160030868 255 0
22160030880 260.368 171.545 40.7452 40.0818 164.105 269.35 177.06 287.216 176.887 22160030880 255 0
22160030888 260.574 171.843 40.4418 40.1883 130.984 269.326 176.752 287.355 176.949 22160030888 255 0
22160030900 261.609 171.878 40.4851 40.0749 134.434 269.816 176.823 288.239 176.991 22160030900 255 0
22160030908 262.902 171.937 40.4883 40.1492 137.884 270.454 177.035 288.394 177.087 22160030908 255 0
22160030920 262.914 171.858 40.7146 39.9635 121.299 270.773 176.807 288.579 177.022 22160030920 255 0
22160030928 262.869 171.598 40.8148 40.0524 171.23 270.667 176.728 288.595 176.932 22160030928 255 0
22160030940 262.739 171.633 40.5738 40.2691 165.971 270.765 177.045 288.556 176.861 22160030940 255 0
22160030952 262.732 171.764 41.1901 40.0702 161.143 270.62 176.96 288.446 177.054 22160030952 255 0
22160030960 262.743 171.972 40.4727 40.1123 145.651 270.333 177.075 288.316 177.108 22160030960 255 0
22160030972 262.703 172.059 40.6204 40.0669 142.739 270.32 177.163 288.283 177.194 22160030972 255 0
22160030980 262.613 172.136 40.4436 39.8638 146.583 270.27 177.252 288.283 177.194 22160030980 255 0
22160030992 262.569 172.109 40.5107 40.1604 142.218 270.27 177.252 288.238 177.264 22160030992 255 0
22160031000 262.605 172.104 40.3888 39.8822 167.657 270.32 177.163 288.355 177.251 22160031000 255 0
22160031012 262.594 172.015 40.6485 39.5671 142.043 270.333 177.075 288.238 177.134 22160031012 255 0
22160031020 262.446 171.841 40.5697 39.8002 137.256 270.333 177.075 288.324 177.022 22160031020 255 0
22160031032 262.456 171.851 40.5135 39.9677 176.178 270.145 177 288.324 177.022 22160031032 255 0
22160031040 262.395 171.893 40.4013 39.5916 155.917 270.199 177.035 288.279 176.954 22160031040 255 0
22160031052 262.235 171.888 40.5546 39.7005 144.799 270.145 177 288.283 177.194 22160031052 255 0
22160031060 262.189 172.104 40.2677 39.9485 154.618 270.199 177.035 288.238 177.264 22160031060 255 0
22160031072 262.158 172.277 40.5456 39.5952 138.585 270.068 177.293 288.201 177.295 22160031072 255 0
22160031080 262.123 172.374 40.6112 39.9072 12.8204 269.75 177.5 288.073 177.423 22160031080 255 0
22160031092 260.926 172.262 40.3936 39.8894 170.768 269.399 177.478 287.333 177.378 22160031092 255 0
22160031100 260.751 172.279 40.5704 39.9314 178.831 269.302 177.333 287.156 177.277 22160031100 255 0
22160031112 260.863 171.843 40.5172 39.9228 145.714 269.296 176.852 287.192 176.968 22160031112 255 0
22160031120 260.824 171.788 40.3549 39.9388 137.613 269.449 176.762 287.493 177.097 22160031120 255 0
22160031132 260.758 171.822 40.6474 39.7177 162.445 269.385 176.637 287.426 177.074 22160031132 255 0
22160031140 260.798 171.861 40.3776 39.9787 8.85992 269.326 176.752 287.386 177 22160031140 255 0
22160031152 260.766 171.953 40.6316 39.7567 143.864 269.284 176.965 287.364 177.12 22160031152 255 0
