20180622T113250.144916 20 20
20180622T113250.155453 20 20
20180622T113250.163610 315.153 160.353 124.083 106.409 136.665 337.286 220.176 370.643 228.737 20180622T113250.163610 20 20
20180622T113250.175166 20 20
20180622T113250.183121 20 20
20180622T113250.195118 315.315 160.466 123.552 106.71 136.045 337.298 220.66 370.496 228.663 20180622T113250.195118 20 20
20180622T113250.203286 20 20
20180622T113250.214756 20 20
20180622T113250.222766 315.481 160.746 123.144 106.18 136.139 337.439 220.716 370.678 228.895 20180622T113250.222766 20 20
20180622T113250.234747 20 20
20180622T113250.242706 20 20
20180622T113250.254703 315.633 160.91 123.111 105.88 136.443 337.449 221.004 370.427 228.962 20180622T113250.254703 20 20
20180622T113250.262723 20 20
20180622T113250.274813 20 20
20180622T113250.282753 315.237 161.142 123.017 106.277 135.772 336.865 220.553 370.042 229.078 20180622T113250.282753 20 20
20180622T113250.294712 20 20
20180622T113250.302731 20 20
20180622T113250.314778 315.371 161.053 123.342 105.875 135.764 336.909 220.607 370.034 229.127 20180622T113250.314778 20 20
20180622T113250.322788 20 20
20180622T113250.334759 20 20
20180622T113250.342734 314.852 161.387 123.752 106.116 135.789 336.601 220.772 369.838 229.285 20180622T113250.342734 20 20
20180622T113250.354716 20 20
20180622T113250.362739 20 20
20180622T113250.374782 314.868 161.421 123.519 105.753 137.116 336.516 220.875 369.913 229.442 20180622T113250.374782 20 20
20180622T113250.382707 20 20
20180622T113250.394780 20 20
20180622T113250.406771 314.87 161.489 123.574 105.908 135.994 336.526 220.804 369.941 229.47 20180622T113250.406771 20 20
20180622T113250.414709 20 20
20180622T113250.426719 20 20
20180622T113250.434702 315.007 161.767 123.265 106.075 136.598 336.522 221.094 369.853 229.597 20180622T113250.434702 20 20
20180622T113250.446709 20 20
20180622T113250.454701 20 20
20180622T113250.466726 314.919 161.959 123.36 106.235 137.371 336.502 221.096 369.779 229.603 20180622T113250.466726 20 20
20180622T113250.475404 20 20
20180622T113250.486713 20 20
20180622T113250.494700 315.544 161.825 123.274 105.908 136.229 336.68 221.179 370.056 229.604 20180622T113250.494700 20 20
20180622T113250.508242 20 20
20180622T113250.515421 20 20
20180622T113250.527380 315.296 161.933 123.245 105.73 137.088 336.788 221.461 370.062 229.987 20180622T113250.527380 20 20
20180622T113250.536753 20 20
20180622T113250.546711 20 20
20180622T113250.555020 315.344 161.95 123.314 105.61 137.416 322.556 221.778 336.711 221.612 20180622T113250.555020 20 20
20180622T113250.567602 20 20
20180622T113250.575110 20 20
20180622T113250.587337 315.285 162.091 123.422 105.419 137.567 322.444 222.222 336.566 221.828 20180622T113250.587337 20 20
20180622T113250.594943 20 20
20180622T113250.606985 20 20
20180622T113250.615599 315.234 162.174 123.187 105.362 138.133 336.558 221.832 369.84 230.301 20180622T113250.615599 20 20
20180622T113250.627542 20 20
20180622T113250.635356 20 20
20180622T113250.647385 315.328 162.191 123.264 105.323 137.472 322.444 222.222 336.536 221.897 20180622T113250.647385 20 20
20180622T113250.659442 20 20
20180622T113250.667360 20 20
20180622T113250.679436 315.326 162.505 123.326 105.667 136.037 336.534 221.946 369.838 230.32 20180622T113250.679436 20 20
20180622T113250.688085 20 20
20180622T113250.698699 20 20
20180622T113250.706754 315.288 162.677 123.197 105.401 136.929 336.566 222.142 369.695 230.735 20180622T113250.706754 20 20
20180622T113250.718701 20 20
20180622T113250.726715 20 20
20180622T113250.738732 315.235 162.68 123.64 105.233 137.512 336.525 222.127 369.734 230.724 20180622T113250.738732 20 20
20180622T113250.747551 20 20
20180622T113250.759376 20 20
20180622T113250.767361 315.338 162.684 123.433 105.473 136.968 336.502 222.158 369.947 230.852 20180622T113250.767361 20 20
20180622T113250.779225 20 20
20180622T113250.787358 20 20
20180622T113250.799634 315.49 162.845 123.33 105.744 135.805 336.589 222.082 369.991 230.848 20180622T113250.799634 20 20
20180622T113250.807464 20 20
20180622T113250.819198 20 20
20180622T113250.827222 315.063 162.561 123.671 105.99 136.697 336.403 222.015 369.68 230.718 20180622T113250.827222 20 20
20180622T113250.839229 20 20
20180622T113250.847212 20 20
20180622T113250.859315 314.974 162.668 123.853 106.161 137.009 336.419 221.953 369.436 230.745 20180622T113250.859315 20 20
20180622T113250.867935 20 20
20180622T113250.878689 20 20
20180622T113250.886694 314.719 162.585 123.942 106.07 136.242 335.766 221.861 369.051 230.678 20180622T113250.886694 20 20
20180622T113250.898726 20 20
20180622T113250.910754 20 20
20180622T113250.918739 314.324 162.482 123.818 106.168 137.1 335.749 221.789 368.912 230.685 20180622T113250.918739 20 20
20180622T113250.930746 20 20
20180622T113250.938688 20 20
20180622T113250.950681 314.187 162.581 123.73 106.175 138.022 335.59 221.846 368.985 230.738 20180622T113250.950681 20 20
20180622T113250.958713 20 20
20180622T113250.970711 20 20
20180622T113250.978749 318.474 161.939 123.203 107.189 138.191 337.596 221.346 370.677 229.759 20180622T113250.978749 20 20
20180622T113250.990801 20 20
20180622T113250.998695 20 20
20180622T113251.010691 318.379 161.814 124.288 107.37 137.239 337.714 221.139 370.89 229.622 20180622T113251.010691 20 20
20180622T113251.019900 20 20
20180622T113251.031020 20 20
20180622T113251.039015 318.269 162.036 124.057 107.544 136.562 337.584 221.091 370.702 229.676 20180622T113251.039015 20 20
20180622T113251.051013 20 20
20180622T113251.059087 20 20
20180622T113251.071239 318.124 161.894 124.642 107.695 137.959 337.591 221.333 370.619 229.713 20180622T113251.071239 20 20
20180622T113251.082780 20 20
20180622T113251.090830 20 20
20180622T113251.098864 318.116 161.803 124.769 107.814 137.17 337.589 221.199 370.714 229.664 20180622T113251.098864 20 20
20180622T113251.111016 20 20
20180622T113251.119057 20 20
20180622T113251.131069 318.144 161.677 125.035 107.933 137.781 337.699 221.24 370.969 229.529 20180622T113251.131069 20 20
20180622T113251.139010 20 20
20180622T113251.151005 20 20
20180622T113251.162997 318.389 161.644 125.113 107.937 137.514 337.844 221.152 371.042 229.333 20180622T113251.162997 20 20
20180622T113251.171009 20 20
20180622T113251.182752 20 20
20180622T113251.190801 318.095 161.584 125.601 108.292 137.361 337.659 221.151 371.042 229.333 20180622T113251.190801 20 20
20180622T113251.203424 20 20
20180622T113251.210755 20 20
20180622T113251.222675 317.981 161.589 125.638 108.577 138.003 337.667 221.066 371.033 229.52 20180622T113251.222675 20 20
20180622T113251.230717 20 20
20180622T113251.242760 20 20
20180622T113251.250717 317.837 161.472 125.723 108.604 137.142 337.687 221.016 370.919 229.445 20180622T113251.250717 20 20
20180622T113251.262745 20 20
20180622T113251.270737 20 20
20180622T113251.282706 317.618 161.586 126.263 108.842 136.996 337.517 221.056 370.731 229.363 20180622T113251.282706 20 20
20180622T113251.290883 20 20
20180622T113251.302711 20 20
20180622T113251.310740 315.516 161.389 127.086 108.27 138.171 336.585 221.588 369.897 229.802 20180622T113251.310740 20 20
20180622T113251.323922 20 20
20180622T113251.332159 20 20
20180622T113251.343162 315.678 161.482 126.67 108.668 136.767 336.549 221.362 369.897 229.802 20180622T113251.343162 20 20
20180622T113251.352320 20 20
20180622T113251.363443 20 20
20180622T113251.371438 315.487 161.381 126.789 108.787 137.915 336.593 221.187 369.85 229.547 20180622T113251.371438 20 20
20180622T113251.383353 20 20
20180622T113251.391201 20 20
20180622T113251.403765 315.366 161.433 126.991 108.83 137.237 336.534 221.129 369.917 229.579 20180622T113251.403765 20 20
20180622T113251.415040 20 20
20180622T113251.423406 20 20
20180622T113251.435886 315.319 161.607 127.208 108.777 137.136 336.677 221.231 369.878 229.561 20180622T113251.435886 20 20
20180622T113251.443401 20 20
20180622T113251.455130 20 20
20180622T113251.463279 315.451 161.578 127.053 109.047 137.28 336.553 221.034 369.917 229.579 20180622T113251.463279 20 20
20180622T113251.475281 20 20
20180622T113251.483222 20 20
20180622T113251.495210 315.467 161.583 127.243 108.858 137.664 336.756 220.963 370 229.426 20180622T113251.495210 20 20
20180622T113251.504540 20 20
20180622T113251.515027 20 20
20180622T113251.523684 315.567 161.497 127.243 108.876 136.956 337.004 220.901 370.192 229.306 20180622T113251.523684 20 20
20180622T113251.535349 20 20
20180622T113251.543421 20 20
20180622T113251.555409 315.768 161.263 127.3 108.837 138.038 337.068 220.832 370.343 229.228 20180622T113251.555409 20 20
20180622T113251.564250 20 20
20180622T113251.574765 20 20
20180622T113251.582701 315.859 161.4 127.562 108.895 137.839 337.235 220.752 370.399 229.17 20180622T113251.582701 20 20
20180622T113251.594674 20 20
20180622T113251.602740 20 20
20180622T113251.614770 315.76 161.171 127.861 108.915 137.026 336.784 220.375 370.206 228.915 20180622T113251.614770 20 20
20180622T113251.623954 20 20
20180622T113251.634716 20 20
20180622T113252.252127 427.456 158.214 125.585 115.661 15.5932 400.689 217.977 428.2 218 20180622T113252.252127 960 20
20180622T113252.259539 960 20
20180622T113252.270738 960 20
20180622T113252.278724 427.285 157.854 125.385 114.304 14.7912 400.597 218.194 428.111 218 20180622T113252.278724 960 20
20180622T113252.290681 960 20
20180622T113252.298648 960 20
20180622T113252.310685 427.222 157.753 124.606 114.282 14.7679 400.448 218.086 428.035 218.117 20180622T113252.310685 960 20
20180622T113252.318776 960 20
20180622T113252.330644 960 20
20180622T113252.338658 427.201 157.756 124.269 113.875 17.0481 400.35 218.05 427.967 218.028 20180622T113252.338658 960 20
20180622T113252.352218 960 20
20180622T113252.359932 960 20
20180622T113252.371857 427.254 157.593 124.043 112.972 15.7587 400.448 218.086 428.22 217.914 20180622T113252.371857 960 20
20180622T113252.379897 960 20
20180622T113252.390779 960 20
20180622T113252.398711 427.382 157.861 122.992 112.595 16.8708 400.65 218.117 428.306 217.968 20180622T113252.398711 960 20
20180622T113252.410680 960 20
20180622T113252.422641 960 20
20180622T113252.430700 427.486 157.75 122.252 112.899 17.4031 400.732 218.06 428.306 217.968 20180622T113252.430700 960 20
20180622T113252.442719 960 20
20180622T113252.450634 960 20
20180622T113252.462632 427.611 157.637 121.918 111.701 17.6618 400.825 218.011 428.283 218.05 20180622T113252.462632 960 20
20180622T113252.470696 960 20
20180622T113252.482704 960 20
20180622T113252.490711 427.522 157.715 121.608 111.626 18.3251 400.689 218.147 428.306 217.968 20180622T113252.490711 960 20
20180622T113252.502679 960 20
20180622T113252.510697 960 20
20180622T113252.523726 427.08 157.424 121.294 110.958 18.5872 400.17 217.752 427.862 217.815 20180622T113252.523726 960 20
20180622T113252.531832 960 20
20180622T113252.542662 960 20
20180622T113252.550697 426.933 157.261 121.04 110.721 17.3904 400.121 217.697 427.797 217.76 20180622T113252.550697 960 20
20180622T113252.562687 960 20
20180622T113252.570643 960 20
20180622T113252.582640 427.424 157.343 120.779 110.764 19.8628 400.403 217.806 428.228 217.5 20180622T113252.582640 960 20
20180622T113252.590965 960 20
20180622T113252.602728 960 20
20180622T113252.610748 429.081 157.147 120.302 110.856 19.1833 401.209 217.523 428.689 217.147 20180622T113252.610748 960 20
20180622T113252.622731 960 20
20180622T113252.630754 960 20
20180622T113252.642813 429.031 156.976 120.365 110.617 21.4113 401.209 217.523 428.738 217.645 20180622T113252.642813 960 20
20180622T113252.651303 960 20
20180622T113252.663162 960 20
20180622T113252.675353 429.153 157.192 120.219 110.552 21.717 401.136 217.442 428.789 217.558 20180622T113252.675353 960 20
20180622T113252.683635 960 20
20180622T113252.695223 960 20
20180622T113252.703242 429.032 157.112 120.044 110.902 22.3994 401.08 217.307 428.5 217.136 20180622T113252.703242 960 20
20180622T113252.714956 960 20
20180622T113252.722945 960 20
20180622T113252.734995 429.174 157.022 119.881 110.533 22.0979 401.048 217.374 428.558 217.121 20180622T113252.734995 960 20
20180622T113252.743324 960 20
20180622T113252.755011 960 20
20180622T113252.763007 429.368 156.82 120.04 110.572 21.7498 401.136 217.442 428.929 217.539 20180622T113252.763007 960 20
20180622T113252.774942 960 20
20180622T113252.782735 960 20
20180622T113252.794670 429.717 157.129 119.225 110.88 24.3327 401.136 217.442 428.681 217.563 20180622T113252.794670 960 20
20180622T113252.802846 960 20
20180622T113252.814728 960 20
20180622T113252.822719 429.505 156.722 119.923 110.717 22.4907 401.357 217.233 428.922 217.178 20180622T113252.822719 960 20
20180622T113252.834727 960 20
20180622T113252.842704 960 20
20180622T113252.854629 429.621 156.499 120.079 111.017 22.6497 401.425 217.408 429.296 217.03 20180622T113252.854629 960 20
20180622T113252.862696 960 20
20180622T113252.874739 960 20
20180622T113252.882680 429.668 156.474 120.421 111.085 22.0916 401.261 217.072 429.167 216.75 20180622T113252.882680 960 20
20180622T113252.894942 960 20
20180622T113252.902730 960 20
20180622T113252.914707 429.637 156.583 120.306 111.372 22.264 401.261 217.072 429.313 216.83 20180622T113252.914707 960 20
20180622T113252.926689 960 20
20180622T113252.934661 960 20
20180622T113252.946628 429.421 156.689 120.422 111.339 21.3262 401.429 217.198 428.922 217.178 20180622T113252.946628 960 20
20180622T113252.954689 960 20
20180622T113252.966711 960 20
20180622T113252.974738 429.557 156.889 120.164 111.857 22.8208 401.313 217.34 428.922 217.178 20180622T113252.974738 960 20
20180622T113252.986684 960 20
20180622T113252.994662 960 20
20180622T113253.006656 429.402 157.21 120.648 111.557 22.3733 401.327 217.503 428.789 217.558 20180622T113253.006656 960 20
20180622T113253.015491 960 20
20180622T113253.026783 960 20
20180622T113253.034677 429.446 157.337 120.596 111.618 23.0305 401.444 217.728 429.094 217.281 20180622T113253.034677 960 20
20180622T113253.047514 960 20
20180622T113253.054678 960 20
20180622T113253.066676 429.338 157.635 120.678 111.995 20.5193 401 218 428.672 217.774 20180622T113253.066676 960 20
20180622T113253.074634 960 20
20180622T113253.086641 960 20
20180622T113253.094671 429.11 157.726 120.824 111.497 18.3537 400.949 218.25 428.533 217.867 20180622T113253.094671 960 20
20180622T113253.106683 960 20
20180622T113253.114695 960 20
20180622T113253.127138 428.935 158.302 120.81 111.877 17.644 400.952 218.589 428.547 218.109 20180622T113253.127138 960 20
20180622T113253.135194 960 20
20180622T113253.146637 960 20
20180622T113253.154664 428.954 158.507 121.108 112.133 19.8069 400.988 218.667 428.595 218.256 20180622T113253.154664 960 20
20180622T113253.166684 960 20
20180622T113253.178623 960 20
20180622T113253.186632 428.932 158.604 121.437 112.182 18.4121 400.988 218.667 428.661 218.328 20180622T113253.186632 960 20
20180622T113253.198673 960 20
20180622T113253.206696 960 20
20180622T113253.218615 428.999 158.77 121.243 112.722 18.5131 400.988 218.728 428.466 218.524 20180622T113253.218615 960 20
20180622T113253.226619 960 20
20180622T113253.238693 960 20
20180622T113253.246670 428.666 158.915 121.739 113.263 17.8241 400.77 219.215 428.448 218.747 20180622T113253.246670 960 20
20180622T113253.258705 960 20
20180622T113253.266704 960 20
20180622T113253.278664 428.609 158.923 121.806 112.667 17.6703 400.738 219.475 428.287 218.889 20180622T113253.278664 960 20
20180622T113253.287522 960 20
20180622T113253.298674 960 20
20180622T113253.306731 428.474 159.178 122.19 113.469 18.5705 400.738 219.645 428.192 219.231 20180622T113253.306731 960 20
20180622T113253.318751 960 20
20180622T113253.326711 960 20
20180622T113253.338666 428.411 159.331 122.425 113.198 18.403 400.5 219.136 428.148 219.315 20180622T113253.338666 960 20
20180622T113253.346723 960 20
20180622T113253.358788 960 20
20180622T113253.366706 428.143 159.297 122.673 113.274 16.3303 400.356 219.213 428.15 219.289 20180622T113253.366706 960 20
20180622T113253.378662 960 20
20180622T113253.386666 960 20
20180622T113253.398707 427.873 159.241 123.225 113.13 16.2134 400.244 219.185 427.851 219.087 20180622T113253.398707 960 20
20180622T113253.406785 960 20
20180622T113253.418622 960 20
20180622T113253.430609 427.721 159.222 123.362 113.296 17.3301 400.201 219.437 427.886 219.308 20180622T113253.430609 960 20
20180622T113253.439014 960 20
20180622T113253.451515 960 20
20180622T113253.459970 427.762 159.247 122.947 113.706 16.7979 400.14 219.296 427.962 219.221 20180622T113253.459970 960 20
20180622T113253.471365 960 20
20180622T113253.479099 960 20
20180622T113253.491092 427.779 159.286 123.347 113.42 15.6438 400.228 219.339 427.96 219.234 20180622T113253.491092 960 20
20180622T113253.498964 960 20
20180622T113253.510997 960 20
20180622T113253.519104 427.815 159.199 123.585 113.57 16.1945 400.411 219.289 428.164 219.055 20180622T113253.519104 960 20
20180622T113253.531308 960 20
20180622T113253.538646 960 20
20180622T113253.550618 427.91 159.381 123.43 113.957 15.9103 400.45 219.519 428.101 219.126 20180622T113253.550618 960 20
20180622T113253.558677 960 20
20180622T113253.570698 960 20
20180622T113253.578620 427.669 159.379 123.817 113.761 15.2339 400.432 219.749 428.062 219.21 20180622T113253.578620 960 20
20180622T113253.591149 960 20
20180622T113253.599201 960 20
20180622T113253.611205 427.287 159.815 123.865 114.459 16.4551 400.079 219.926 427.375 219.694 20180622T113253.611205 960 20
20180622T113253.618757 960 20
20180622T113253.631149 960 20
20180622T113253.640073 426.838 159.793 124.156 113.977 18.0572 399.727 220.283 427.405 220.082 20180622T113253.640073 960 20
20180622T113253.651040 960 20
20180622T113253.659093 960 20
20180622T113253.671088 426.699 160.22 124.294 114.522 20.0359 399.591 220.389 427.294 220.08 20180622T113253.671088 960 20
20180622T113253.683049 960 20
20180622T113253.691088 960 20
20180622T113253.703087 426.876 160.523 124.033 115.075 18.7826 399.688 220.37 427.405 220.082 20180622T113253.703087 960 20
20180622T113253.711678 960 20
20180622T113253.722775 960 20
20180622T113253.731035 427.424 160.34 124.235 115.14 18.15 400.1 220.424 427.484 219.869 20180622T113253.731035 960 20
20180622T113253.743748 960 20
20180622T113254.368756 1900 20
20180622T113254.374911 527.525 175.399 128.895 102.088 52.7734 443.682 242.467 482.153 231.116 20180622T113254.374911 1900 20
20180622T113254.387197 1900 20
20180622T113254.395284 1900 20
20180622T113254.407799 527.52 175.603 128.91 101.681 52.7658 443.114 242.657 481.81 231.249 20180622T113254.407799 1900 20
20180622T113254.416049 1900 20
20180622T113254.426633 1900 20
20180622T113254.438644 527.447 175.558 129.017 101.619 52.7772 443.114 242.657 481.85 231.18 20180622T113254.438644 1900 20
20180622T113254.446637 1900 20
20180622T113254.458599 1900 20
20180622T113254.466664 525.268 175.003 128.139 101.75 52.2641 442.212 241.83 481.275 230.343 20180622T113254.466664 1900 20
20180622T113254.479048 1900 20
20180622T113254.486626 1900 20
20180622T113254.498595 524.984 175.052 128.109 101.875 52.2948 442.131 241.631 481.367 230.35 20180622T113254.498595 1900 20
20180622T113254.506742 1900 20
20180622T113254.518632 1900 20
20180622T113254.526670 525.205 174.929 128.166 101.74 52.546 442.417 241.768 481.438 230.141 20180622T113254.526670 1900 20
20180622T113254.538704 1900 20
20180622T113254.546643 1900 20
20180622T113254.558677 525.256 174.85 128.226 101.902 52.2371 442.519 241.872 481.427 229.937 20180622T113254.558677 1900 20
20180622T113254.566627 1900 20
20180622T113254.578585 1900 20
20180622T113254.586638 525.812 174.745 128.767 101.993 51.8248 442.804 241.827 481.686 230.146 20180622T113254.586638 1900 20
20180622T113254.598650 1900 20
20180622T113254.606680 1900 20
20180622T113254.618638 526.193 174.852 128.291 102.18 52.0127 442.951 241.784 481.667 230.282 20180622T113254.618638 1900 20
20180622T113254.627671 1900 20
20180622T113254.638683 1900 20
20180622T113254.646682 526.011 174.923 129.249 102.047 52.1522 442.897 241.833 481.7 230.218 20180622T113254.646682 1900 20
20180622T113254.658754 1900 20
20180622T113254.666684 1900 20
20180622T113254.678674 526.076 174.755 129.275 102.375 51.5173 442.83 241.776 481.694 230.013 20180622T113254.678674 1900 20
20180622T113254.690676 1900 20
20180622T113254.698680 1900 20
20180622T113254.710642 525.969 174.917 129.31 102.801 52.3206 442.804 241.827 481.7 230.079 20180622T113254.710642 1900 20
20180622T113254.718637 1900 20
20180622T113254.730678 1900 20
20180622T113254.738671 526.034 175.022 129.484 102.898 51.8537 442.839 241.702 481.615 229.973 20180622T113254.738671 1900 20
20180622T113254.752119 1900 20
20180622T113254.759324 1900 20
20180622T113254.771419 525.381 175.877 129.894 102.938 51.9095 442.986 241.612 481.56 230.763 20180622T113254.771419 1900 20
20180622T113254.779043 1900 20
20180622T113254.790571 1900 20
20180622T113254.798555 527.609 177.438 129.145 102.894 52.6362 444.674 242.465 483.611 231.364 20180622T113254.798555 1900 20
20180622T113254.810597 1900 20
20180622T113254.818578 1900 20
20180622T113254.830604 -1 -1 129.145 102.894 52.6362 444.674 242.465 483.611 231.364 20180622T113254.830604 1900 20
20180622T113254.838636 1900 20
20180622T113254.850677 1900 20
20180622T113254.858575 -1 -1 129.145 102.894 52.6362 444.674 242.465 483.611 231.364 20180622T113254.858575 1900 20
20180622T113254.871553 1900 20
20180622T113254.878703 1900 20
20180622T113254.891220 -1 -1 129.145 102.894 52.6362 444.674 242.465 483.611 231.364 20180622T113254.891220 1900 20
20180622T113254.899841 1900 20
20180622T113254.910587 1900 20
20180622T113254.918581 534.43 195.179 93.2275 71.8932 25.8292 446.055 237.314 485.217 226.765 20180622T113254.918581 1900 20
20180622T113254.930606 1900 20
20180622T113254.942596 1900 20
20180622T113254.950592 526.554 178.915 126.396 97.4478 42.462 444.507 238.663 482.349 228.859 20180622T113254.950592 1900 20
20180622T113254.962649 1900 20
20180622T113254.970613 1900 20
20180622T113254.982640 525.744 174.824 129.598 103.989 51.4526 444.337 239.31 481.672 229.208 20180622T113254.982640 1900 20
20180622T113254.991220 1900 20
20180622T113255.002658 1900 20
20180622T113255.010647 525.28 174.88 129.97 103.937 51.7484 443.456 240.089 481.583 230.006 20180622T113255.010647 1900 20
20180622T113255.022700 1900 20
20180622T113255.031141 1900 20
20180622T113255.043944 525.253 174.81 130.075 103.978 51.1178 443.347 240.16 481.423 230.084 20180622T113255.043944 1900 20
20180622T113255.051932 1900 20
20180622T113255.062975 1900 20
20180622T113255.070912 524.984 174.48 129.759 103.742 51.2868 443.305 239.713 481.288 230.066 20180622T113255.070912 1900 20
20180622T113255.082905 1900 20
20180622T113255.090982 1900 20
20180622T113255.102958 525.093 174.159 129.691 103.655 51.6979 443.148 239.567 481.212 229.898 20180622T113255.102958 1900 20
20180622T113255.113353 1900 20
20180622T113255.122620 1900 20
20180622T113255.130642 524.972 173.701 129.605 103.559 51.67 442.644 239.823 481.109 230.051 20180622T113255.130642 1900 20
20180622T113255.143486 1900 20
20180622T113255.150640 1900 20
20180622T113255.162632 525.049 173.671 129.22 103.739 51.3149 442.614 239.888 480.955 229.947 20180622T113255.162632 1900 20
20180622T113255.170621 1900 20
20180622T113255.182589 1900 20
20180622T113255.194598 525.058 173.454 129.107 103.482 51.6271 442.757 239.53 480.964 229.518 20180622T113255.194598 1900 20
20180622T113255.205359 1900 20
20180622T113255.214645 1900 20
20180622T113255.222632 525.207 173.363 129.724 103.537 51.9051 442.797 239.476 481.149 229.4 20180622T113255.222632 1900 20
20180622T113255.234651 1900 20
20180622T113255.242582 1900 20
20180622T113255.254593 525.112 173.301 129.864 103.366 51.8392 442.695 239.507 481.18 229.523 20180622T113255.254593 1900 20
20180622T113255.262691 1900 20
20180622T113255.274633 1900 20
20180622T113255.282638 525.052 173.433 129.556 103.348 51.7528 442.59 239.745 480.889 229.067 20180622T113255.282638 1900 20
20180622T113255.294589 1900 20
20180622T113255.302591 1900 20
20180622T113255.314583 525.239 173.245 129.869 103.522 51.96 442.58 239.525 480.963 229.458 20180622T113255.314583 1900 20
20180622T113255.322648 1900 20
20180622T113255.334630 1900 20
20180622T113255.342661 525.129 173.228 129.905 103.507 51.9712 442.671 239.327 481.079 229.423 20180622T113255.342661 1900 20
20180622T113255.354688 1900 20
20180622T113255.362607 1900 20
20180622T113255.374617 525.107 173.337 129.913 103.837 52.4988 442.773 239.493 481.019 229.497 20180622T113255.374617 1900 20
20180622T113255.382586 1900 20
20180622T113255.394626 1900 20
20180622T113255.402624 526.978 173.744 130.445 103.147 52.6374 442.651 240.724 481.835 229.468 20180622T113255.402624 1900 20
20180622T113255.414594 1900 20
20180622T113255.422580 1900 20
20180622T113255.434611 526.374 173.646 130.326 103.644 52.6348 442.869 240.094 481.781 229.389 20180622T113255.434611 1900 20
20180622T113255.446942 1900 20
20180622T113255.454633 1900 20
20180622T113255.466652 526.251 173.642 130.298 103.52 52.6044 442.787 240.081 481.781 229.389 20180622T113255.466652 1900 20
20180622T113255.475291 1900 20
20180622T113255.486576 1900 20
20180622T113255.494566 526.092 173.653 130.434 103.435 52.6377 442.825 239.904 481.51 229.434 20180622T113255.494566 1900 20
20180622T113255.507404 1900 20
20180622T113255.514662 1900 20
20180622T113255.526659 526.056 173.566 130.459 103.527 52.4421 442.738 239.981 481.486 229.396 20180622T113255.526659 1900 20
20180622T113255.534625 1900 20
20180622T113255.546613 1900 20
20180622T113255.554640 526.117 173.526 130.508 103.556 52.5227 443.12 239.846 481.772 229.495 20180622T113255.554640 1900 20
20180622T113255.566614 1900 20
20180622T113255.574828 1900 20
20180622T113255.586654 526.222 173.642 130.236 103.57 52.3716 443.12 239.846 481.768 229.569 20180622T113255.586654 1900 20
20180622T113255.594661 1900 20
20180622T113255.606597 1900 20
20180622T113255.614555 526.07 173.692 130.402 103.47 52.4044 443.201 239.936 481.772 229.495 20180622T113255.614555 1900 20
20180622T113255.626621 1900 20
20180622T113255.634672 1900 20
20180622T113255.646651 526.151 173.936 130.359 103.506 52.376 443.279 240 481.772 229.495 20180622T113255.646651 1900 20
20180622T113255.655208 1900 20
20180622T113255.666568 1900 20
20180622T113255.674569 525.941 174.18 130.52 103.698 52.8577 443.141 240.077 481.617 229.776 20180622T113255.674569 1900 20
20180622T113255.686655 1900 20
20180622T113255.698622 1900 20
20180622T113255.706649 525.711 174.236 130.702 103.701 52.5371 442.886 240.239 481.538 229.7 20180622T113255.706649 1900 20
20180622T113255.718604 1900 20
20180622T113255.726639 1900 20
20180622T113255.738610 525.622 174.283 130.917 103.557 52.1791 442.933 240.218 481.538 229.648 20180622T113255.738610 1900 20
20180622T113255.747832 1900 20
20180622T113255.758638 1900 20
20180622T113255.766624 525.633 174.289 130.751 103.751 52.0191 442.827 240.249 481.623 229.692 20180622T113255.766624 1900 20
20180622T113255.778577 1900 20
20180622T113255.786590 1900 20
20180622T113255.798612 525.682 174.311 130.222 103.604 52.3246 443.182 240.127 481.691 229.561 20180622T113255.798612 1900 20
20180622T113255.806762 1900 20
20180622T113255.819055 1900 20
20180622T113255.827055 525.667 174.384 130.148 103.709 51.9387 443.154 240.172 481.785 229.487 20180622T113255.827055 1900 20
20180622T113255.838607 1900 20
20180622T113255.846628 1900 20
20180622T113256.322571 526.755 222.099 130.589 109.249 68.8267 455.241 253.958 485.427 252.491 20180622T113256.322571 1900 540
20180622T113256.331203 1900 540
20180622T113256.342648 1900 540
20180622T113256.350580 526.695 222.11 130.47 109.15 68.7149 455.037 254.023 485.354 252.454 20180622T113256.350580 1900 540
20180622T113256.362621 1900 540
20180622T113256.370568 1900 540
20180622T113256.382581 526.408 222.491 130.191 108.941 68.7337 454.626 254.528 485 252.786 20180622T113256.382581 1900 540
20180622T113256.391455 1900 540
20180622T113256.403830 1900 540
20180622T113256.411339 526.138 222.719 130.295 108.624 68.3566 454.5 254.5 484.978 253.089 20180622T113256.411339 1900 540
20180622T113256.423197 1900 540
20180622T113256.431400 1900 540
20180622T113256.443255 526.091 222.969 130.021 108.446 68.9706 454.578 254.615 484.952 253.563 20180622T113256.443255 1900 540
20180622T113256.458080 1900 540
20180622T113256.463258 1900 540
20180622T113256.475244 525.835 223.134 129.938 108.166 69.3857 454.629 254.683 484.743 253.9 20180622T113256.475244 1900 540
20180622T113256.483114 1900 540
20180622T113256.494571 1900 540
20180622T113256.502647 525.804 223.567 129.491 108.155 69.4815 454.126 255.219 484.342 254.162 20180622T113256.502647 1900 540
20180622T113256.514617 1900 540
20180622T113256.522587 1900 540
20180622T113256.536089 525.66 223.624 129.319 108.326 69.6207 454.201 255.37 484.248 254.004 20180622T113256.536089 1900 540
20180622T113256.543568 1900 540
20180622T113256.554601 1900 540
20180622T113256.562575 525.523 224.014 129.219 107.985 68.8708 454.014 255.571 484.377 254.242 20180622T113256.562575 1900 540
20180622T113256.574579 1900 540
20180622T113256.582575 1900 540
20180622T113256.594576 525.636 224.313 128.497 108.228 69.5839 454.235 255.84 484.377 254.242 20180622T113256.594576 1900 540
20180622T113256.602711 1900 540
20180622T113256.614599 1900 540
20180622T113256.622570 526.695 224.95 128.511 107.467 70.1685 455 256.5 485.035 254.835 20180622T113256.622570 1900 540
20180622T113256.634627 1900 540
20180622T113256.642630 1900 540
20180622T113256.654580 526.751 224.968 128.327 107.525 69.652 455 256.421 485.054 254.932 20180622T113256.654580 1900 540
20180622T113256.663051 1900 540
20180622T113256.675441 1900 540
20180622T113256.683415 526.884 225.123 128.115 107.437 69.8027 455 256.421 485.083 255 20180622T113256.683415 1900 540
20180622T113256.695273 1900 540
20180622T113256.706904 1900 540
20180622T113256.714926 526.884 225.087 127.772 107.218 69.7401 455 256.5 485.125 255.097 20180622T113256.714926 1900 540
20180622T113256.726915 1900 540
20180622T113256.734923 1900 540
20180622T113256.746904 527 225.366 127.798 106.995 69.756 455.103 256.515 485.111 255.273 20180622T113256.746904 1900 540
20180622T113256.754908 1900 540
20180622T113256.766548 1900 540
20180622T113256.774653 527.078 225.233 127.681 106.767 68.7824 455 256.5 485.111 255.273 20180622T113256.774653 1900 540
20180622T113256.786577 1900 540
20180622T113256.794610 1900 540
20180622T113256.806564 527.099 225.542 127.759 106.913 69.3737 455.247 256.626 485.228 255.447 20180622T113256.806564 1900 540
20180622T113256.816197 1900 540
20180622T113256.827124 1900 540
20180622T113256.835270 527.061 225.476 127.544 107.08 68.7946 455.204 256.607 485.215 255.347 20180622T113256.835270 1900 540
20180622T113256.846604 1900 540
20180622T113256.854573 1900 540
20180622T113256.866577 526.932 225.287 127.238 107.184 68.9498 455.103 256.515 485.08 255.122 20180622T113256.866577 1900 540
20180622T113256.874565 1900 540
20180622T113256.886545 1900 540
20180622T113256.894531 526.879 225.399 127.641 107.066 69.2046 455 256.5 485.167 255.25 20180622T113256.894531 1900 540
20180622T113256.906587 1900 540
20180622T113256.914604 1900 540
20180622T113256.926558 526.775 225.495 128.014 107.189 68.7098 455 256.5 484.978 255.089 20180622T113256.926558 1900 540
20180622T113256.935010 1900 540
20180622T113256.946581 1900 540
20180622T113256.958565 526.764 225.47 127.8 107.649 68.3755 455 256.5 485.059 255.132 20180622T113256.958565 1900 540
20180622T113256.966584 1900 540
20180622T113256.978533 1900 540
20180622T113256.986610 526.983 225.425 127.922 107.923 68.4176 455 256.5 485 255 20180622T113256.986610 1900 540
20180622T113256.998589 1900 540
20180622T113257.006602 1900 540
20180622T113257.018566 527.004 225.503 128.307 107.826 68.8784 455.169 256.457 485.035 254.965 20180622T113257.018566 1900 540
20180622T113257.026656 1900 540
20180622T113257.038640 1900 540
20180622T113257.046542 527.101 225.736 128.45 108.777 68.8126 455.347 256.365 485.299 254.983 20180622T113257.046542 1900 540
20180622T113257.058585 1900 540
20180622T113257.066605 1900 540
20180622T113257.078569 527.259 225.792 128.873 108.626 67.8274 455.328 256.55 485.273 255.113 20180622T113257.078569 1900 540
20180622T113257.086576 1900 540
20180622T113257.098561 1900 540
20180622T113257.106682 527.215 225.984 129.217 108.892 68.3193 455.382 256.544 485.333 255.049 20180622T113257.106682 1900 540
20180622T113257.118584 1900 540
20180622T113257.126512 1900 540
20180622T113257.138565 527.238 225.989 129.425 108.948 68.2985 455.382 256.544 485.333 255.049 20180622T113257.138565 1900 540
20180622T113257.146630 1900 540
20180622T113257.158624 1900 540
20180622T113257.166567 522.03 224.131 129.685 110.437 65.7479 453.132 255.395 483.108 254.126 20180622T113257.166567 1900 540
20180622T113257.178579 1900 540
20180622T113257.186562 1900 540
20180622T113257.198566 524.056 225.048 129.385 110.383 67.5372 453.871 255.702 483.48 254.249 20180622T113257.198566 1900 540
20180622T113257.210580 1900 540
20180622T113257.218575 1900 540
20180622T113257.231800 523.164 225.12 130.29 110.836 66.6207 453.122 255.892 483.352 254.703 20180622T113257.231800 1900 540
20180622T113257.239144 1900 540
20180622T113257.250560 1900 540
20180622T113257.258621 522.949 225.261 130.053 111.046 67.2709 453 255.864 483.152 254.719 20180622T113257.258621 1900 540
20180622T113257.270565 1900 540
20180622T113257.278567 1900 540
20180622T113257.290560 522.684 225.559 130.42 111.585 66.9797 452.685 256.108 482.811 254.775 20180622T113257.290560 1900 540
20180622T113257.299171 1900 540
20180622T113257.311124 1900 540
20180622T113257.319105 522.619 225.552 130.711 111.474 66.3573 452.685 256.108 482.806 254.861 20180622T113257.319105 1900 540
20180622T113257.331273 1900 540
20180622T113257.338874 1900 540
20180622T113257.351027 522.813 225.503 131.027 111.803 67.3679 452.972 256.282 483.035 254.835 20180622T113257.351027 1900 540
20180622T113257.359310 1900 540
20180622T113257.370583 1900 540
20180622T113257.378547 522.866 225.704 131.559 111.946 67.093 453.023 256.256 483.089 254.898 20180622T113257.378547 1900 540
20180622T113257.390571 1900 540
20180622T113257.398553 1900 540
20180622T113257.410562 522.931 225.622 131.805 112.426 66.4898 453.16 256.119 483.122 254.789 20180622T113257.410562 1900 540
20180622T113257.419522 1900 540
20180622T113257.430567 1900 540
20180622T113257.438554 523.032 225.687 131.85 112.467 66.2395 453.213 256.097 483.216 254.81 20180622T113257.438554 1900 540
20180622T113257.450575 1900 540
20180622T113257.462585 1900 540
20180622T113257.470569 522.987 225.611 132.083 112.394 66.6556 453.213 256.097 483.122 254.789 20180622T113257.470569 1900 540
20180622T113257.482621 1900 540
20180622T113257.490680 1900 540
20180622T113257.502584 522.822 225.65 132.317 112.735 66.6236 453.273 255.876 483.152 254.719 20180622T113257.502584 1900 540
20180622T113257.510583 1900 540
20180622T113257.522561 1900 540
20180622T113257.531130 522.657 225.483 132.591 112.646 66.7259 453.296 255.935 483.152 254.719 20180622T113257.531130 1900 540
20180622T113257.543585 1900 540
20180622T113257.551546 1900 540
20180622T113257.563513 522.693 225.491 132.83 112.973 67.2348 453.085 255.826 483.152 254.719 20180622T113257.563513 1900 540
20180622T113257.571664 1900 540
20180622T113257.582629 1900 540
20180622T113257.590649 522.53 225.314 132.788 113.129 67.2579 453.169 255.758 482.875 254.704 20180622T113257.590649 1900 540
20180622T113257.602569 1900 540
20180622T113257.610553 1900 540
20180622T113257.622553 522.465 225.447 132.849 113.302 67.4719 453.044 255.804 482.944 254.723 20180622T113257.622553 1900 540
20180622T113257.630690 1900 540
20180622T113257.642636 1900 540
20180622T113257.650586 522.292 225.056 133.335 113.172 67.5419 453.091 255.525 482.816 254.439 20180622T113257.650586 1900 540
20180622T113257.662630 1900 540
20180622T113257.670597 1900 540
20180622T113257.682587 522.136 224.788 133.25 113.226 67.9601 453.01 255.174 482.816 254.439 20180622T113257.682587 1900 540
20180622T113257.690967 1900 540
20180622T113257.702598 1900 540
20180622T113257.714588 521.991 224.786 133.413 113.776 67.7468 453 255.083 482.896 254.402 20180622T113257.714588 1900 540
20180622T113257.722762 1900 540
20180622T113257.734591 1900 540
20180622T113257.742605 521.871 224.838 133.025 113.964 68.3819 453.065 255 482.502 254.23 20180622T113257.742605 1900 540
20180622T113257.754600 1900 540
20180622T113257.762594 1900 540
20180622T113257.774590 521.434 224.528 133.31 114.006 68.1069 452.801 254.766 482.357 253.896 20180622T113257.774590 1900 540
20180622T113257.782636 1900 540
20180622T113257.794583 1900 540
20180622T113257.802607 523.233 224.91 134.597 113.241 67.0272 453.404 255.273 483.349 254.329 20180622T113257.802607 1900 540
20180622T113257.815914 1900 540
20180622T113258.346879 960 540
20180622T113258.359751 427.324 214.483 131.817 126.362 61.0268 400.687 248.232 428 248.5 20180622T113258.359751 960 540
20180622T113258.367223 960 540
20180622T113258.378530 960 540
20180622T113258.386508 427.48 214.451 131.552 126.041 62.1744 400.76 248.26 428 248.5 20180622T113258.386508 960 540
20180622T113258.398545 960 540
20180622T113258.406609 960 540
20180622T113258.418558 427.709 214.47 131.275 125.967 63.3176 400.806 248.312 428.281 248.377 20180622T113258.418558 960 540
20180622T113258.427080 960 540
20180622T113258.438529 960 540
20180622T113258.446517 427.769 214.396 131.039 125.407 62.6588 400.744 248.378 428.185 248.472 20180622T113258.446517 960 540
20180622T113258.458596 960 540
20180622T113258.470528 960 540
20180622T113258.478586 427.522 214.207 130.621 125.056 61.0179 400.733 248.1 428.215 248.398 20180622T113258.478586 960 540
20180622T113258.491017 960 540
20180622T113258.499521 960 540
20180622T113258.511294 427.451 214.043 130.546 124.858 62.3756 400.688 248 428 248 20180622T113258.511294 960 540
20180622T113258.521973 960 540
20180622T113258.530528 960 540
20180622T113258.538630 427.687 214.021 130.174 124.917 62.9695 400.648 247.867 427.889 247.863 20180622T113258.538630 960 540
20180622T113258.550559 960 540
20180622T113258.558621 960 540
20180622T113258.570860 427.612 213.892 129.644 124.557 61.9411 400.635 247.74 427.895 247.763 20180622T113258.570860 960 540
20180622T113258.579510 960 540
20180622T113258.590843 960 540
20180622T113258.598844 428.003 213.753 129.272 123.628 60.0478 400.698 247.5 427.892 247.559 20180622T113258.598844 960 540
20180622T113258.610530 960 540
20180622T113258.618535 960 540
20180622T113258.630561 428.004 213.812 128.809 123.873 62.9195 400.678 247.378 427.892 247.559 20180622T113258.630561 960 540
20180622T113258.638570 960 540
20180622T113258.651766 960 540
20180622T113258.658819 425.984 213.362 127.571 123.513 62.4888 399.54 247.333 427.088 247.304 20180622T113258.658819 960 540
20180622T113258.671211 960 540
20180622T113258.679382 960 540
20180622T113258.691372 425.93 213.384 127.776 122.894 60.827 399.391 247.333 426.944 247.287 20180622T113258.691372 960 540
20180622T113258.700318 960 540
20180622T113258.710592 960 540
20180622T113258.723000 425.82 213.508 126.774 122.05 59.7601 399.391 247.333 427.284 247.382 20180622T113258.723000 960 540
20180622T113258.730651 960 540
20180622T113258.742568 960 540
20180622T113258.750569 425.89 213.583 126.311 122.08 60.2 399.391 247.333 427.284 247.382 20180622T113258.750569 960 540
20180622T113258.762566 960 540
20180622T113258.770562 960 540
20180622T113258.782627 425.875 213.458 125.279 121.382 60.6251 399.391 247.333 427.24 247.26 20180622T113258.782627 960 540
20180622T113258.791034 960 540
20180622T113258.802568 960 540
20180622T113258.810571 427.031 213.527 125.541 121.005 60.254 400.088 247.245 427.581 247.19 20180622T113258.810571 960 540
20180622T113258.822571 960 540
20180622T113258.830562 960 540
20180622T113258.842571 427.141 213.224 124.474 120.485 60.8125 400.23 247.425 427.806 247.194 20180622T113258.842571 960 540
20180622T113258.850560 960 540
20180622T113258.862629 960 540
20180622T113258.870566 427.213 213.404 124.419 120.273 58.3842 400.139 247.148 427.423 247.016 20180622T113258.870566 960 540
20180622T113258.882599 960 540
20180622T113258.890984 960 540
20180622T113258.902568 427.255 213.274 123.916 119.826 58.6495 400.151 247.312 427.4 247.133 20180622T113258.902568 960 540
20180622T113258.910548 960 540
20180622T113258.922561 960 540
20180622T113258.930558 427.082 213.29 123.481 119.623 63.6164 400.094 247.354 427.476 247.056 20180622T113258.930558 960 540
20180622T113258.942580 960 540
20180622T113258.950556 960 540
20180622T113258.962568 427.122 213.332 123.534 119.541 62.6203 400.139 247.148 427.364 247.121 20180622T113258.962568 960 540
20180622T113258.974564 960 540
20180622T113258.982564 960 540
20180622T113258.994597 427.186 213.32 123.043 119.243 61.4066 400.139 247.148 427.364 247.121 20180622T113258.994597 960 540
20180622T113259.003830 960 540
20180622T113259.014790 960 540
20180622T113259.023988 427.194 213.335 122.948 118.893 61.2813 400 247.193 427.222 247.127 20180622T113259.023988 960 540
20180622T113259.035549 960 540
20180622T113259.042596 960 540
20180622T113259.055066 427.051 213.343 122.805 119.068 60.8756 399.944 247.287 427.222 247.127 20180622T113259.055066 960 540
20180622T113259.063214 960 540
20180622T113259.074541 960 540
20180622T113259.082505 427.264 213.169 122.983 118.224 57.906 400.139 247.148 427.5 247.159 20180622T113259.082505 960 540
20180622T113259.094517 960 540
20180622T113259.102602 960 540
20180622T113259.114514 427.401 213.188 122.824 118.207 59.4257 400.284 247.157 427.5 247.159 20180622T113259.114514 960 540
20180622T113259.124149 960 540
20180622T113259.134552 960 540
20180622T113259.142536 427.73 212.781 122.468 117.939 59.3002 400.216 247.176 427.567 247.142 20180622T113259.142536 960 540
20180622T113259.154556 960 540
20180622T113259.162573 960 540
20180622T113259.174707 427.784 212.791 122.564 117.776 58.4947 400.259 247.083 427.826 247.326 20180622T113259.174707 960 540
20180622T113259.183623 960 540
20180622T113259.195129 960 540
20180622T113259.202546 427.797 212.82 122.359 117.497 56.8375 400.412 247.088 427.93 247.377 20180622T113259.202546 960 540
20180622T113259.214568 960 540
20180622T113259.226551 960 540
20180622T113259.234554 427.818 212.893 122.093 117.59 58.8957 400.5 247 427.841 247.198 20180622T113259.234554 960 540
20180622T113259.246556 960 540
20180622T113259.254548 960 540
20180622T113259.266561 427.862 212.788 121.576 117.262 59.3153 400.611 246.787 428.211 247.187 20180622T113259.266561 960 540
20180622T113259.274570 960 540
20180622T113259.286555 960 540
20180622T113259.294551 427.831 212.56 122.318 116.802 58.0204 400.594 247.217 428.099 246.865 20180622T113259.294551 960 540
20180622T113259.306550 960 540
20180622T113259.314547 960 540
20180622T113259.326564 427.902 212.355 121.818 117.031 56.818 400.746 246.73 427.875 246.5 20180622T113259.326564 960 540
20180622T113259.334557 960 540
20180622T113259.346546 960 540
20180622T113259.354545 428.189 212.332 121.801 116.192 60.59 400.859 246.795 427.957 246.587 20180622T113259.354545 960 540
20180622T113259.366556 960 540
20180622T113259.374620 960 540
20180622T113259.386557 428.198 212.123 122.029 116.01 61.3303 400.768 246.623 427.757 246.375 20180622T113259.386557 960 540
20180622T113259.394535 960 540
20180622T113259.406546 960 540
20180622T113259.414543 428.057 212.134 121.844 116.478 57.0175 400.768 246.623 428.269 246.186 20180622T113259.414543 960 540
20180622T113259.426649 960 540
20180622T113259.434557 960 540
20180622T113259.446551 428.116 212.303 121.829 116.535 58.895 400.936 246.513 428.409 246.289 20180622T113259.446551 960 540
20180622T113259.454612 960 540
20180622T113259.466616 960 540
20180622T113259.478537 428.092 212.166 121.684 116.409 58.2268 400.847 246.667 428.389 246.216 20180622T113259.478537 960 540
20180622T113259.486601 960 540
20180622T113259.498823 960 540
20180622T113259.506742 428.306 212.258 121.786 116.358 58.626 400.936 246.513 428.68 246.477 20180622T113259.506742 960 540
20180622T113259.518577 960 540
20180622T113259.526813 960 540
20180622T113259.538822 428.128 212.389 121.645 116.754 60.5586 401.246 247.014 428.853 246.5 20180622T113259.538822 960 540
20180622T113259.547680 960 540
20180622T113259.559252 960 540
20180622T113259.567356 428.482 212.498 122.324 116.465 60.6771 401.494 246.753 428.891 246.769 20180622T113259.567356 960 540
20180622T113259.578902 960 540
20180622T113259.586490 960 540
20180622T113259.598808 428.392 212.552 122.295 116.622 61.3385 401.529 246.874 428.887 246.86 20180622T113259.598808 960 540
20180622T113259.606923 960 540
20180622T113259.618751 960 540
20180622T113259.627503 428.569 212.699 122.837 117.058 61.0068 401.678 246.92 429.079 246.848 20180622T113259.627503 960 540
20180622T113259.639197 960 540
20180622T113259.646538 960 540
20180622T113259.658555 428.373 213.019 122.883 117.489 62.9167 401.763 247.021 428.853 247 20180622T113259.658555 960 540
20180622T113259.666612 960 540
20180622T113259.678543 960 540
20180622T113259.686546 427.964 213.126 123.417 117.575 63.5155 401.412 247.088 428.57 247.304 20180622T113259.686546 960 540
20180622T113259.698563 960 540
20180622T113259.706585 960 540
20180622T113259.718550 427.825 213.261 123.618 117.666 62.7959 401.067 247.307 428.347 247.207 20180622T113259.718550 960 540
20180622T113259.730569 960 540
20180622T113259.738637 960 540
20180622T113259.751148 427.556 213.807 123.717 118.182 62.1732 400.744 247.822 428.179 247.631 20180622T113259.751148 960 540
20180622T113259.758612 960 540
20180622T113259.770540 960 540
20180622T113259.778545 427.462 213.968 124.056 118.385 62.8836 400.728 247.975 428.169 247.899 20180622T113259.778545 960 540
20180622T113259.790543 960 540
20180622T113259.798548 960 540
20180622T113259.810608 427.331 214.485 124.175 118.799 59.6167 400.867 248.467 428.153 248.291 20180622T113259.810608 960 540
20180622T113259.818764 960 540
20180622T113259.830536 960 540
20180622T113259.838536 427.341 214.574 124.225 118.815 62.9904 400.936 248.513 428.21 248.359 20180622T113259.838536 960 540
20180622T113300.586537 20 540
20180622T113300.594500 20 540
20180622T113300.606500 314.76 215.379 123.007 110.633 109.516 335.937 248.692 364.686 249.458 20180622T113300.606500 20 540
20180622T113300.615331 20 540
20180622T113300.627350 20 540
20180622T113300.635337 314.47 215.419 123.05 110.316 109.368 335.937 248.692 364.403 249.308 20180622T113300.635337 20 540
20180622T113300.647384 20 540
20180622T113300.655267 20 540
20180622T113300.667364 314.467 215.56 122.578 110.569 109.262 335.792 248.792 364.203 249.477 20180622T113300.667364 20 540
20180622T113300.674539 20 540
20180622T113300.686748 20 540
20180622T113300.695478 314.296 215.415 122.377 110.519 110.484 335.713 248.737 364.203 249.477 20180622T113300.695478 20 540
20180622T113300.707338 20 540
20180622T113300.714494 20 540
20180622T113300.726521 314.249 215.495 122.419 110.596 107.985 335.756 248.702 364.297 249.333 20180622T113300.726521 20 540
20180622T113300.738532 20 540
20180622T113300.746511 20 540
20180622T113300.758533 314.237 215.581 122.551 110.545 109.472 335.713 248.737 364.233 249.403 20180622T113300.758533 20 540
20180622T113300.766902 20 540
20180622T113300.778534 20 540
20180622T113300.786536 313.804 215.305 122.613 110.466 110.577 335.571 248.827 364.179 249.426 20180622T113300.786536 20 540
20180622T113300.798517 20 540
20180622T113300.806497 20 540
20180622T113300.818527 313.702 215.563 122.601 110.673 110.517 335.552 248.747 364.101 249.5 20180622T113300.818527 20 540
20180622T113300.826574 20 540
20180622T113300.838493 20 540
20180622T113300.846500 313.52 215.411 122.418 110.784 110.608 335.389 248.784 364.101 249.5 20180622T113300.846500 20 540
20180622T113300.858555 20 540
20180622T113300.866539 20 540
20180622T113300.878497 313.623 215.259 122.711 111.021 110.491 335.333 248.728 363.933 249.64 20180622T113300.878497 20 540
20180622T113300.886855 20 540
20180622T113300.898539 20 540
20180622T113300.906574 315.11 215.194 123.693 111.551 110.327 335.86 248.591 364.448 249.086 20180622T113300.906574 20 540
20180622T113300.918539 20 540
20180622T113300.926529 20 540
20180622T113300.938489 313.765 214.918 123.706 111.318 110.824 335.556 248.531 364.061 248.703 20180622T113300.938489 20 540
20180622T113300.946689 20 540
20180622T113300.958562 20 540
20180622T113300.966488 313.956 214.797 123.9 111.905 109.289 335.483 248.362 364.222 248.778 20180622T113300.966488 20 540
20180622T113300.979467 20 540
20180622T113300.990769 20 540
20180622T113300.998801 313.773 214.933 123.865 112.047 110.218 335.5 248.267 364.167 248.75 20180622T113300.998801 20 540
20180622T113301.010557 20 540
20180622T113301.018704 20 540
20180622T113301.031283 313.772 214.875 124.496 112.385 110.293 335.172 248.134 364.04 248.74 20180622T113301.031283 20 540
20180622T113301.040626 20 540
20180622T113301.050487 20 540
20180622T113301.058653 313.601 214.912 124.253 112.741 108.879 335.034 248.198 363.986 248.769 20180622T113301.058653 20 540
20180622T113301.070529 20 540
20180622T113301.078484 20 540
20180622T113301.090443 314.621 214.662 124.831 113.264 109.927 335.5 248 364.167 248.569 20180622T113301.090443 20 540
20180622T113301.098517 20 540
20180622T113301.110473 20 540
20180622T113301.118481 314.661 214.76 124.899 113.373 108.554 335.5 248 364.017 248.621 20180622T113301.118481 20 540
20180622T113301.130456 20 540
20180622T113301.138528 20 540
20180622T113301.150503 314.473 214.734 124.795 113.339 107.728 335.438 248.156 363.776 248.621 20180622T113301.150503 20 540
20180622T113301.158463 20 540
20180622T113301.170446 20 540
20180622T113301.178467 314.747 214.706 125.407 113.682 109.186 335.5 248 363.776 248.621 20180622T113301.178467 20 540
20180622T113301.190500 20 540
20180622T113301.198468 20 540
20180622T113301.210472 314.588 214.366 125.388 113.938 110.275 335.484 247.758 364.188 248.315 20180622T113301.210472 20 540
20180622T113301.218509 20 540
20180622T113301.230460 20 540
20180622T113301.242505 314.474 214.47 125.39 114.109 109.8 335.357 247.685 363.927 248.311 20180622T113301.242505 20 540
20180622T113301.250487 20 540
20180622T113301.262441 20 540
20180622T113301.270443 314.48 214.271 125.757 114.337 109.779 335.357 247.591 363.833 248.378 20180622T113301.270443 20 540
20180622T113301.282501 20 540
20180622T113301.290546 20 540
20180622T113301.302443 314.392 214.519 125.641 114.582 109.622 335.19 247.589 363.768 248.395 20180622T113301.302443 20 540
20180622T113301.310462 20 540
20180622T113301.322474 20 540
20180622T113301.330494 313.871 214.451 125.757 114.736 109.131 334.926 247.574 363.643 248.409 20180622T113301.330494 20 540
20180622T113301.343736 20 540
20180622T113301.350905 20 540
20180622T113301.362903 313.766 214.44 125.892 114.773 109.849 334.81 247.554 363.594 248.333 20180622T113301.362903 20 540
20180622T113301.372288 20 540
20180622T113301.382484 20 540
20180622T113301.390780 313.582 214.541 126.501 114.968 109.977 334.518 247.399 363.83 248.32 20180622T113301.390780 20 540
20180622T113301.402522 20 540
20180622T113301.410502 20 540
20180622T113301.422476 313.698 214.738 126.435 115.246 109.416 334.518 247.399 363.782 248.282 20180622T113301.422476 20 540
20180622T113301.430471 20 540
20180622T113301.442529 20 540
20180622T113301.450521 313.65 214.557 126.352 115.646 110.766 334.673 247.459 363.554 248.298 20180622T113301.450521 20 540
20180622T113301.462524 20 540
20180622T113301.470512 20 540
20180622T113301.482475 313.765 214.57 126.773 115.569 110.646 334.738 247.381 363.554 248.298 20180622T113301.482475 20 540
20180622T113301.494494 20 540
20180622T113301.502517 20 540
20180622T113301.514801 313.65 214.528 127.039 115.71 110.855 334.766 247.292 363.357 248.208 20180622T113301.514801 20 540
20180622T113301.523037 20 540
20180622T113301.534512 20 540
20180622T113301.543143 313.651 214.41 126.963 115.584 111.967 334.518 247.399 363.357 248.208 20180622T113301.543143 20 540
20180622T113301.555149 20 540
20180622T113301.562973 20 540
20180622T113301.574960 313.526 214.481 127.032 115.794 112.315 334.5 247.5 363.357 248.208 20180622T113301.574960 20 540
20180622T113301.583255 20 540
20180622T113301.594509 20 540
20180622T113301.602514 313.572 214.526 127.148 115.963 112.252 334.518 247.399 363.448 248.253 20180622T113301.602514 20 540
20180622T113301.614510 20 540
20180622T113301.622514 20 540
20180622T113301.635142 313.704 214.336 127.235 116.06 111.773 334.789 247.558 363.357 248.208 20180622T113301.635142 20 540
20180622T113301.643222 20 540
20180622T113301.654507 20 540
20180622T113301.662451 313.579 214.331 127.344 116.057 112.695 334.932 247.456 363.333 248.123 20180622T113301.662451 20 540
20180622T113301.674473 20 540
20180622T113301.682448 20 540
20180622T113301.694456 313.543 214.23 127.437 116.105 111.738 334.738 247.142 363.454 247.879 20180622T113301.694456 20 540
20180622T113301.703691 20 540
20180622T113301.714532 20 540
20180622T113301.722497 313.416 213.98 127.697 116.123 110.997 334.738 247.142 363.177 247.61 20180622T113301.722497 20 540
20180622T113301.734524 20 540
20180622T113301.746500 20 540
20180622T113301.754509 313.222 213.721 127.563 115.932 111.249 334.346 246.776 363.281 247.444 20180622T113301.754509 20 540
20180622T113301.766515 20 540
20180622T113301.774659 20 540
20180622T113301.786497 313.092 213.657 127.244 116.144 112.049 334.218 246.718 363.098 247.161 20180622T113301.786497 20 540
20180622T113301.794551 20 540
20180622T113301.806498 20 540
20180622T113301.814503 313.116 213.521 127.486 115.88 112.349 334.201 246.459 363.21 247.058 20180622T113301.814503 20 540
20180622T113301.826513 20 540
20180622T113301.834509 20 540
20180622T113301.846503 312.948 213.502 127.375 115.602 111.799 334.074 246.426 363.178 246.915 20180622T113301.846503 20 540
20180622T113301.854634 20 540
20180622T113301.866502 20 540
20180622T113301.874657 312.981 213.376 127.128 116.18 112 333.92 246.42 363.059 246.963 20180622T113301.874657 20 540
20180622T113301.886524 20 540
20180622T113301.894511 20 540
20180622T113301.906506 312.709 213.346 127.795 115.413 112.897 334 246.346 362.941 247.037 20180622T113301.906506 20 540
20180622T113301.915247 20 540
20180622T113301.927086 20 540
20180622T113301.934762 312.626 213.392 127.788 115.358 113.386 333.92 246.42 362.941 247.037 20180622T113301.934762 20 540
20180622T113301.946716 20 540
20180622T113301.954495 20 540
20180622T113301.966503 312.625 213.288 127.841 115.304 113.419 333.81 246.411 362.941 247.037 20180622T113301.966503 20 540
20180622T113301.974631 20 540
20180622T113301.986511 20 540
20180622T113301.998488 312.757 213.098 127.654 115.481 114.322 334.052 246.32 363.1 246.6 20180622T113301.998488 20 540
20180622T113302.007451 20 540
20180622T113302.018494 20 540
20180622T113302.026535 312.896 212.786 127.729 114.951 114.091 334.103 246.282 363.173 246.519 20180622T113302.026535 20 540
20180622T113302.038512 20 540
20180622T113302.046503 20 540
20180622T113302.058493 313.099 212.762 127.572 115.326 112.217 334.095 245.769 363.229 246.542 20180622T113302.058493 20 540
20180622T113302.069680 20 540
20180622T113302.551974 20 1060
20180622T113302.562793 291.657 258.99 172.172 142.783 1.15726 338.559 270.045 367.233 270.6 20180622T113302.562793 20 1060
20180622T113302.571226 20 1060
20180622T113302.582887 20 1060
20180622T113302.590726 276.75 264.488 200.732 153.822 172.102 338.325 271.034 367.063 271.126 20180622T113302.590726 20 1060
20180622T113302.602799 20 1060
20180622T113302.610616 20 1060
20180622T113302.622510 315.326 265.572 127.083 113.683 91.0601 337.614 273.068 366.065 273.333 20180622T113302.622510 20 1060
20180622T113302.630518 20 1060
20180622T113302.643053 20 1060
20180622T113302.650476 268.811 272.099 210.224 163.956 170.14 338 274 366.283 274.25 20180622T113302.650476 20 1060
20180622T113302.662910 20 1060
20180622T113302.672097 20 1060
20180622T113302.682514 271.844 267.992 203.806 158.319 175.849 338.045 274.538 366.315 274.657 20180622T113302.682514 20 1060
20180622T113302.690458 20 1060
20180622T113302.703006 20 1060
20180622T113302.710482 316.432 266.701 126.226 113.259 90.3039 337.867 274.792 366.41 274.957 20180622T113302.710482 20 1060
20180622T113302.722905 20 1060
20180622T113302.731642 20 1060
20180622T113302.742509 266.263 273.134 214.825 168.783 167.896 337.952 275.079 366.387 275.43 20180622T113302.742509 20 1060
20180622T113302.754516 20 1060
20180622T113302.762514 20 1060
20180622T113302.774471 319.499 266.858 125.654 110.573 87.0416 339.342 275.063 367.604 275.219 20180622T113302.774471 20 1060
20180622T113302.782475 20 1060
20180622T113302.795663 20 1060
20180622T113302.802525 265.848 285.519 226.76 196.32 162.363 339.391 274.783 368.167 275 20180622T113302.802525 20 1060
20180622T113302.814498 20 1060
20180622T113302.823433 20 1060
20180622T113302.834470 317.643 267.553 126.606 115.342 94.514 339.362 275.152 367.837 275.089 20180622T113302.834470 20 1060
20180622T113302.842474 20 1060
20180622T113302.857267 20 1060
20180622T113302.862532 318.914 267.225 125.583 112.688 87.5001 339.095 275.071 367.837 275.089 20180622T113302.862532 20 1060
20180622T113302.874850 20 1060
20180622T113302.883000 20 1060
20180622T113302.895265 318.933 267.546 125.244 112.654 88.5874 339.045 275.356 367.657 275.528 20180622T113302.895265 20 1060
20180622T113302.903901 20 1060
20180622T113302.914527 20 1060
20180622T113302.922506 319.036 267.361 125.765 112.199 88.7198 339.109 275.38 367.825 275.69 20180622T113302.922506 20 1060
20180622T113302.934480 20 1060
20180622T113302.942422 20 1060
20180622T113302.954462 319.643 267.486 125.613 112.131 86.8643 339.952 275.635 368.126 275.739 20180622T113302.954462 20 1060
20180622T113302.962477 20 1060
20180622T113302.974603 20 1060
20180622T113302.982480 319.98 267.468 125.483 112.001 88.9116 340.109 275.434 368.368 275.427 20180622T113302.982480 20 1060
20180622T113302.994436 20 1060
20180622T113303.006440 20 1060
20180622T113303.014431 319.98 267.972 124.768 111.895 87.0392 340.163 275.911 368.5 275.912 20180622T113303.014431 20 1060
20180622T113303.026574 20 1060
20180622T113303.034457 20 1060
20180622T113303.046434 319.886 267.826 124.842 112.03 88.9276 340.095 275.929 368.299 275.957 20180622T113303.046434 20 1060
20180622T113303.054997 20 1060
20180622T113303.066985 20 1060
20180622T113303.074979 319.565 268.161 124.224 111.412 88.4328 339.778 276.222 368 276.302 20180622T113303.074979 20 1060
20180622T113303.086506 20 1060
20180622T113303.094480 20 1060
20180622T113303.106519 319.917 268.156 124.019 111.494 87.6212 339.958 276.201 367.97 276.385 20180622T113303.106519 20 1060
20180622T113303.114468 20 1060
20180622T113303.126468 20 1060
20180622T113303.134467 320.188 268.339 123.365 110.81 88.8121 339.957 276.275 368.419 276.264 20180622T113303.134467 20 1060
20180622T113303.146478 20 1060
20180622T113303.154452 20 1060
20180622T113303.166452 320.273 268.22 123.17 110.713 86.7204 339.955 276.174 368.648 276.581 20180622T113303.166452 20 1060
20180622T113303.174423 20 1060
20180622T113303.186444 20 1060
20180622T113303.194419 320.419 268.411 122.816 110.158 87.2467 340.167 276.409 368.984 276.566 20180622T113303.194419 20 1060
20180622T113303.206436 20 1060
20180622T113303.214420 20 1060
20180622T113303.226430 320.434 268.46 122.838 109.785 87.5468 340.057 276.475 368.793 276.757 20180622T113303.226430 20 1060
20180622T113303.234462 20 1060
20180622T113303.246441 20 1060
20180622T113303.258462 320.135 268.689 122.473 109.006 85.3055 340.167 276.591 369.15 276.65 20180622T113303.258462 20 1060
20180622T113303.266462 20 1060
20180622T113303.278426 20 1060
20180622T113303.286420 320.703 268.313 122.083 110.106 87.4447 340.319 276.417 369.171 276.573 20180622T113303.286420 20 1060
20180622T113303.300479 20 1060
20180622T113303.307143 20 1060
20180622T113303.318737 320.957 268.295 122.231 108.995 86.3368 340.581 276.162 369.126 276.468 20180622T113303.318737 20 1060
20180622T113303.329727 20 1060
20180622T113303.339248 20 1060
20180622T113303.347258 320.884 268.318 122.011 109.191 86.9172 340.513 276.239 369.126 276.468 20180622T113303.347258 20 1060
20180622T113303.359153 20 1060
20180622T113303.366956 20 1060
20180622T113303.379078 320.931 268.334 121.671 109.69 85.7722 340.439 276.154 369.143 276.254 20180622T113303.379078 20 1060
20180622T113303.386482 20 1060
20180622T113303.398470 20 1060
20180622T113303.406518 320.861 268.3 121.82 109.219 86.1434 340.574 276.194 369.211 276.276 20180622T113303.406518 20 1060
20180622T113303.418479 20 1060
20180622T113303.426443 20 1060
20180622T113303.438426 320.605 268.663 121.544 108.523 84.2585 340.419 276.264 369.233 276.6 20180622T113303.438426 20 1060
20180622T113303.446422 20 1060
20180622T113303.458550 20 1060
20180622T113303.466442 320.805 268.621 121.466 109.434 86.5679 340.371 276.22 369.048 276.635 20180622T113303.466442 20 1060
20180622T113303.478653 20 1060
20180622T113303.487653 20 1060
20180622T113303.499430 320.524 268.634 121.756 108.921 87.6509 340.42 276.37 369.175 276.69 20180622T113303.499430 20 1060
20180622T113303.510435 20 1060
20180622T113303.518623 20 1060
20180622T113303.531655 320.511 268.934 121.646 108.114 85.424 340.728 276.374 369.175 276.69 20180622T113303.531655 20 1060
20180622T113303.539114 20 1060
20180622T113303.550451 20 1060
20180622T113303.558408 320.792 268.902 121.385 109.526 85.9515 340.957 276.539 369.258 276.773 20180622T113303.558408 20 1060
20180622T113303.570437 20 1060
20180622T113303.578410 20 1060
20180622T113303.590416 320.542 268.837 121.934 109.832 85.7733 340.75 276.636 369.258 276.773 20180622T113303.590416 20 1060
20180622T113303.600531 20 1060
20180622T113303.611247 20 1060
20180622T113303.619655 320.094 269.074 122.06 109.668 84.6151 340.159 276.674 369.273 276.983 20180622T113303.619655 20 1060
20180622T113303.630883 20 1060
20180622T113303.639113 20 1060
20180622T113303.651646 319.951 268.947 122.251 109.709 86.4758 340.159 276.674 368.863 276.906 20180622T113303.651646 20 1060
20180622T113303.659164 20 1060
20180622T113303.670816 20 1060
20180622T113303.678825 319.943 269.683 121.715 111.832 78.6176 340 276.899 368.258 276.773 20180622T113303.678825 20 1060
20180622T113303.690855 20 1060
20180622T113303.698833 20 1060
20180622T113303.710834 319.431 269.136 122.508 110.397 85.4514 340.148 276.793 368.222 276.873 20180622T113303.710834 20 1060
20180622T113303.719250 20 1060
20180622T113303.730462 20 1060
20180622T113303.738457 318.305 270.098 122.186 108.876 78.3906 339.78 276.986 368.068 276.983 20180622T113303.738457 20 1060
20180622T113303.750464 20 1060
20180622T113303.762458 20 1060
20180622T113303.770444 319.461 269.134 123.73 110.454 87.9606 339.614 276.902 367.905 277.071 20180622T113303.770444 20 1060
20180622T113303.783102 20 1060
20180622T113303.791091 20 1060
20180622T113303.803088 318.784 269.796 122.639 111.406 83.4307 339.476 277.024 367.905 277.071 20180622T113303.803088 20 1060
20180622T113303.812006 20 1060
20180622T113303.822834 20 1060
20180622T113303.830831 318.836 268.931 124.64 111.917 86.2422 339.496 277.06 368.056 277.333 20180622T113303.830831 20 1060
20180622T113303.842855 20 1060
20180622T113303.850836 20 1060
20180622T113303.862893 319.011 269.4 124.392 112.275 86.5804 339.496 277.06 367.905 277.071 20180622T113303.862893 20 1060
20180622T113303.871082 20 1060
20180622T113303.883078 20 1060
20180622T113303.891246 319.069 269.745 123.624 112.624 83.5766 339.721 277.378 367.905 277.071 20180622T113303.891246 20 1060
20180622T113303.902767 20 1060
20180622T113303.910731 20 1060
20180622T113303.922783 316.568 272.314 121.209 107.121 68.185 339.278 277.167 367.905 277.071 20180622T113303.922783 20 1060
20180622T113303.930986 20 1060
20180622T113303.942744 20 1060
20180622T113303.950722 317.503 270.643 123.892 109.73 76.0341 339.342 277.063 367.905 277.071 20180622T113303.950722 20 1060
20180622T113303.962476 20 1060
20180622T113303.970410 20 1060
20180622T113303.982482 319.203 269.63 124.545 112.089 86.5656 339.425 277.225 367.905 277.071 20180622T113303.982482 20 1060
20180622T113303.990491 20 1060
20180622T113304.002418 20 1060
20180622T113304.014422 318.552 269.695 124.404 111.405 83.2878 339.614 277.068 367.944 277.167 20180622T113304.014422 20 1060
20180622T113304.023300 20 1060
20180622T113304.035255 20 1060
20180622T113304.043900 319.89 269.102 124.964 110.26 86.7456 339.78 276.986 368.299 276.957 20180622T113304.043900 20 1060
20180622T113304.687829 960 1060
20180622T113304.698429 960 1060
20180622T113304.706686 430.224 270.145 119.06 113.682 78.1768 403.472 277.611 431.068 277.171 20180622T113304.706686 960 1060
20180622T113304.718625 960 1060
20180622T113304.726437 960 1060
20180622T113304.738427 430.282 270.149 118.335 113.137 77.293 403.528 277.389 431.425 277.46 20180622T113304.738427 960 1060
20180622T113304.746472 960 1060
20180622T113304.758437 960 1060
20180622T113304.770422 430.357 270.125 118.209 112.72 76.7374 403.528 277.389 431.068 277.171 20180622T113304.770422 960 1060
20180622T113304.778434 960 1060
20180622T113304.790374 960 1060
20180622T113304.798398 430.257 270.086 118.003 112.299 77.8017 403.472 277.611 431.068 277.171 20180622T113304.798398 960 1060
20180622T113304.810464 960 1060
20180622T113304.818410 960 1060
20180622T113304.830364 430.455 270.194 117.659 112.392 79.6581 403.868 277.316 431.441 277.045 20180622T113304.830364 960 1060
20180622T113304.838431 960 1060
20180622T113304.850418 960 1060
20180622T113304.858412 430.59 270.005 117.985 111.997 76.6136 404 277.3 431.559 277.045 20180622T113304.858412 960 1060
20180622T113304.870467 960 1060
20180622T113304.878455 960 1060
20180622T113304.890417 430.793 269.919 117.809 111.747 75.9713 403.861 277.204 431.441 277.045 20180622T113304.890417 960 1060
20180622T113304.898480 960 1060
20180622T113304.910378 960 1060
20180622T113304.918382 430.556 269.707 117.85 111.411 74.4467 403.5 277 431.351 277 20180622T113304.918382 960 1060
20180622T113304.930432 960 1060
20180622T113304.938400 960 1060
20180622T113304.950370 430.413 269.817 117.561 111.629 76.0128 403.5 277 431.163 276.911 20180622T113304.950370 960 1060
20180622T113304.958960 960 1060
20180622T113304.970471 960 1060
20180622T113304.978462 430.763 269.541 118.128 111.503 77.5151 403.657 277.111 431.426 277.083 20180622T113304.978462 960 1060
20180622T113304.990416 960 1060
20180622T113304.998406 960 1060
20180622T113305.010464 430.605 269.4 118.309 111.68 75.2527 403.861 277.056 431.588 277.088 20180622T113305.010464 960 1060
20180622T113305.022646 960 1060
20180622T113305.030460 960 1060
20180622T113305.042459 430.787 269.281 118.464 111.287 74.7726 403.559 276.955 431.333 276.797 20180622T113305.042459 960 1060
20180622T113305.050734 960 1060
20180622T113305.062463 960 1060
20180622T113305.070449 430.436 269.325 118.194 111.645 77.6192 403.5 277 431.202 276.806 20180622T113305.070449 960 1060
20180622T113305.084717 960 1060
20180622T113305.091684 960 1060
20180622T113305.103579 430.357 269.308 118.247 111.563 76.5014 403.486 277.036 431.342 277.063 20180622T113305.103579 960 1060
20180622T113305.110987 960 1060
20180622T113305.122411 960 1060
20180622T113305.130401 430.326 269.346 118.289 112.028 77.7386 403.648 277.038 431.342 277.063 20180622T113305.130401 960 1060
20180622T113305.142435 960 1060
20180622T113305.150443 960 1060
20180622T113305.162408 430.26 268.981 118.408 111.992 79.3893 403.648 277.038 431.376 276.94 20180622T113305.162408 960 1060
20180622T113305.170435 960 1060
20180622T113305.182370 960 1060
20180622T113305.190541 430.405 268.94 118.838 111.396 77.0076 403.453 276.863 431.288 276.856 20180622T113305.190541 960 1060
20180622T113305.202737 960 1060
20180622T113305.210719 960 1060
20180622T113305.222724 430.367 268.945 118.953 112.11 77.365 403.308 276.675 431.114 276.667 20180622T113305.222724 960 1060
20180622T113305.230795 960 1060
20180622T113305.242413 960 1060
20180622T113305.250445 434.511 268.978 119.095 111.606 73.9253 405.193 276.702 433.114 276.724 20180622T113305.250445 960 1060
20180622T113305.262455 960 1060
20180622T113305.274422 960 1060
20180622T113305.282412 434.715 268.246 118.677 111.814 77.9504 406.056 276.287 433.524 276.352 20180622T113305.282412 960 1060
20180622T113305.294483 960 1060
20180622T113305.302444 960 1060
20180622T113305.314401 434.824 267.979 118.969 111.981 75.1199 405.905 275.929 433.932 275.983 20180622T113305.314401 960 1060
20180622T113305.322736 960 1060
20180622T113305.334447 960 1060
20180622T113305.342445 435.184 267.754 118.935 111.429 76.8304 406.284 275.843 434 275.85 20180622T113305.342445 960 1060
20180622T113305.354463 960 1060
20180622T113305.362713 960 1060
20180622T113305.375804 435.225 267.701 119.346 111.394 76.9894 406.207 275.82 433.932 275.829 20180622T113305.375804 960 1060
20180622T113305.383737 960 1060
20180622T113305.394396 960 1060
20180622T113305.402437 435.232 267.625 119.212 111.426 76.031 406.352 275.867 433.837 275.911 20180622T113305.402437 960 1060
20180622T113305.414439 960 1060
20180622T113305.422425 960 1060
20180622T113305.434390 435.255 267.663 119.164 111.303 77.6995 406.158 275.868 433.837 275.911 20180622T113305.434390 960 1060
20180622T113305.442394 960 1060
20180622T113305.454323 960 1060
20180622T113305.462259 434.883 267.163 118.599 112.301 75.6429 405.957 275.145 433.649 275 20180622T113305.462259 960 1060
20180622T113305.474297 960 1060
20180622T113305.482312 960 1060
20180622T113305.494280 -1 -1 118.599 112.301 75.6429 405.957 275.145 433.649 275 20180622T113305.494280 960 1060
20180622T113305.502326 960 1060
20180622T113305.514358 960 1060
20180622T113305.526841 -1 -1 118.599 112.301 75.6429 405.957 275.145 433.649 275 20180622T113305.526841 960 1060
20180622T113305.534344 960 1060
20180622T113305.546310 960 1060
20180622T113305.554787 -1 -1 118.599 112.301 75.6429 405.957 275.145 433.649 275 20180622T113305.554787 960 1060
20180622T113305.566681 960 1060
20180622T113305.574368 960 1060
20180622T113305.586337 -1 -1 118.599 112.301 75.6429 405.957 275.145 433.649 275 20180622T113305.586337 960 1060
20180622T113305.594378 960 1060
20180622T113305.606377 960 1060
20180622T113305.614380 -1 -1 118.599 112.301 75.6429 405.957 275.145 433.649 275 20180622T113305.614380 960 1060
20180622T113305.626393 960 1060
20180622T113305.634438 960 1060
20180622T113305.646398 430.776 259.434 125.071 113.269 78.2719 403.837 271.911 431.271 272.093 20180622T113305.646398 960 1060
20180622T113305.654466 960 1060
20180622T113305.666416 960 1060
20180622T113305.674471 314.314 269.021 370.364 288.34 23.9094 403.981 273.152 431.099 272.865 20180622T113305.674471 960 1060
20180622T113305.690875 960 1060
20180622T113305.694474 960 1060
20180622T113305.706428 402.247 264.014 171.57 137.289 3.10678 403.299 274.444 431.043 274.275 20180622T113305.706428 960 1060
20180622T113305.714424 960 1060
20180622T113305.726480 960 1060
20180622T113305.734468 430.583 264.999 119.66 112.702 77.157 403.231 274.871 431.095 274.605 20180622T113305.734468 960 1060
20180622T113305.746460 960 1060
20180622T113305.754451 960 1060
20180622T113305.766446 430.428 265.734 120.056 113.361 75.9963 403.15 275.15 430.77 275.215 20180622T113305.766446 960 1060
20180622T113305.778443 960 1060
20180622T113305.786454 960 1060
20180622T113305.798459 430.376 266.004 120.411 113.182 74.5623 403.12 275.573 430.791 275.477 20180622T113305.798459 960 1060
20180622T113305.806445 960 1060
20180622T113305.818402 960 1060
20180622T113305.826398 430.932 266.152 121.034 113.326 74.9875 403.837 275.911 431.243 275.853 20180622T113305.826398 960 1060
20180622T113305.838506 960 1060
20180622T113305.846457 960 1060
20180622T113305.858399 431.286 266.31 121.502 113.351 75.2787 404.095 275.929 431.387 275.919 20180622T113305.858399 960 1060
20180622T113305.867137 960 1060
20180622T113305.878400 960 1060
20180622T113305.886389 431.152 266.495 121.787 113.928 76.3427 404.042 276.201 431.5 276.328 20180622T113305.886389 960 1060
20180622T113305.898752 960 1060
20180622T113305.906537 960 1060
20180622T113305.918406 430.971 266.782 122.262 113.681 77.8514 403.864 276.395 431.362 276.412 20180622T113305.918406 960 1060
20180622T113305.927903 960 1060
20180622T113305.938958 960 1060
20180622T113305.947186 430.357 267.167 122.103 114.798 77.2061 403.521 276.75 431.115 276.654 20180622T113305.947186 960 1060
20180622T113305.959272 960 1060
20180622T113305.967249 960 1060
20180622T113305.979188 430.515 267.393 122.333 114.499 76.1246 403.461 276.945 431.301 276.778 20180622T113305.979188 960 1060
20180622T113305.987244 960 1060
20180622T113305.998398 960 1060
20180622T113306.006411 430.651 267.627 122.764 114.867 76.4094 403.306 277.194 431.357 276.756 20180622T113306.006411 960 1060
20180622T113306.018480 960 1060
20180622T113306.031105 960 1060
20180622T113306.039029 430.561 267.88 123.06 115.622 76.5755 403.453 276.922 431.436 276.942 20180622T113306.039029 960 1060
20180622T113306.050444 960 1060
20180622T113306.058420 960 1060
20180622T113306.070405 430.64 268.028 123.344 115.54 78.1511 403.52 277.339 431.198 277 20180622T113306.070405 960 1060
20180622T113306.078389 960 1060
20180622T113306.090390 960 1060
20180622T113306.098435 430.503 268.22 123.906 115.535 76.1925 403.769 277.113 431.109 277.212 20180622T113306.098435 960 1060
20180622T113306.110517 960 1060
20180622T113306.118407 960 1060
20180622T113306.130402 430.097 268.381 123.563 117.11 78.4124 403.43 277.412 430.864 277.558 20180622T113306.130402 960 1060
20180622T113306.138415 960 1060
20180622T113306.150404 960 1060
20180622T113306.158451 430.091 268.491 124.324 116.667 77.2678 403.297 277.667 430.784 277.716 20180622T113306.158451 960 1060
20180622T113306.170465 960 1060
20180622T113306.178400 960 1060
20180622T113307.059826 526.761 276.067 124.766 109.243 83.5248 457.704 281.308 486.452 281.919 20180622T113307.059826 1900 1060
20180622T113307.067390 1900 1060
20180622T113307.078384 1900 1060
20180622T113307.086381 526.856 276.053 124.819 109.23 84.3126 457.759 281.333 486.503 281.894 20180622T113307.086381 1900 1060
20180622T113307.098393 1900 1060
20180622T113307.106385 1900 1060
20180622T113307.118380 526.731 276.111 125.34 109.567 83.7468 457.893 281.357 486.667 281.694 20180622T113307.118380 1900 1060
20180622T113307.126389 1900 1060
20180622T113307.138904 1900 1060
20180622T113307.146381 526.769 276.166 125.363 109.548 84.2069 457.759 281.333 486.626 281.598 20180622T113307.146381 1900 1060
20180622T113307.158384 1900 1060
20180622T113307.166409 1900 1060
20180622T113307.178379 526.773 276.033 125.509 110.086 84.4213 457.626 281.395 486.518 281.518 20180622T113307.178379 1900 1060
20180622T113307.186430 1900 1060
20180622T113307.198449 1900 1060
20180622T113307.206454 526.617 276.031 125.664 110.182 84.3965 457.52 281.213 486.407 281.722 20180622T113307.206454 1900 1060
20180622T113307.219021 1900 1060
20180622T113307.226366 1900 1060
20180622T113307.238382 526.399 276.076 125.739 110.351 84.2878 457.279 281.136 486.27 281.748 20180622T113307.238382 1900 1060
20180622T113307.246420 1900 1060
20180622T113307.258432 1900 1060
20180622T113307.266367 526.411 275.918 125.982 110.485 84.6732 457.083 281.132 486.345 281.684 20180622T113307.266367 1900 1060
20180622T113307.278381 1900 1060
20180622T113307.290377 1900 1060
20180622T113307.298371 526.432 275.989 125.886 110.608 83.9214 457.433 281.142 486.357 281.591 20180622T113307.298371 1900 1060
20180622T113307.310397 1900 1060
20180622T113307.318371 1900 1060
20180622T113307.330378 526.517 275.92 125.88 110.911 83.9016 457.433 281.142 486.294 281.472 20180622T113307.330378 1900 1060
20180622T113307.339051 1900 1060
20180622T113307.350336 1900 1060
20180622T113307.358398 526.6 275.836 126.248 111.127 84.3769 457.6 281.06 486.558 281.479 20180622T113307.358398 1900 1060
20180622T113307.370383 1900 1060
20180622T113307.378363 1900 1060
20180622T113307.390337 526.653 275.742 126.59 111.18 84.5189 457.646 281.028 486.367 281.133 20180622T113307.390337 1900 1060
20180622T113307.398376 1900 1060
20180622T113307.410407 1900 1060
20180622T113307.418333 526.717 275.637 126.767 111.594 85.0137 457.454 280.879 486.68 281.373 20180622T113307.418333 1900 1060
20180622T113307.430420 1900 1060
20180622T113307.438374 1900 1060
20180622T113307.450332 526.845 275.566 126.67 111.936 84.7808 457.58 280.66 486.738 281.142 20180622T113307.450332 1900 1060
20180622T113307.458366 1900 1060
20180622T113307.470335 1900 1060
20180622T113307.478335 527.089 275.287 126.85 112.002 84.0992 457.828 280.569 486.915 280.965 20180622T113307.478335 1900 1060
20180622T113307.490445 1900 1060
20180622T113307.498372 1900 1060
20180622T113307.510327 527.485 275.414 127.161 112.026 84.3234 457.776 280.621 486.959 280.871 20180622T113307.510327 1900 1060
20180622T113307.518543 1900 1060
20180622T113307.530339 1900 1060
20180622T113307.542340 527.35 275.358 127.463 112.231 84.0936 457.69 280.462 486.907 280.84 20180622T113307.542340 1900 1060
20180622T113307.551377 1900 1060
20180622T113307.562371 1900 1060
20180622T113307.570321 527.222 275.25 127.744 112.42 83.921 457.586 280.391 486.863 280.643 20180622T113307.570321 1900 1060
20180622T113307.583639 1900 1060
20180622T113307.591356 1900 1060
20180622T113307.602999 527.181 275.058 127.921 112.707 84.845 457.552 280.253 486.772 280.5 20180622T113307.602999 1900 1060
20180622T113307.612053 1900 1060
20180622T113307.622958 1900 1060
20180622T113307.630904 527.22 275.082 128.15 112.737 84.1768 457.751 280.107 486.772 280.5 20180622T113307.630904 1900 1060
20180622T113307.643018 1900 1060
20180622T113307.650349 1900 1060
20180622T113307.662323 527.141 274.949 128.542 113.092 84.0991 457.593 280.123 486.772 280.5 20180622T113307.662323 1900 1060
20180622T113307.670407 1900 1060
20180622T113307.682389 1900 1060
20180622T113307.690394 527.092 274.862 128.575 113.373 83.9954 457.48 279.973 486.5 280.328 20180622T113307.690394 1900 1060
20180622T113307.702374 1900 1060
20180622T113307.710309 1900 1060
20180622T113307.722358 527.181 274.453 128.609 113.509 83.7332 457.562 279.32 486.588 279.853 20180622T113307.722358 1900 1060
20180622T113307.730406 1900 1060
20180622T113307.742400 1900 1060
20180622T113307.750317 527.132 274.225 128.907 113.65 83.3249 457.667 279.158 486.634 279.776 20180622T113307.750317 1900 1060
20180622T113307.762350 1900 1060
20180622T113307.770310 1900 1060
20180622T113307.782323 527.251 273.616 128.649 113.946 83.6349 457.62 278.96 486.816 279.316 20180622T113307.782323 1900 1060
20180622T113307.794412 1900 1060
20180622T113307.802369 1900 1060
20180622T113307.814359 527.429 273.516 128.702 113.658 83.0444 457.641 278.837 487.333 279.365 20180622T113307.814359 1900 1060
20180622T113307.822333 1900 1060
20180622T113307.835056 1900 1060
20180622T113307.843147 513.611 263.724 128.201 115.372 75.9496 451.091 274.065 479.448 274.295 20180622T113307.843147 1900 1060
20180622T113307.854940 1900 1060
20180622T113307.863087 1900 1060
20180622T113307.874996 517.206 264.527 128.685 114.057 80.2824 452.118 272.843 480.359 272.974 20180622T113307.874996 1900 1060
20180622T113307.884419 1900 1060
20180622T113307.895237 1900 1060
20180622T113307.903295 516.132 263.679 128.224 114.175 79.8785 452.118 272.843 480.108 272.979 20180622T113307.903295 1900 1060
20180622T113307.914936 1900 1060
20180622T113307.922318 1900 1060
20180622T113307.934347 515.96 263.736 128.23 114.191 80.4659 452.085 273.035 480.073 273.277 20180622T113307.934347 1900 1060
20180622T113307.942384 1900 1060
20180622T113307.954375 1900 1060
20180622T113307.962344 515.954 263.339 127.882 113.65 80.7841 451.454 272.879 480.036 272.815 20180622T113307.962344 1900 1060
20180622T113307.974331 1900 1060
20180622T113307.982304 1900 1060
20180622T113307.994371 515.935 263.227 127.699 113.683 80.582 451.454 272.879 479.776 272.621 20180622T113307.994371 1900 1060
20180622T113308.002876 1900 1060
20180622T113308.014376 1900 1060
20180622T113308.022353 515.676 262.899 127.492 113.456 80.4258 451.259 272.558 479.5 272.328 20180622T113308.022353 1900 1060
20180622T113308.034384 1900 1060
20180622T113308.046882 1900 1060
20180622T113308.054882 515.452 262.629 127.741 113.109 80.2613 451.184 272.475 479.586 272.391 20180622T113308.054882 1900 1060
20180622T113308.066981 1900 1060
20180622T113308.074533 1900 1060
20180622T113308.086389 515.408 262.122 127.392 113.077 79.7615 451.057 272.064 479.776 271.94 20180622T113308.086389 1900 1060
20180622T113308.094367 1900 1060
20180622T113308.106319 1900 1060
20180622T113308.114426 515.419 261.726 127.563 112.592 81.0707 451.19 271.503 479.776 271.65 20180622T113308.114426 1900 1060
20180622T113308.127189 1900 1060
20180622T113308.135350 1900 1060
20180622T113308.147402 515.414 260.489 127.047 112.465 80.268 451.259 270.558 479.768 270.395 20180622T113308.147402 1900 1060
20180622T113308.155787 1900 1060
20180622T113308.166638 1900 1060
20180622T113308.174519 515.546 259.646 126.778 112.062 80.9659 451.241 269.589 479.741 269.483 20180622T113308.174519 1900 1060
20180622T113308.186425 1900 1060
20180622T113308.194348 1900 1060
20180622T113308.206379 515.334 257.388 126.327 112.019 80.006 451.44 267.177 479.817 267.417 20180622T113308.206379 1900 1060
20180622T113308.214435 1900 1060
20180622T113308.226318 1900 1060
20180622T113308.234291 515.246 256.227 126.56 111.788 80.0809 451.103 266.282 479.833 266.378 20180622T113308.234291 1900 1060
20180622T113308.246353 1900 1060
20180622T113308.254346 1900 1060
20180622T113308.266350 515.372 254.425 125.831 111.373 80.775 451.5 264.5 480.041 264.405 20180622T113308.266350 1900 1060
20180622T113308.274304 1900 1060
20180622T113308.286310 1900 1060
20180622T113308.298329 516.433 254.161 127.069 110.672 79.6788 452.5 264.173 480.931 264.45 20180622T113308.298329 1900 1060
20180622T113308.306556 1900 1060
20180622T113308.318356 1900 1060
20180622T113308.326351 523.535 256.201 125.328 109.928 81.3837 456.915 264.965 485.549 264.82 20180622T113308.326351 1900 1060
20180622T113308.338334 1900 1060
20180622T113308.346310 1900 1060
20180622T113308.358346 524.687 256.195 125.633 109.706 82.954 457.728 264.481 486.5 264.5 20180622T113308.358346 1900 1060
20180622T113308.366857 1900 1060
20180622T113308.378312 1900 1060
20180622T113308.386363 525.128 258.192 125.724 109.877 82.4972 458.333 266.925 487.065 266.565 20180622T113308.386363 1900 1060
20180622T113308.398374 1900 1060
20180622T113308.406372 1900 1060
20180622T113308.418304 524.942 259.293 125.695 109.848 81.7783 458.374 267.605 486.747 267.726 20180622T113308.418304 1900 1060
20180622T113308.426933 1900 1060
20180622T113308.438503 1900 1060
20180622T113308.447311 524.141 259.095 126.019 109.945 82.1722 457.364 267.121 486.017 267.483 20180622T113308.447311 1900 1060
20180622T113308.459026 1900 1060
20180622T113308.467179 1900 1060
20180622T113308.479532 524.223 258.637 126.124 109.99 82.8921 457.636 267.053 486.311 267.232 20180622T113308.479532 1900 1060
20180622T113308.487624 1900 1060
20180622T113308.498842 1900 1060
20180622T113308.507319 527.981 259.986 126.057 109.639 83.9091 459.729 267.021 488.613 267.081 20180622T113308.507319 1900 1060
20180622T113308.518974 1900 1060
20180622T113308.526372 1900 1060
20180622T113308.538333 528.723 258.697 126.004 109.466 83.4767 460.442 265.521 489.37 265.709 20180622T113308.538333 1900 1060
20180622T113308.550316 1900 1060
