16140914092 20 20
16140914102 20 20
16140914110 20 20
16140914122 20 20
16140914134 20 20
16140914142 20 20
16140914155 20 20
16140914163 20 20
16140914175 20 20
16140914183 20 20
16140914195 20 20
16140914203 20 20
16140914215 20 20
16140914223 20 20
16140914235 20 20
16140914243 20 20
16140914255 20 20
16140914263 20 20
16140914275 20 20
16140914283 20 20
16140914295 20 20
16140914303 20 20
16140914315 20 20
16140914323 20 20
16140914335 20 20
16140914343 20 20
16140914356 20 20
16140914363 20 20
16140914376 20 20
16140914387 20 20
16140914395 20 20
16140914408 20 20
16140914415 20 20
16140914428 20 20
16140914435 20 20
16140914447 20 20
16140914455 20 20
16140914468 20 20
16140914475 20 20
16140914487 20 20
16140914495 20 20
16140914508 20 20
16140914515 20 20
16140914527 20 20
16140914535 20 20
16140914547 20 20
16140914555 20 20
16140914568 20 20
16140914575 20 20
16140914587 20 20
16140914595 20 20
16140914607 20 20
16140914615 20 20
16140914627 20 20
16140914639 20 20
16140914647 20 20
16140914659 20 20
16140914667 20 20
16140914679 20 20
16140914687 20 20
16140914699 20 20
16140914707 20 20
16140914719 20 20
16140914727 20 20
16140914739 20 20
16140914747 20 20
16140914759 20 20
16140914767 20 20
16140914779 20 20
16140914787 20 20
16140914799 20 20
16140914807 20 20
16140914819 20 20
16140914827 20 20
16140914839 20 20
16140914847 20 20
16140914860 20 20
16140914867 20 20
16140914879 20 20
16140914891 20 20
16140914899 20 20
16140914911 20 20
16140914919 20 20
16140914931 20 20
16140914939 20 20
16140914951 20 20
16140914959 20 20
16140914971 20 20
16140914979 20 20
16140914991 20 20
16140914999 20 20
16140915011 20 20
16140915019 20 20
16140915031 20 20
16140915039 20 20
16140915051 20 20
16140915059 20 20
16140915071 20 20
16140915079 20 20
16140915091 20 20
16140915099 20 20
16140915112 20 20
16140915119 20 20
16140915132 20 20
16140915143 20 20
16140915151 20 20
16140915163 20 20
16140915171 20 20
16140915183 20 20
16140915191 20 20
16140915204 20 20
16140915211 20 20
16140915223 20 20
16140915231 20 20
16140915243 20 20
16140915251 20 20
16140915263 20 20
16140915271 20 20
16140915283 20 20
16140915291 20 20
16140915303 20 20
16140915311 20 20
16140915323 20 20
16140915331 20 20
16140915344 20 20
16140915351 20 20
16140915363 20 20
16140915371 20 20
16140915383 20 20
16140915395 20 20
16140915403 20 20
16140915415 20 20
16140915423 20 20
16140915435 20 20
16140915443 20 20
16140915455 20 20
16140915463 20 20
16140915475 20 20
16140915483 20 20
16140915495 20 20
16140915503 20 20
16140915515 20 20
16140915523 20 20
16140915535 20 20
16140915543 20 20
16140915555 20 20
16140915563 20 20
16140915575 20 20
16140915583 20 20
16140916584 960 20
16140916591 960 20
16140916603 960 20
16140916611 960 20
16140916623 960 20
16140916631 960 20
16140916643 960 20
16140916655 960 20
16140916663 960 20
16140916675 960 20
16140916683 960 20
16140916696 960 20
16140916703 960 20
16140916715 960 20
16140916723 960 20
16140916735 960 20
16140916743 960 20
16140916755 960 20
16140916763 960 20
16140916775 960 20
16140916783 960 20
16140916795 960 20
16140916803 960 20
16140916815 960 20
16140916823 960 20
16140916835 960 20
16140916843 960 20
16140916855 960 20
16140916863 960 20
16140916875 960 20
16140916883 960 20
16140916895 960 20
16140916907 960 20
16140916915 960 20
16140916927 960 20
16140916935 960 20
16140916947 960 20
16140916955 960 20
16140916967 960 20
16140916975 960 20
16140916987 960 20
16140916995 960 20
16140917007 960 20
16140917015 960 20
16140917027 960 20
16140917035 960 20
16140917047 960 20
16140917055 960 20
16140917067 960 20
16140917075 960 20
16140917087 960 20
16140917095 960 20
16140917107 960 20
16140917115 960 20
16140917127 960 20
16140917135 960 20
16140917147 960 20
16140917159 960 20
16140917167 960 20
16140917179 960 20
16140917187 960 20
16140917199 960 20
16140917207 960 20
16140917219 960 20
16140917227 960 20
16140917239 960 20
16140917247 960 20
16140917259 960 20
16140917267 960 20
16140917279 960 20
16140917287 960 20
16140917299 960 20
16140917307 960 20
16140917319 960 20
16140917327 960 20
16140917339 960 20
16140917347 960 20
16140917359 960 20
16140917367 960 20
16140917379 960 20
16140917387 960 20
16140917399 960 20
16140917411 960 20
16140917419 960 20
16140917431 960 20
16140917439 960 20
16140917451 960 20
16140917459 960 20
16140917471 960 20
16140917479 960 20
16140917491 960 20
16140917499 960 20
16140917511 960 20
16140917519 960 20
16140917531 960 20
16140917539 960 20
16140917551 960 20
16140917559 960 20
16140917571 960 20
16140917579 960 20
16140917591 960 20
16140917599 960 20
16140917611 960 20
16140917619 960 20
16140917631 960 20
16140917639 960 20
16140917651 960 20
16140917663 960 20
16140917671 960 20
16140917683 960 20
16140917691 960 20
16140917703 960 20
16140917711 960 20
16140917723 960 20
16140917731 960 20
16140917743 960 20
16140917751 960 20
16140917763 960 20
16140917771 960 20
16140917783 960 20
16140917791 960 20
16140917803 960 20
16140917811 960 20
16140917823 960 20
16140917831 960 20
16140917843 960 20
16140917851 960 20
16140917863 960 20
16140917871 960 20
16140917883 960 20
16140917891 960 20
16140917903 960 20
16140917915 960 20
16140917923 960 20
16140917935 960 20
16140917943 960 20
16140917955 960 20
16140917963 960 20
16140917975 960 20
16140917983 960 20
16140917995 960 20
16140918003 960 20
16140918015 960 20
16140918023 960 20
16140918035 960 20
16140918043 960 20
16140918055 960 20
16140918063 960 20
16140918075 960 20
16140919083 1900 20
16140919092 1900 20
16140919104 1900 20
16140919111 1900 20
16140919123 1900 20
16140919131 1900 20
16140919143 1900 20
16140919151 1900 20
16140919163 1900 20
16140919175 1900 20
16140919183 1900 20
16140919195 1900 20
16140919203 1900 20
16140919215 1900 20
16140919223 1900 20
16140919235 1900 20
16140919243 1900 20
16140919255 1900 20
16140919263 1900 20
16140919275 1900 20
16140919283 1900 20
16140919295 1900 20
16140919303 1900 20
16140919315 1900 20
16140919323 1900 20
16140919335 1900 20
16140919343 1900 20
16140919355 1900 20
16140919363 1900 20
16140919375 1900 20
16140919383 1900 20
16140919395 1900 20
16140919403 1900 20
16140919415 1900 20
16140919427 1900 20
16140919435 1900 20
16140919447 1900 20
16140919455 1900 20
16140919467 1900 20
16140919475 1900 20
16140919487 1900 20
16140919495 1900 20
16140919507 1900 20
16140919515 1900 20
16140919527 1900 20
16140919535 1900 20
16140919547 1900 20
16140919555 1900 20
16140919567 1900 20
16140919575 1900 20
16140919587 1900 20
16140919595 1900 20
16140919607 1900 20
16140919615 1900 20
16140919627 1900 20
16140919635 1900 20
16140919647 1900 20
16140919655 1900 20
16140919667 1900 20
16140919679 1900 20
16140919687 1900 20
16140919699 1900 20
16140919707 1900 20
16140919719 1900 20
16140919727 1900 20
16140919739 1900 20
16140919747 1900 20
16140919759 1900 20
16140919767 1900 20
16140919779 1900 20
16140919787 1900 20
16140919799 1900 20
16140919807 1900 20
16140919819 1900 20
16140919827 1900 20
16140919839 1900 20
16140919847 1900 20
16140919859 1900 20
16140919867 1900 20
16140919879 1900 20
16140919887 1900 20
16140919899 1900 20
16140919907 1900 20
16140919919 1900 20
16140919931 1900 20
16140919939 1900 20
16140919951 1900 20
16140919959 1900 20
16140919971 1900 20
16140919979 1900 20
16140919991 1900 20
16140919999 1900 20
16140920011 1900 20
16140920019 1900 20
16140920031 1900 20
16140920039 1900 20
16140920051 1900 20
16140920059 1900 20
16140920071 1900 20
16140920079 1900 20
16140920091 1900 20
16140920099 1900 20
16140920111 1900 20
16140920119 1900 20
16140920131 1900 20
16140920139 1900 20
16140920151 1900 20
16140920159 1900 20
16140920171 1900 20
16140920183 1900 20
16140920191 1900 20
16140920203 1900 20
16140920211 1900 20
16140920223 1900 20
16140920231 1900 20
16140920243 1900 20
16140920251 1900 20
16140920263 1900 20
16140920271 1900 20
16140920283 1900 20
16140920291 1900 20
16140920303 1900 20
16140920311 1900 20
16140920323 1900 20
16140920331 1900 20
16140920343 1900 20
16140920351 1900 20
16140920363 1900 20
16140920371 1900 20
16140920383 1900 20
16140920391 1900 20
16140920403 1900 20
16140920411 1900 20
16140920423 1900 20
16140920435 1900 20
16140920443 1900 20
16140920455 1900 20
16140920463 1900 20
16140920475 1900 20
16140920483 1900 20
16140920495 1900 20
16140920503 1900 20
16140920515 1900 20
16140920523 1900 20
16140920535 1900 20
16140920543 1900 20
16140920555 1900 20
16140920563 1900 20
16140920575 1900 20
16140921716 1900 540
16140921723 1900 540
16140921735 1900 540
16140921743 1900 540
16140921755 1900 540
16140921763 1900 540
16140921775 1900 540
16140921783 1900 540
16140921795 1900 540
16140921803 1900 540
16140921815 1900 540
16140921823 1900 540
16140921835 1900 540
16140921843 1900 540
16140921855 1900 540
16140921863 1900 540
16140921875 1900 540
16140921883 1900 540
16140921895 1900 540
16140921903 1900 540
16140921915 1900 540
16140921923 1900 540
16140921935 1900 540
16140921947 1900 540
16140921955 1900 540
16140921967 1900 540
16140921975 1900 540
16140921987 1900 540
16140921995 1900 540
16140922007 1900 540
16140922015 1900 540
16140922027 1900 540
16140922035 1900 540
16140922047 1900 540
16140922055 1900 540
16140922067 1900 540
16140922075 1900 540
16140922087 1900 540
16140922095 1900 540
16140922107 1900 540
16140922115 1900 540
16140922127 1900 540
16140922135 1900 540
16140922147 1900 540
16140922155 1900 540
16140922167 1900 540
16140922175 1900 540
16140922187 1900 540
16140922199 1900 540
16140922207 1900 540
16140922219 1900 540
16140922227 1900 540
16140922239 1900 540
16140922247 1900 540
16140922259 1900 540
16140922267 1900 540
16140922279 1900 540
16140922287 1900 540
16140922299 1900 540
16140922307 1900 540
16140922319 1900 540
16140922327 1900 540
16140922339 1900 540
16140922347 1900 540
16140922359 1900 540
16140922367 1900 540
16140922379 1900 540
16140922387 1900 540
16140922399 1900 540
16140922407 1900 540
16140922419 1900 540
16140922427 1900 540
16140922439 1900 540
16140922451 1900 540
16140922459 1900 540
16140922471 1900 540
16140922479 1900 540
16140922491 1900 540
16140922499 1900 540
16140922511 1900 540
16140922519 1900 540
16140922531 1900 540
16140922539 1900 540
16140922551 1900 540
16140922559 1900 540
16140922571 1900 540
16140922579 1900 540
16140922591 1900 540
16140922599 1900 540
16140922611 1900 540
16140922619 1900 540
16140922631 1900 540
16140922639 1900 540
16140922651 1900 540
16140922659 1900 540
16140922671 1900 540
16140922679 1900 540
16140922691 1900 540
16140922703 1900 540
16140922711 1900 540
16140922723 1900 540
16140922731 1900 540
16140922743 1900 540
16140922751 1900 540
16140922763 1900 540
16140922771 1900 540
16140922783 1900 540
16140922791 1900 540
16140922803 1900 540
16140922811 1900 540
16140922823 1900 540
16140922831 1900 540
16140922843 1900 540
16140922851 1900 540
16140922863 1900 540
16140922871 1900 540
16140922883 1900 540
16140922891 1900 540
16140922903 1900 540
16140922911 1900 540
16140922923 1900 540
16140922931 1900 540
16140922943 1900 540
16140922955 1900 540
16140922963 1900 540
16140922975 1900 540
16140922983 1900 540
16140922995 1900 540
16140923003 1900 540
16140923015 1900 540
16140923023 1900 540
16140923035 1900 540
16140923043 1900 540
16140923055 1900 540
16140923063 1900 540
16140923075 1900 540
16140923083 1900 540
16140923095 1900 540
16140923103 1900 540
16140923115 1900 540
16140923123 1900 540
16140923135 1900 540
16140923143 1900 540
16140923155 1900 540
16140923163 1900 540
16140923175 1900 540
16140923183 1900 540
16140923195 1900 540
16140923207 1900 540
16140924235 950 540
16140924244 950 540
16140924255 950 540
16140924263 950 540
16140924275 950 540
16140924283 950 540
16140924295 950 540
16140924303 950 540
16140924315 950 540
16140924323 950 540
16140924335 950 540
16140924343 950 540
16140924355 950 540
16140924363 950 540
16140924375 950 540
16140924383 950 540
16140924395 950 540
16140924403 950 540
16140924415 950 540
16140924423 950 540
16140924435 950 540
16140924443 950 540
16140924455 950 540
16140924467 950 540
16140924475 950 540
16140924487 950 540
16140924495 950 540
16140924507 950 540
16140924515 950 540
16140924527 950 540
16140924535 950 540
16140924547 950 540
16140924555 950 540
16140924567 950 540
16140924575 950 540
16140924587 950 540
16140924595 950 540
16140924607 950 540
16140924615 950 540
16140924627 950 540
16140924635 950 540
16140924647 950 540
16140924655 950 540
16140924667 950 540
16140924675 950 540
16140924687 950 540
16140924695 950 540
16140924707 950 540
16140924719 950 540
16140924727 950 540
16140924739 950 540
16140924747 950 540
16140924759 950 540
16140924767 950 540
16140924779 950 540
16140924787 950 540
16140924799 950 540
16140924807 950 540
16140924819 950 540
16140924827 950 540
16140924839 950 540
16140924847 950 540
16140924859 950 540
16140924867 950 540
16140924879 950 540
16140924887 950 540
16140924899 950 540
16140924907 950 540
16140924919 950 540
16140924927 950 540
16140924939 950 540
16140924947 950 540
16140924959 950 540
16140924971 950 540
16140924979 950 540
16140924991 950 540
16140924999 950 540
16140925011 950 540
16140925019 950 540
16140925031 950 540
16140925039 950 540
16140925051 950 540
16140925059 950 540
16140925071 950 540
16140925079 950 540
16140925091 950 540
16140925099 950 540
16140925111 950 540
16140925119 950 540
16140925131 950 540
16140925139 950 540
16140925151 950 540
16140925159 950 540
16140925171 950 540
16140925179 950 540
16140925191 950 540
16140925199 950 540
16140925211 950 540
16140925223 950 540
16140925231 950 540
16140925243 950 540
16140925251 950 540
16140925263 950 540
16140925271 950 540
16140925283 950 540
16140925291 950 540
16140925303 950 540
16140925311 950 540
16140925323 950 540
16140925331 950 540
16140925343 950 540
16140925351 950 540
16140925363 950 540
16140925371 950 540
16140925383 950 540
16140925391 950 540
16140925403 950 540
16140925411 950 540
16140925423 950 540
16140925431 950 540
16140925443 950 540
16140925451 950 540
16140925463 950 540
16140925475 950 540
16140925483 950 540
16140925495 950 540
16140925503 950 540
16140925515 950 540
16140925523 950 540
16140925535 950 540
16140925543 950 540
16140925555 950 540
16140925563 950 540
16140925575 950 540
16140925583 950 540
16140925595 950 540
16140925603 950 540
16140925615 950 540
16140925623 950 540
16140925635 950 540
16140925643 950 540
16140925655 950 540
16140925663 950 540
16140925675 950 540
16140925683 950 540
16140925695 950 540
16140925703 950 540
16140925715 950 540
16140925727 950 540
16140926504 20 540
16140926511 20 540
16140926523 20 540
16140926531 20 540
16140926543 20 540
16140926551 20 540
16140926563 20 540
16140926571 20 540
16140926583 20 540
16140926591 20 540
16140926603 20 540
16140926611 20 540
16140926623 20 540
16140926631 20 540
16140926643 20 540
16140926651 20 540
16140926663 20 540
16140926671 20 540
16140926683 20 540
16140926691 20 540
16140926703 20 540
16140926711 20 540
16140926723 20 540
16140926735 20 540
16140926743 20 540
16140926755 20 540
16140926763 20 540
16140926775 20 540
16140926783 20 540
16140926795 20 540
16140926803 20 540
16140926815 20 540
16140926823 20 540
16140926835 20 540
16140926843 20 540
16140926855 20 540
16140926863 20 540
16140926875 20 540
16140926883 20 540
16140926895 20 540
16140926903 20 540
16140926915 20 540
16140926923 20 540
16140926935 20 540
16140926943 20 540
16140926955 20 540
16140926963 20 540
16140926975 20 540
16140926987 20 540
16140926995 20 540
16140927007 20 540
16140927015 20 540
16140927027 20 540
16140927035 20 540
16140927047 20 540
16140927055 20 540
16140927067 20 540
16140927075 20 540
16140927087 20 540
16140927095 20 540
16140927107 20 540
16140927115 20 540
16140927127 20 540
16140927135 20 540
16140927147 20 540
16140927155 20 540
16140927167 20 540
16140927175 20 540
16140927187 20 540
16140927195 20 540
16140927207 20 540
16140927215 20 540
16140927227 20 540
16140927239 20 540
16140927247 20 540
16140927259 20 540
16140927267 20 540
16140927279 20 540
16140927287 20 540
16140927299 20 540
16140927307 20 540
16140927319 20 540
16140927327 20 540
16140927339 20 540
16140927347 20 540
16140927359 20 540
16140927367 20 540
16140927379 20 540
16140927387 20 540
16140927399 20 540
16140927407 20 540
16140927419 20 540
16140927427 20 540
16140927439 20 540
16140927447 20 540
16140927459 20 540
16140927467 20 540
16140927479 20 540
16140927491 20 540
16140927499 20 540
16140927511 20 540
16140927519 20 540
16140927531 20 540
16140927539 20 540
16140927551 20 540
16140927559 20 540
16140927571 20 540
16140927579 20 540
16140927591 20 540
16140927599 20 540
16140927611 20 540
16140927619 20 540
16140927631 20 540
16140927639 20 540
16140927651 20 540
16140927659 20 540
16140927671 20 540
16140927679 20 540
16140927691 20 540
16140927699 20 540
16140927711 20 540
16140927719 20 540
16140927731 20 540
16140927743 20 540
16140927751 20 540
16140927763 20 540
16140927771 20 540
16140927783 20 540
16140927791 20 540
16140927803 20 540
16140927811 20 540
16140927823 20 540
16140927831 20 540
16140927843 20 540
16140927851 20 540
16140927863 20 540
16140927871 20 540
16140927883 20 540
16140927891 20 540
16140927903 20 540
16140927911 20 540
16140927923 20 540
16140927931 20 540
16140927943 20 540
16140927951 20 540
16140927963 20 540
16140927971 20 540
16140927983 20 540
16140927995 20 540
16140928708 20 1060
16140928720 20 1060
16140928727 20 1060
16140928739 20 1060
16140928751 20 1060
16140928759 20 1060
16140928771 20 1060
16140928779 20 1060
16140928791 20 1060
16140928799 20 1060
16140928811 20 1060
16140928819 20 1060
16140928831 20 1060
16140928839 20 1060
16140928851 20 1060
16140928859 20 1060
16140928871 20 1060
16140928879 20 1060
16140928891 20 1060
16140928899 20 1060
16140928911 20 1060
16140928919 20 1060
16140928931 20 1060
16140928939 20 1060
16140928951 20 1060
16140928959 20 1060
16140928971 20 1060
16140928979 20 1060
16140928991 20 1060
16140929003 20 1060
16140929011 20 1060
16140929023 20 1060
16140929031 20 1060
16140929043 20 1060
16140929051 20 1060
16140929063 20 1060
16140929071 20 1060
16140929083 20 1060
16140929091 20 1060
16140929103 20 1060
16140929111 20 1060
16140929123 20 1060
16140929131 20 1060
16140929143 20 1060
16140929151 20 1060
16140929163 20 1060
16140929171 20 1060
16140929183 20 1060
16140929191 20 1060
16140929203 20 1060
16140929211 20 1060
16140929223 20 1060
16140929231 20 1060
16140929243 20 1060
16140929255 20 1060
16140929263 20 1060
16140929275 20 1060
16140929283 20 1060
16140929295 20 1060
16140929303 20 1060
16140929315 20 1060
16140929323 20 1060
16140929335 20 1060
16140929343 20 1060
16140929355 20 1060
16140929363 20 1060
16140929375 20 1060
16140929383 20 1060
16140929395 20 1060
16140929403 20 1060
16140929415 20 1060
16140929423 20 1060
16140929435 20 1060
16140929443 20 1060
16140929455 20 1060
16140929463 20 1060
16140929475 20 1060
16140929483 20 1060
16140929495 20 1060
16140929507 20 1060
16140929515 20 1060
16140929527 20 1060
16140929535 20 1060
16140929547 20 1060
16140929555 20 1060
16140929567 20 1060
16140929575 20 1060
16140929587 20 1060
16140929595 20 1060
16140929607 20 1060
16140929615 20 1060
16140929627 20 1060
16140929635 20 1060
16140929647 20 1060
16140929655 20 1060
16140929667 20 1060
16140929675 20 1060
16140929687 20 1060
16140929695 20 1060
16140929707 20 1060
16140929715 20 1060
16140929727 20 1060
16140929735 20 1060
16140929747 20 1060
16140929759 20 1060
16140929767 20 1060
16140929779 20 1060
16140929787 20 1060
16140929799 20 1060
16140929807 20 1060
16140929819 20 1060
16140929827 20 1060
16140929839 20 1060
16140929847 20 1060
16140929859 20 1060
16140929867 20 1060
16140929879 20 1060
16140929887 20 1060
16140929899 20 1060
16140929907 20 1060
16140929919 20 1060
16140929927 20 1060
16140929939 20 1060
16140929947 20 1060
16140929959 20 1060
16140929967 20 1060
16140929979 20 1060
16140929987 20 1060
16140929999 20 1060
16140930011 20 1060
16140930019 20 1060
16140930031 20 1060
16140930039 20 1060
16140930051 20 1060
16140930059 20 1060
16140930071 20 1060
16140930079 20 1060
16140930091 20 1060
16140930099 20 1060
16140930111 20 1060
16140930119 20 1060
16140930131 20 1060
16140930139 20 1060
16140930151 20 1060
16140930159 20 1060
16140930171 20 1060
16140930179 20 1060
16140930191 20 1060
16140930199 20 1060
16140930875 950 1060
16140930888 950 1060
16140930895 950 1060
16140930907 950 1060
16140930915 950 1060
16140930927 950 1060
16140930935 950 1060
16140930947 950 1060
16140930955 950 1060
16140930967 950 1060
16140930975 950 1060
16140930987 950 1060
16140930995 950 1060
16140931007 950 1060
16140931019 950 1060
16140931027 950 1060
16140931039 950 1060
16140931047 950 1060
16140931059 950 1060
16140931067 950 1060
16140931079 950 1060
16140931087 950 1060
16140931099 950 1060
16140931107 950 1060
16140931119 950 1060
16140931127 950 1060
16140931139 950 1060
16140931147 950 1060
16140931159 950 1060
16140931167 950 1060
16140931179 950 1060
16140931187 950 1060
16140931199 950 1060
16140931207 950 1060
16140931219 950 1060
16140931227 950 1060
16140931239 950 1060
16140931247 950 1060
16140931259 950 1060
16140931271 950 1060
16140931279 950 1060
16140931291 950 1060
16140931299 950 1060
16140931311 950 1060
16140931319 950 1060
16140931331 950 1060
16140931339 950 1060
16140931351 950 1060
16140931359 950 1060
16140931371 950 1060
16140931379 950 1060
16140931391 950 1060
16140931399 950 1060
16140931411 950 1060
16140931419 950 1060
16140931431 950 1060
16140931439 950 1060
16140931451 950 1060
16140931459 950 1060
16140931471 950 1060
16140931479 950 1060
16140931491 950 1060
16140931499 950 1060
16140931511 950 1060
16140931523 950 1060
16140931531 950 1060
16140931543 950 1060
16140931551 950 1060
16140931563 950 1060
16140931571 950 1060
16140931583 950 1060
16140931591 950 1060
16140931603 950 1060
16140931611 950 1060
16140931623 950 1060
16140931631 950 1060
16140931643 950 1060
16140931651 950 1060
16140931663 950 1060
16140931671 950 1060
16140931683 950 1060
16140931691 950 1060
16140931703 950 1060
16140931711 950 1060
16140931723 950 1060
16140931731 950 1060
16140931743 950 1060
16140931751 950 1060
16140931763 950 1060
16140931775 950 1060
16140931783 950 1060
16140931795 950 1060
16140931803 950 1060
16140931815 950 1060
16140931823 950 1060
16140931835 950 1060
16140931843 950 1060
16140931855 950 1060
16140931863 950 1060
16140931875 950 1060
16140931883 950 1060
16140931895 950 1060
16140931903 950 1060
16140931915 950 1060
16140931923 950 1060
16140931935 950 1060
16140931943 950 1060
16140931955 950 1060
16140931963 950 1060
16140931975 950 1060
16140931983 950 1060
16140931995 950 1060
16140932003 950 1060
16140932015 950 1060
16140932027 950 1060
16140932035 950 1060
16140932047 950 1060
16140932055 950 1060
16140932067 950 1060
16140932075 950 1060
16140932087 950 1060
16140932095 950 1060
16140932107 950 1060
16140932115 950 1060
16140932127 950 1060
16140932135 950 1060
16140932147 950 1060
16140932155 950 1060
16140932167 950 1060
16140932175 950 1060
16140932187 950 1060
16140932195 950 1060
16140932207 950 1060
16140932215 950 1060
16140932227 950 1060
16140932235 950 1060
16140932247 950 1060
16140932255 950 1060
16140932267 950 1060
16140932279 950 1060
16140932287 950 1060
16140932299 950 1060
16140932307 950 1060
16140932319 950 1060
16140932327 950 1060
16140932339 950 1060
16140932347 950 1060
16140932359 950 1060
16140932367 950 1060
16140933156 1900 1060
16140933163 1900 1060
16140933175 1900 1060
16140933183 1900 1060
16140933195 1900 1060
16140933203 1900 1060
16140933215 1900 1060
16140933223 1900 1060
16140933235 1900 1060
16140933243 1900 1060
16140933255 1900 1060
16140933263 1900 1060
16140933275 1900 1060
16140933287 1900 1060
16140933295 1900 1060
16140933307 1900 1060
16140933315 1900 1060
16140933327 1900 1060
16140933335 1900 1060
16140933347 1900 1060
16140933355 1900 1060
16140933367 1900 1060
16140933375 1900 1060
16140933387 1900 1060
16140933395 1900 1060
16140933407 1900 1060
16140933415 1900 1060
16140933427 1900 1060
16140933435 1900 1060
16140933447 1900 1060
16140933455 1900 1060
16140933467 1900 1060
16140933475 1900 1060
16140933487 1900 1060
16140933495 1900 1060
16140933507 1900 1060
16140933515 1900 1060
16140933527 1900 1060
16140933539 1900 1060
16140933547 1900 1060
16140933559 1900 1060
16140933567 1900 1060
16140933579 1900 1060
16140933587 1900 1060
16140933599 1900 1060
16140933607 1900 1060
16140933619 1900 1060
16140933627 1900 1060
16140933639 1900 1060
16140933647 1900 1060
16140933659 1900 1060
16140933667 1900 1060
16140933679 1900 1060
16140933687 1900 1060
16140933699 1900 1060
16140933707 1900 1060
16140933719 1900 1060
16140933727 1900 1060
16140933739 1900 1060
16140933747 1900 1060
16140933759 1900 1060
16140933767 1900 1060
16140933779 1900 1060
16140933791 1900 1060
16140933799 1900 1060
16140933811 1900 1060
16140933819 1900 1060
16140933831 1900 1060
16140933839 1900 1060
16140933851 1900 1060
16140933859 1900 1060
16140933871 1900 1060
16140933879 1900 1060
16140933891 1900 1060
16140933899 1900 1060
16140933911 1900 1060
16140933919 1900 1060
16140933931 1900 1060
16140933939 1900 1060
16140933951 1900 1060
16140933959 1900 1060
16140933971 1900 1060
16140933979 1900 1060
16140933991 1900 1060
16140933999 1900 1060
16140934011 1900 1060
16140934019 1900 1060
16140934031 1900 1060
16140934043 1900 1060
16140934051 1900 1060
16140934063 1900 1060
16140934071 1900 1060
16140934083 1900 1060
16140934091 1900 1060
16140934103 1900 1060
16140934111 1900 1060
16140934123 1900 1060
16140934131 1900 1060
16140934143 1900 1060
16140934151 1900 1060
16140934163 1900 1060
16140934171 1900 1060
16140934183 1900 1060
16140934191 1900 1060
16140934203 1900 1060
16140934211 1900 1060
16140934223 1900 1060
16140934231 1900 1060
16140934243 1900 1060
16140934251 1900 1060
16140934263 1900 1060
16140934271 1900 1060
16140934283 1900 1060
16140934295 1900 1060
16140934303 1900 1060
16140934315 1900 1060
16140934323 1900 1060
16140934335 1900 1060
16140934343 1900 1060
16140934355 1900 1060
16140934363 1900 1060
16140934375 1900 1060
16140934383 1900 1060
16140934395 1900 1060
16140934403 1900 1060
16140934415 1900 1060
16140934423 1900 1060
16140934435 1900 1060
16140934443 1900 1060
16140934455 1900 1060
16140934463 1900 1060
16140934475 1900 1060
16140934483 1900 1060
16140934495 1900 1060
16140934503 1900 1060
16140934515 1900 1060
16140934523 1900 1060
16140934535 1900 1060
16140934547 1900 1060
16140934555 1900 1060
16140934567 1900 1060
16140934575 1900 1060
16140934587 1900 1060
16140934595 1900 1060
16140934607 1900 1060
16140934615 1900 1060
16140934627 1900 1060
16140934635 1900 1060
16140934647 1900 1060
