12111029706 20 20
12111029714 20 20
12111029722 20 20
12111029734 20 20
12111029742 20 20
12111029753 20 20
12111029761 20 20
12111029774 20 20
12111029782 20 20
12111029794 20 20
12111029802 20 20
12111029814 20 20
12111029822 20 20
12111029834 20 20
12111029842 20 20
12111029854 20 20
12111029863 20 20
12111029874 20 20
12111029882 20 20
12111029895 20 20
12111029906 20 20
12111029914 20 20
12111029927 20 20
12111029934 20 20
12111029946 20 20
12111029954 20 20
12111029966 20 20
12111029974 20 20
12111029986 20 20
12111029994 20 20
12111030006 20 20
12111030014 20 20
12111030026 20 20
12111030034 20 20
12111030046 20 20
12111030054 20 20
12111030066 20 20
12111030074 20 20
12111030086 20 20
12111030094 20 20
12111030106 20 20
12111030114 20 20
12111030126 20 20
12111030134 20 20
12111030146 20 20
12111030158 20 20
12111030166 20 20
12111030178 20 20
12111030186 20 20
12111030198 20 20
12111030206 20 20
12111030218 20 20
12111030227 20 20
12111030238 20 20
12111030246 20 20
12111030259 20 20
12111030266 20 20
12111030278 20 20
12111030286 20 20
12111030298 20 20
12111030306 20 20
12111030318 20 20
12111030326 20 20
12111030338 20 20
12111030347 20 20
12111030358 20 20
12111030366 20 20
12111030379 20 20
12111030386 20 20
12111030398 20 20
12111030410 20 20
12111030418 20 20
12111030431 20 20
12111030438 20 20
12111030450 20 20
12111030458 20 20
12111030470 20 20
12111030478 20 20
12111030490 20 20
12111030498 20 20
12111030510 20 20
12111030518 20 20
12111030531 20 20
12111030538 20 20
12111030550 20 20
12111030558 20 20
12111030570 20 20
12111030579 20 20
12111030590 20 20
12111030598 20 20
12111030611 20 20
12111030618 20 20
12111030630 20 20
12111030638 20 20
12111030650 20 20
12111030662 20 20
12111030670 20 20
12111030682 20 20
12111030690 20 20
12111030702 20 20
12111030710 20 20
12111030722 20 20
12111030730 20 20
12111030742 20 20
12111030750 20 20
12111030763 20 20
12111030770 20 20
12111030782 20 20
12111030790 20 20
12111030802 20 20
12111030811 20 20
12111030822 20 20
12111030830 20 20
12111030842 20 20
12111030850 20 20
12111030862 20 20
12111030870 20 20
12111030882 20 20
12111030890 20 20
12111030902 20 20
12111030914 20 20
12111030922 20 20
12111030934 20 20
12111030942 20 20
12111030954 20 20
12111030963 20 20
12111030974 20 20
12111030982 20 20
12111030995 20 20
12111031002 20 20
12111031014 20 20
12111031022 20 20
12111031034 20 20
12111031042 20 20
12111031054 20 20
12111031062 20 20
12111031074 20 20
12111031082 20 20
12111031094 20 20
12111031102 20 20
12111031114 20 20
12111031122 20 20
12111031134 20 20
12111031142 20 20
12111031154 20 20
12111031166 20 20
12111031174 20 20
12111031186 20 20
12111031195 20 20
12111031207 20 20
12111033846 960 20
12111033855 960 20
12111033866 960 20
12111033874 960 20
12111033886 960 20
12111033894 960 20
12111033906 960 20
12111033914 960 20
12111033927 960 20
12111033938 960 20
12111033946 960 20
12111033959 960 20
12111033966 960 20
12111033978 960 20
12111033986 960 20
12111033998 960 20
12111034006 960 20
12111034018 960 20
12111034027 960 20
12111034038 960 20
12111034046 960 20
12111034059 960 20
12111034066 960 20
12111034078 960 20
12111034086 960 20
12111034098 960 20
12111034106 960 20
12111034118 960 20
12111034126 960 20
12111034138 960 20
12111034146 960 20
12111034158 960 20
12111034166 960 20
12111034178 960 20
12111034190 960 20
12111034198 960 20
12111034211 960 20
12111034218 960 20
12111034230 960 20
12111034238 960 20
12111034250 960 20
12111034258 960 20
12111034270 960 20
12111034278 960 20
12111034290 960 20
12111034298 960 20
12111034310 960 20
12111034318 960 20
12111034330 960 20
12111034338 960 20
12111034350 960 20
12111034359 960 20
12111034370 960 20
12111034378 960 20
12111034390 960 20
12111034398 960 20
12111034411 960 20
12111034418 960 20
12111034430 960 20
12111034442 960 20
12111034450 960 20
12111034462 960 20
12111034470 960 20
12111034482 960 20
12111034490 960 20
12111034502 960 20
12111034510 960 20
12111034522 960 20
12111034530 960 20
12111034542 960 20
12111034550 960 20
12111034562 960 20
12111034570 960 20
12111034582 960 20
12111034590 960 20
12111034602 960 20
12111034610 960 20
12111034622 960 20
12111034630 960 20
12111034642 960 20
12111034650 960 20
12111034662 960 20
12111034670 960 20
12111034682 960 20
12111034694 960 20
12111034702 960 20
12111034714 960 20
12111034722 960 20
12111034734 960 20
12111034742 960 20
12111034754 960 20
12111034762 960 20
12111034774 960 20
12111034782 960 20
12111034794 960 20
12111034802 960 20
12111034814 960 20
12111034822 960 20
12111034834 960 20
12111034843 960 20
12111034854 960 20
12111034862 960 20
12111034874 960 20
12111034883 960 20
12111034894 960 20
12111034902 960 20
12111034914 960 20
12111034923 960 20
12111034934 960 20
12111034946 960 20
12111034954 960 20
12111034966 960 20
12111034974 960 20
12111034986 960 20
12111034994 960 20
12111035006 960 20
12111035014 960 20
12111035026 960 20
12111035034 960 20
12111035046 960 20
12111035054 960 20
12111035066 960 20
12111035074 960 20
12111035086 960 20
12111035094 960 20
12111035106 960 20
12111035114 960 20
12111035126 960 20
12111035134 960 20
12111035146 960 20
12111035154 960 20
12111035166 960 20
12111035174 960 20
12111035186 960 20
12111035198 960 20
12111035206 960 20
12111035218 960 20
12111035226 960 20
12111035238 960 20
12111035246 960 20
12111035258 960 20
12111035266 960 20
12111035279 960 20
12111035286 960 20
12111035298 960 20
12111035306 960 20
12111035318 960 20
12111035326 960 20
12111035338 960 20
12111037886 1900 20
12111037898 1900 20
12111037907 1900 20
12111037918 1900 20
12111037927 1900 20
12111037938 1900 20
12111037946 1900 20
12111037959 1900 20
12111037970 1900 20
12111037978 1900 20
12111037990 1900 20
12111037998 1900 20
12111038010 1900 20
12111038018 1900 20
12111038030 1900 20
12111038038 1900 20
12111038050 1900 20
12111038058 1900 20
12111038070 1900 20
12111038078 1900 20
12111038090 1900 20
12111038098 1900 20
12111038110 1900 20
12111038118 1900 20
12111038130 1900 20
12111038138 1900 20
12111038150 1900 20
12111038158 1900 20
12111038170 1900 20
12111038178 1900 20
12111038190 1900 20
12111038198 1900 20
12111038210 1900 20
12111038222 1900 20
12111038230 1900 20
12111038242 1900 20
12111038250 1900 20
12111038262 1900 20
12111038270 1900 20
12111038282 1900 20
12111038290 1900 20
12111038302 1900 20
12111038310 1900 20
12111038322 1900 20
12111038330 1900 20
12111038342 1900 20
12111038350 1900 20
12111038362 1900 20
12111038370 1900 20
12111038382 1900 20
12111038390 1900 20
12111038402 1900 20
12111038410 1900 20
12111038422 1900 20
12111038430 1900 20
12111038442 1900 20
12111038450 1900 20
12111038462 1900 20
12111038474 1900 20
12111038482 1900 20
12111038494 1900 20
12111038502 1900 20
12111038514 1900 20
12111038522 1900 20
12111038534 1900 20
12111038542 1900 20
12111038554 1900 20
12111038562 1900 20
12111038574 1900 20
12111038582 1900 20
12111038594 1900 20
12111038602 1900 20
12111038614 1900 20
12111038622 1900 20
12111038634 1900 20
12111038642 1900 20
12111038654 1900 20
12111038662 1900 20
12111038674 1900 20
12111038682 1900 20
12111038694 1900 20
12111038702 1900 20
12111038714 1900 20
12111038726 1900 20
12111038734 1900 20
12111038746 1900 20
12111038754 1900 20
12111038766 1900 20
12111038774 1900 20
12111038786 1900 20
12111038794 1900 20
12111038806 1900 20
12111038814 1900 20
12111038826 1900 20
12111038834 1900 20
12111038846 1900 20
12111038854 1900 20
12111038866 1900 20
12111038874 1900 20
12111038886 1900 20
12111038894 1900 20
12111038906 1900 20
12111038914 1900 20
12111038926 1900 20
12111038934 1900 20
12111038946 1900 20
12111038954 1900 20
12111038966 1900 20
12111038978 1900 20
12111038986 1900 20
12111038998 1900 20
12111039006 1900 20
12111039018 1900 20
12111039026 1900 20
12111039038 1900 20
12111039046 1900 20
12111039058 1900 20
12111039066 1900 20
12111039078 1900 20
12111039086 1900 20
12111039098 1900 20
12111039106 1900 20
12111039118 1900 20
12111039126 1900 20
12111039138 1900 20
12111039146 1900 20
12111039158 1900 20
12111039166 1900 20
12111039178 1900 20
12111039186 1900 20
12111039198 1900 20
12111039206 1900 20
12111039218 1900 20
12111039230 1900 20
12111039238 1900 20
12111039250 1900 20
12111039258 1900 20
12111039270 1900 20
12111039278 1900 20
12111039290 1900 20
12111039298 1900 20
12111039310 1900 20
12111039318 1900 20
12111039330 1900 20
12111039338 1900 20
12111039350 1900 20
12111039358 1900 20
12111039370 1900 20
12111039378 1900 20
12111041434 1900 540
12111041447 1900 540
12111041455 1900 540
12111041467 1900 540
12111041475 1900 540
12111041487 1900 540
12111041499 1900 540
12111041507 1900 540
12111041519 1900 540
12111041527 1900 540
12111041539 1900 540
12111041547 1900 540
12111041559 1900 540
12111041567 1900 540
12111041579 1900 540
12111041587 1900 540
12111041599 1900 540
12111041607 1900 540
12111041619 1900 540
12111041627 1900 540
12111041639 1900 540
12111041647 1900 540
12111041659 1900 540
12111041667 1900 540
12111041678 1900 540
12111041687 1900 540
12111041699 1900 540
12111041706 1900 540
12111041719 1900 540
12111041727 1900 540
12111041739 1900 540
12111041751 1900 540
12111041759 1900 540
12111041771 1900 540
12111041779 1900 540
12111041791 1900 540
12111041798 1900 540
12111041811 1900 540
12111041818 1900 540
12111041831 1900 540
12111041839 1900 540
12111041850 1900 540
12111041859 1900 540
12111041871 1900 540
12111041879 1900 540
12111041891 1900 540
12111041899 1900 540
12111041911 1900 540
12111041919 1900 540
12111041931 1900 540
12111041939 1900 540
12111041950 1900 540
12111041959 1900 540
12111041970 1900 540
12111041979 1900 540
12111041991 1900 540
12111042003 1900 540
12111042011 1900 540
12111042023 1900 540
12111042031 1900 540
12111042043 1900 540
12111042051 1900 540
12111042062 1900 540
12111042071 1900 540
12111042083 1900 540
12111042091 1900 540
12111042103 1900 540
12111042111 1900 540
12111042123 1900 540
12111042131 1900 540
12111042143 1900 540
12111042151 1900 540
12111042163 1900 540
12111042171 1900 540
12111042183 1900 540
12111042191 1900 540
12111042203 1900 540
12111042211 1900 540
12111042223 1900 540
12111042231 1900 540
12111042243 1900 540
12111042255 1900 540
12111042263 1900 540
12111042275 1900 540
12111042282 1900 540
12111042295 1900 540
12111042303 1900 540
12111042315 1900 540
12111042322 1900 540
12111042335 1900 540
12111042343 1900 540
12111042355 1900 540
12111042363 1900 540
12111042375 1900 540
12111042383 1900 540
12111042395 1900 540
12111042403 1900 540
12111042415 1900 540
12111042423 1900 540
12111042435 1900 540
12111042443 1900 540
12111042455 1900 540
12111042462 1900 540
12111042475 1900 540
12111042483 1900 540
12111042495 1900 540
12111042507 1900 540
12111042515 1900 540
12111042527 1900 540
12111042535 1900 540
12111042547 1900 540
12111042555 1900 540
12111042567 1900 540
12111042575 1900 540
12111042587 1900 540
12111042595 1900 540
12111042607 1900 540
12111042615 1900 540
12111042627 1900 540
12111042634 1900 540
12111042647 1900 540
12111042655 1900 540
12111042667 1900 540
12111042675 1900 540
12111042687 1900 540
12111042694 1900 540
12111042707 1900 540
12111042715 1900 540
12111042726 1900 540
12111042734 1900 540
12111042747 1900 540
12111042759 1900 540
12111042767 1900 540
12111042779 1900 540
12111042787 1900 540
12111042799 1900 540
12111042807 1900 540
12111042819 1900 540
12111042827 1900 540
12111042838 1900 540
12111042847 1900 540
12111042859 1900 540
12111042867 1900 540
12111042879 1900 540
12111042887 1900 540
12111042899 1900 540
12111042907 1900 540
12111042919 1900 540
12111042927 1900 540
12111045227 950 540
12111045234 950 540
12111045247 950 540
12111045253 950 540
12111045265 950 540
12111045277 950 540
12111045285 950 540
12111045297 950 540
12111045305 950 540
12111045318 950 540
12111045327 950 540
12111045338 950 540
12111045346 950 540
12111045358 950 540
12111045366 950 540
12111045378 950 540
12111045386 950 540
12111045398 950 540
12111045406 950 540
12111045418 950 540
12111045426 950 540
12111045438 950 540
12111045446 950 540
12111045458 950 540
12111045466 950 540
12111045478 950 540
12111045486 950 540
12111045498 950 540
12111045506 950 540
12111045518 950 540
12111045530 950 540
12111045538 950 540
12111045550 950 540
12111045558 950 540
12111045570 950 540
12111045578 950 540
12111045590 950 540
12111045598 950 540
12111045610 950 540
12111045618 950 540
12111045630 950 540
12111045638 950 540
12111045650 950 540
12111045658 950 540
12111045670 950 540
12111045678 950 540
12111045690 950 540
12111045698 950 540
12111045710 950 540
12111045718 950 540
12111045730 950 540
12111045738 950 540
12111045750 950 540
12111045758 950 540
12111045770 950 540
12111045782 950 540
12111045790 950 540
12111045802 950 540
12111045810 950 540
12111045822 950 540
12111045830 950 540
12111045842 950 540
12111045850 950 540
12111045862 950 540
12111045870 950 540
12111045882 950 540
12111045890 950 540
12111045902 950 540
12111045910 950 540
12111045922 950 540
12111045930 950 540
12111045942 950 540
12111045950 950 540
12111045962 950 540
12111045970 950 540
12111045982 950 540
12111045990 950 540
12111046002 950 540
12111046010 950 540
12111046022 950 540
12111046034 950 540
12111046042 950 540
12111046054 950 540
12111046062 950 540
12111046074 950 540
12111046082 950 540
12111046094 950 540
12111046102 950 540
12111046114 950 540
12111046122 950 540
12111046134 950 540
12111046142 950 540
12111046154 950 540
12111046162 950 540
12111046174 950 540
12111046182 950 540
12111046194 950 540
12111046202 950 540
12111046214 950 540
12111046222 950 540
12111046234 950 540
12111046242 950 540
12111046254 950 540
12111046262 950 540
12111046274 950 540
12111046286 950 540
12111046294 950 540
12111046306 950 540
12111046314 950 540
12111046326 950 540
12111046334 950 540
12111046346 950 540
12111046354 950 540
12111046366 950 540
12111046374 950 540
12111046386 950 540
12111046394 950 540
12111046406 950 540
12111046414 950 540
12111046426 950 540
12111046434 950 540
12111046446 950 540
12111046454 950 540
12111046466 950 540
12111046474 950 540
12111046486 950 540
12111046494 950 540
12111046506 950 540
12111046514 950 540
12111046526 950 540
12111046538 950 540
12111046546 950 540
12111046558 950 540
12111046566 950 540
12111046578 950 540
12111046586 950 540
12111046598 950 540
12111046606 950 540
12111046618 950 540
12111046626 950 540
12111046638 950 540
12111046646 950 540
12111046658 950 540
12111046666 950 540
12111046678 950 540
12111046686 950 540
12111046698 950 540
12111046706 950 540
12111046718 950 540
12111048530 20 540
12111048543 20 540
12111048554 20 540
12111048562 20 540
12111048574 20 540
12111048582 20 540
12111048594 20 540
12111048602 20 540
12111048614 20 540
12111048622 20 540
12111048634 20 540
12111048642 20 540
12111048654 20 540
12111048662 20 540
12111048674 20 540
12111048682 20 540
12111048694 20 540
12111048702 20 540
12111048714 20 540
12111048722 20 540
12111048734 20 540
12111048742 20 540
12111048754 20 540
12111048762 20 540
12111048774 20 540
12111048782 20 540
12111048794 20 540
12111048806 20 540
12111048814 20 540
12111048826 20 540
12111048834 20 540
12111048846 20 540
12111048854 20 540
12111048866 20 540
12111048874 20 540
12111048886 20 540
12111048894 20 540
12111048906 20 540
12111048914 20 540
12111048926 20 540
12111048934 20 540
12111048946 20 540
12111048954 20 540
12111048966 20 540
12111048974 20 540
12111048986 20 540
12111048994 20 540
12111049006 20 540
12111049014 20 540
12111049026 20 540
12111049034 20 540
12111049046 20 540
12111049058 20 540
12111049066 20 540
12111049078 20 540
12111049086 20 540
12111049098 20 540
12111049106 20 540
12111049118 20 540
12111049126 20 540
12111049138 20 540
12111049146 20 540
12111049158 20 540
12111049166 20 540
12111049178 20 540
12111049186 20 540
12111049198 20 540
12111049206 20 540
12111049218 20 540
12111049226 20 540
12111049238 20 540
12111049246 20 540
12111049258 20 540
12111049266 20 540
12111049278 20 540
12111049286 20 540
12111049298 20 540
12111049310 20 540
12111049318 20 540
12111049330 20 540
12111049338 20 540
12111049350 20 540
12111049358 20 540
12111049370 20 540
12111049378 20 540
12111049390 20 540
12111049398 20 540
12111049410 20 540
12111049418 20 540
12111049430 20 540
12111049438 20 540
12111049450 20 540
12111049458 20 540
12111049470 20 540
12111049478 20 540
12111049490 20 540
12111049498 20 540
12111049510 20 540
12111049518 20 540
12111049530 20 540
12111049538 20 540
12111049550 20 540
12111049562 20 540
12111049570 20 540
12111049582 20 540
12111049590 20 540
12111049602 20 540
12111049610 20 540
12111049622 20 540
12111049630 20 540
12111049642 20 540
12111049650 20 540
12111049662 20 540
12111049670 20 540
12111049682 20 540
12111049690 20 540
12111049702 20 540
12111049710 20 540
12111049722 20 540
12111049730 20 540
12111049742 20 540
12111049750 20 540
12111049762 20 540
12111049770 20 540
12111049782 20 540
12111049790 20 540
12111049802 20 540
12111049814 20 540
12111049822 20 540
12111049834 20 540
12111049842 20 540
12111049854 20 540
12111049862 20 540
12111049874 20 540
12111049882 20 540
12111049894 20 540
12111049902 20 540
12111049914 20 540
12111049922 20 540
12111049934 20 540
12111049942 20 540
12111049954 20 540
12111049962 20 540
12111049974 20 540
12111049982 20 540
12111049994 20 540
12111050002 20 540
12111050014 20 540
12111050022 20 540
12111051806 20 1060
12111051818 20 1060
12111051830 20 1060
12111051838 20 1060
12111051850 20 1060
12111051858 20 1060
12111051870 20 1060
12111051879 20 1060
12111051890 20 1060
12111051898 20 1060
12111051910 20 1060
12111051918 20 1060
12111051930 20 1060
12111051938 20 1060
12111051950 20 1060
12111051959 20 1060
12111051970 20 1060
12111051978 20 1060
12111051990 20 1060
12111051998 20 1060
12111052010 20 1060
12111052019 20 1060
12111052030 20 1060
12111052038 20 1060
12111052050 20 1060
12111052058 20 1060
12111052070 20 1060
12111052082 20 1060
12111052090 20 1060
12111052102 20 1060
12111052111 20 1060
12111052122 20 1060
12111052130 20 1060
12111052143 20 1060
12111052150 20 1060
12111052162 20 1060
12111052170 20 1060
12111052182 20 1060
12111052190 20 1060
12111052202 20 1060
12111052210 20 1060
12111052222 20 1060
12111052230 20 1060
12111052242 20 1060
12111052250 20 1060
12111052263 20 1060
12111052270 20 1060
12111052282 20 1060
12111052291 20 1060
12111052302 20 1060
12111052310 20 1060
12111052322 20 1060
12111052334 20 1060
12111052343 20 1060
12111052354 20 1060
12111052362 20 1060
12111052375 20 1060
12111052382 20 1060
12111052394 20 1060
12111052402 20 1060
12111052414 20 1060
12111052422 20 1060
12111052435 20 1060
12111052442 20 1060
12111052454 20 1060
12111052463 20 1060
12111052474 20 1060
12111052482 20 1060
12111052495 20 1060
12111052502 20 1060
12111052514 20 1060
12111052522 20 1060
12111052534 20 1060
12111052542 20 1060
12111052554 20 1060
12111052562 20 1060
12111052574 20 1060
12111052586 20 1060
12111052594 20 1060
12111052606 20 1060
12111052614 20 1060
12111052626 20 1060
12111052634 20 1060
12111052646 20 1060
12111052654 20 1060
12111052666 20 1060
12111052675 20 1060
12111052686 20 1060
12111052694 20 1060
12111052706 20 1060
12111052714 20 1060
12111052727 20 1060
12111052734 20 1060
12111052746 20 1060
12111052754 20 1060
12111052766 20 1060
12111052774 20 1060
12111052786 20 1060
12111052795 20 1060
12111052806 20 1060
12111052814 20 1060
12111052826 20 1060
12111052838 20 1060
12111052846 20 1060
12111052858 20 1060
12111052866 20 1060
12111052879 20 1060
12111052886 20 1060
12111052898 20 1060
12111052906 20 1060
12111052918 20 1060
12111052926 20 1060
12111052938 20 1060
12111052946 20 1060
12111052958 20 1060
12111052966 20 1060
12111052978 20 1060
12111052986 20 1060
12111052998 20 1060
12111053006 20 1060
12111053018 20 1060
12111053026 20 1060
12111053038 20 1060
12111053047 20 1060
12111053058 20 1060
12111053066 20 1060
12111053079 20 1060
12111053090 20 1060
12111053099 20 1060
12111053111 20 1060
12111053118 20 1060
12111053130 20 1060
12111053138 20 1060
12111053150 20 1060
12111053158 20 1060
12111053170 20 1060
12111053178 20 1060
12111053191 20 1060
12111053198 20 1060
12111053210 20 1060
12111053218 20 1060
12111053230 20 1060
12111053238 20 1060
12111053250 20 1060
12111053259 20 1060
12111053270 20 1060
12111053278 20 1060
12111053290 20 1060
12111053298 20 1060
12111055054 950 1060
12111055063 950 1060
12111055075 950 1060
12111055082 950 1060
12111055095 950 1060
12111055106 950 1060
12111055114 950 1060
12111055127 950 1060
12111055134 950 1060
12111055146 950 1060
12111055154 950 1060
12111055166 950 1060
12111055175 950 1060
12111055186 950 1060
12111055194 950 1060
12111055206 950 1060
12111055214 950 1060
12111055226 950 1060
12111055234 950 1060
12111055246 950 1060
12111055254 950 1060
12111055266 950 1060
12111055275 950 1060
12111055286 950 1060
12111055294 950 1060
12111055306 950 1060
12111055314 950 1060
12111055327 950 1060
12111055334 950 1060
12111055346 950 1060
12111055359 950 1060
12111055366 950 1060
12111055378 950 1060
12111055386 950 1060
12111055398 950 1060
12111055406 950 1060
12111055418 950 1060
12111055427 950 1060
12111055438 950 1060
12111055446 950 1060
12111055458 950 1060
12111055466 950 1060
12111055479 950 1060
12111055486 950 1060
12111055498 950 1060
12111055506 950 1060
12111055518 950 1060
12111055526 950 1060
12111055538 950 1060
12111055546 950 1060
12111055558 950 1060
12111055566 950 1060
12111055578 950 1060
12111055586 950 1060
12111055598 950 1060
12111055610 950 1060
12111055618 950 1060
12111055630 950 1060
12111055638 950 1060
12111055650 950 1060
12111055659 950 1060
12111055670 950 1060
12111055678 950 1060
12111055690 950 1060
12111055698 950 1060
12111055711 950 1060
12111055718 950 1060
12111055730 950 1060
12111055738 950 1060
12111055750 950 1060
12111055758 950 1060
12111055770 950 1060
12111055779 950 1060
12111055790 950 1060
12111055798 950 1060
12111055811 950 1060
12111055818 950 1060
12111055830 950 1060
12111055838 950 1060
12111055850 950 1060
12111055863 950 1060
12111055870 950 1060
12111055882 950 1060
12111055890 950 1060
12111055902 950 1060
12111055910 950 1060
12111055922 950 1060
12111055930 950 1060
12111055942 950 1060
12111055950 950 1060
12111055962 950 1060
12111055970 950 1060
12111055982 950 1060
12111055990 950 1060
12111056002 950 1060
12111056011 950 1060
12111056022 950 1060
12111056030 950 1060
12111056043 950 1060
12111056050 950 1060
12111056062 950 1060
12111056070 950 1060
12111056082 950 1060
12111056090 950 1060
12111056102 950 1060
12111056114 950 1060
12111056122 950 1060
12111056134 950 1060
12111056142 950 1060
12111056154 950 1060
12111056163 950 1060
12111056174 950 1060
12111056182 950 1060
12111056194 950 1060
12111056202 950 1060
12111056214 950 1060
12111056222 950 1060
12111056234 950 1060
12111056243 950 1060
12111056254 950 1060
12111056262 950 1060
12111056274 950 1060
12111056282 950 1060
12111056294 950 1060
12111056302 950 1060
12111056314 950 1060
12111056322 950 1060
12111056334 950 1060
12111056342 950 1060
12111056354 950 1060
12111056366 950 1060
12111056374 950 1060
12111056386 950 1060
12111056395 950 1060
12111056406 950 1060
12111056414 950 1060
12111056426 950 1060
12111056434 950 1060
12111056446 950 1060
12111056454 950 1060
12111056466 950 1060
12111056474 950 1060
12111056486 950 1060
12111056494 950 1060
12111056506 950 1060
12111056514 950 1060
12111056526 950 1060
12111056534 950 1060
12111056546 950 1060
12111058862 1900 1060
12111058875 1900 1060
12111058886 1900 1060
12111058894 1900 1060
12111058906 1900 1060
12111058914 1900 1060
12111058926 1900 1060
12111058934 1900 1060
12111058946 1900 1060
12111058954 1900 1060
12111058966 1900 1060
12111058975 1900 1060
12111058986 1900 1060
12111058994 1900 1060
12111059006 1900 1060
12111059014 1900 1060
12111059026 1900 1060
12111059034 1900 1060
12111059046 1900 1060
12111059054 1900 1060
12111059066 1900 1060
12111059074 1900 1060
12111059086 1900 1060
12111059094 1900 1060
12111059106 1900 1060
12111059114 1900 1060
12111059127 1900 1060
12111059138 1900 1060
12111059146 1900 1060
12111059158 1900 1060
12111059166 1900 1060
12111059178 1900 1060
12111059186 1900 1060
12111059198 1900 1060
12111059206 1900 1060
12111059218 1900 1060
12111059226 1900 1060
12111059238 1900 1060
12111059246 1900 1060
12111059258 1900 1060
12111059266 1900 1060
12111059278 1900 1060
12111059286 1900 1060
12111059298 1900 1060
12111059306 1900 1060
12111059318 1900 1060
12111059326 1900 1060
12111059338 1900 1060
12111059346 1900 1060
12111059358 1900 1060
12111059366 1900 1060
12111059378 1900 1060
12111059390 1900 1060
12111059398 1900 1060
12111059410 1900 1060
12111059418 1900 1060
12111059430 1900 1060
12111059438 1900 1060
12111059450 1900 1060
12111059458 1900 1060
12111059470 1900 1060
12111059478 1900 1060
12111059490 1900 1060
12111059498 1900 1060
12111059511 1900 1060
12111059518 1900 1060
12111059530 1900 1060
12111059538 1900 1060
12111059550 1900 1060
12111059558 1900 1060
12111059570 1900 1060
12111059578 1900 1060
12111059590 1900 1060
12111059598 1900 1060
12111059610 1900 1060
12111059618 1900 1060
12111059630 1900 1060
12111059642 1900 1060
12111059650 1900 1060
12111059662 1900 1060
12111059670 1900 1060
12111059682 1900 1060
12111059690 1900 1060
12111059702 1900 1060
12111059710 1900 1060
12111059722 1900 1060
12111059730 1900 1060
12111059742 1900 1060
12111059750 1900 1060
12111059762 1900 1060
12111059770 1900 1060
12111059782 1900 1060
12111059790 1900 1060
12111059802 1900 1060
12111059810 1900 1060
12111059822 1900 1060
12111059830 1900 1060
12111059842 1900 1060
12111059850 1900 1060
12111059862 1900 1060
12111059870 1900 1060
12111059882 1900 1060
12111059894 1900 1060
12111059902 1900 1060
12111059914 1900 1060
12111059922 1900 1060
12111059934 1900 1060
12111059942 1900 1060
12111059954 1900 1060
12111059962 1900 1060
12111059974 1900 1060
12111059982 1900 1060
12111059995 1900 1060
12111100002 1900 1060
12111100014 1900 1060
12111100022 1900 1060
12111100034 1900 1060
12111100042 1900 1060
12111100054 1900 1060
12111100062 1900 1060
12111100074 1900 1060
12111100082 1900 1060
12111100095 1900 1060
12111100102 1900 1060
12111100114 1900 1060
12111100122 1900 1060
12111100134 1900 1060
12111100146 1900 1060
12111100154 1900 1060
12111100166 1900 1060
12111100175 1900 1060
12111100186 1900 1060
12111100194 1900 1060
12111100206 1900 1060
12111100214 1900 1060
12111100226 1900 1060
12111100234 1900 1060
12111100246 1900 1060
12111100254 1900 1060
12111100266 1900 1060
12111100274 1900 1060
12111100286 1900 1060
12111100294 1900 1060
12111100306 1900 1060
12111100314 1900 1060
12111100327 1900 1060
12111100334 1900 1060
12111100346 1900 1060
12111100354 1900 1060
