20180512T191049.046519 20 20
20180512T191049.053245 20 20
20180512T191049.063613 181.055 156.557 95.5455 74.9614 122.861 216.389 193.589 226.762 212.476 20180512T191049.063613 20 20
20180512T191049.075695 20 20
20180512T191049.083594 20 20
20180512T191049.095627 180.883 156.656 95.5387 75.0633 123.436 216.226 193.827 226.333 212.5 20180512T191049.095627 20 20
20180512T191049.103620 20 20
20180512T191049.116730 20 20
20180512T191049.123570 180.451 157.006 95.7387 75.2743 122.409 215.816 194.287 226.381 211.81 20180512T191049.123570 20 20
20180512T191049.135605 20 20
20180512T191049.143577 20 20
20180512T191049.155518 179.857 157.178 96.1797 75.5683 122.826 215.226 194.337 225.667 211.389 20180512T191049.155518 20 20
20180512T191049.163632 20 20
20180512T191049.175532 20 20
20180512T191049.183518 179.821 157.108 96.4579 75.6851 122.74 215.166 194.362 225.675 211.585 20180512T191049.183518 20 20
20180512T191049.195561 20 20
20180512T191049.203536 20 20
20180512T191049.215504 180.056 156.599 96.9814 76.0994 122.561 215.157 193.651 226 211.75 20180512T191049.215504 20 20
20180512T191049.224513 20 20
20180512T191049.235666 20 20
20180512T191049.243662 179.924 156.681 97.483 76.4515 122.392 215.154 193.907 225.923 211.885 20180512T191049.243662 20 20
20180512T191049.255683 20 20
20180512T191049.263631 20 20
20180512T191049.275516 179.553 156.961 97.8325 76.6064 122.432 214.849 194.221 225.111 211.343 20180512T191049.275516 20 20
20180512T191049.283633 20 20
20180512T191049.295599 20 20
20180512T191049.303667 179.169 157.058 98.2155 76.9093 123.485 214.562 194.208 225 211.5 20180512T191049.303667 20 20
20180512T191049.315555 20 20
20180512T191049.327526 20 20
20180512T191049.335514 178.893 157.352 98.1537 76.9822 123.231 214.29 194.431 224.605 212.111 20180512T191049.335514 20 20
20180512T191049.348365 20 20
20180512T191049.355645 20 20
20180512T191049.367514 178.585 157.334 98.5909 77.0701 123.523 214.098 194.462 224.608 212 20180512T191049.367514 20 20
20180512T191049.375623 20 20
20180512T191049.387596 20 20
20180512T191049.395643 178.697 157.496 98.6783 77.1449 123.533 214.251 194.531 224.851 212.425 20180512T191049.395643 20 20
20180512T191049.407644 20 20
20180512T191049.415625 20 20
20180512T191049.427515 178.912 157.584 98.7477 77.4528 123.882 214.456 194.519 224.656 212.333 20180512T191049.427515 20 20
20180512T191049.436502 20 20
20180512T191049.447728 20 20
20180512T191049.455604 179.104 157.524 99.1563 77.5952 123.754 214.537 194.451 225 212.196 20180512T191049.455604 20 20
20180512T191049.467530 20 20
20180512T191049.475518 20 20
20180512T191049.487498 178.888 157.664 99.3222 77.6634 123.569 214.475 194.469 224.719 212.271 20180512T191049.487498 20 20
20180512T191049.495705 20 20
20180512T191049.507513 20 20
20180512T191049.515492 178.719 157.542 99.4898 77.499 123.701 214.505 194.432 224.946 211.946 20180512T191049.515492 20 20
20180512T191049.527603 20 20
20180512T191049.535662 20 20
20180512T191049.547485 178.916 157.478 99.5486 77.7857 123.485 214.637 194.4 225 211.5 20180512T191049.547485 20 20
20180512T191049.555632 20 20
20180512T191049.567622 20 20
20180512T191049.579481 178.931 157.498 99.4641 77.8433 123.533 214.622 194.321 234.231 192.061 20180512T191049.579481 20 20
20180512T191049.587594 20 20
20180512T191049.599565 20 20
20180512T191049.607604 178.564 157.569 99.8172 77.6864 123.68 214.474 194.4 224.817 211.828 20180512T191049.607604 20 20
20180512T191049.619610 20 20
20180512T191049.627648 20 20
20180512T191049.639492 178.166 157.631 99.8935 77.7553 123.959 214.245 194.599 224.413 212.253 20180512T191049.639492 20 20
20180512T191049.647717 20 20
20180512T191049.659588 20 20
20180512T191049.667627 178.126 157.905 99.811 77.9429 124.004 214.158 194.812 224.278 212.458 20180512T191049.667627 20 20
20180512T191049.679610 20 20
20180512T191049.687614 20 20
20180512T191049.699567 178.175 157.856 99.6073 77.7164 123.99 214.235 194.737 224.283 212.85 20180512T191049.699567 20 20
20180512T191049.707603 20 20
20180512T191049.719571 20 20
20180512T191049.727568 178.361 157.978 99.8125 77.9677 123.868 214.304 194.581 224.543 212.42 20180512T191049.727568 20 20
20180512T191049.739591 20 20
20180512T191049.747591 20 20
20180512T191049.759569 178.484 157.962 99.8441 78.0847 124.046 214.344 194.603 224.705 212.59 20180512T191049.759569 20 20
20180512T191049.767591 20 20
20180512T191049.779518 20 20
20180512T191049.787505 178.423 157.879 99.855 78.4373 123.673 214.327 194.654 224.5 212.345 20180512T191049.787505 20 20
20180512T191049.799585 20 20
20180512T191049.807612 20 20
20180512T191049.819491 178.42 157.811 99.7104 78.5074 123.668 214.296 194.749 224.457 212.42 20180512T191049.819491 20 20
20180512T191049.831602 20 20
20180512T191049.839583 20 20
20180512T191049.851554 178.326 157.764 99.9868 78.6696 124.03 214.295 194.633 224.5 212.345 20180512T191049.851554 20 20
20180512T191049.859601 20 20
20180512T191049.871580 20 20
20180512T191049.879562 178.307 157.673 99.9097 78.4993 123.673 214.225 194.613 224.462 212.179 20180512T191049.879562 20 20
20180512T191049.891906 20 20
20180512T191049.899651 20 20
20180512T191049.911556 178.172 157.966 99.8753 78.6399 123.549 214.133 194.892 224.413 212.427 20180512T191049.911556 20 20
20180512T191049.919602 20 20
20180512T191049.931580 20 20
20180512T191049.939573 178.229 158.051 99.9797 78.7245 122.613 214.17 195.023 224.19 212.937 20180512T191049.939573 20 20
20180512T191049.952483 20 20
20180512T191049.960222 20 20
20180512T191049.971554 178.478 157.895 99.9462 79.0439 123.756 214.438 194.969 224.5 212.5 20180512T191049.971554 20 20
20180512T191049.979599 20 20
20180512T191049.991562 20 20
20180512T191049.999563 178.679 157.847 100.158 79.0304 123.76 214.532 194.783 224.92 212.54 20180512T191049.999563 20 20
20180512T191050.011683 20 20
20180512T191050.019505 20 20
20180512T191050.031495 178.568 158.088 100.626 79.3332 123.367 214.548 194.868 224.81 212.937 20180512T191050.031495 20 20
20180512T191050.039570 20 20
20180512T191050.051547 20 20
20180512T191050.059538 178.22 158.153 100.408 79.2521 123.378 214.188 195.016 224.403 212.833 20180512T191050.059538 20 20
20180512T191050.071637 20 20
20180512T191050.083515 20 20
20180512T191050.091496 178.065 158.069 100.965 79.4985 123.375 214.188 195.016 224.286 212.746 20180512T191050.091496 20 20
20180512T191050.103645 20 20
20180512T191050.111611 20 20
20180512T191050.123491 178.24 157.647 101.262 79.5176 123.111 214.403 194.48 224.538 211.654 20180512T191050.123491 20 20
20180512T191050.131583 20 20
20180512T191050.143505 20 20
20180512T191050.151493 178.486 157.249 101.287 80.1732 122.828 214.376 193.882 224.4 212.422 20180512T191050.151493 20 20
20180512T191050.163528 20 20
20180512T191050.171501 20 20
20180512T191050.183488 178.217 157.326 101.959 80.0283 123.043 214.267 194.258 224.622 211.533 20180512T191050.183488 20 20
20180512T191050.191574 20 20
20180512T191050.203502 20 20
20180512T191050.211496 177.781 157.434 101.951 80.3947 122.953 213.971 194.455 224.188 211.375 20180512T191050.211496 20 20
20180512T191050.223529 20 20
20180512T191050.231502 20 20
20180512T191050.243487 177.659 157.61 101.867 81.0857 122.348 213.669 194.474 223.735 211.513 20180512T191050.243487 20 20
20180512T191050.251735 20 20
20180512T191050.263634 20 20
20180512T191050.271769 177.564 157.874 102.579 80.8208 122.37 213.649 194.811 223.842 211.675 20180512T191050.271769 20 20
20180512T191050.283852 20 20
20180512T191050.291821 20 20
20180512T191050.303799 177.608 157.883 102.782 81.2809 122.652 213.481 194.551 224.152 211.638 20180512T191050.303799 20 20
20180512T191050.312017 20 20
20180512T191050.323895 20 20
20180512T191050.335816 177.707 157.872 102.883 81.4863 122.199 213.719 194.593 224.333 212.095 20180512T191050.335816 20 20
20180512T191050.344056 20 20
20180512T191050.355828 20 20
20180512T191050.363892 177.787 157.91 103.012 81.7669 122.492 214.087 194.601 224.154 212.103 20180512T191050.363892 20 20
20180512T191050.375868 20 20
20180512T191050.383894 20 20
20180512T191050.395810 177.868 157.966 103.15 81.8824 122.638 214.087 194.601 224.123 212.309 20180512T191050.395810 20 20
20180512T191050.403926 20 20
20180512T191050.415815 20 20
20180512T191050.423884 177.866 157.949 103.244 82.2915 122.57 214.057 194.454 224.264 212.034 20180512T191050.423884 20 20
20180512T191050.435839 20 20
20180512T191050.443823 20 20
20180512T191050.455872 177.893 157.745 103.746 82.2268 122.905 214.224 194.352 224.344 211.333 20180512T191050.455872 20 20
20180512T191050.464230 20 20
20180512T191050.475884 20 20
20180512T191050.483879 177.928 157.798 103.686 82.6823 123.307 214.103 194.344 224.232 211.313 20180512T191050.483879 20 20
20180512T191050.495925 20 20
20180512T191050.503903 20 20
20180512T191050.515880 177.438 158.097 104.043 82.6066 122.457 213.781 194.452 223.786 211.492 20180512T191050.515880 20 20
20180512T191050.523847 20 20
20180512T191050.535898 20 20
20180512T191051.698137 277.158 135.091 95.0404 86.5825 156.754 274.649 177.236 298.244 177.708 20180512T191051.698137 960 20
20180512T191051.704908 960 20
20180512T191051.715558 960 20
20180512T191051.723686 277.125 135.358 94.2866 87.0828 158.626 274.563 177.241 298.129 177.944 20180512T191051.723686 960 20
20180512T191051.735553 960 20
20180512T191051.744195 960 20
20180512T191051.755523 277.062 135.244 94.2307 86.0891 157.472 274.599 177.273 298.221 177.906 20180512T191051.755523 960 20
20180512T191051.763629 960 20
20180512T191051.775519 960 20
20180512T191051.783497 277.236 135.423 94.0739 85.8949 155.337 274.889 177.431 298.288 177.868 20180512T191051.783497 960 20
20180512T191051.795601 960 20
20180512T191051.803599 960 20
20180512T191051.815463 277.368 135.463 94.1456 85.4918 155.048 274.986 177.469 298.406 177.968 20180512T191051.815463 960 20
20180512T191051.823593 960 20
20180512T191051.835541 960 20
20180512T191051.847535 277.477 135.537 93.8001 85.644 155.773 275.145 177.593 298.72 178.137 20180512T191051.847535 960 20
20180512T191051.855561 960 20
20180512T191051.867534 960 20
20180512T191051.875515 277.479 135.391 93.1942 85.1651 156.998 275.15 177.677 298.765 178.082 20180512T191051.875515 960 20
20180512T191051.887554 960 20
20180512T191051.895539 960 20
20180512T191051.907522 277.494 135.772 93.2019 85.9899 155.061 275.025 177.491 298.593 177.891 20180512T191051.907522 960 20
20180512T191051.915560 960 20
20180512T191051.927533 960 20
20180512T191051.935524 277.738 135.035 93.3142 84.9188 156.119 275.137 177.333 298.826 177.928 20180512T191051.935524 960 20
20180512T191051.948429 960 20
20180512T191051.955544 960 20
20180512T191051.967516 277.958 134.363 93.273 84.1053 156.07 275.247 176.83 299.018 177.123 20180512T191051.967516 960 20
20180512T191051.975561 960 20
20180512T191051.987532 960 20
20180512T191051.995610 277.751 134.746 92.7596 84.8599 154.536 275.07 177 298.705 177.281 20180512T191051.995610 960 20
20180512T191052.007558 960 20
20180512T191052.015626 960 20
20180512T191052.027451 277.392 135.025 92.8784 84.3697 153.969 274.604 177.22 298.183 177.704 20180512T191052.027451 960 20
20180512T191052.036294 960 20
20180512T191052.047535 960 20
20180512T191052.055509 277.252 135.204 92.7064 84.8173 153.416 274.467 177.299 298.152 177.734 20180512T191052.055509 960 20
20180512T191052.067549 960 20
20180512T191052.075539 960 20
20180512T191052.087449 277.503 134.918 92.758 84.3068 156.103 274.713 177.337 298.363 177.762 20180512T191052.087449 960 20
20180512T191052.099494 960 20
20180512T191052.107459 960 20
20180512T191052.119442 277.642 135.114 92.6278 84.7683 155.096 274.859 177.354 298.587 177.854 20180512T191052.119442 960 20
20180512T191052.127566 960 20
20180512T191052.139466 960 20
20180512T191052.147455 277.81 134.766 93.2728 83.9096 157.029 274.916 177.33 298.879 177.911 20180512T191052.147455 960 20
20180512T191052.159549 960 20
20180512T191052.167459 960 20
20180512T191052.179460 277.829 134.975 93.452 84.7829 156.526 274.993 177.313 298.756 177.913 20180512T191052.179460 960 20
20180512T191052.188184 960 20
20180512T191052.199457 960 20
20180512T191052.207444 277.695 135.426 93.6664 85.8771 154.798 274.876 177.395 298.626 177.913 20180512T191052.207444 960 20
20180512T191052.220350 960 20
20180512T191052.227471 960 20
20180512T191052.239454 277.481 135.046 94.3401 85.4798 155.559 274.597 177.136 298.422 177.836 20180512T191052.239454 960 20
20180512T191052.248311 960 20
20180512T191052.259474 960 20
20180512T191052.267458 277.534 134.895 94.6014 85.9281 158.033 274.463 177.129 298.238 177.67 20180512T191052.267458 960 20
20180512T191052.279567 960 20
20180512T191052.287522 960 20
20180512T191052.299513 277.44 135.229 94.8439 86.5005 156.331 274.397 177.127 298.284 177.638 20180512T191052.299513 960 20
20180512T191052.307558 960 20
20180512T191052.319522 960 20
20180512T191052.327609 276.998 135.349 95.061 86.4623 156.33 274.337 177.312 298.088 178.006 20180512T191052.327609 960 20
20180512T191052.339491 960 20
20180512T191052.351466 960 20
20180512T191052.359453 277.035 135.372 95.2324 86.4279 157.165 274.199 177.464 297.897 178.216 20180512T191052.359453 960 20
20180512T191052.371496 960 20
20180512T191052.379466 960 20
20180512T191052.391449 277.315 135.383 95.1849 86.5227 156.998 274.5 177.314 298.51 178.101 20180512T191052.391449 960 20
20180512T191052.399548 960 20
20180512T191052.411502 960 20
20180512T191052.419536 277.915 135.355 95.3026 86.3521 157.311 274.88 177.467 298.769 178.063 20180512T191052.419536 960 20
20180512T191052.431621 960 20
20180512T191052.439557 960 20
20180512T191052.451442 278.182 135.614 94.9791 87.2522 156.631 275.167 177.365 299.243 178.24 20180512T191052.451442 960 20
20180512T191052.459628 960 20
20180512T191052.471463 960 20
20180512T191052.479450 278.041 135.403 95.4255 86.9242 159.136 275.019 177.318 299.133 178.046 20180512T191052.479450 960 20
20180512T191052.491557 960 20
20180512T191052.499584 960 20
20180512T191052.511444 277.546 135.421 95.8451 86.9006 157.767 274.703 177.391 298.763 178.088 20180512T191052.511444 960 20
20180512T191052.519954 960 20
20180512T191052.531462 960 20
20180512T191052.539444 277.353 135.162 96.1147 86.2676 158.442 274.5 177.314 298.48 178.231 20180512T191052.539444 960 20
20180512T191052.552709 960 20
20180512T191052.560086 960 20
20180512T191052.571447 277.188 135.178 96.5588 86.6853 157.64 274.429 177.207 298.143 178.184 20180512T191052.571447 960 20
20180512T191052.579525 960 20
20180512T191052.591465 960 20
20180512T191052.603440 277.413 135.021 96.9286 86.7245 159.007 274.429 177.207 298.358 178.174 20180512T191052.603440 960 20
20180512T191052.611622 960 20
20180512T191052.623459 960 20
20180512T191052.631450 277.347 135.086 97.4139 86.6322 157.937 274.58 177.227 298.373 178.073 20180512T191052.631450 960 20
20180512T191052.643519 960 20
20180512T191052.651462 960 20
20180512T191052.663444 277.432 135.103 97.8009 86.9746 160.099 274.561 177.106 298.744 178.095 20180512T191052.663444 960 20
20180512T191052.671535 960 20
20180512T191052.683460 960 20
20180512T191052.691451 277.748 135.02 98.0561 87.6028 159.369 274.561 177.106 298.959 177.982 20180512T191052.691451 960 20
20180512T191052.703574 960 20
20180512T191052.711562 960 20
20180512T191052.723439 277.864 135.188 98.2501 88.148 159.306 274.671 177.24 298.988 178.319 20180512T191052.723439 960 20
20180512T191052.731577 960 20
20180512T191052.743454 960 20
20180512T191052.751507 277.661 135.128 98.6921 87.7151 158.638 274.671 177.24 298.821 178.09 20180512T191052.751507 960 20
20180512T191052.764602 960 20
20180512T191052.771623 960 20
20180512T191052.783449 277.548 134.945 98.9791 88.0675 160.132 274.561 177.106 298.712 178.164 20180512T191052.783449 960 20
20180512T191052.791512 960 20
20180512T191052.803457 960 20
20180512T191052.811443 277.766 134.933 99.22 88.627 159.991 274.561 177.106 298.648 177.936 20180512T191052.811443 960 20
20180512T191052.823477 960 20
20180512T191052.831455 960 20
20180512T191052.843434 277.967 134.297 99.8757 88.237 160.6 274.692 176.387 299.026 177.469 20180512T191052.843434 960 20
20180512T191052.856294 960 20
20180512T191052.863524 960 20
20180512T191052.875434 277.635 134.511 99.9954 89.44 158.906 274.689 176.444 298.939 177.076 20180512T191052.875434 960 20
20180512T191052.883549 960 20
20180512T191052.895521 960 20
20180512T191052.903546 277.207 134.465 100.296 89.281 160.513 274.459 176.739 298.426 177.429 20180512T191052.903546 960 20
20180512T191052.915548 960 20
20180512T191052.923520 960 20
20180512T191052.935498 276.725 134.829 100.734 89.7754 158.347 274.05 176.739 297.89 177.557 20180512T191052.935498 960 20
20180512T191052.944421 960 20
20180512T191052.955612 960 20
20180512T191052.963505 276.601 134.709 101.164 89.3201 158.804 273.75 176.792 297.885 177.657 20180512T191052.963505 960 20
20180512T191052.975539 960 20
20180512T191052.983562 960 20
20180512T191052.995591 276.618 134.922 101.257 89.9664 159.294 273.854 176.774 297.924 177.728 20180512T191052.995591 960 20
20180512T191053.003550 960 20
20180512T191053.015450 960 20
20180512T191053.023440 276.648 134.743 101.736 90.0182 159.227 274.052 176.751 298.044 177.803 20180512T191053.023440 960 20
20180512T191053.035483 960 20
20180512T191053.043480 960 20
20180512T191053.055444 276.966 134.853 102.173 90.4776 160.857 274.341 176.639 298.308 177.695 20180512T191053.055444 960 20
20180512T191053.064364 960 20
20180512T191053.075596 960 20
20180512T191053.083595 277.101 135.049 102.151 90.9599 160.648 274.341 176.639 298.427 177.806 20180512T191053.083595 960 20
20180512T191053.095614 960 20
20180512T191053.107439 960 20
20180512T191053.115433 277.224 135.046 102.253 91.2811 160.753 274.308 176.473 298.434 177.557 20180512T191053.115433 960 20
20180512T191053.127476 960 20
20180512T191053.135454 960 20
20180512T191053.147433 277.355 134.431 102.734 91.2645 160.71 274.525 176.196 298.896 177.401 20180512T191053.147433 960 20
20180512T191053.155576 960 20
20180512T191053.167447 960 20
20180512T191053.175442 277.452 134.137 103.535 90.8423 161.619 274.54 176.152 298.797 177.46 20180512T191053.175442 960 20
20180512T191053.187624 960 20
20180512T191054.437974 1900 20
20180512T191054.447493 383.385 128.045 102.455 90.429 28.6188 344.369 174.199 368.447 172.378 20180512T191054.447493 1900 20
20180512T191054.455777 1900 20
20180512T191054.467505 1900 20
20180512T191054.475505 383.596 127.94 102.614 90.7522 29.991 344.653 173.864 368.566 172.061 20180512T191054.475505 1900 20
20180512T191054.487568 1900 20
20180512T191054.495559 1900 20
20180512T191054.507516 384.242 127.396 103.075 90.8894 28.9253 345.05 173.159 369.183 171.817 20180512T191054.507516 1900 20
20180512T191054.515521 1900 20
20180512T191054.527444 1900 20
20180512T191054.535425 384.235 127.331 103.081 91.5024 28.9918 345.236 173.029 369.392 171.663 20180512T191054.535425 1900 20
20180512T191054.547590 1900 20
20180512T191054.555534 1900 20
20180512T191054.567409 384.113 127.265 103.984 91.2925 28.9599 344.998 173.159 369.128 171.85 20180512T191054.567409 1900 20
20180512T191054.575521 1900 20
20180512T191054.587492 1900 20
20180512T191054.595549 383.871 127.329 104.191 91.3559 29.211 344.724 173.54 368.73 172.295 20180512T191054.595549 1900 20
20180512T191054.607701 1900 20
20180512T191054.619419 1900 20
20180512T191054.627412 383.677 127.672 104.413 92.1883 29.5562 344.552 173.561 368.692 172.435 20180512T191054.627412 1900 20
20180512T191054.639574 1900 20
20180512T191054.647487 1900 20
20180512T191054.659397 383.711 127.846 104.928 92.6098 29.2531 344.614 173.634 368.692 172.435 20180512T191054.659397 1900 20
20180512T191054.667529 1900 20
20180512T191054.679414 1900 20
20180512T191054.687404 383.699 127.682 104.987 92.6401 30.6677 344.785 173.626 368.659 172.041 20180512T191054.687404 1900 20
20180512T191054.699516 1900 20
20180512T191054.707565 1900 20
20180512T191054.719409 384.084 127.541 105.597 92.5354 30.6263 345.172 173.467 369.054 171.989 20180512T191054.719409 1900 20
20180512T191054.727479 1900 20
20180512T191054.739421 1900 20
20180512T191054.747416 384.153 127.671 105.802 92.9182 30.1947 345.176 173.479 369.186 172.06 20180512T191054.747416 1900 20
20180512T191054.759521 1900 20
20180512T191054.767514 1900 20
20180512T191054.779525 384.045 127.617 105.821 93.0842 30.2649 345.128 173.712 369.131 172.12 20180512T191054.779525 1900 20
20180512T191054.787592 1900 20
20180512T191054.799473 1900 20
20180512T191054.807455 384.018 127.578 106.243 93.0495 31.5354 345.029 173.608 369.09 172.38 20180512T191054.807455 1900 20
20180512T191054.819500 1900 20
20180512T191054.827474 1900 20
20180512T191054.839460 383.735 127.675 106.479 93.1803 31.0857 345.185 173.647 368.88 172.18 20180512T191054.839460 1900 20
20180512T191054.847703 1900 20
20180512T191054.859467 1900 20
20180512T191054.871444 383.5 127.992 106.299 93.4516 28.4134 344.696 174.234 368.543 172.351 20180512T191054.871444 1900 20
20180512T191054.879591 1900 20
20180512T191054.891453 1900 20
20180512T191054.899441 383.293 128.177 106.475 93.7515 29.2536 344.03 174.372 368.385 172.667 20180512T191054.899441 1900 20
20180512T191054.911578 1900 20
20180512T191054.919495 1900 20
20180512T191054.931473 383.141 128.29 106.626 93.9108 28.5954 344.005 174.47 368.223 172.883 20180512T191054.931473 1900 20
20180512T191054.939514 1900 20
20180512T191054.951494 1900 20
20180512T191054.959471 383.365 128.315 106.74 93.6387 27.787 344.064 174.752 368.333 173.015 20180512T191054.959471 1900 20
20180512T191054.971582 1900 20
20180512T191054.979489 1900 20
20180512T191054.991462 383.436 128.375 106.557 94.4548 28.4416 344.143 174.732 368.435 172.898 20180512T191054.991462 1900 20
20180512T191054.999601 1900 20
20180512T191055.011552 1900 20
20180512T191055.019525 383.57 128.472 107.054 94.3867 26.9897 344.246 174.709 368.435 172.898 20180512T191055.019525 1900 20
20180512T191055.031599 1900 20
20180512T191055.039577 1900 20
20180512T191055.051400 383.462 128.48 107.2 94.2858 27.8153 344.226 174.728 368.05 172.939 20180512T191055.051400 1900 20
20180512T191055.059506 1900 20
20180512T191055.071540 1900 20
20180512T191055.079473 383.111 128.49 107.173 94.4594 26.6118 343.967 174.723 367.884 173.169 20180512T191055.079473 1900 20
20180512T191055.091513 1900 20
20180512T191055.099568 1900 20
20180512T191055.111392 383.085 128.533 107.605 94.6007 28.1182 344.07 174.964 367.639 173.236 20180512T191055.111392 1900 20
20180512T191055.123562 1900 20
20180512T191055.131412 1900 20
20180512T191055.143394 382.897 128.914 107.678 95.2175 25.5957 343.852 175.045 367.33 173.279 20180512T191055.143394 1900 20
20180512T191055.151448 1900 20
20180512T191055.163412 1900 20
20180512T191055.171397 382.961 128.901 107.901 95.2277 25.5297 344.082 174.76 367.543 173.302 20180512T191055.171397 1900 20
20180512T191055.183566 1900 20
20180512T191055.191486 1900 20
20180512T191055.203402 383.093 128.891 108.607 95.1478 25.1645 344.102 175.048 367.582 173.262 20180512T191055.203402 1900 20
20180512T191055.211862 1900 20
20180512T191055.223418 1900 20
20180512T191055.231402 382.949 128.983 108.694 95.5398 26.0847 343.865 175.09 367.393 173.241 20180512T191055.231402 1900 20
20180512T191055.243448 1900 20
20180512T191055.251421 1900 20
20180512T191055.263399 382.51 128.831 108.94 95.7045 24.6715 343.879 174.877 367.393 173.241 20180512T191055.263399 1900 20
20180512T191055.272468 1900 20
20180512T191055.283425 1900 20
20180512T191055.291418 382.725 128.505 109.297 95.8149 25.2248 343.94 174.384 367.42 172.801 20180512T191055.291418 1900 20
20180512T191055.303450 1900 20
20180512T191055.311483 1900 20
20180512T191055.323464 382.568 128.145 109.541 95.8462 23.9036 343.854 173.925 367.348 172.245 20180512T191055.323464 1900 20
20180512T191055.331521 1900 20
20180512T191055.343467 1900 20
20180512T191055.351464 382.449 128.044 109.901 95.805 23.9336 343.647 173.995 366.979 172.188 20180512T191055.351464 1900 20
20180512T191055.363443 1900 20
20180512T191055.375414 1900 20
20180512T191055.383408 381.874 128.302 110.523 96.3441 25.0491 343.296 174.326 366.663 172.615 20180512T191055.383408 1900 20
20180512T191055.395473 1900 20
20180512T191055.403566 1900 20
20180512T191055.415466 381.478 128.526 110.234 96.5482 24.9579 342.965 174.319 366.34 172.67 20180512T191055.415466 1900 20
20180512T191055.423540 1900 20
20180512T191055.435412 1900 20
20180512T191055.443432 381.452 128.149 111.238 96.2763 23.9804 342.959 174.353 366.66 172.547 20180512T191055.443432 1900 20
20180512T191055.455444 1900 20
20180512T191055.463453 1900 20
20180512T191055.475400 381.703 128.165 111.54 96.5176 23.9081 343.355 174.075 366.762 172.498 20180512T191055.475400 1900 20
20180512T191055.483577 1900 20
20180512T191055.495413 1900 20
20180512T191055.503402 381.656 128.111 111.506 96.9834 24.2761 343.521 174.241 366.762 172.498 20180512T191055.503402 1900 20
20180512T191055.515476 1900 20
20180512T191055.523453 1900 20
20180512T191055.535397 381.656 128.086 111.937 96.9774 23.7344 343.427 174.24 366.76 172.341 20180512T191055.535397 1900 20
20180512T191055.543540 1900 20
20180512T191055.555409 1900 20
20180512T191055.563390 381.734 128.157 111.681 97.6028 24.0423 343.552 174.279 366.916 172.476 20180512T191055.563390 1900 20
20180512T191055.575445 1900 20
20180512T191055.583416 1900 20
20180512T191055.595399 381.817 127.995 112.129 97.5432 24.8746 343.561 173.947 366.739 172.234 20180512T191055.595399 1900 20
20180512T191055.603512 1900 20
20180512T191055.615410 1900 20
20180512T191055.627396 381.887 127.766 112.479 97.9569 25.0646 343.76 173.606 367.007 171.839 20180512T191055.627396 1900 20
20180512T191055.635528 1900 20
20180512T191055.647407 1900 20
20180512T191055.655395 382.091 127.81 112.538 98.365 25.4178 343.76 173.606 367.082 171.799 20180512T191055.655395 1900 20
20180512T191055.667439 1900 20
20180512T191055.675483 1900 20
20180512T191055.687398 381.78 128.092 112.228 98.3738 25.3507 343.379 173.977 366.689 172.296 20180512T191055.687398 1900 20
20180512T191055.695570 1900 20
20180512T191055.707410 1900 20
20180512T191055.715402 381.512 128.105 112.886 98.3034 24.9855 343.09 174.095 366.712 172.431 20180512T191055.715402 1900 20
20180512T191055.727560 1900 20
20180512T191055.735480 1900 20
20180512T191055.747395 381.764 127.904 112.864 98.3535 26.3596 343.333 174.104 366.785 172.395 20180512T191055.747395 1900 20
20180512T191055.755555 1900 20
20180512T191055.767409 1900 20
20180512T191055.775403 382.091 128.03 112.803 98.9838 24.5148 343.776 173.936 367.125 172.212 20180512T191055.775403 1900 20
20180512T191055.787445 1900 20
20180512T191055.795414 1900 20
20180512T191055.807390 382.442 127.78 113.155 98.9586 25.5685 343.952 173.845 367.398 172.149 20180512T191055.807390 1900 20
20180512T191055.815861 1900 20
20180512T191055.827403 1900 20
20180512T191055.835386 382.124 128.049 112.872 99.7957 24.4027 343.81 173.724 367.165 172.045 20180512T191055.835386 1900 20
20180512T191055.847430 1900 20
20180512T191055.855407 1900 20
20180512T191055.867386 381.842 127.88 112.899 99.5932 24.4202 343.571 173.936 367.058 172.093 20180512T191055.867386 1900 20
20180512T191055.879433 1900 20
20180512T191055.887402 1900 20
20180512T191055.899385 381.575 128.049 113.175 99.4391 23.9313 343.292 174.067 366.917 172.246 20180512T191055.899385 1900 20
20180512T191055.907465 1900 20
20180512T191055.919436 1900 20
20180512T191055.927410 381.504 127.983 113.239 99.4395 24.2299 343.328 173.997 366.804 172.298 20180512T191055.927410 1900 20
20180512T191057.260968 1900 540
20180512T191057.269160 1900 540
20180512T191057.281010 390.323 170.341 109.206 101.988 53.5164 350.268 194.464 373.972 193.81 20180512T191057.281010 1900 540
20180512T191057.288690 1900 540
20180512T191057.299665 1900 540
20180512T191057.307693 389.843 170.58 108.886 101.639 54.1325 349.955 194.463 373.423 194.114 20180512T191057.307693 1900 540
20180512T191057.320020 1900 540
20180512T191057.327700 1900 540
20180512T191057.339684 389.93 170.854 108.523 100.901 55.8485 349.908 194.5 373.328 194.225 20180512T191057.339684 1900 540
20180512T191057.347785 1900 540
20180512T191057.359623 1900 540
20180512T191057.367609 390.067 170.834 108.207 100.773 54.2554 349.923 194.727 373.5 194.5 20180512T191057.367609 1900 540
20180512T191057.379642 1900 540
20180512T191057.391683 1900 540
20180512T191057.399602 390.227 170.815 107.461 101.159 53.7661 349.923 194.727 373.707 194.439 20180512T191057.399602 1900 540
20180512T191057.411711 1900 540
20180512T191057.419612 1900 540
20180512T191057.431589 390.57 170.467 107.633 100.647 55.8188 350.011 194.72 373.897 194.392 20180512T191057.431589 1900 540
20180512T191057.439679 1900 540
20180512T191057.451702 1900 540
20180512T191057.459666 390.643 170.5 107.329 101.039 56.3265 350.371 194.629 374.21 194.143 20180512T191057.459666 1900 540
20180512T191057.471722 1900 540
20180512T191057.479688 1900 540
20180512T191057.491671 390.608 170.532 107.411 101.151 56.1823 350.318 194.798 374.258 194.164 20180512T191057.491671 1900 540
20180512T191057.500237 1900 540
20180512T191057.511598 1900 540
20180512T191057.519421 390.662 170.39 107.76 101.55 56.5918 350.359 194.714 374.399 194.305 20180512T191057.519421 1900 540
20180512T191057.531422 1900 540
20180512T191057.539386 1900 540
20180512T191057.551374 390.624 170.422 108.455 101.805 56.9918 350.386 194.845 374.453 194.468 20180512T191057.551374 1900 540
20180512T191057.559481 1900 540
20180512T191057.571386 1900 540
20180512T191057.579363 390.588 170.566 108.587 102.309 55.6608 350.387 195.081 374.457 194.419 20180512T191057.579363 1900 540
20180512T191057.591417 1900 540
20180512T191057.599385 1900 540
20180512T191057.611374 390.657 170.651 108.666 102.831 53.0968 350.441 195.07 374.444 194.5 20180512T191057.611374 1900 540
20180512T191057.619712 1900 540
20180512T191057.631382 1900 540
20180512T191057.643390 390.891 170.722 109.119 102.802 53.8054 350.81 195.243 374.82 194.541 20180512T191057.643390 1900 540
20180512T191057.652305 1900 540
20180512T191057.663529 1900 540
20180512T191057.671435 390.742 170.756 109.008 103.346 51.6441 350.702 195.369 374.802 194.789 20180512T191057.671435 1900 540
20180512T191057.683466 1900 540
20180512T191057.691442 1900 540
20180512T191057.703423 390.75 170.844 109.136 103.207 51.4155 350.747 195.443 374.757 194.712 20180512T191057.703423 1900 540
20180512T191057.711474 1900 540
20180512T191057.723454 1900 540
20180512T191057.731439 390.699 170.733 109.01 103.696 52.2728 350.806 195.366 374.802 194.789 20180512T191057.731439 1900 540
20180512T191057.743483 1900 540
20180512T191057.751506 1900 540
20180512T191057.763439 390.843 170.3 108.615 103.494 47.5811 351.005 194.722 374.703 194.365 20180512T191057.763439 1900 540
20180512T191057.771666 1900 540
20180512T191057.783433 1900 540
20180512T191057.791382 391.325 169.836 108.689 103.32 50.7458 351.5 194.403 375.341 193.528 20180512T191057.791382 1900 540
20180512T191057.803453 1900 540
20180512T191057.811384 1900 540
20180512T191057.823368 391.021 169.765 108.419 103.133 49.0147 351.484 194.318 375.124 193.742 20180512T191057.823368 1900 540
20180512T191057.831474 1900 540
20180512T191057.843383 1900 540
20180512T191057.851368 390.534 170.155 108.153 102.898 50.3042 350.575 194.831 374.489 194.311 20180512T191057.851368 1900 540
20180512T191057.863484 1900 540
20180512T191057.871535 1900 540
20180512T191057.883366 390.095 170.416 108.188 102.358 52.2379 350.354 195.037 374.178 194.5 20180512T191057.883366 1900 540
20180512T191057.895411 1900 540
20180512T191057.903420 1900 540
20180512T191057.915370 390.026 170.441 108.072 102.325 51.0832 350.269 195.316 374.394 194.87 20180512T191057.915370 1900 540
20180512T191057.924455 1900 540
20180512T191057.935439 1900 540
20180512T191057.943432 389.977 170.569 107.63 102.067 49.9715 350.383 195.377 374.5 194.803 20180512T191057.943432 1900 540
20180512T191057.955464 1900 540
20180512T191057.963450 1900 540
20180512T191057.975430 390.439 170.529 107.645 101.725 50.9883 350.785 195.338 374.845 194.909 20180512T191057.975430 1900 540
20180512T191057.983474 1900 540
20180512T191057.995443 1900 540
20180512T191058.003430 390.667 170.573 107.33 101.197 51.7466 350.918 195.267 374.845 194.909 20180512T191058.003430 1900 540
20180512T191058.015532 1900 540
20180512T191058.023518 1900 540
20180512T191058.035373 390.771 170.531 106.746 100.804 52.3962 351.047 195.51 374.895 194.969 20180512T191058.035373 1900 540
20180512T191058.043486 1900 540
20180512T191058.055390 1900 540
20180512T191058.063373 390.712 170.588 106.387 100.285 52.6334 350.935 195.527 374.804 194.878 20180512T191058.063373 1900 540
20180512T191058.076285 1900 540
20180512T191058.083448 1900 540
20180512T191058.095372 390.92 170.46 106.091 100.152 52.4584 351.174 195.139 375.027 194.824 20180512T191058.095372 1900 540
20180512T191058.103467 1900 540
20180512T191058.115382 1900 540
20180512T191058.123379 391.198 170.308 106.158 99.8068 51.7195 351.413 195.103 375.112 194.867 20180512T191058.123379 1900 540
20180512T191058.135416 1900 540
20180512T191058.147377 1900 540
20180512T191058.155368 390.948 170.59 105.463 99.8659 52.5712 351.015 195.681 374.835 194.904 20180512T191058.155368 1900 540
20180512T191058.167433 1900 540
20180512T191058.175461 1900 540
20180512T191058.187365 390.888 170.745 105.387 99.5254 50.9897 350.56 195.59 374.924 195.333 20180512T191058.187365 1900 540
20180512T191058.195506 1900 540
20180512T191058.207380 1900 540
20180512T191058.215439 390.817 171.016 105.15 100.136 53.0967 350.95 195.854 375.064 195.277 20180512T191058.215439 1900 540
20180512T191058.227494 1900 540
20180512T191058.235444 1900 540
20180512T191058.247432 391.258 170.898 104.932 99.5504 51.6667 351.206 195.942 375.157 195.353 20180512T191058.247432 1900 540
20180512T191058.255479 1900 540
20180512T191058.267449 1900 540
20180512T191058.275429 391.571 170.848 104.716 99.8244 54.8847 351.676 196.022 375.502 195.363 20180512T191058.275429 1900 540
20180512T191058.287549 1900 540
20180512T191058.295456 1900 540
20180512T191058.307437 391.848 170.778 105.21 99.7681 50.0007 351.737 196.11 375.7 195.464 20180512T191058.307437 1900 540
20180512T191058.315479 1900 540
20180512T191058.327517 1900 540
20180512T191058.335361 391.986 170.724 105.288 99.6849 50.671 351.865 196.046 375.7 195.464 20180512T191058.335361 1900 540
20180512T191058.347491 1900 540
20180512T191058.355457 1900 540
20180512T191058.367371 391.86 170.788 105.197 99.9911 50.3385 351.778 196.182 375.832 195.563 20180512T191058.367371 1900 540
20180512T191058.375455 1900 540
20180512T191058.387384 1900 540
20180512T191058.399369 391.934 170.788 105.361 99.6218 50.5544 351.794 196.107 375.656 195.56 20180512T191058.399369 1900 540
20180512T191058.407892 1900 540
20180512T191058.419381 1900 540
20180512T191058.427369 391.965 170.768 105.344 99.8708 50.3334 351.659 196.068 375.656 195.56 20180512T191058.427369 1900 540
20180512T191058.439411 1900 540
20180512T191058.447383 1900 540
20180512T191058.459365 392.038 170.932 105.464 99.8164 50.5521 351.797 196.281 375.872 195.63 20180512T191058.459365 1900 540
20180512T191058.467902 1900 540
20180512T191058.479370 1900 540
20180512T191058.487361 391.985 170.976 105.412 99.9434 49.7017 351.596 196.125 375.957 195.564 20180512T191058.487361 1900 540
20180512T191058.500229 1900 540
20180512T191058.507517 1900 540
20180512T191058.519371 391.945 171.33 105.336 99.8638 48.5575 351.542 196.471 375.749 195.464 20180512T191058.519371 1900 540
20180512T191058.527451 1900 540
20180512T191058.539383 1900 540
20180512T191058.547359 392.006 171.021 105.598 99.9653 50.7179 351.848 196.281 375.749 195.464 20180512T191058.547359 1900 540
20180512T191058.559481 1900 540
20180512T191058.567527 1900 540
20180512T191058.579359 392.344 171 105.869 100.235 49.3569 352.229 196.048 375.894 195.525 20180512T191058.579359 1900 540
20180512T191058.587496 1900 540
20180512T191058.599508 1900 540
20180512T191058.607433 392.595 170.725 105.78 100.241 45.8511 352.059 196.081 376.429 195.207 20180512T191058.607433 1900 540
20180512T191058.619524 1900 540
20180512T191058.627534 1900 540
20180512T191058.639360 392.399 170.495 106.421 100.404 47.8316 352.095 195.892 376.091 195.155 20180512T191058.639360 1900 540
20180512T191058.651405 1900 540
20180512T191058.659375 1900 540
20180512T191058.671360 392.14 170.695 106.571 100.722 44.586 351.949 195.936 375.919 194.982 20180512T191058.671360 1900 540
20180512T191058.679506 1900 540
20180512T191058.691381 1900 540
20180512T191058.699448 391.987 170.732 106.884 101.034 46.0286 351.923 195.988 375.736 195.219 20180512T191058.699448 1900 540
20180512T191058.711476 1900 540
20180512T191058.719503 1900 540
20180512T191058.731369 391.872 170.898 107.275 101.219 48.2641 351.659 196.02 375.54 195.26 20180512T191058.731369 1900 540
20180512T191058.739500 1900 540
20180512T191058.751566 1900 540
20180512T191100.142321 287.298 182.469 87.9904 86.8808 118.156 281.95 203.653 304.497 203.955 20180512T191100.142321 960 540
20180512T191100.152043 960 540
20180512T191100.163454 960 540
20180512T191100.171374 286.994 182.519 87.2729 86.3343 132.774 281.431 203.76 304.295 203.874 20180512T191100.171374 960 540
20180512T191100.184261 960 540
20180512T191100.192461 960 540
20180512T191100.203357 286.922 182.498 87.0537 85.5715 132.181 281.298 203.556 304.186 204.137 20180512T191100.203357 960 540
20180512T191100.211485 960 540
20180512T191100.223387 960 540
20180512T191100.231372 287.191 181.809 86.4311 85.1968 146.033 281.838 203.252 304.656 203.344 20180512T191100.231372 960 540
20180512T191100.243400 960 540
20180512T191100.251366 960 540
20180512T191100.263345 287.471 181.637 85.842 84.8042 137.673 281.96 202.91 304.503 203.22 20180512T191100.263345 960 540
20180512T191100.271488 960 540
20180512T191100.283422 960 540
20180512T191100.291422 287.107 181.695 85.7656 84.4905 138.607 281.528 202.913 304.484 203.425 20180512T191100.291422 960 540
20180512T191100.303458 960 540
20180512T191100.311430 960 540
20180512T191100.323505 286.834 181.762 85.324 83.9636 144.856 281.292 203.379 304.374 203.515 20180512T191100.323505 960 540
20180512T191100.331589 960 540
20180512T191100.343363 960 540
20180512T191100.351428 286.778 181.861 85.3018 83.4791 154.046 281.117 203.212 304.374 203.515 20180512T191100.351428 960 540
20180512T191100.363455 960 540
20180512T191100.371492 960 540
20180512T191100.383345 286.97 181.745 85.0465 83.0561 145.091 281.061 203.145 304.624 203.386 20180512T191100.383345 960 540
20180512T191100.391462 960 540
20180512T191100.403359 960 540
20180512T191100.415342 287.104 181.689 84.5575 83.0433 143.596 281.342 203.116 304.677 203.593 20180512T191100.415342 960 540
20180512T191100.423474 960 540
20180512T191100.435360 960 540
20180512T191100.443346 287.351 181.719 84.2912 82.5165 145.918 281.787 203.153 304.689 203.431 20180512T191100.443346 960 540
20180512T191100.456448 960 540
20180512T191100.463434 960 540
20180512T191100.475350 287.604 181.558 83.7386 82.3289 145.726 282.052 203.024 304.822 203.672 20180512T191100.475350 960 540
20180512T191100.483504 960 540
20180512T191100.495352 960 540
20180512T191100.503344 287.455 181.525 83.6848 82.2043 142.926 282.056 203.052 304.816 203.747 20180512T191100.503344 960 540
20180512T191100.515408 960 540
20180512T191100.523432 960 540
20180512T191100.535343 287.317 181.411 83.3293 81.7979 138.031 281.878 203.085 304.727 203.253 20180512T191100.535343 960 540
20180512T191100.543449 960 540
20180512T191100.555357 960 540
20180512T191100.563337 287.481 181.224 83.3111 81.4583 142.803 281.96 202.91 304.667 203.161 20180512T191100.563337 960 540
20180512T191100.575374 960 540
20180512T191100.583347 960 540
20180512T191100.595330 287.421 181.183 83.2434 81.5063 137.144 281.96 202.91 304.704 203.132 20180512T191100.595330 960 540
20180512T191100.604243 960 540
20180512T191100.616172 960 540
20180512T191100.623350 287.101 181.278 83.0334 81.2916 141.715 281.423 202.897 304.438 203.124 20180512T191100.623350 960 540
20180512T191100.635382 960 540
20180512T191100.643388 960 540
20180512T191100.655330 286.97 181.319 83.0992 81.2345 138.412 281.215 202.988 304.344 203.097 20180512T191100.655330 960 540
20180512T191100.667497 960 540
20180512T191100.675416 960 540
20180512T191100.687407 287.016 181.343 83.087 81.2424 135.339 281.167 203.138 304.297 203.667 20180512T191100.687407 960 540
20180512T191100.695451 960 540
20180512T191100.707416 960 540
20180512T191100.715401 287.074 181.405 82.7851 81.3632 133.558 281.377 203.043 304.514 203.803 20180512T191100.715401 960 540
20180512T191100.727437 960 540
20180512T191100.735457 960 540
20180512T191100.747402 287.591 181.358 82.7579 80.9845 133.553 281.982 203.252 304.822 203.672 20180512T191100.747402 960 540
20180512T191100.756327 960 540
20180512T191100.767420 960 540
20180512T191100.775404 287.968 181.233 82.8371 80.8001 137.569 282.211 203.188 305.294 203.572 20180512T191100.775404 960 540
20180512T191100.787452 960 540
20180512T191100.795494 960 540
20180512T191100.807330 288.021 181.303 82.5983 81.0477 143.818 282.417 203.495 305.01 203.605 20180512T191100.807330 960 540
20180512T191100.815512 960 540
20180512T191100.827343 960 540
20180512T191100.835324 288.116 181.378 82.4785 80.7031 136.718 282.468 203.617 305.451 203.815 20180512T191100.835324 960 540
20180512T191100.848256 960 540
20180512T191100.856220 960 540
20180512T191100.867467 288.238 181.392 82.3843 80.5354 138.747 282.471 203.515 305.354 203.873 20180512T191100.867467 960 540
20180512T191100.875478 960 540
20180512T191100.887476 960 540
20180512T191100.895494 288.242 181.386 82.0628 80.4553 142.936 282.597 203.639 305.451 203.815 20180512T191100.895494 960 540
20180512T191100.907438 960 540
20180512T191100.919410 960 540
20180512T191100.927400 288.293 181.358 81.8234 79.9168 145.959 282.592 203.474 305.485 203.843 20180512T191100.927400 960 540
20180512T191100.940324 960 540
20180512T191100.948302 960 540
20180512T191100.959395 288.219 181.682 81.8353 79.8692 142.434 282.338 203.729 305.371 203.71 20180512T191100.959395 960 540
20180512T191100.967426 960 540
20180512T191100.979400 960 540
20180512T191100.987475 288.148 181.911 81.2082 79.9681 152.538 282.218 203.866 305.216 203.965 20180512T191100.987475 960 540
20180512T191100.999425 960 540
20180512T191101.007406 960 540
20180512T191101.019397 288.396 181.821 81.2 79.4318 143.737 282.316 203.81 305.388 203.826 20180512T191101.019397 960 540
20180512T191101.027438 960 540
20180512T191101.039472 960 540
20180512T191101.047477 289.007 181.48 80.8476 79.2295 151.334 283.113 203.654 306.261 203.773 20180512T191101.047477 960 540
20180512T191101.060308 960 540
20180512T191101.068221 960 540
20180512T191101.079490 289.455 181.094 80.6591 78.8101 146.21 283.196 203.054 306.198 203.324 20180512T191101.079490 960 540
20180512T191101.087437 960 540
20180512T191101.099418 960 540
20180512T191101.107445 289.388 181.245 80.3386 78.4592 150.27 283.197 203.268 306.315 203.565 20180512T191101.107445 960 540
20180512T191101.119465 960 540
20180512T191101.127420 960 540
20180512T191101.139338 289.053 181.446 80.5355 78.1499 145.224 282.95 203.371 306.318 203.756 20180512T191101.139338 960 540
20180512T191101.147369 960 540
20180512T191101.159346 960 540
20180512T191101.171333 288.773 181.597 80.2518 78.0826 144.058 282.833 203.595 305.671 203.838 20180512T191101.171333 960 540
20180512T191101.179614 960 540
20180512T191101.191691 960 540
20180512T191101.199728 288.834 181.57 80.2751 78.0906 145.887 282.93 203.579 305.759 203.671 20180512T191101.199728 960 540
20180512T191101.211762 960 540
20180512T191101.219736 960 540
20180512T191101.231722 289.015 181.773 80.2046 78.5897 149.573 282.907 203.741 306.19 203.972 20180512T191101.231722 960 540
20180512T191101.239692 960 540
20180512T191101.251668 960 540
20180512T191101.259660 289.41 181.713 80.1342 78.2867 152.324 283.401 203.721 306.231 204.069 20180512T191101.259660 960 540
20180512T191101.271762 960 540
20180512T191101.279670 960 540
20180512T191101.291663 289.972 181.661 79.9768 78.3657 154.534 284.065 203.907 306.583 203.787 20180512T191101.291663 960 540
20180512T191101.300837 960 540
20180512T191101.312775 960 540
20180512T191101.320725 290.096 181.761 80.4959 78.4715 147.7 284.176 204.046 306.709 204.101 20180512T191101.320725 960 540
20180512T191101.333056 960 540
20180512T191101.341035 960 540
20180512T191101.353027 290.275 181.734 80.3602 78.6 145.818 284.292 203.79 306.944 203.733 20180512T191101.353027 960 540
20180512T191101.360002 960 540
20180512T191101.371746 960 540
20180512T191101.379664 290.648 181.497 80.8675 78.6255 154.801 284.592 203.474 307.648 203.773 20180512T191101.379664 960 540
20180512T191101.391772 960 540
20180512T191101.399749 960 540
20180512T191101.411663 290.912 181.658 81.0969 78.8843 152.295 284.831 203.449 307.804 203.588 20180512T191101.411663 960 540
20180512T191101.424740 960 540
20180512T191101.432704 960 540
20180512T191101.443665 291.01 181.954 81.4133 79.099 151.519 284.991 203.81 307.859 204.016 20180512T191101.443665 960 540
20180512T191101.451693 960 540
20180512T191101.463745 960 540
20180512T191101.471727 291.083 182.208 81.7888 79.533 149.195 285.083 203.949 307.842 204.607 20180512T191101.471727 960 540
20180512T191101.483695 960 540
20180512T191101.491696 960 540
20180512T191101.503662 291.26 182.332 82.0302 79.8474 156.105 285.204 204.219 308.177 204.611 20180512T191101.503662 960 540
20180512T191101.512952 960 540
20180512T191101.524923 960 540
20180512T191101.532910 291.451 182.522 82.5332 80.1308 155.073 285.543 204.543 308.282 204.761 20180512T191101.532910 960 540
20180512T191101.543699 960 540
20180512T191101.551665 960 540
20180512T191101.563653 291.852 182.483 83.0353 80.712 156.711 286.047 204.568 308.543 204.795 20180512T191101.563653 960 540
20180512T191101.583329 960 540
20180512T191101.586036 960 540
20180512T191101.591645 292.248 182.817 83.369 81.078 154.671 286.231 204.591 308.813 204.973 20180512T191101.591645 960 540
20180512T191101.603711 960 540
20180512T191101.611653 960 540
20180512T191101.623328 292.085 182.993 84.1776 81.4962 153.572 286.144 204.779 308.745 205.19 20180512T191101.623328 960 540
20180512T191101.631509 960 540
20180512T191102.958386 20 540
20180512T191102.966944 192.767 201.846 87.7258 75.6335 104.749 222.735 217.289 248.513 218.18 20180512T191102.966944 20 540
20180512T191102.977084 20 540
20180512T191102.984139 20 540
20180512T191102.995692 192.849 201.601 87.3971 75.7438 105.478 222.806 216.96 248.643 217.911 20180512T191102.995692 20 540
20180512T191103.003928 20 540
20180512T191103.015780 20 540
20180512T191103.023767 193.084 201.447 87.3767 75.814 106.433 222.877 216.943 248.703 217.689 20180512T191103.023767 20 540
20180512T191103.036000 20 540
20180512T191103.043661 20 540
20180512T191103.055634 193.271 201.409 87.8786 75.9184 105.294 223.114 216.861 248.887 217.621 20180512T191103.055634 20 540
20180512T191103.063880 20 540
20180512T191103.075501 20 540
20180512T191103.083356 193.256 201.314 88.1635 75.9509 105.891 223.15 216.799 248.815 217.579 20180512T191103.083356 20 540
20180512T191103.095386 20 540
20180512T191103.103417 20 540
20180512T191103.115356 193.238 201.222 88.2276 76.1441 106.896 222.972 216.757 248.737 217.573 20180512T191103.115356 20 540
20180512T191103.123381 20 540
20180512T191103.135355 20 540
20180512T191103.143345 192.707 201.241 88.7601 75.8776 107.395 222.839 216.89 248.505 217.627 20180512T191103.143345 20 540
20180512T191103.155492 20 540
20180512T191103.163414 20 540
20180512T191103.175385 192.708 201.242 88.3894 76.237 105.964 222.758 216.72 248.439 217.537 20180512T191103.175385 20 540
20180512T191103.187413 20 540
20180512T191103.195390 20 540
20180512T191103.207433 192.387 201.124 88.784 75.7133 105.754 222.457 216.78 248.364 217.55 20180512T191103.207433 20 540
20180512T191103.215413 20 540
20180512T191103.227454 20 540
20180512T191103.235427 192.47 201.107 88.6635 76.1398 105.855 222.407 216.601 248.357 217.417 20180512T191103.235427 20 540
20180512T191103.247339 20 540
20180512T191103.255401 20 540
20180512T191103.267305 192.419 201.117 88.906 75.9785 106.371 222.491 216.509 248.22 217.361 20180512T191103.267305 20 540
20180512T191103.275439 20 540
20180512T191103.287321 20 540
20180512T191103.295354 192.539 201.241 88.7364 76.9239 105.467 222.271 216.427 248.169 217.417 20180512T191103.295354 20 540
20180512T191103.307483 20 540
20180512T191103.315453 20 540
20180512T191103.327269 192.305 201.078 88.8094 76.3456 105.811 222.356 216.275 248.039 217.402 20180512T191103.327269 20 540
20180512T191103.335433 20 540
20180512T191103.347333 20 540
20180512T191103.355302 194.704 198.277 85.5439 77.1668 113.872 223.623 212.623 249.28 214.15 20180512T191103.355302 20 540
20180512T191103.367341 20 540
20180512T191103.375252 20 540
20180512T191103.387246 -1 -1 85.5439 77.1668 113.872 223.623 212.623 249.28 214.15 20180512T191103.387246 20 540
20180512T191103.395400 20 540
20180512T191103.407282 20 540
20180512T191103.415293 -1 -1 85.5439 77.1668 113.872 223.623 212.623 249.28 214.15 20180512T191103.415293 20 540
20180512T191103.427569 20 540
20180512T191103.439458 20 540
20180512T191103.447426 -1 -1 85.5439 77.1668 113.872 223.623 212.623 249.28 214.15 20180512T191103.447426 20 540
20180512T191103.459417 20 540
20180512T191103.467418 20 540
20180512T191103.479279 192.768 194.069 84.1146 76.0964 103.037 223.211 207.658 248.635 208.875 20180512T191103.479279 20 540
20180512T191103.488290 20 540
20180512T191103.499290 20 540
20180512T191103.507366 194.278 193.616 90.5891 78.5449 106.368 223.538 209.52 249.064 210.735 20180512T191103.507366 20 540
20180512T191103.519378 20 540
20180512T191103.527355 20 540
20180512T191103.539276 194.003 195.097 90.8965 78.9677 107.611 223.493 210.835 248.926 212.112 20180512T191103.539276 20 540
20180512T191103.548075 20 540
20180512T191103.559297 20 540
20180512T191103.567424 193.712 196.008 91.9597 79.1095 106.933 223.352 212 248.609 212.778 20180512T191103.567424 20 540
20180512T191103.579332 20 540
20180512T191103.587381 20 540
20180512T191103.599297 193.355 196.955 91.8494 80.1012 106.81 222.977 213.059 248.279 214.031 20180512T191103.599297 20 540
20180512T191103.607362 20 540
20180512T191103.619310 20 540
20180512T191103.627284 192.994 197.605 92.5088 80.2434 106.213 222.384 213.298 247.95 214.692 20180512T191103.627284 20 540
20180512T191103.639335 20 540
20180512T191103.647312 20 540
20180512T191103.659299 192.5 197.997 92.6952 80.3462 108.044 222.236 213.694 247.746 215.351 20180512T191103.659299 20 540
20180512T191103.667427 20 540
20180512T191103.679311 20 540
20180512T191103.691295 192.514 198.325 93.104 80.4956 105.979 221.83 214.269 247.674 215.305 20180512T191103.691295 20 540
20180512T191103.699995 20 540
20180512T191103.711311 20 540
20180512T191103.719297 192.42 198.491 93.359 80.4393 105.617 221.971 214.439 247.753 215.672 20180512T191103.719297 20 540
20180512T191103.731424 20 540
20180512T191103.739421 20 540
20180512T191103.751290 192.88 198.926 93.4515 81.6263 105.173 222.102 214.565 248.012 215.733 20180512T191103.751290 20 540
20180512T191103.759477 20 540
20180512T191103.771308 20 540
20180512T191103.779291 192.739 199.041 93.6845 81.7998 105.922 222.105 214.675 248.455 215.718 20180512T191103.779291 20 540
20180512T191103.791332 20 540
20180512T191103.799315 20 540
20180512T191103.811308 192.991 199.189 94.1458 82.4451 106.832 222.294 214.641 248.361 215.786 20180512T191103.811308 20 540
20180512T191103.820388 20 540
20180512T191103.831305 20 540
20180512T191103.839396 193.269 199.272 94.5981 82.6462 106.007 222.864 214.817 248.497 215.655 20180512T191103.839396 20 540
20180512T191103.851455 20 540
20180512T191103.859463 20 540
20180512T191103.871294 193.315 199.472 95.0058 82.9755 106.276 223.11 214.864 248.935 216.13 20180512T191103.871294 20 540
20180512T191103.879416 20 540
20180512T191103.891306 20 540
20180512T191103.899350 193.271 199.865 95.1907 83.1362 106.567 223.408 215.345 248.789 216.291 20180512T191103.899350 20 540
20180512T191103.911360 20 540
20180512T191103.919374 20 540
20180512T191103.931291 193.248 200.218 95.7542 83.4605 105.94 223.365 215.401 248.667 216.417 20180512T191103.931291 20 540
20180512T191103.943401 20 540
20180512T191103.951375 20 540
20180512T191103.963354 193.436 200.421 96.1089 83.4811 106.722 223.626 215.544 248.925 216.513 20180512T191103.963354 20 540
20180512T191103.971490 20 540
20180512T191103.983372 20 540
20180512T191103.991353 193.772 200.54 96.5546 83.6262 106.421 223.852 215.617 250.076 216.68 20180512T191103.991353 20 540
20180512T191104.003417 20 540
20180512T191104.011427 20 540
20180512T191104.023298 194.276 200.634 96.7915 84.0415 106.972 224.529 215.471 250.659 216.319 20180512T191104.023298 20 540
20180512T191104.031403 20 540
20180512T191104.043470 20 540
20180512T191104.051430 194.744 200.449 97.0646 84.3159 107.158 224.771 215.408 250.911 216.097 20180512T191104.051430 20 540
20180512T191104.063336 20 540
20180512T191104.071309 20 540
20180512T191104.083294 194.807 200.374 97.6041 84.4546 106.227 225.222 215.328 251.201 216.007 20180512T191104.083294 20 540
20180512T191104.092304 20 540
20180512T191104.103538 20 540
20180512T191104.111435 194.867 200.35 97.7222 84.5659 106.691 225.336 215.473 251.198 216.102 20180512T191104.111435 20 540
20180512T191104.123392 20 540
20180512T191104.131401 20 540
20180512T191104.143426 194.856 200.409 97.9658 84.8551 106.119 225.365 215.553 250.888 216.499 20180512T191104.143426 20 540
20180512T191104.151612 20 540
20180512T191104.163307 20 540
20180512T191104.171294 194.845 200.349 98.4487 84.473 106.845 225.365 215.553 250.716 216.741 20180512T191104.171294 20 540
20180512T191104.183412 20 540
20180512T191104.195298 20 540
20180512T191104.203287 195.116 200.577 98.41 85.0876 106.465 225.312 215.707 250.884 216.766 20180512T191104.203287 20 540
20180512T191104.215388 20 540
20180512T191104.223369 20 540
20180512T191104.235294 195.123 200.736 98.4908 85.0256 106 225.443 216.204 250.956 216.936 20180512T191104.235294 20 540
20180512T191104.244470 20 540
20180512T191104.255358 20 540
20180512T191104.263345 195.289 201.007 98.9906 84.9543 105.316 225.613 216.132 251.204 217.416 20180512T191104.263345 20 540
20180512T191104.275380 20 540
20180512T191104.283359 20 540
20180512T191104.295422 195.517 200.962 98.8938 85.2214 105.459 225.772 216.244 251.47 217.325 20180512T191104.295422 20 540
20180512T191104.303399 20 540
20180512T191104.315363 20 540
20180512T191104.323419 195.622 201.009 98.9121 85.4866 106.588 225.742 216.313 251.876 217.519 20180512T191104.323419 20 540
20180512T191104.335458 20 540
20180512T191104.343373 20 540
20180512T191104.355288 195.797 201.116 99.3857 85.2735 106.635 225.95 216.481 251.824 217.605 20180512T191104.355288 20 540
20180512T191104.363424 20 540
20180512T191104.375298 20 540
20180512T191104.383279 195.552 201.168 99.3379 85.1649 106.082 225.658 216.658 251.733 217.676 20180512T191104.383279 20 540
20180512T191104.395385 20 540
20180512T191104.403308 20 540
20180512T191104.415326 195.663 201.122 99.3163 85.3297 106.065 225.89 216.291 251.97 217.456 20180512T191104.415326 20 540
20180512T191104.423391 20 540
20180512T191104.435339 20 540
20180512T191104.447285 196.017 200.569 99.3769 85.6837 105.166 226.223 215.754 252.132 216.904 20180512T191104.447285 20 540
20180512T191105.757890 20 1060
20180512T191105.769948 20 1060
20180512T191105.776955 206.146 253.124 100.332 90.9249 86.8442 231.264 248.159 255.237 247.686 20180512T191105.776955 20 1060
20180512T191105.788002 20 1060
20180512T191105.795392 20 1060
20180512T191105.807536 205.945 253.651 100.74 91.6238 85.8262 230.913 248.641 254.989 248.466 20180512T191105.807536 20 1060
20180512T191105.815456 20 1060
20180512T191105.827330 20 1060
20180512T191105.835447 205.788 254.186 101.298 91.8895 85.6823 230.678 249.167 254.861 249.118 20180512T191105.835447 20 1060
20180512T191105.847462 20 1060
20180512T191105.855411 20 1060
20180512T191105.867267 205.64 254.579 101.75 92.3967 85.1481 230.622 249.249 254.817 249.317 20180512T191105.867267 20 1060
20180512T191105.875347 20 1060
20180512T191105.887274 20 1060
20180512T191105.895347 205.336 254.944 101.96 92.7472 83.9918 230.391 249.714 254.353 249.429 20180512T191105.895347 20 1060
20180512T191105.907368 20 1060
20180512T191105.915355 20 1060
20180512T191105.927331 204.791 255.24 102.862 92.7028 82.8692 229.906 250.125 253.739 249.833 20180512T191105.927331 20 1060
20180512T191105.935379 20 1060
20180512T191105.947344 20 1060
20180512T191105.959330 204.178 255.734 102.836 93.1283 83.0924 229.429 250.339 253.265 249.935 20180512T191105.959330 20 1060
20180512T191105.967380 20 1060
20180512T191105.979347 20 1060
20180512T191105.987326 203.971 256.095 103.326 93.0563 81.9326 228.913 250.641 253.154 250.34 20180512T191105.987326 20 1060
20180512T191105.999454 20 1060
20180512T191106.007340 20 1060
20180512T191106.019263 203.773 256.298 103.598 93.3391 82.3131 228.756 250.756 253.075 250.458 20180512T191106.019263 20 1060
20180512T191106.027380 20 1060
20180512T191106.039281 20 1060
20180512T191106.047295 203.883 256.283 103.675 93.5198 83.9591 229.144 250.806 253.135 250.478 20180512T191106.047295 20 1060
20180512T191106.059395 20 1060
20180512T191106.067423 20 1060
20180512T191106.079264 204.186 256.435 103.911 93.2811 83.7332 229.497 250.787 253.459 250.622 20180512T191106.079264 20 1060
20180512T191106.087544 20 1060
20180512T191106.099265 20 1060
20180512T191106.107250 204.174 256.669 103.5 93.2176 81.2376 229.513 251.026 253.382 251.039 20180512T191106.107250 20 1060
20180512T191106.119376 20 1060
20180512T191106.127259 20 1060
20180512T191106.139244 203.827 256.609 103.469 93.2949 80.9631 229.198 250.789 253.053 250.95 20180512T191106.139244 20 1060
20180512T191106.147404 20 1060
20180512T191106.159268 20 1060
20180512T191106.167367 204.298 256.418 103.463 93.153 81.393 229.541 250.739 253.309 250.53 20180512T191106.167367 20 1060
20180512T191106.179360 20 1060
20180512T191106.187333 20 1060
20180512T191106.199245 204.414 256.09 103.2 93.142 80.5566 229.641 250.421 253.481 250.343 20180512T191106.199245 20 1060
20180512T191106.211447 20 1060
20180512T191106.219333 20 1060
20180512T191106.231325 203.939 256.056 103.148 93.0417 81.4084 229.14 250.575 253.237 250.314 20180512T191106.231325 20 1060
20180512T191106.239350 20 1060
20180512T191106.251339 20 1060
20180512T191106.259384 203.426 256.458 103.044 92.9187 82.3395 228.682 250.751 252.553 250.588 20180512T191106.259384 20 1060
20180512T191106.271359 20 1060
20180512T191106.279335 20 1060
20180512T191106.291319 202.889 256.294 102.816 92.6144 81.6572 228.178 251.05 251.904 250.769 20180512T191106.291319 20 1060
20180512T191106.299654 20 1060
20180512T191106.311341 20 1060
20180512T191106.319386 202.793 256.324 102.627 92.4662 82.2568 228.26 250.922 252.054 250.812 20180512T191106.319386 20 1060
20180512T191106.332491 20 1060
20180512T191106.339422 20 1060
20180512T191106.351253 202.723 256.297 102.559 92.3747 81.7191 227.864 250.879 251.638 250.722 20180512T191106.351253 20 1060
20180512T191106.359343 20 1060
20180512T191106.371261 20 1060
20180512T191106.379254 202.918 256.232 102.288 92.4046 83.5909 228.283 250.848 251.759 250.81 20180512T191106.379254 20 1060
20180512T191106.391547 20 1060
20180512T191106.399319 20 1060
20180512T191106.411240 203.227 255.985 102.194 91.681 81.7689 228.301 250.732 252.22 250.649 20180512T191106.411240 20 1060
20180512T191106.419358 20 1060
20180512T191106.431255 20 1060
20180512T191106.439342 203.251 255.987 102.093 91.8843 82.5287 228.371 250.629 252.306 250.425 20180512T191106.439342 20 1060
20180512T191106.451280 20 1060
20180512T191106.463266 20 1060
20180512T191106.471251 203.456 255.748 101.752 91.9798 82.3262 228.5 250.5 252.443 250.22 20180512T191106.471251 20 1060
20180512T191106.483433 20 1060
20180512T191106.491384 20 1060
20180512T191106.503252 203.71 255.462 101.426 91.995 83.0727 228.613 250.485 252.704 250.016 20180512T191106.503252 20 1060
20180512T191106.511327 20 1060
20180512T191106.523362 20 1060
20180512T191106.531342 203.756 255.267 101.802 91.7398 84.739 228.453 250.468 253.071 250.165 20180512T191106.531342 20 1060
20180512T191106.543329 20 1060
20180512T191106.551347 20 1060
20180512T191106.563255 203.673 255.246 101.782 91.7971 83.2719 228.5 250.5 252.764 249.938 20180512T191106.563255 20 1060
20180512T191106.571796 20 1060
20180512T191106.583253 20 1060
20180512T191106.591367 203.407 255.366 101.689 91.9894 83.4559 228.453 250.468 252.298 249.884 20180512T191106.591367 20 1060
20180512T191106.603312 20 1060
20180512T191106.611363 20 1060
20180512T191106.623389 203.087 255.633 101.346 92.0371 83.8465 227.96 250.473 252.073 250.319 20180512T191106.623389 20 1060
20180512T191106.631352 20 1060
20180512T191106.643289 20 1060
20180512T191106.651238 202.918 255.638 101.305 91.9435 83.2954 228 250.566 251.978 250.367 20180512T191106.651238 20 1060
20180512T191106.663447 20 1060
20180512T191106.671388 20 1060
20180512T191106.683241 206.779 253.618 101.527 93.0256 83.7648 230.359 249.255 254.598 248.974 20180512T191106.683241 20 1060
20180512T191106.691378 20 1060
20180512T191106.703257 20 1060
20180512T191106.715251 206.456 253.878 102.046 92.2229 83.7413 230.228 249.5 254.487 249.239 20180512T191106.715251 20 1060
20180512T191106.723403 20 1060
20180512T191106.735262 20 1060
20180512T191106.743249 206.521 253.679 101.92 92.8465 84.13 229.989 249.688 254.3 249.435 20180512T191106.743249 20 1060
20180512T191106.755360 20 1060
20180512T191106.763403 20 1060
20180512T191106.775251 206.325 253.937 101.97 93.0851 84.3001 229.796 249.93 254.058 249.72 20180512T191106.775251 20 1060
20180512T191106.783433 20 1060
20180512T191106.795253 20 1060
20180512T191106.803248 206.119 253.93 102.397 92.6854 84.4959 229.621 249.897 253.804 249.522 20180512T191106.803248 20 1060
20180512T191106.816239 20 1060
20180512T191106.823414 20 1060
20180512T191106.835244 206.247 254.035 102.286 92.8216 84.2688 229.662 249.945 253.804 249.522 20180512T191106.835244 20 1060
20180512T191106.844235 20 1060
20180512T191106.855409 20 1060
20180512T191106.863310 204.055 255.038 101.962 92.6461 85.4354 228.724 250.5 252.802 250.07 20180512T191106.863310 20 1060
20180512T191106.875424 20 1060
20180512T191106.883322 20 1060
20180512T191106.895237 203.576 255.117 102.005 92.5422 82.8013 228.374 250.528 252.355 250.165 20180512T191106.895237 20 1060
20180512T191106.903464 20 1060
20180512T191106.915324 20 1060
20180512T191106.923307 203.345 255.137 101.474 92.5573 82.4089 228.453 250.468 252.262 250.16 20180512T191106.923307 20 1060
20180512T191106.935344 20 1060
20180512T191106.943325 20 1060
20180512T191106.955363 203.698 254.746 101.789 92.3572 82.5944 228.439 250.152 252.667 250 20180512T191106.955363 20 1060
20180512T191106.967351 20 1060
20180512T191106.975319 20 1060
20180512T191106.987369 203.832 254.587 101.499 92.2759 82.7263 228.898 249.911 252.843 249.866 20180512T191106.987369 20 1060
20180512T191106.995349 20 1060
20180512T191107.007323 20 1060
20180512T191107.015312 203.702 254.924 101.56 92.4233 84.3956 228.62 250.208 252.682 250.09 20180512T191107.015312 20 1060
20180512T191107.028250 20 1060
20180512T191107.035331 20 1060
20180512T191107.047319 203.613 255.272 101.617 92.4915 82.8365 228.724 250.5 252.606 250.199 20180512T191107.047319 20 1060
20180512T191107.056329 20 1060
20180512T191107.067404 20 1060
20180512T191107.075370 203.637 255.376 101.685 92.1822 82.7767 228.724 250.5 253.092 250.272 20180512T191107.075370 20 1060
20180512T191107.087435 20 1060
20180512T191107.095388 20 1060
20180512T191107.107383 203.97 255.475 102.077 92.0808 83.7618 228.897 250.608 253.022 250.21 20180512T191107.107383 20 1060
20180512T191107.115549 20 1060
20180512T191107.127250 20 1060
20180512T191107.135235 204.28 255.586 102.414 92.0393 83.5254 229.14 250.575 253.133 250.364 20180512T191107.135235 20 1060
20180512T191107.147319 20 1060
20180512T191107.155404 20 1060
20180512T191107.167232 204.705 255.62 102.164 92.701 83.2477 229.765 250.587 253.628 250.628 20180512T191107.167232 20 1060
20180512T191107.175352 20 1060
20180512T191107.187255 20 1060
20180512T191107.195363 204.952 255.844 102.327 92.276 85.0399 230.1 250.486 253.889 250.732 20180512T191107.195363 20 1060
20180512T191107.207275 20 1060
20180512T191107.219255 20 1060
20180512T191107.227237 205.242 255.968 102.46 92.4141 85.2367 230.333 250.826 253.974 250.916 20180512T191107.227237 20 1060
20180512T191107.239317 20 1060
20180512T191107.247335 20 1060
20180512T191108.469100 303.54 244.447 81.4175 80.2333 116.934 295.189 245.928 317.96 245.773 20180512T191108.469100 960 1060
20180512T191108.479385 960 1060
20180512T191108.487331 960 1060
20180512T191108.499297 303.665 244.278 81.0563 80.0528 112.282 295.189 245.928 317.962 245.686 20180512T191108.499297 960 1060
20180512T191108.507388 960 1060
20180512T191108.519280 960 1060
20180512T191108.527273 303.344 243.924 80.7705 79.6674 129.163 294.921 245.714 317.756 245.357 20180512T191108.527273 960 1060
20180512T191108.539361 960 1060
20180512T191108.547254 960 1060
20180512T191108.559282 303.239 243.68 80.2878 79.0303 116.096 294.771 245.078 317.828 245.052 20180512T191108.559282 960 1060
20180512T191108.567299 960 1060
20180512T191108.579253 960 1060
20180512T191108.587516 302.897 243.605 80.1121 78.6451 128.605 294.535 245.152 317.214 245.151 20180512T191108.587516 960 1060
20180512T191108.599289 960 1060
20180512T191108.607228 960 1060
20180512T191108.619209 302.434 243.612 79.4961 78.3861 119.966 294 244.844 316.819 245.188 20180512T191108.619209 960 1060
20180512T191108.628148 960 1060
20180512T191108.639217 960 1060
20180512T191108.647231 301.813 243.537 79.1205 78.4146 141.684 293.497 245.05 316.183 245.059 20180512T191108.647231 960 1060
20180512T191108.660161 960 1060
20180512T191108.668112 960 1060
20180512T191108.679209 301.287 243.543 78.8707 78.0834 110.778 292.88 244.812 315.988 244.726 20180512T191108.679209 960 1060
20180512T191108.687307 960 1060
20180512T191108.699218 960 1060
20180512T191108.707212 301.276 243.489 78.8992 78.0987 111.55 292.731 245 315.661 244.702 20180512T191108.707212 960 1060
20180512T191108.720119 960 1060
20180512T191108.731230 960 1060
20180512T191108.739302 301.252 243.473 78.9347 78.059 115.335 292.667 244.779 315.83 244.752 20180512T191108.739302 960 1060
20180512T191108.752086 960 1060
20180512T191108.759320 960 1060
20180512T191108.771209 301.437 243.44 79.0316 78.2417 111.945 293.016 244.859 316.071 244.851 20180512T191108.771209 960 1060
20180512T191108.780169 960 1060
20180512T191108.791213 960 1060
20180512T191108.799341 301.55 243.308 79.1833 78.3237 120.256 292.868 244.721 316 244.654 20180512T191108.799341 960 1060
20180512T191108.811245 960 1060
20180512T191108.819214 960 1060
20180512T191108.831202 301.518 243.186 79.0486 78.6646 108.862 292.891 244.552 316 244.5 20180512T191108.831202 960 1060
20180512T191108.839303 960 1060
20180512T191108.851211 960 1060
20180512T191108.859193 301.495 243.197 79.4425 78.9938 141.874 292.949 244.533 315.926 244.574 20180512T191108.859193 960 1060
20180512T191108.871227 960 1060
20180512T191108.879203 960 1060
20180512T191108.891197 301.333 243.436 79.7702 79.0724 121.331 292.657 244.854 315.696 244.875 20180512T191108.891197 960 1060
20180512T191108.899358 960 1060
20180512T191108.911274 960 1060
20180512T191108.919250 300.984 243.469 80.0539 79.466 135.872 292.552 245.295 315.091 245.222 20180512T191108.919250 960 1060
20180512T191108.931302 960 1060
20180512T191108.939279 960 1060
20180512T191108.951266 301.338 243.654 80.2929 79.9494 160.866 292.677 245.385 315.621 245.155 20180512T191108.951266 960 1060
20180512T191108.959317 960 1060
20180512T191108.971290 960 1060
20180512T191108.983280 301.643 243.649 81.2721 80.0807 127.114 292.747 245.303 315.966 245.147 20180512T191108.983280 960 1060
20180512T191108.992209 960 1060
20180512T191109.004111 960 1060
20180512T191109.011364 301.606 243.751 81.3495 80.8713 120.479 292.788 245.404 315.824 245.346 20180512T191109.011364 960 1060
20180512T191109.023317 960 1060
20180512T191109.031304 960 1060
20180512T191109.043277 301.514 243.851 81.7058 81.3653 119.222 292.857 245.714 315.703 245.333 20180512T191109.043277 960 1060
20180512T191109.051309 960 1060
20180512T191109.063348 960 1060
20180512T191109.071321 301.379 243.87 82.1563 81.6614 148.938 292.802 245.693 315.703 245.333 20180512T191109.071321 960 1060
20180512T191109.084187 960 1060
20180512T191109.091332 960 1060
20180512T191109.103192 301.226 243.954 82.9044 82.426 143.034 292.802 245.693 315.596 245.481 20180512T191109.103192 960 1060
20180512T191109.111259 960 1060
20180512T191109.123202 960 1060
20180512T191109.131198 301.217 244 83.1366 82.773 158.441 292.781 245.803 315.444 245.679 20180512T191109.131198 960 1060
20180512T191109.143238 960 1060
20180512T191109.151304 960 1060
20180512T191109.163192 300.867 244.257 83.7179 83.4502 125.928 292.618 245.632 315.241 245.6 20180512T191109.163192 960 1060
20180512T191109.171305 960 1060
20180512T191109.183208 960 1060
20180512T191109.191202 300.633 244.332 84.4522 84.1478 134.792 292.338 245.512 315.023 245.517 20180512T191109.191202 960 1060
20180512T191109.203232 960 1060
20180512T191109.211214 960 1060
20180512T191109.223195 300.487 244.062 85.1388 84.3326 163.646 292.343 245.333 314.93 245.654 20180512T191109.223195 960 1060
20180512T191109.235237 960 1060
20180512T191109.243205 960 1060
20180512T191109.255197 300.738 243.747 85.4715 85.0134 163.012 292.295 244.903 315.133 245 20180512T191109.255197 960 1060
20180512T191109.263292 960 1060
20180512T191109.275207 960 1060
20180512T191109.283194 300.872 243.302 86.3935 85.4104 134.789 292.5 244.5 315.392 244.678 20180512T191109.283194 960 1060
20180512T191109.295228 960 1060
20180512T191109.303250 960 1060
20180512T191109.315204 300.749 243.463 86.9543 85.8054 150.786 292.485 244.583 315.392 244.678 20180512T191109.315204 960 1060
20180512T191109.323231 960 1060
20180512T191109.335209 960 1060
20180512T191109.343198 300.716 243.679 87.4301 86.303 155.844 292.5 244.667 315.164 244.692 20180512T191109.343198 960 1060
20180512T191109.356145 960 1060
20180512T191109.363357 960 1060
20180512T191109.375196 300.527 243.747 87.3533 86.4999 154.646 292.329 244.822 314.863 244.792 20180512T191109.375196 960 1060
20180512T191109.384260 960 1060
20180512T191109.395358 960 1060
20180512T191109.403340 300.379 243.816 87.4814 86.6395 145.125 292.237 244.845 314.718 245.058 20180512T191109.403340 960 1060
20180512T191109.416265 960 1060
20180512T191109.423265 960 1060
20180512T191109.435330 300.244 243.933 87.9827 86.7813 159.962 292.201 244.824 314.689 245.083 20180512T191109.435330 960 1060
20180512T191109.443289 960 1060
20180512T191109.455291 960 1060
20180512T191109.463345 300.044 244.108 88.38 87.3539 157.831 291.799 244.971 314.556 245.14 20180512T191109.463345 960 1060
20180512T191109.475290 960 1060
20180512T191109.487204 960 1060
20180512T191109.495194 300.135 244.261 88.4781 87.8119 167.9 291.805 245.067 314.552 245.253 20180512T191109.495194 960 1060
20180512T191109.507231 960 1060
20180512T191109.515204 960 1060
20180512T191109.527197 300.203 244.177 88.7144 88.2005 132.474 291.902 245.069 314.5 245.173 20180512T191109.527197 960 1060
20180512T191109.535254 960 1060
20180512T191109.547194 960 1060
20180512T191109.555279 299.99 244.053 89.1747 88.3254 161.11 291.801 244.871 314.56 244.969 20180512T191109.555279 960 1060
20180512T191109.567227 960 1060
20180512T191109.575196 960 1060
20180512T191109.587185 300.093 243.84 89.6911 88.7265 159.348 291.614 244.952 314.589 244.857 20180512T191109.587185 960 1060
20180512T191109.596182 960 1060
20180512T191109.607274 960 1060
20180512T191109.615188 300.039 243.985 89.5629 89.2936 166.534 291.451 245.074 314.403 245.032 20180512T191109.615188 960 1060
20180512T191109.628131 960 1060
20180512T191109.636092 960 1060
20180512T191109.647179 299.67 244.333 90.0454 89.7186 148.692 291.014 245.374 314.05 245.308 20180512T191109.647179 960 1060
20180512T191109.655253 960 1060
20180512T191109.667232 960 1060
20180512T191109.675205 299.373 244.41 90.4999 89.8357 156.581 290.769 245.565 313.881 245.476 20180512T191109.675205 960 1060
20180512T191109.687280 960 1060
20180512T191109.695256 960 1060
20180512T191109.707244 299.3 244.474 90.6585 90.2259 172.593 290.865 245.849 313.582 245.941 20180512T191109.707244 960 1060
20180512T191109.715521 960 1060
20180512T191109.727254 960 1060
20180512T191109.739246 299.322 244.475 90.8085 90.4873 176.539 290.865 245.849 313.725 245.608 20180512T191109.739246 960 1060
20180512T191109.748256 960 1060
20180512T191109.760158 960 1060
20180512T191109.767266 299.337 244.481 90.846 90.4816 0.579758 290.964 245.901 313.581 245.79 20180512T191109.767266 960 1060
20180512T191109.780270 960 1060
20180512T191109.787316 960 1060
20180512T191109.799177 299.228 244.661 91.1546 90.3622 14.2951 290.657 245.977 313.5 246.173 20180512T191109.799177 960 1060
20180512T191109.808209 960 1060
20180512T191109.819233 960 1060
20180512T191109.827278 298.782 244.833 91.3785 90.8765 140.551 290.385 245.906 313.164 246.254 20180512T191109.827278 960 1060
20180512T191109.840122 960 1060
20180512T191109.847321 960 1060
20180512T191109.859181 298.46 244.992 91.1841 90.8945 169.235 290.21 246.143 313 246.218 20180512T191109.859181 960 1060
20180512T191109.867276 960 1060
20180512T191109.879192 960 1060
20180512T191109.887178 298.156 245.148 91.1337 90.8532 38.616 289.721 246 312.62 246.251 20180512T191109.887178 960 1060
20180512T191109.899285 960 1060
20180512T191109.907255 960 1060
20180512T191109.919256 297.833 245.521 91.34 91.0939 33.8639 289.641 246.421 312.362 246.412 20180512T191109.919256 960 1060
20180512T191109.927317 960 1060
20180512T191109.939256 960 1060
20180512T191109.947251 297.633 245.545 91.4465 91.2496 98.9092 288.908 246.285 312.115 246.517 20180512T191109.947251 960 1060
20180512T191109.960167 960 1060
20180512T191109.967263 960 1060
20180512T191111.525808 401.409 231.642 103.927 99.5869 81.1506 360.561 237.525 383.992 237.808 20180512T191111.525808 1900 1060
20180512T191111.532426 1900 1060
20180512T191111.543488 1900 1060
20180512T191111.551287 401.521 231.811 104.319 99.7493 76.7872 360.731 237.965 383.893 237.988 20180512T191111.551287 1900 1060
20180512T191111.563469 1900 1060
20180512T191111.571417 1900 1060
20180512T191111.583294 401.653 231.831 104.056 99.9528 80.833 360.98 238.078 383.992 237.808 20180512T191111.583294 1900 1060
20180512T191111.591321 1900 1060
20180512T191111.603185 1900 1060
20180512T191111.611161 401.938 231.727 104.211 99.753 82.1188 360.932 237.986 384.144 237.667 20180512T191111.611161 1900 1060
20180512T191111.623357 1900 1060
20180512T191111.631318 1900 1060
20180512T191111.643185 401.703 231.625 104.173 100.493 86.7987 360.84 237.624 384.067 237.133 20180512T191111.643185 1900 1060
20180512T191111.652146 1900 1060
20180512T191111.663325 1900 1060
20180512T191111.671215 401.588 231.334 104.116 100.603 89.3645 360.729 237.213 383.706 236.989 20180512T191111.671215 1900 1060
20180512T191111.683269 1900 1060
20180512T191111.691163 1900 1060
20180512T191111.703153 401.294 230.941 104.1 100.985 88.9778 360.498 236.772 383.705 236.084 20180512T191111.703153 1900 1060
20180512T191111.711266 1900 1060
20180512T191111.723166 1900 1060
20180512T191111.731160 401.168 230.398 104.344 100.845 84.7321 360.309 236.343 383.682 235.859 20180512T191111.731160 1900 1060
20180512T191111.743263 1900 1060
20180512T191111.755172 1900 1060
20180512T191111.763149 401.139 230.459 104.435 101.012 86.4496 360.232 236.256 383.226 235.856 20180512T191111.763149 1900 1060
20180512T191111.775264 1900 1060
20180512T191111.783312 1900 1060
20180512T191111.795150 400.792 230.56 104.229 101.711 89.567 359.871 236.747 382.949 236.252 20180512T191111.795150 1900 1060
20180512T191111.804235 1900 1060
20180512T191111.815179 1900 1060
20180512T191111.823240 400.767 230.427 104.802 101.381 85.3053 359.44 236.753 382.51 236.031 20180512T191111.823240 1900 1060
20180512T191111.835260 1900 1060
20180512T191111.843278 1900 1060
20180512T191111.855148 400.707 230.27 105.367 101.617 85.1834 359.294 236.544 382.477 236.097 20180512T191111.855148 1900 1060
20180512T191111.863337 1900 1060
20180512T191111.875162 1900 1060
20180512T191111.883143 400.663 230.294 105.189 102.314 82.8688 359.156 236.476 382.443 235.847 20180512T191111.883143 1900 1060
20180512T191111.896139 1900 1060
20180512T191111.904055 1900 1060
20180512T191111.915155 400.689 230.2 105.864 102.526 83.5736 359.536 236.321 382.762 235.873 20180512T191111.915155 1900 1060
20180512T191111.923246 1900 1060
20180512T191111.935226 1900 1060
20180512T191111.943200 400.913 230.275 106.238 102.916 88.4616 359.623 236.242 382.671 236.008 20180512T191111.943200 1900 1060
20180512T191111.955248 1900 1060
20180512T191111.963227 1900 1060
20180512T191111.975214 400.7 230.239 106.434 103.209 87.8719 359.636 236.126 382.811 235.978 20180512T191111.975214 1900 1060
20180512T191111.984235 1900 1060
20180512T191111.995156 1900 1060
20180512T191112.007150 400.593 230.044 106.481 103.468 88.7135 359.855 235.996 382.942 235.919 20180512T191112.007150 1900 1060
20180512T191112.016222 1900 1060
20180512T191112.027242 1900 1060
20180512T191112.035282 400.792 229.973 106.912 103.574 88.0644 359.882 235.971 383.341 235.574 20180512T191112.035282 1900 1060
20180512T191112.048146 1900 1060
20180512T191112.056049 1900 1060
20180512T191112.067158 400.807 230.069 107 103.695 89.8618 360.201 235.882 383.391 235.64 20180512T191112.067158 1900 1060
20180512T191112.075321 1900 1060
20180512T191112.087164 1900 1060
20180512T191112.095147 400.656 230.112 106.929 104.012 89.6293 360.09 235.896 383.299 236.128 20180512T191112.095147 1900 1060
20180512T191112.107489 1900 1060
20180512T191112.115232 1900 1060
20180512T191112.127138 400.748 230.097 106.969 103.984 88.0771 360.056 236.023 383.791 235.962 20180512T191112.127138 1900 1060
20180512T191112.135220 1900 1060
20180512T191112.147155 1900 1060
20180512T191112.155128 400.924 230.125 107.125 103.799 87.2466 360.343 235.931 383.885 236.094 20180512T191112.155128 1900 1060
20180512T191112.167238 1900 1060
20180512T191112.175148 1900 1060
20180512T191112.187141 401.332 229.934 107.05 103.744 85.0469 360.82 235.793 384.265 235.895 20180512T191112.187141 1900 1060
20180512T191112.195239 1900 1060
20180512T191112.207157 1900 1060
20180512T191112.215190 401.43 229.563 106.675 103.755 83.4212 360.794 235.49 384.529 235.458 20180512T191112.215190 1900 1060
20180512T191112.227921 1900 1060
20180512T191112.235231 1900 1060
20180512T191112.247152 402.014 229.561 106.371 103.023 87.9634 360.952 235.411 384.694 235.94 20180512T191112.247152 1900 1060
20180512T191112.259264 1900 1060
20180512T191112.267225 1900 1060
20180512T191112.279280 401.741 229.746 106.237 102.677 93.3241 360.9 235.381 384.409 235.955 20180512T191112.279280 1900 1060
20180512T191112.287243 1900 1060
20180512T191112.299235 1900 1060
20180512T191112.307223 401.539 229.703 105.724 102.833 92.6959 360.952 235.411 384.415 235.59 20180512T191112.307223 1900 1060
20180512T191112.319278 1900 1060
20180512T191112.327309 1900 1060
20180512T191112.339140 401.583 229.671 105.707 102.513 88.2125 361.015 235.25 384.584 235.229 20180512T191112.339140 1900 1060
20180512T191112.347314 1900 1060
20180512T191112.359153 1900 1060
20180512T191112.367210 401.719 229.536 105.285 101.996 94.8244 361.251 235.119 384.384 235.375 20180512T191112.367210 1900 1060
20180512T191112.379180 1900 1060
20180512T191112.387248 1900 1060
20180512T191112.399143 401.677 229.635 105.305 101.534 92.6876 361.059 235.289 384.218 235.338 20180512T191112.399143 1900 1060
20180512T191112.407244 1900 1060
20180512T191112.419166 1900 1060
20180512T191112.427139 401.732 229.465 105.13 101.329 90.3924 361.221 234.897 384.274 235.005 20180512T191112.427139 1900 1060
20180512T191112.439222 1900 1060
20180512T191112.447274 1900 1060
20180512T191112.459141 401.85 229.217 104.964 101.164 91.7515 361.365 234.594 384.432 234.927 20180512T191112.459141 1900 1060
20180512T191112.467214 1900 1060
20180512T191112.479159 1900 1060
20180512T191112.487243 402.129 228.823 105.305 101.147 85.906 361.856 234.423 384.45 234.531 20180512T191112.487243 1900 1060
20180512T191112.499299 1900 1060
20180512T191112.511150 1900 1060
20180512T191112.519121 402.204 228.537 104.787 101.063 82.9125 361.897 234.392 384.471 234.271 20180512T191112.519121 1900 1060
20180512T191112.532005 1900 1060
20180512T191112.539262 1900 1060
20180512T191112.551137 402.166 228.632 105.012 101.027 85.0939 361.856 234.423 384.306 234.544 20180512T191112.551137 1900 1060
20180512T191112.559249 1900 1060
20180512T191112.571180 1900 1060
20180512T191112.579245 402.18 228.645 105.034 100.765 84.5731 361.856 234.423 384.353 234.377 20180512T191112.579245 1900 1060
20180512T191112.591271 1900 1060
20180512T191112.599182 1900 1060
20180512T191112.611163 401.781 228.936 104.773 100.5 89.1006 361.429 234.51 384.153 234.482 20180512T191112.611163 1900 1060
20180512T191112.619200 1900 1060
20180512T191112.631280 1900 1060
20180512T191112.639172 401.354 229.032 105.092 100.446 86.7829 360.948 234.469 383.775 234.791 20180512T191112.639172 1900 1060
20180512T191112.652002 1900 1060
20180512T191112.659213 1900 1060
20180512T191112.671167 401.335 229.238 104.906 100.433 87.5143 361 234.5 383.605 234.675 20180512T191112.671167 1900 1060
20180512T191112.680325 1900 1060
20180512T191112.691151 1900 1060
20180512T191112.699129 401.665 228.999 104.916 99.9588 87.5507 361.5 234.5 384.072 234.478 20180512T191112.699129 1900 1060
20180512T191112.711295 1900 1060
20180512T191112.719269 1900 1060
20180512T191112.731127 401.565 228.884 104.481 100.475 88.0157 361.458 234.471 384.067 234.408 20180512T191112.731127 1900 1060
20180512T191112.739232 1900 1060
20180512T191112.751138 1900 1060
20180512T191112.763135 401.588 228.732 104.49 100.09 85.2961 361.591 234.262 384.046 234.318 20180512T191112.763135 1900 1060
20180512T191112.771187 1900 1060
20180512T191112.783149 1900 1060
20180512T191112.791127 401.577 228.496 104.279 100.364 83.2705 361.868 234.196 384.157 233.771 20180512T191112.791127 1900 1060
20180512T191112.803238 1900 1060
20180512T191112.811182 1900 1060
20180512T191112.823140 401.645 228.426 104.239 100.1 83.9175 361.858 234.004 384.117 233.829 20180512T191112.823140 1900 1060
20180512T191112.831302 1900 1060
20180512T191112.843145 1900 1060
20180512T191112.851127 402.065 228.422 104.626 98.9707 82.1156 361.635 234.073 384.24 234.036 20180512T191112.851127 1900 1060
20180512T191112.863300 1900 1060
20180512T191112.871140 1900 1060
20180512T191112.883132 401.825 228.411 104.114 100.152 82.4669 362 234 384.24 234.036 20180512T191112.883132 1900 1060
20180512T191112.892076 1900 1060
20180512T191112.904098 1900 1060
20180512T191112.911251 401.756 228.343 103.966 99.6932 84.4548 362 234 384.24 234.036 20180512T191112.911251 1900 1060
20180512T191112.923231 1900 1060
20180512T191112.931195 1900 1060
20180512T191112.943191 402.042 228.258 104.223 98.7719 83.9281 361.868 233.895 384.24 234.036 20180512T191112.943191 1900 1060
20180512T191112.951219 1900 1060
20180512T191112.963209 1900 1060
20180512T191112.971252 401.89 228.107 103.739 99.653 79.4515 362.142 233.951 384.224 234.152 20180512T191112.971252 1900 1060
20180512T191112.983233 1900 1060
20180512T191112.991215 1900 1060
20180512T191113.003204 402.18 227.787 103.604 99.4861 80.3313 362.3 233.435 384.541 233.739 20180512T191113.003204 1900 1060
20180512T191113.016078 1900 1060
