16141028623 960 540
16141028635 960 540
16141028643 960 540
16141028655 960 540
16141028663 960 540
16141028675 960 540
16141028683 960 540
16141028695 960 540
16141028703 960 540
16141028715 960 540
16141028727 960 540
16141028735 960 540
16141028747 960 540
16141028755 960 540
16141028767 960 540
16141028775 960 540
16141028787 960 540
16141028795 960 540
16141028807 960 540
16141028815 960 540
16141028827 960 540
16141028835 960 540
16141028847 960 540
16141028855 960 540
16141028867 960 540
16141028875 960 540
16141028887 960 540
16141028895 960 540
16141028907 960 540
16141028915 960 540
16141028927 960 540
16141028935 960 540
16141028947 960 540
16141028955 960 540
16141028967 960 540
16141028979 960 540
16141028987 960 540
16141028999 960 540
16141029007 960 540
16141029019 960 540
16141029027 960 540
16141029039 960 540
16141029047 960 540
16141029059 960 540
16141029067 960 540
16141029079 960 540
16141029087 960 540
16141029099 960 540
16141029107 960 540
16141029119 960 540
16141029127 960 540
16141029139 960 540
16141029147 960 540
16141029159 960 540
16141029167 960 540
16141029179 960 540
16141029187 960 540
16141029199 960 540
16141029207 960 540
16141029219 960 540
16141029231 960 540
16141029239 960 540
16141029251 960 540
16141029259 960 540
16141029271 960 540
16141029279 960 540
16141029291 960 540
16141029299 960 540
16141029311 960 540
16141029319 960 540
16141029331 960 540
16141029339 960 540
16141029351 960 540
16141029359 960 540
16141029371 960 540
16141029379 960 540
16141029391 960 540
16141029399 960 540
16141029411 960 540
16141029419 960 540
16141029431 960 540
16141029439 960 540
16141029451 960 540
16141029459 960 540
16141029471 960 540
16141029483 960 540
16141029491 960 540
16141029503 960 540
16141029511 960 540
16141029523 960 540
16141029531 960 540
16141029543 960 540
16141029551 960 540
16141029563 960 540
16141029571 960 540
16141029583 960 540
16141029591 960 540
16141029603 960 540
16141029611 960 540
16141029623 960 540
16141029631 960 540
16141029643 960 540
16141029651 960 540
16141029663 960 540
16141029671 960 540
16141029683 960 540
16141029691 960 540
16141029703 960 540
16141029711 960 540
16141029723 960 540
16141029735 960 540
16141029743 960 540
16141029755 960 540
16141029763 960 540
16141029775 960 540
16141029783 960 540
16141029795 960 540
16141029803 960 540
16141029815 960 540
16141029823 960 540
16141029835 960 540
16141029843 960 540
16141029855 960 540
16141029863 960 540
16141029875 960 540
16141029883 960 540
16141029895 960 540
16141029903 960 540
16141029915 960 540
16141029923 960 540
16141029935 960 540
16141029943 960 540
16141029955 960 540
16141029963 960 540
16141029975 960 540
16141029987 960 540
16141029995 960 540
16141030007 960 540
16141030015 960 540
16141030027 960 540
16141030035 960 540
16141030047 960 540
16141030055 960 540
16141030067 960 540
16141030075 960 540
16141030087 960 540
16141030095 960 540
16141030107 960 540
16141030115 960 540
16141030127 960 190
16141030135 960 190
16141030147 960 190
16141030155 960 190
16141030167 960 190
16141030175 960 190
16141030187 960 190
16141030195 960 190
16141030207 960 190
16141030215 960 190
16141030227 960 190
16141030239 960 190
16141030247 960 190
16141030259 960 190
16141030267 960 190
16141030279 960 190
16141030287 960 190
16141030299 960 190
16141030307 960 190
16141030319 960 190
16141030327 960 190
16141030339 960 190
16141030347 960 190
16141030359 960 190
16141030367 960 190
16141030379 960 190
16141030387 960 190
16141030399 960 190
16141030407 960 190
16141030419 960 190
16141030427 960 190
16141030439 960 190
16141030447 960 190
16141030459 960 190
16141030467 960 190
16141030479 960 190
16141030491 960 190
16141030499 960 190
16141030511 960 190
16141030519 960 190
16141030531 960 190
16141030539 960 190
16141030551 960 190
16141030559 960 190
16141030571 960 190
16141030579 960 190
16141030591 960 190
16141030599 960 190
16141030611 960 190
16141030619 960 190
16141030631 960 190
16141030639 960 190
16141030651 960 190
16141030659 960 190
16141030671 960 190
16141030679 960 190
16141030691 960 190
16141030699 960 190
16141030711 960 190
16141030719 960 190
16141030731 960 190
16141030743 960 190
16141030751 960 190
16141030763 960 190
16141030771 960 190
16141030783 960 190
16141030791 960 190
16141030803 960 190
16141030811 960 190
16141030823 960 190
16141030831 960 190
16141030843 960 190
16141030851 960 190
16141030863 960 190
16141030871 960 190
16141030883 960 190
16141030891 960 190
16141030903 960 190
16141030911 960 190
16141030923 960 190
16141030931 960 190
16141030943 960 190
16141030951 960 190
16141030963 960 190
16141030971 960 190
16141030983 960 190
16141030995 960 190
16141031003 960 190
16141031015 960 190
16141031023 960 190
16141031035 960 190
16141031043 960 190
16141031055 960 190
16141031063 960 190
16141031075 960 190
16141031083 960 190
16141031095 960 190
16141031103 960 190
16141031115 960 190
16141031123 960 190
16141031135 960 190
16141031143 960 190
16141031155 960 190
16141031163 960 190
16141031175 960 190
16141031183 960 190
16141031195 960 190
16141031203 960 190
16141031215 960 190
16141031223 960 190
16141031235 960 190
16141031247 960 190
16141031255 960 190
16141031267 960 190
16141031275 960 190
16141031287 960 190
16141031295 960 190
16141031307 960 190
16141031315 960 190
16141031327 960 190
16141031335 960 190
16141031347 960 190
16141031355 960 190
16141031367 960 190
16141031375 960 190
16141031387 960 190
16141031395 960 190
16141031407 960 190
16141031415 960 190
16141031427 960 190
16141031435 960 190
16141031447 960 190
16141031455 960 190
16141031467 960 190
16141031475 960 190
16141031487 960 190
16141031499 960 190
16141031507 960 190
16141031519 960 190
16141031527 960 190
16141031539 960 190
16141031547 960 190
16141031559 960 190
16141031567 960 190
16141031579 960 190
16141031587 960 190
16141031599 960 190
16141031607 960 190
16141031619 960 190
16141031627 960 540
16141031639 960 540
16141031647 960 540
16141031659 960 540
16141031667 960 540
16141031679 960 540
16141031687 960 540
16141031699 960 540
16141031707 960 540
16141031719 960 540
16141031727 960 540
16141031739 960 540
16141031751 960 540
16141031759 960 540
16141031771 960 540
16141031779 960 540
16141031791 960 540
16141031799 960 540
16141031811 960 540
16141031819 960 540
16141031831 960 540
16141031839 960 540
16141031851 960 540
16141031859 960 540
16141031871 960 540
16141031879 960 540
16141031891 960 540
16141031899 960 540
16141031911 960 540
16141031919 960 540
16141031931 960 540
16141031939 960 540
16141031951 960 540
16141031959 960 540
16141031971 960 540
16141031979 960 540
16141031991 960 540
16141032003 960 540
16141032011 960 540
16141032023 960 540
16141032031 960 540
16141032043 960 540
16141032051 960 540
16141032063 960 540
16141032071 960 540
16141032083 960 540
16141032091 960 540
16141032103 960 540
16141032111 960 540
16141032123 960 540
16141032131 960 540
16141032143 960 540
16141032151 960 540
16141032163 960 540
16141032171 960 540
16141032183 960 540
16141032191 960 540
16141032203 960 540
16141032211 960 540
16141032223 960 540
16141032231 960 540
16141032243 960 540
16141032255 960 540
16141032263 960 540
16141032275 960 540
16141032283 960 540
16141032295 960 540
16141032303 960 540
16141032315 960 540
16141032323 960 540
16141032335 960 540
16141032343 960 540
16141032355 960 540
16141032363 960 540
16141032375 960 540
16141032383 960 540
16141032395 960 540
16141032403 960 540
16141032415 960 540
16141032423 960 540
16141032435 960 540
16141032443 960 540
16141032455 960 540
16141032463 960 540
16141032475 960 540
16141032483 960 540
16141032495 960 540
16141032507 960 540
16141032515 960 540
16141032527 960 540
16141032535 960 540
16141032547 960 540
16141032555 960 540
16141032567 960 540
16141032575 960 540
16141032587 960 540
16141032595 960 540
16141032607 960 540
16141032615 960 540
16141032627 960 540
16141032635 960 540
16141032647 960 540
16141032655 960 540
16141032667 960 540
16141032675 960 540
16141032687 960 540
16141032695 960 540
16141032707 960 540
16141032715 960 540
16141032727 960 540
16141032735 960 540
16141032747 960 540
16141032759 960 540
16141032767 960 540
16141032779 960 540
16141032787 960 540
16141032799 960 540
16141032807 960 540
16141032819 960 540
16141032827 960 540
16141032839 960 540
16141032847 960 540
16141032859 960 540
16141032867 960 540
16141032879 960 540
16141032887 960 540
16141032899 960 540
16141032907 960 540
16141032919 960 540
16141032927 960 540
16141032939 960 540
16141032947 960 540
16141032959 960 540
16141032967 960 540
16141032979 960 540
16141032987 960 540
16141032999 960 540
16141033011 960 540
16141033019 960 540
16141033031 960 540
16141033039 960 540
16141033051 960 540
16141033059 960 540
16141033071 960 540
16141033079 960 540
16141033091 960 540
16141033099 960 540
16141033111 960 540
16141033119 960 540
16141033131 960 715
16141033137 960 715
16141033149 960 715
16141033157 960 715
16141033169 960 715
16141033178 960 715
16141033190 960 715
16141033199 960 715
16141033211 960 715
16141033219 960 715
16141033231 960 715
16141033239 960 715
16141033251 960 715
16141033263 960 715
16141033271 960 715
16141033283 960 715
16141033291 960 715
16141033303 960 715
16141033311 960 715
16141033323 960 715
16141033331 960 715
16141033343 960 715
16141033351 960 715
16141033363 960 715
16141033371 960 715
16141033383 960 715
16141033391 960 715
16141033403 960 715
16141033411 960 715
16141033423 960 715
16141033431 960 715
16141033443 960 715
16141033451 960 715
16141033463 960 715
16141033471 960 715
16141033483 960 715
16141033491 960 715
16141033503 960 715
16141033515 960 715
16141033523 960 715
16141033535 960 715
16141033543 960 715
16141033555 960 715
16141033563 960 715
16141033575 960 715
16141033583 960 715
16141033595 960 715
16141033603 960 715
16141033615 960 715
16141033623 960 715
16141033635 960 715
16141033643 960 715
16141033655 960 715
16141033663 960 715
16141033675 960 715
16141033683 960 715
16141033695 960 715
16141033703 960 715
16141033715 960 715
16141033723 960 715
16141033735 960 715
16141033743 960 715
16141033755 960 715
16141033767 960 715
16141033775 960 715
16141033787 960 715
16141033795 960 715
16141033807 960 715
16141033815 960 715
16141033827 960 715
16141033835 960 715
16141033847 960 715
16141033855 960 715
16141033867 960 715
16141033875 960 715
16141033887 960 715
16141033895 960 715
16141033907 960 715
16141033915 960 715
16141033927 960 715
16141033935 960 715
16141033947 960 715
16141033955 960 715
16141033967 960 715
16141033975 960 715
16141033987 960 715
16141033995 960 715
16141034007 960 715
16141034019 960 715
16141034027 960 715
16141034039 960 715
16141034047 960 715
16141034059 960 715
16141034067 960 715
16141034079 960 715
16141034087 960 715
16141034099 960 715
16141034107 960 715
16141034119 960 715
16141034127 960 715
16141034139 960 715
16141034147 960 715
16141034159 960 715
16141034167 960 715
16141034179 960 715
16141034187 960 715
16141034199 960 715
16141034207 960 715
16141034219 960 715
16141034227 960 715
16141034239 960 715
16141034247 960 715
16141034259 960 715
16141034271 960 715
16141034279 960 715
16141034291 960 715
16141034299 960 715
16141034311 960 715
16141034319 960 715
16141034331 960 715
16141034339 960 715
16141034351 960 715
16141034359 960 715
16141034371 960 715
16141034379 960 715
16141034391 960 715
16141034399 960 715
16141034411 960 715
16141034419 960 715
16141034431 960 715
16141034439 960 715
16141034451 960 715
16141034459 960 715
16141034471 960 715
16141034479 960 715
16141034491 960 715
16141034499 960 715
16141034511 960 715
16141034523 960 715
16141034531 960 715
16141034543 960 715
16141034551 960 715
16141034563 960 715
16141034571 960 715
16141034583 960 715
16141034591 960 715
16141034603 960 715
16141034611 960 715
16141034623 960 715
16141034631 960 540
16141034643 960 540
16141034651 960 540
16141034663 960 540
16141034671 960 540
16141034683 960 540
16141034691 960 540
16141034703 960 540
16141034711 960 540
16141034723 960 540
16141034731 960 540
16141034743 960 540
16141034751 960 540
16141034763 960 540
16141034775 960 540
16141034783 960 540
16141034795 960 540
16141034803 960 540
16141034815 960 540
16141034823 960 540
16141034835 960 540
16141034843 960 540
16141034855 960 540
16141034863 960 540
16141034875 960 540
16141034883 960 540
16141034895 960 540
16141034903 960 540
16141034915 960 540
16141034923 960 540
16141034935 960 540
16141034943 960 540
16141034955 960 540
16141034963 960 540
16141034975 960 540
16141034983 960 540
16141034995 960 540
16141035003 960 540
16141035015 960 540
16141035027 960 540
16141035035 960 540
16141035047 960 540
16141035055 960 540
16141035067 960 540
16141035075 960 540
16141035087 960 540
16141035095 960 540
16141035107 960 540
16141035115 960 540
16141035127 960 540
16141035135 960 540
16141035147 960 540
16141035155 960 540
16141035167 960 540
16141035175 960 540
16141035187 960 540
16141035195 960 540
16141035207 960 540
16141035215 960 540
16141035227 960 540
16141035235 960 540
16141035247 960 540
16141035255 960 540
16141035267 960 540
16141035279 960 540
16141035287 960 540
16141035299 960 540
16141035307 960 540
16141035319 960 540
16141035327 960 540
16141035339 960 540
16141035347 960 540
16141035359 960 540
16141035367 960 540
16141035379 960 540
16141035387 960 540
16141035399 960 540
16141035407 960 540
16141035419 960 540
16141035427 960 540
16141035439 960 540
16141035447 960 540
16141035459 960 540
16141035467 960 540
16141035479 960 540
16141035487 960 540
16141035499 960 540
16141035507 960 540
16141035519 960 540
16141035531 960 540
16141035539 960 540
16141035551 960 540
16141035559 960 540
16141035571 960 540
16141035579 960 540
16141035591 960 540
16141035599 960 540
16141035611 960 540
16141035619 960 540
16141035631 960 540
16141035639 960 540
16141035651 960 540
16141035659 960 540
16141035671 960 540
16141035679 960 540
16141035691 960 540
16141035699 960 540
16141035711 960 540
16141035719 960 540
16141035731 960 540
16141035739 960 540
16141035751 960 540
16141035759 960 540
16141035771 960 540
16141035783 960 540
16141035791 960 540
16141035803 960 540
16141035811 960 540
16141035823 960 540
16141035831 960 540
16141035843 960 540
16141035851 960 540
16141035863 960 540
16141035871 960 540
16141035883 960 540
16141035891 960 540
16141035903 960 540
16141035911 960 540
16141035923 960 540
16141035931 960 540
16141035943 960 540
16141035951 960 540
16141035963 960 540
16141035971 960 540
16141035983 960 540
16141035991 960 540
16141036003 960 540
16141036011 960 540
16141036023 960 540
16141036035 960 540
16141036043 960 540
16141036055 960 540
16141036063 960 540
16141036075 960 540
16141036083 960 540
16141036095 960 540
16141036103 960 540
16141036115 960 540
16141036123 960 540
16141036135 960 365
16141036141 960 365
16141036153 960 365
16141036161 960 365
16141036173 960 365
16141036181 960 365
16141036194 960 365
16141036203 960 365
16141036215 960 365
16141036223 960 365
16141036235 960 365
16141036243 960 365
16141036255 960 365
16141036263 960 365
16141036275 960 365
16141036287 960 365
16141036295 960 365
16141036307 960 365
16141036315 960 365
16141036327 960 365
16141036335 960 365
16141036347 960 365
16141036355 960 365
16141036367 960 365
16141036375 960 365
16141036387 960 365
16141036395 960 365
16141036407 960 365
16141036415 960 365
16141036427 960 365
16141036435 960 365
16141036447 960 365
16141036455 960 365
16141036467 960 365
16141036475 960 365
16141036487 960 365
16141036495 960 365
16141036507 960 365
16141036515 960 365
16141036527 960 365
16141036539 960 365
16141036547 960 365
16141036559 960 365
16141036567 960 365
16141036579 960 365
16141036587 960 365
16141036599 960 365
16141036607 960 365
16141036619 960 365
16141036627 960 365
16141036639 960 365
16141036647 960 365
16141036659 960 365
16141036667 960 365
16141036679 960 365
16141036687 960 365
16141036699 960 365
16141036707 960 365
16141036719 960 365
16141036727 960 365
16141036739 960 365
16141036747 960 365
16141036758 960 365
16141036767 960 365
16141036779 960 365
16141036791 960 365
16141036799 960 365
16141036811 960 365
16141036819 960 365
16141036831 960 365
16141036839 960 365
16141036851 960 365
16141036859 960 365
16141036871 960 365
16141036879 960 365
16141036891 960 365
16141036899 960 365
16141036911 960 365
16141036919 960 365
16141036931 960 365
16141036939 960 365
16141036951 960 365
16141036959 960 365
16141036971 960 365
16141036979 960 365
16141036991 960 365
16141036999 960 365
16141037011 960 365
16141037019 960 365
16141037031 960 365
16141037043 960 365
16141037051 960 365
16141037063 960 365
16141037071 960 365
16141037083 960 365
16141037091 960 365
16141037103 960 365
16141037111 960 365
16141037123 960 365
16141037131 960 365
16141037143 960 365
16141037151 960 365
16141037163 960 365
16141037171 960 365
16141037183 960 365
16141037191 960 365
16141037203 960 365
16141037211 960 365
16141037223 960 365
16141037231 960 365
16141037243 960 365
16141037251 960 365
16141037263 960 365
16141037271 960 365
16141037283 960 365
16141037295 960 365
16141037303 960 365
16141037315 960 365
16141037323 960 365
16141037335 960 365
16141037343 960 365
16141037355 960 365
16141037363 960 365
16141037375 960 365
16141037383 960 365
16141037395 960 365
16141037403 960 365
16141037415 960 365
16141037423 960 365
16141037435 960 365
16141037443 960 365
16141037455 960 365
16141037463 960 365
16141037475 960 365
16141037483 960 365
16141037495 960 365
16141037503 960 365
16141037515 960 365
16141037523 960 365
16141037535 960 365
16141037547 960 365
16141037555 960 365
16141037567 960 365
16141037575 960 365
16141037587 960 365
16141037595 960 365
16141037607 960 365
16141037615 960 365
16141037627 960 365
16141037635 960 540
16141037647 960 540
16141037655 960 540
16141037667 960 540
16141037675 960 540
16141037687 960 540
16141037695 960 540
16141037707 960 540
16141037715 960 540
16141037727 960 540
16141037735 960 540
16141037747 960 540
16141037755 960 540
16141037767 960 540
16141037775 960 540
16141037787 960 540
16141037799 960 540
16141037807 960 540
16141037819 960 540
16141037827 960 540
16141037839 960 540
16141037847 960 540
16141037859 960 540
16141037867 960 540
16141037879 960 540
16141037887 960 540
16141037899 960 540
16141037907 960 540
16141037919 960 540
16141037927 960 540
16141037939 960 540
16141037947 960 540
16141037959 960 540
16141037967 960 540
16141037979 960 540
16141037987 960 540
16141037999 960 540
16141038007 960 540
16141038019 960 540
16141038027 960 540
16141038039 960 540
16141038051 960 540
16141038059 960 540
16141038071 960 540
16141038079 960 540
16141038091 960 540
16141038099 960 540
16141038111 960 540
16141038119 960 540
16141038131 960 540
16141038139 960 540
16141038151 960 540
16141038159 960 540
16141038171 960 540
16141038179 960 540
16141038191 960 540
16141038199 960 540
16141038211 960 540
16141038219 960 540
16141038231 960 540
16141038239 960 540
16141038251 960 540
16141038259 960 540
16141038270 960 540
16141038278 960 540
16141038291 960 540
16141038303 960 540
16141038311 960 540
16141038323 960 540
16141038331 960 540
16141038343 960 540
16141038351 960 540
16141038363 960 540
16141038371 960 540
16141038383 960 540
16141038391 960 540
16141038403 960 540
16141038411 960 540
16141038423 960 540
16141038431 960 540
16141038443 960 540
16141038451 960 540
16141038463 960 540
16141038471 960 540
16141038483 960 540
16141038491 960 540
16141038503 960 540
16141038511 960 540
16141038523 960 540
16141038531 960 540
16141038543 960 540
16141038555 960 540
16141038563 960 540
16141038575 960 540
16141038583 960 540
16141038595 960 540
16141038603 960 540
16141038615 960 540
16141038623 960 540
16141038635 960 540
16141038643 960 540
16141038655 960 540
16141038663 960 540
16141038675 960 540
16141038683 960 540
16141038695 960 540
16141038703 960 540
16141038715 960 540
16141038723 960 540
16141038735 960 540
16141038743 960 540
16141038755 960 540
16141038763 960 540
16141038775 960 540
16141038783 960 540
16141038795 960 540
16141038807 960 540
16141038815 960 540
16141038827 960 540
16141038835 960 540
16141038847 960 540
16141038855 960 540
16141038867 960 540
16141038875 960 540
16141038887 960 540
16141038895 960 540
16141038907 960 540
16141038915 960 540
16141038927 960 540
16141038935 960 540
16141038947 960 540
16141038955 960 540
16141038967 960 540
16141038975 960 540
16141038987 960 540
16141038995 960 540
16141039007 960 540
16141039015 960 540
16141039027 960 540
16141039035 960 540
16141039047 960 540
16141039059 960 540
16141039067 960 540
16141039079 960 540
16141039087 960 540
16141039099 960 540
16141039107 960 540
16141039119 960 540
16141039127 960 540
16141039139 960 890
16141039145 960 890
16141039157 960 890
16141039165 960 890
16141039177 960 890
16141039186 960 890
16141039198 960 890
16141039206 960 890
16141039219 960 890
16141039227 960 890
16141039239 960 890
16141039247 960 890
16141039259 960 890
16141039267 960 890
16141039279 960 890
16141039287 960 890
16141039299 960 890
16141039311 960 890
16141039319 960 890
16141039331 960 890
16141039339 960 890
16141039351 960 890
16141039359 960 890
16141039371 960 890
16141039379 960 890
16141039391 960 890
16141039399 960 890
16141039411 960 890
16141039419 960 890
16141039431 960 890
16141039439 960 890
16141039451 960 890
16141039459 960 890
16141039471 960 890
16141039479 960 890
16141039491 960 890
16141039499 960 890
16141039511 960 890
16141039519 960 890
16141039531 960 890
16141039539 960 890
16141039551 960 890
16141039563 960 890
16141039571 960 890
16141039583 960 890
16141039591 960 890
16141039603 960 890
16141039611 960 890
16141039623 960 890
16141039631 960 890
16141039643 960 890
16141039651 960 890
16141039663 960 890
16141039671 960 890
16141039683 960 890
16141039691 960 890
16141039703 960 890
16141039711 960 890
16141039723 960 890
16141039731 960 890
16141039743 960 890
16141039751 960 890
16141039763 960 890
16141039771 960 890
16141039783 960 890
16141039791 960 890
16141039803 960 890
16141039815 960 890
16141039823 960 890
16141039835 960 890
16141039843 960 890
16141039855 960 890
16141039863 960 890
16141039875 960 890
16141039883 960 890
16141039895 960 890
16141039903 960 890
16141039915 960 890
16141039923 960 890
16141039935 960 890
16141039943 960 890
16141039955 960 890
16141039963 960 890
16141039975 960 890
16141039983 960 890
16141039995 960 890
16141040003 960 890
16141040015 960 890
16141040023 960 890
16141040035 960 890
16141040043 960 890
16141040055 960 890
16141040067 960 890
16141040075 960 890
16141040087 960 890
16141040095 960 890
16141040107 960 890
16141040115 960 890
16141040127 960 890
16141040135 960 890
16141040147 960 890
16141040155 960 890
16141040167 960 890
16141040175 960 890
16141040187 960 890
16141040195 960 890
16141040207 960 890
16141040215 960 890
16141040227 960 890
16141040235 960 890
16141040247 960 890
16141040255 960 890
16141040267 960 890
16141040275 960 890
16141040287 960 890
16141040295 960 890
16141040307 960 890
16141040319 960 890
16141040327 960 890
16141040339 960 890
16141040347 960 890
16141040359 960 890
16141040367 960 890
16141040379 960 890
16141040387 960 890
16141040399 960 890
16141040407 960 890
16141040419 960 890
16141040427 960 890
16141040439 960 890
16141040447 960 890
16141040459 960 890
16141040467 960 890
16141040479 960 890
16141040487 960 890
16141040499 960 890
16141040507 960 890
16141040519 960 890
16141040527 960 890
16141040539 960 890
16141040547 960 890
16141040559 960 890
16141040571 960 890
16141040579 960 890
16141040591 960 890
16141040599 960 890
16141040611 960 890
16141040619 960 890
16141040631 960 890
16141040639 960 540
16141040651 960 540
16141040659 960 540
16141040671 960 540
16141040679 960 540
16141040691 960 540
16141040699 960 540
16141040711 960 540
16141040719 960 540
16141040731 960 540
16141040739 960 540
16141040751 960 540
16141040759 960 540
16141040771 960 540
16141040779 960 540
16141040791 960 540
16141040799 960 540
16141040811 960 540
16141040823 960 540
16141040831 960 540
16141040843 960 540
16141040851 960 540
16141040863 960 540
16141040871 960 540
16141040883 960 540
16141040891 960 540
16141040903 960 540
16141040911 960 540
16141040923 960 540
16141040931 960 540
16141040943 960 540
16141040951 960 540
16141040963 960 540
16141040971 960 540
16141040983 960 540
16141040991 960 540
16141041003 960 540
16141041011 960 540
16141041023 960 540
16141041031 960 540
16141041043 960 540
16141041051 960 540
16141041063 960 540
16141041075 960 540
16141041083 960 540
16141041095 960 540
16141041103 960 540
16141041115 960 540
16141041123 960 540
16141041135 960 540
16141041143 960 540
16141041155 960 540
16141041163 960 540
16141041175 960 540
16141041183 960 540
16141041195 960 540
16141041203 960 540
16141041215 960 540
16141041223 960 540
16141041235 960 540
16141041243 960 540
16141041255 960 540
16141041263 960 540
16141041275 960 540
16141041283 960 540
16141041295 960 540
16141041303 960 540
16141041315 960 540
16141041327 960 540
16141041335 960 540
16141041347 960 540
16141041355 960 540
16141041367 960 540
16141041375 960 540
16141041387 960 540
16141041395 960 540
16141041407 960 540
16141041415 960 540
16141041427 960 540
16141041435 960 540
16141041447 960 540
16141041455 960 540
16141041467 960 540
16141041475 960 540
16141041487 960 540
16141041495 960 540
16141041507 960 540
16141041515 960 540
16141041527 960 540
16141041535 960 540
16141041547 960 540
16141041555 960 540
16141041567 960 540
16141041579 960 540
16141041587 960 540
16141041599 960 540
16141041607 960 540
16141041619 960 540
16141041627 960 540
16141041639 960 540
16141041647 960 540
16141041659 960 540
16141041667 960 540
16141041679 960 540
16141041687 960 540
16141041699 960 540
16141041707 960 540
16141041719 960 540
16141041727 960 540
16141041739 960 540
16141041747 960 540
16141041759 960 540
16141041767 960 540
16141041779 960 540
16141041787 960 540
16141041799 960 540
16141041807 960 540
16141041819 960 540
16141041831 960 540
16141041839 960 540
16141041851 960 540
16141041859 960 540
16141041871 960 540
16141041879 960 540
16141041891 960 540
16141041899 960 540
16141041911 960 540
16141041919 960 540
16141041931 960 540
16141041939 960 540
16141041951 960 540
16141041959 960 540
16141041971 960 540
16141041979 960 540
16141041991 960 540
16141041999 960 540
16141042011 960 540
16141042019 960 540
16141042031 960 540
16141042039 960 540
16141042051 960 540
16141042059 960 540
16141042071 960 540
16141042083 960 540
16141042091 960 540
16141042103 960 540
16141042111 960 540
16141042123 960 540
16141042131 960 540
16141042143 960 890
16141042151 960 890
16141042163 960 890
16141042171 960 890
16141042183 960 890
16141042191 960 890
16141042203 960 890
16141042211 960 890
16141042223 960 890
16141042231 960 890
16141042243 960 890
16141042251 960 890
16141042263 960 890
16141042271 960 890
16141042283 960 890
16141042291 960 890
16141042303 960 890
16141042311 960 890
16141042323 960 890
16141042335 960 890
16141042343 960 890
16141042355 960 890
16141042363 960 890
16141042375 960 890
16141042383 960 890
16141042395 960 890
16141042403 960 890
16141042415 960 890
16141042423 960 890
16141042435 960 890
16141042443 960 890
16141042455 960 890
16141042463 960 890
16141042475 960 890
16141042483 960 890
16141042495 960 890
16141042503 960 890
16141042515 960 890
16141042523 960 890
16141042535 960 890
16141042543 960 890
16141042555 960 890
16141042563 960 890
16141042575 960 890
16141042587 960 890
16141042595 960 890
16141042607 960 890
16141042615 960 890
16141042627 960 890
16141042635 960 890
16141042647 960 890
16141042655 960 890
16141042667 960 890
16141042675 960 890
16141042687 960 890
16141042695 960 890
16141042707 960 890
16141042715 960 890
16141042727 960 890
16141042735 960 890
16141042747 960 890
16141042755 960 890
16141042767 960 890
16141042775 960 890
16141042787 960 890
16141042795 960 890
16141042807 960 890
16141042815 960 890
16141042827 960 890
16141042839 960 890
16141042847 960 890
16141042859 960 890
16141042867 960 890
16141042879 960 890
16141042887 960 890
16141042899 960 890
16141042907 960 890
16141042919 960 890
16141042927 960 890
16141042939 960 890
16141042947 960 890
16141042959 960 890
16141042967 960 890
16141042979 960 890
16141042987 960 890
16141042999 960 890
16141043007 960 890
16141043019 960 890
16141043026 960 890
16141043039 960 890
16141043047 960 890
16141043059 960 890
16141043067 960 890
16141043079 960 890
16141043091 960 890
16141043099 960 890
16141043111 960 890
16141043119 960 890
16141043131 960 890
16141043139 960 890
16141043151 960 890
16141043159 960 890
16141043171 960 890
16141043179 960 890
16141043191 960 890
16141043199 960 890
16141043211 960 890
16141043219 960 890
16141043231 960 890
16141043239 960 890
16141043251 960 890
16141043259 960 890
16141043271 960 890
16141043279 960 890
16141043291 960 890
16141043299 960 890
16141043311 960 890
16141043319 960 890
16141043331 960 890
16141043343 960 890
16141043351 960 890
16141043363 960 890
16141043371 960 890
16141043383 960 890
16141043391 960 890
16141043403 960 890
16141043411 960 890
16141043423 960 890
16141043431 960 890
16141043443 960 890
16141043451 960 890
16141043463 960 890
16141043471 960 890
16141043483 960 890
16141043491 960 890
16141043503 960 890
16141043511 960 890
16141043523 960 890
16141043531 960 890
16141043543 960 890
16141043551 960 890
16141043563 960 890
16141043571 960 890
16141043583 960 890
16141043595 960 890
16141043603 960 890
16141043615 960 890
16141043623 960 890
16141043635 960 890
16141043643 960 540
16141043655 960 540
16141043663 960 540
16141043675 960 540
16141043683 960 540
16141043695 960 540
16141043703 960 540
16141043715 960 540
16141043723 960 540
16141043735 960 540
16141043743 960 540
16141043755 960 540
16141043763 960 540
16141043775 960 540
16141043783 960 540
16141043795 960 540
16141043803 960 540
16141043815 960 540
16141043823 960 540
16141043835 960 540
16141043847 960 540
16141043855 960 540
16141043867 960 540
16141043875 960 540
16141043887 960 540
16141043895 960 540
16141043907 960 540
16141043915 960 540
16141043927 960 540
16141043935 960 540
16141043947 960 540
16141043955 960 540
16141043967 960 540
16141043975 960 540
16141043987 960 540
16141043995 960 540
16141044007 960 540
16141044015 960 540
16141044027 960 540
16141044035 960 540
16141044047 960 540
16141044055 960 540
16141044067 960 540
16141044075 960 540
16141044087 960 540
16141044099 960 540
16141044107 960 540
16141044119 960 540
16141044127 960 540
16141044139 960 540
16141044147 960 540
16141044158 960 540
16141044167 960 540
16141044178 960 540
16141044186 960 540
16141044198 960 540
16141044207 960 540
16141044219 960 540
16141044227 960 540
16141044239 960 540
16141044247 960 540
16141044258 960 540
16141044267 960 540
16141044279 960 540
16141044287 960 540
16141044299 960 540
16141044307 960 540
16141044319 960 540
16141044327 960 540
16141044339 960 540
16141044351 960 540
16141044359 960 540
16141044371 960 540
16141044379 960 540
16141044391 960 540
16141044399 960 540
16141044411 960 540
16141044419 960 540
16141044431 960 540
16141044439 960 540
16141044451 960 540
16141044459 960 540
16141044471 960 540
16141044479 960 540
16141044491 960 540
16141044499 960 540
16141044511 960 540
16141044519 960 540
16141044531 960 540
16141044539 960 540
16141044551 960 540
16141044559 960 540
16141044571 960 540
16141044579 960 540
16141044591 960 540
16141044603 960 540
16141044611 960 540
16141044623 960 540
16141044631 960 540
16141044643 960 540
16141044651 960 540
16141044663 960 540
16141044671 960 540
16141044683 960 540
16141044691 960 540
16141044703 960 540
16141044711 960 540
16141044723 960 540
16141044731 960 540
16141044743 960 540
16141044751 960 540
16141044763 960 540
16141044771 960 540
16141044783 960 540
16141044791 960 540
16141044803 960 540
16141044811 960 540
16141044823 960 540
16141044831 960 540
16141044843 960 540
16141044855 960 540
16141044863 960 540
16141044875 960 540
16141044883 960 540
16141044895 960 540
16141044903 960 540
16141044915 960 540
16141044923 960 540
16141044935 960 540
16141044943 960 540
16141044955 960 540
16141044963 960 540
16141044975 960 540
16141044983 960 540
16141044995 960 540
16141045003 960 540
16141045015 960 540
16141045023 960 540
16141045035 960 540
16141045043 960 540
16141045055 960 540
16141045063 960 540
16141045075 960 540
16141045083 960 540
16141045095 960 540
16141045107 960 540
16141045115 960 540
16141045127 960 540
16141045135 960 540
16141045147 960 365
16141045155 960 365
16141045167 960 365
16141045175 960 365
16141045187 960 365
16141045195 960 365
16141045207 960 365
16141045215 960 365
16141045226 960 365
16141045234 960 365
16141045247 960 365
16141045255 960 365
16141045267 960 365
16141045275 960 365
16141045287 960 365
16141045295 960 365
16141045306 960 365
16141045314 960 365
16141045326 960 365
16141045335 960 365
16141045347 960 365
16141045359 960 365
16141045366 960 365
16141045378 960 365
16141045387 960 365
16141045399 960 365
16141045406 960 365
16141045418 960 365
16141045426 960 365
16141045438 960 365
16141045446 960 365
16141045459 960 365
16141045466 960 365
16141045478 960 365
16141045487 960 365
16141045499 960 365
16141045507 960 365
16141045519 960 365
16141045526 960 365
16141045538 960 365
16141045546 960 365
16141045559 960 365
16141045566 960 365
16141045578 960 365
16141045587 960 365
16141045599 960 365
16141045611 960 365
16141045619 960 365
16141045631 960 365
16141045639 960 365
16141045651 960 365
16141045658 960 365
16141045671 960 365
16141045678 960 365
16141045690 960 365
16141045698 960 365
16141045711 960 365
16141045719 960 365
16141045731 960 365
16141045739 960 365
16141045751 960 365
16141045759 960 365
16141045770 960 365
16141045778 960 365
16141045790 960 365
16141045798 960 365
16141045810 960 365
16141045818 960 365
16141045830 960 365
16141045839 960 365
16141045851 960 365
16141045863 960 365
16141045871 960 365
16141045883 960 365
16141045891 960 365
16141045903 960 365
16141045911 960 365
16141045923 960 365
16141045931 960 365
16141045942 960 365
16141045951 960 365
16141045963 960 365
16141045971 960 365
16141045982 960 365
16141045991 960 365
16141046003 960 365
16141046011 960 365
16141046023 960 365
16141046031 960 365
16141046043 960 365
16141046051 960 365
16141046063 960 365
16141046071 960 365
16141046083 960 365
16141046091 960 365
16141046103 960 365
16141046115 960 365
16141046123 960 365
16141046134 960 365
16141046142 960 365
16141046155 960 365
16141046162 960 365
16141046174 960 365
16141046182 960 365
16141046194 960 365
16141046203 960 365
16141046214 960 365
16141046222 960 365
16141046234 960 365
16141046242 960 365
16141046254 960 365
16141046262 960 365
16141046274 960 365
16141046282 960 365
16141046294 960 365
16141046303 960 365
16141046314 960 365
16141046322 960 365
16141046334 960 365
16141046343 960 365
16141046354 960 365
16141046367 960 365
16141046374 960 365
16141046386 960 365
16141046395 960 365
16141046407 960 365
16141046414 960 365
16141046426 960 365
16141046434 960 365
16141046446 960 365
16141046454 960 365
16141046467 960 365
16141046474 960 365
16141046487 960 365
16141046495 960 365
16141046506 960 365
16141046514 960 365
16141046526 960 365
16141046534 960 365
16141046546 960 365
16141046554 960 365
16141046566 960 365
16141046574 960 365
16141046586 960 365
16141046594 960 365
16141046606 960 365
16141046619 960 365
16141046626 960 365
16141046638 960 365
16141046646 960 540
16141046659 960 540
16141046667 960 540
16141046679 960 540
16141046687 960 540
16141046699 960 540
16141046707 960 540
16141046719 960 540
16141046727 960 540
16141046739 960 540
16141046747 960 540
16141046759 960 540
16141046767 960 540
16141046778 960 540
16141046786 960 540
16141046799 960 540
16141046806 960 540
16141046819 960 540
16141046827 960 540
16141046839 960 540
16141046847 960 540
16141046859 960 540
16141046871 960 540
16141046878 960 540
16141046890 960 540
16141046898 960 540
16141046911 960 540
16141046919 960 540
16141046931 960 540
16141046939 960 540
16141046950 960 540
16141046959 960 540
16141046971 960 540
16141046979 960 540
16141046991 960 540
16141046999 960 540
16141047011 960 540
16141047019 960 540
16141047031 960 540
16141047039 960 540
16141047051 960 540
16141047059 960 540
16141047071 960 540
16141047079 960 540
16141047091 960 540
16141047099 960 540
16141047111 960 540
16141047123 960 540
16141047131 960 540
16141047143 960 540
16141047151 960 540
16141047163 960 540
16141047171 960 540
16141047183 960 540
16141047191 960 540
16141047203 960 540
16141047211 960 540
16141047223 960 540
16141047231 960 540
16141047243 960 540
16141047251 960 540
16141047263 960 540
16141047271 960 540
16141047283 960 540
16141047291 960 540
16141047303 960 540
16141047310 960 540
16141047323 960 540
16141047330 960 540
16141047343 960 540
16141047351 960 540
16141047363 960 540
16141047375 960 540
16141047383 960 540
16141047395 960 540
16141047403 960 540
16141047415 960 540
16141047423 960 540
16141047435 960 540
16141047443 960 540
16141047455 960 540
16141047463 960 540
16141047474 960 540
16141047483 960 540
16141047495 960 540
16141047503 960 540
16141047515 960 540
16141047523 960 540
16141047535 960 540
16141047543 960 540
16141047555 960 540
16141047562 960 540
16141047575 960 540
16141047583 960 540
16141047595 960 540
16141047603 960 540
16141047614 960 540
16141047626 960 540
16141047634 960 540
16141047647 960 540
16141047654 960 540
16141047667 960 540
16141047675 960 540
16141047687 960 540
16141047695 960 540
16141047707 960 540
16141047715 960 540
16141047727 960 540
16141047735 960 540
16141047747 960 540
16141047755 960 540
16141047767 960 540
16141047775 960 540
16141047787 960 540
16141047795 960 540
16141047807 960 540
16141047815 960 540
16141047827 960 540
16141047835 960 540
16141047847 960 540
16141047855 960 540
16141047867 960 540
16141047879 960 540
16141047887 960 540
16141047899 960 540
16141047907 960 540
16141047919 960 540
16141047927 960 540
16141047939 960 540
16141047947 960 540
16141047959 960 540
16141047966 960 540
16141047978 960 540
16141047986 960 540
16141047998 960 540
16141048006 960 540
16141048018 960 540
16141048026 960 540
16141048039 960 540
16141048046 960 540
16141048058 960 540
16141048066 960 540
16141048078 960 540
16141048086 960 540
16141048098 960 540
16141048106 960 540
16141048118 960 540
16141048130 960 540
16141048139 960 540
16141048151 960 190
16141048159 960 190
16141048170 960 190
16141048178 960 190
16141048190 960 190
16141048198 960 190
16141048210 960 190
16141048218 960 190
16141048230 960 190
16141048238 960 190
16141048250 960 190
16141048258 960 190
16141048270 960 190
16141048278 960 190
16141048290 960 190
16141048298 960 190
16141048310 960 190
16141048318 960 190
16141048330 960 190
16141048338 960 190
16141048350 960 190
16141048358 960 190
16141048370 960 190
16141048382 960 190
16141048390 960 190
16141048402 960 190
16141048410 960 190
16141048422 960 190
16141048430 960 190
16141048442 960 190
16141048450 960 190
16141048462 960 190
16141048470 960 190
16141048482 960 190
16141048490 960 190
16141048502 960 190
16141048510 960 190
16141048522 960 190
16141048530 960 190
16141048542 960 190
16141048550 960 190
16141048562 960 190
16141048570 960 190
16141048582 960 190
16141048590 960 190
16141048603 960 190
16141048610 960 190
16141048623 960 190
16141048634 960 190
16141048642 960 190
16141048655 960 190
16141048663 960 190
16141048675 960 190
16141048682 960 190
16141048695 960 190
16141048703 960 190
16141048714 960 190
16141048722 960 190
16141048734 960 190
16141048743 960 190
16141048754 960 190
16141048762 960 190
16141048775 960 190
16141048782 960 190
16141048795 960 190
16141048802 960 190
16141048814 960 190
16141048822 960 190
16141048835 960 190
16141048842 960 190
16141048854 960 190
16141048862 960 190
16141048874 960 190
16141048887 960 190
16141048894 960 190
16141048906 960 190
16141048914 960 190
16141048927 960 190
16141048934 960 190
16141048946 960 190
16141048954 960 190
16141048967 960 190
16141048974 960 190
16141048986 960 190
16141048995 960 190
16141049006 960 190
16141049014 960 190
16141049026 960 190
16141049034 960 190
16141049046 960 190
16141049054 960 190
16141049066 960 190
16141049074 960 190
16141049086 960 190
16141049094 960 190
16141049106 960 190
16141049114 960 190
16141049126 960 190
16141049138 960 190
16141049146 960 190
16141049158 960 190
16141049166 960 190
16141049179 960 190
16141049186 960 190
16141049199 960 190
16141049206 960 190
16141049219 960 190
16141049226 960 190
16141049239 960 190
16141049246 960 190
16141049259 960 190
16141049266 960 190
16141049278 960 190
16141049286 960 190
16141049298 960 190
16141049306 960 190
16141049318 960 190
16141049326 960 190
16141049338 960 190
16141049346 960 190
16141049358 960 190
16141049366 960 190
16141049378 960 190
16141049390 960 190
16141049398 960 190
16141049410 960 190
16141049418 960 190
16141049430 960 190
16141049438 960 190
16141049450 960 190
16141049458 960 190
16141049470 960 190
16141049478 960 190
16141049490 960 190
16141049498 960 190
16141049510 960 190
16141049518 960 190
16141049530 960 190
16141049538 960 190
16141049550 960 190
16141049558 960 190
16141049570 960 190
16141049578 960 190
16141049590 960 190
16141049598 960 190
16141049610 960 190
16141049618 960 190
16141049630 960 190
16141049642 960 190
16141049650 960 540
16141049663 960 540
16141049671 960 540
16141049682 960 540
16141049690 960 540
16141049703 960 540
16141049711 960 540
16141049723 960 540
16141049730 960 540
16141049742 960 540
16141049750 960 540
16141049763 960 540
16141049771 960 540
16141049782 960 540
16141049790 960 540
16141049802 960 540
16141049810 960 540
16141049822 960 540
16141049830 960 540
16141049843 960 540
16141049851 960 540
16141049862 960 540
16141049870 960 540
16141049882 960 540
16141049894 960 540
16141049902 960 540
16141049914 960 540
16141049922 960 540
16141049934 960 540
16141049942 960 540
16141049955 960 540
16141049963 960 540
16141049974 960 540
16141049982 960 540
16141049994 960 540
16141050002 960 540
16141050014 960 540
16141050022 960 540
16141050034 960 540
16141050042 960 540
16141050055 960 540
16141050062 960 540
16141050074 960 540
16141050082 960 540
16141050094 960 540
16141050102 960 540
16141050114 960 540
16141050122 960 540
16141050134 960 540
16141050146 960 540
16141050154 960 540
16141050166 960 540
16141050174 960 540
16141050186 960 540
16141050194 960 540
16141050206 960 540
16141050214 960 540
16141050226 960 540
16141050234 960 540
16141050246 960 540
16141050254 960 540
16141050266 960 540
16141050274 960 540
16141050286 960 540
16141050294 960 540
16141050306 960 540
16141050314 960 540
16141050326 960 540
16141050334 960 540
16141050347 960 540
16141050355 960 540
16141050367 960 540
16141050374 960 540
16141050386 960 540
16141050398 960 540
16141050406 960 540
16141050418 960 540
16141050426 960 540
16141050438 960 540
16141050446 960 540
16141050459 960 540
16141050466 960 540
16141050479 960 540
16141050487 960 540
16141050498 960 540
16141050506 960 540
16141050518 960 540
16141050526 960 540
16141050539 960 540
16141050546 960 540
16141050559 960 540
16141050567 960 540
16141050579 960 540
16141050586 960 540
16141050598 960 540
16141050606 960 540
16141050618 960 540
16141050626 960 540
16141050638 960 540
16141050650 960 540
16141050658 960 540
16141050671 960 540
16141050678 960 540
16141050691 960 540
16141050698 960 540
16141050710 960 540
16141050718 960 540
16141050730 960 540
16141050738 960 540
16141050750 960 540
16141050758 960 540
16141050770 960 540
16141050778 960 540
16141050790 960 540
16141050798 960 540
16141050810 960 540
16141050818 960 540
16141050831 960 540
16141050838 960 540
16141050851 960 540
16141050859 960 540
16141050871 960 540
16141050878 960 540
16141050890 960 540
16141050902 960 540
16141050910 960 540
16141050922 960 540
16141050930 960 540
16141050942 960 540
16141050950 960 540
16141050963 960 540
16141050970 960 540
16141050982 960 540
16141050990 960 540
16141051002 960 540
16141051010 960 540
16141051022 960 540
16141051030 960 540
16141051042 960 540
16141051050 960 540
16141051062 960 540
16141051070 960 540
16141051082 960 540
16141051090 960 540
16141051102 960 540
16141051110 960 540
16141051122 960 540
16141051130 960 540
16141051142 960 540
16141051156 960 715
16141051163 960 715
16141051174 960 715
16141051182 960 715
16141051194 960 715
16141051203 960 715
16141051214 960 715
16141051222 960 715
16141051234 960 715
16141051242 960 715
16141051254 960 715
16141051262 960 715
16141051274 960 715
16141051282 960 715
16141051294 960 715
16141051302 960 715
16141051314 960 715
16141051322 960 715
16141051334 960 715
16141051342 960 715
16141051354 960 715
16141051362 960 715
16141051374 960 715
16141051382 960 715
16141051394 960 715
16141051406 960 715
16141051414 960 715
16141051426 960 715
16141051434 960 715
16141051446 960 715
16141051454 960 715
16141051466 960 715
16141051474 960 715
16141051486 960 715
16141051494 960 715
16141051506 960 715
16141051514 960 715
16141051526 960 715
16141051534 960 715
16141051546 960 715
16141051554 960 715
16141051567 960 715
16141051574 960 715
16141051586 960 715
16141051594 960 715
16141051606 960 715
16141051614 960 715
16141051626 960 715
16141051634 960 715
16141051646 960 715
16141051659 960 715
16141051666 960 715
16141051678 960 715
16141051686 960 715
16141051698 960 715
16141051706 960 715
16141051718 960 715
16141051726 960 715
16141051738 960 715
16141051746 960 715
16141051759 960 715
16141051766 960 715
16141051778 960 715
16141051786 960 715
16141051798 960 715
16141051806 960 715
16141051818 960 715
16141051826 960 715
16141051838 960 715
16141051846 960 715
16141051859 960 715
16141051866 960 715
16141051878 960 715
16141051886 960 715
16141051898 960 715
16141051910 960 715
16141051918 960 715
16141051930 960 715
16141051938 960 715
16141051950 960 715
16141051958 960 715
16141051971 960 715
16141051978 960 715
16141051990 960 715
16141051998 960 715
16141052010 960 715
16141052018 960 715
16141052030 960 715
16141052038 960 715
16141052050 960 715
16141052059 960 715
16141052070 960 715
16141052078 960 715
16141052090 960 715
16141052098 960 715
16141052110 960 715
16141052118 960 715
16141052130 960 715
16141052138 960 715
16141052150 960 715
16141052162 960 715
16141052170 960 715
16141052182 960 715
16141052190 960 715
16141052202 960 715
16141052210 960 715
16141052222 960 715
16141052230 960 715
16141052242 960 715
16141052250 960 715
16141052262 960 715
16141052270 960 715
16141052282 960 715
16141052290 960 715
16141052302 960 715
16141052310 960 715
16141052322 960 715
16141052330 960 715
16141052342 960 715
16141052351 960 715
16141052362 960 715
16141052370 960 715
16141052382 960 715
16141052390 960 715
16141052402 960 715
16141052414 960 715
16141052422 960 715
16141052434 960 715
16141052442 960 715
16141052454 960 715
16141052462 960 715
16141052474 960 715
16141052482 960 715
16141052494 960 715
16141052502 960 715
16141052514 960 715
16141052522 960 715
16141052534 960 715
16141052542 960 715
16141052554 960 715
16141052562 960 715
16141052574 960 715
16141052582 960 715
16141052594 960 715
16141052602 960 715
16141052614 960 715
16141052622 960 715
16141052634 960 715
16141052642 960 715
