03110056163 960 540
03110056171 960 540
03110056183 960 540
03110056191 960 540
03110056203 960 540
03110056211 960 540
03110056223 960 540
03110056231 960 540
03110056243 960 540
03110056251 960 540
03110056263 960 540
03110056271 960 540
03110056283 960 540
03110056294 960 540
03110056302 960 540
03110056315 960 540
03110056323 960 540
03110056335 960 540
03110056343 960 540
03110056354 960 540
03110056362 960 540
03110056375 960 540
03110056383 960 540
03110056395 960 540
03110056403 960 540
03110056415 960 540
03110056423 960 540
03110056435 960 540
03110056443 960 540
03110056455 960 540
03110056462 960 540
03110056475 960 540
03110056482 960 540
03110056495 960 540
03110056503 960 540
03110056515 960 540
03110056522 960 540
03110056535 960 540
03110056547 960 540
03110056554 960 540
03110056567 960 540
03110056575 960 540
03110056586 960 540
03110056595 960 540
03110056607 960 540
03110056615 960 540
03110056627 960 540
03110056635 960 540
03110056647 960 540
03110056654 960 540
03110056667 960 540
03110056675 960 540
03110056686 960 540
03110056695 960 540
03110056707 960 540
03110056714 960 540
03110056726 960 540
03110056735 960 540
03110056747 960 540
03110056755 960 540
03110056766 960 540
03110056775 960 540
03110056786 960 540
03110056798 960 540
03110056806 960 540
03110056819 960 540
03110056827 960 540
03110056839 960 540
03110056846 960 540
03110056859 960 540
03110056867 960 540
03110056878 960 540
03110056887 960 540
03110056899 960 540
03110056907 960 540
03110056918 960 540
03110056926 960 540
03110056939 960 540
03110056947 960 540
03110056959 960 540
03110056967 960 540
03110056979 960 540
03110056986 960 540
03110056998 960 540
03110057006 960 540
03110057019 960 540
03110057027 960 540
03110057039 960 540
03110057051 960 540
03110057059 960 540
03110057071 960 540
03110057079 960 540
03110057091 960 540
03110057099 960 540
03110057111 960 540
03110057119 960 540
03110057130 960 540
03110057138 960 540
03110057151 960 540
03110057159 960 540
03110057170 960 540
03110057178 960 540
03110057190 960 540
03110057198 960 540
03110057211 960 540
03110057219 960 540
03110057230 960 540
03110057238 960 540
03110057251 960 540
03110057259 960 540
03110057271 960 540
03110057279 960 540
03110057290 960 540
03110057303 960 540
03110057311 960 540
03110057323 960 540
03110057331 960 540
03110057342 960 540
03110057350 960 540
03110057362 960 540
03110057370 960 540
03110057382 960 540
03110057390 960 540
03110057402 960 540
03110057411 960 540
03110057423 960 540
03110057431 960 540
03110057443 960 540
03110057451 960 540
03110057463 960 540
03110057471 960 540
03110057483 960 540
03110057491 960 540
03110057502 960 540
03110057511 960 540
03110057523 960 540
03110057530 960 540
03110057543 960 540
03110057555 960 540
03110057563 960 540
03110057575 960 540
03110057582 960 540
03110057594 960 540
03110057603 960 540
03110057615 960 540
03110057623 960 540
03110057635 960 540
03110057643 960 540
03110057654 960 540
03110057663 1421 540
03110057675 1421 540
03110057683 1421 540
03110057695 1421 540
03110057702 1421 540
03110057714 1421 540
03110057723 1421 540
03110057735 1421 540
03110057742 1421 540
03110057754 1421 540
03110057763 1421 540
03110057775 1421 540
03110057782 1421 540
03110057794 1421 540
03110057806 1421 540
03110057814 1421 540
03110057827 1421 540
03110057834 1421 540
03110057846 1421 540
03110057854 1421 540
03110057866 1421 540
03110057875 1421 540
03110057886 1421 540
03110057894 1421 540
03110057906 1421 540
03110057914 1421 540
03110057926 1421 540
03110057935 1421 540
03110057947 1421 540
03110057955 1421 540
03110057966 1421 540
03110057975 1421 540
03110057986 1421 540
03110057994 1421 540
03110058006 1421 540
03110058015 1421 540
03110058026 1421 540
03110058035 1421 540
03110058046 1421 540
03110058058 1421 540
03110058067 1421 540
03110058078 1421 540
03110058086 1421 540
03110058098 1421 540
03110058106 1421 540
03110058119 1421 540
03110058126 1421 540
03110058138 1421 540
03110058146 1421 540
03110058158 1421 540
03110058166 1421 540
03110058178 1421 540
03110058186 1421 540
03110058198 1421 540
03110058206 1421 540
03110058218 1421 540
03110058227 1421 540
03110058238 1421 540
03110058247 1421 540
03110058259 1421 540
03110058266 1421 540
03110058278 1421 540
03110058286 1421 540
03110058298 1421 540
03110058310 1421 540
03110058319 1421 540
03110058330 1421 540
03110058338 1421 540
03110058350 1421 540
03110058359 1421 540
03110058370 1421 540
03110058379 1421 540
03110058390 1421 540
03110058398 1421 540
03110058410 1421 540
03110058418 1421 540
03110058430 1421 540
03110058439 1421 540
03110058450 1421 540
03110058458 1421 540
03110058470 1421 540
03110058479 1421 540
03110058491 1421 540
03110058498 1421 540
03110058510 1421 540
03110058518 1421 540
03110058530 1421 540
03110058539 1421 540
03110058551 1421 540
03110058563 1421 540
03110058571 1421 540
03110058582 1421 540
03110058591 1421 540
03110058603 1421 540
03110058611 1421 540
03110058623 1421 540
03110058630 1421 540
03110058642 1421 540
03110058651 1421 540
03110058662 1421 540
03110058671 1421 540
03110058683 1421 540
03110058690 1421 540
03110058702 1421 540
03110058710 1421 540
03110058722 1421 540
03110058730 1421 540
03110058742 1421 540
03110058750 1421 540
03110058762 1421 540
03110058771 1421 540
03110058783 1421 540
03110058791 1421 540
03110058802 1421 540
03110058815 1421 540
03110058823 1421 540
03110058834 1421 540
03110058842 1421 540
03110058854 1421 540
03110058863 1421 540
03110058874 1421 540
03110058882 1421 540
03110058894 1421 540
03110058902 1421 540
03110058914 1421 540
03110058923 1421 540
03110058935 1421 540
03110058943 1421 540
03110058954 1421 540
03110058962 1421 540
03110058974 1421 540
03110058982 1421 540
03110058995 1421 540
03110059003 1421 540
03110059014 1421 540
03110059023 1421 540
03110059035 1421 540
03110059043 1421 540
03110059054 1421 540
03110059067 1421 540
03110059075 1421 540
03110059086 1421 540
03110059094 1421 540
03110059107 1421 540
03110059115 1421 540
03110059127 1421 540
03110059134 1421 540
03110059146 1421 540
03110059154 1421 540
03110059167 960 540
03110059175 960 540
03110059187 960 540
03110059195 960 540
03110059206 960 540
03110059214 960 540
03110059226 960 540
03110059235 960 540
03110059246 960 540
03110059254 960 540
03110059267 960 540
03110059275 960 540
03110059286 960 540
03110059294 960 540
03110059306 960 540
03110059318 960 540
03110059326 960 540
03110059338 960 540
03110059346 960 540
03110059358 960 540
03110059366 960 540
03110059378 960 540
03110059386 960 540
03110059398 960 540
03110059406 960 540
03110059418 960 540
03110059426 960 540
03110059438 960 540
03110059446 960 540
03110059458 960 540
03110059466 960 540
03110059478 960 540
03110059486 960 540
03110059498 960 540
03110059506 960 540
03110059518 960 540
03110059526 960 540
03110059538 960 540
03110059546 960 540
03110059558 960 540
03110059570 960 540
03110059578 960 540
03110059590 960 540
03110059598 960 540
03110059610 960 540
03110059618 960 540
03110059630 960 540
03110059638 960 540
03110059650 960 540
03110059658 960 540
03110059670 960 540
03110059678 960 540
03110059690 960 540
03110059698 960 540
03110059710 960 540
03110059718 960 540
03110059730 960 540
03110059738 960 540
03110059750 960 540
03110059758 960 540
03110059770 960 540
03110059778 960 540
03110059790 960 540
03110059798 960 540
03110059810 960 540
03110059822 960 540
03110059830 960 540
03110059842 960 540
03110059850 960 540
03110059862 960 540
03110059870 960 540
03110059882 960 540
03110059890 960 540
03110059903 960 540
03110059910 960 540
03110059922 960 540
03110059930 960 540
03110059942 960 540
03110059950 960 540
03110059962 960 540
03110059970 960 540
03110059982 960 540
03110059990 960 540
03110100002 960 540
03110100010 960 540
03110100022 960 540
03110100030 960 540
03110100042 960 540
03110100050 960 540
03110100062 960 540
03110100074 960 540
03110100082 960 540
03110100094 960 540
03110100102 960 540
03110100114 960 540
03110100122 960 540
03110100135 960 540
03110100142 960 540
03110100154 960 540
03110100162 960 540
03110100174 960 540
03110100182 960 540
03110100194 960 540
03110100202 960 540
03110100214 960 540
03110100222 960 540
03110100234 960 540
03110100242 960 540
03110100254 960 540
03110100262 960 540
03110100274 960 540
03110100282 960 540
03110100294 960 540
03110100302 960 540
03110100314 960 540
03110100327 960 540
03110100334 960 540
03110100346 960 540
03110100354 960 540
03110100366 960 540
03110100374 960 540
03110100386 960 540
03110100394 960 540
03110100406 960 540
03110100414 960 540
03110100427 960 540
03110100434 960 540
03110100446 960 540
03110100454 960 540
03110100466 960 540
03110100474 960 540
03110100486 960 540
03110100494 960 540
03110100506 960 540
03110100514 960 540
03110100526 960 540
03110100534 960 540
03110100546 960 540
03110100554 960 540
03110100566 960 540
03110100579 960 540
03110100586 960 540
03110100598 960 540
03110100606 960 540
03110100618 960 540
03110100627 960 540
03110100638 960 540
03110100646 960 540
03110100658 960 540
03110100667 498 540
03110100679 498 540
03110100687 498 540
03110100698 498 540
03110100706 498 540
03110100718 498 540
03110100726 498 540
03110100738 498 540
03110100746 498 540
03110100758 498 540
03110100766 498 540
03110100778 498 540
03110100786 498 540
03110100798 498 540
03110100806 498 540
03110100818 498 540
03110100830 498 540
03110100838 498 540
03110100850 498 540
03110100858 498 540
03110100870 498 540
03110100879 498 540
03110100890 498 540
03110100898 498 540
03110100910 498 540
03110100918 498 540
03110100930 498 540
03110100938 498 540
03110100950 498 540
03110100958 498 540
03110100970 498 540
03110100978 498 540
03110100990 498 540
03110100998 498 540
03110101010 498 540
03110101018 498 540
03110101030 498 540
03110101038 498 540
03110101050 498 540
03110101058 498 540
03110101070 498 540
03110101082 498 540
03110101090 498 540
03110101102 498 540
03110101110 498 540
03110101122 498 540
03110101130 498 540
03110101142 498 540
03110101150 498 540
03110101162 498 540
03110101170 498 540
03110101182 498 540
03110101190 498 540
03110101202 498 540
03110101210 498 540
03110101222 498 540
03110101230 498 540
03110101242 498 540
03110101250 498 540
03110101262 498 540
03110101270 498 540
03110101282 498 540
03110101290 498 540
03110101302 498 540
03110101310 498 540
03110101322 498 540
03110101335 498 540
03110101342 498 540
03110101354 498 540
03110101362 498 540
03110101374 498 540
03110101382 498 540
03110101394 498 540
03110101402 498 540
03110101414 498 540
03110101422 498 540
03110101434 498 540
03110101442 498 540
03110101454 498 540
03110101462 498 540
03110101474 498 540
03110101482 498 540
03110101494 498 540
03110101502 498 540
03110101514 498 540
03110101522 498 540
03110101534 498 540
03110101542 498 540
03110101554 498 540
03110101562 498 540
03110101574 498 540
03110101586 498 540
03110101594 498 540
03110101606 498 540
03110101614 498 540
03110101626 498 540
03110101634 498 540
03110101646 498 540
03110101654 498 540
03110101666 498 540
03110101674 498 540
03110101686 498 540
03110101694 498 540
03110101706 498 540
03110101714 498 540
03110101726 498 540
03110101734 498 540
03110101746 498 540
03110101754 498 540
03110101766 498 540
03110101774 498 540
03110101786 498 540
03110101794 498 540
03110101806 498 540
03110101814 498 540
03110101826 498 540
03110101838 498 540
03110101846 498 540
03110101858 498 540
03110101866 498 540
03110101878 498 540
03110101886 498 540
03110101898 498 540
03110101906 498 540
03110101919 498 540
03110101927 498 540
03110101939 498 540
03110101947 498 540
03110101959 498 540
03110101967 498 540
03110101978 498 540
03110101987 498 540
03110101999 498 540
03110102006 498 540
03110102018 498 540
03110102026 498 540
03110102039 498 540
03110102046 498 540
03110102058 498 540
03110102067 498 540
03110102078 498 540
03110102090 498 540
03110102099 498 540
03110102110 498 540
03110102119 498 540
03110102130 498 540
03110102138 498 540
03110102151 498 540
03110102159 498 540
03110102171 960 540
03110102179 960 540
03110102191 960 540
03110102199 960 540
03110102211 960 540
03110102218 960 540
03110102230 960 540
03110102239 960 540
03110102251 960 540
03110102258 960 540
03110102271 960 540
03110102279 960 540
03110102290 960 540
03110102299 960 540
03110102311 960 540
03110102318 960 540
03110102331 960 540
03110102342 960 540
03110102350 960 540
03110102362 960 540
03110102370 960 540
03110102383 960 540
03110102391 960 540
03110102402 960 540
03110102410 960 540
03110102422 960 540
03110102431 960 540
03110102443 960 540
03110102450 960 540
03110102462 960 540
03110102471 960 540
03110102482 960 540
03110102491 960 540
03110102502 960 540
03110102510 960 540
03110102523 960 540
03110102530 960 540
03110102542 960 540
03110102551 960 540
03110102562 960 540
03110102571 960 540
03110102582 960 540
03110102594 960 540
03110102602 960 540
03110102614 960 540
03110102622 960 540
03110102634 960 540
03110102642 960 540
03110102654 960 540
03110102663 960 540
03110102674 960 540
03110102682 960 540
03110102694 960 540
03110102703 960 540
03110102714 960 540
03110102722 960 540
03110102735 960 540
03110102742 960 540
03110102755 960 540
03110102763 960 540
03110102774 960 540
03110102782 960 540
03110102794 960 540
03110102803 960 540
03110102815 960 540
03110102823 960 540
03110102834 960 540
03110102846 960 540
03110102854 960 540
03110102866 960 540
03110102874 960 540
03110102886 960 540
03110102894 960 540
03110102906 960 540
03110102915 960 540
03110102927 960 540
03110102934 960 540
03110102947 960 540
03110102954 960 540
03110102966 960 540
03110102975 960 540
03110102986 960 540
03110102994 960 540
03110103006 960 540
03110103014 960 540
03110103027 960 540
03110103034 960 540
03110103046 960 540
03110103054 960 540
03110103066 960 540
03110103074 960 540
03110103086 960 540
03110103098 960 540
03110103106 960 540
03110103119 960 540
03110103127 960 540
03110103138 960 540
03110103147 960 540
03110103158 960 540
03110103167 960 540
03110103178 960 540
03110103186 960 540
03110103198 960 540
03110103207 960 540
03110103218 960 540
03110103227 960 540
03110103238 960 540
03110103246 960 540
03110103258 960 540
03110103266 960 540
03110103278 960 540
03110103287 960 540
03110103299 960 540
03110103306 960 540
03110103318 960 540
03110103327 960 540
03110103338 960 540
03110103350 960 540
03110103358 960 540
03110103370 960 540
03110103378 960 540
03110103390 960 540
03110103399 960 540
03110103411 960 540
03110103418 960 540
03110103430 960 540
03110103438 960 540
03110103450 960 540
03110103458 960 540
03110103471 960 540
03110103479 960 540
03110103491 960 540
03110103498 960 540
03110103510 960 540
03110103518 960 540
03110103530 960 540
03110103539 960 540
03110103551 960 540
03110103559 960 540
03110103571 960 540
03110103579 960 540
03110103590 960 540
03110103602 960 540
03110103611 960 540
03110103623 960 540
03110103630 960 540
03110103642 960 540
03110103650 960 540
03110103663 960 540
03110103671 498 540
03110103683 498 540
03110103691 498 540
03110103702 498 540
03110103710 498 540
03110103723 498 540
03110103730 498 540
03110103742 498 540
03110103751 498 540
03110103762 498 540
03110103770 498 540
03110103782 498 540
03110103790 498 540
03110103802 498 540
03110103810 498 540
03110103822 498 540
03110103831 498 540
03110103842 498 540
03110103854 498 540
03110103862 498 540
03110103874 498 540
03110103882 498 540
03110103894 498 540
03110103902 498 540
03110103915 498 540
03110103922 498 540
03110103934 498 540
03110103942 498 540
03110103954 498 540
03110103962 498 540
03110103974 498 540
03110103982 498 540
03110103994 498 540
03110104003 498 540
03110104014 498 540
03110104022 498 540
03110104034 498 540
03110104042 498 540
03110104054 498 540
03110104062 498 540
03110104075 498 540
03110104082 498 540
03110104094 498 540
03110104107 498 540
03110104114 498 540
03110104127 498 540
03110104134 498 540
03110104146 498 540
03110104154 498 540
03110104166 498 540
03110104174 498 540
03110104186 498 540
03110104194 498 540
03110104206 498 540
03110104214 498 540
03110104226 498 540
03110104234 498 540
03110104246 498 540
03110104254 498 540
03110104266 498 540
03110104274 498 540
03110104286 498 540
03110104294 498 540
03110104306 498 540
03110104314 498 540
03110104326 498 540
03110104334 498 540
03110104347 498 540
03110104358 498 540
03110104366 498 540
03110104378 498 540
03110104386 498 540
03110104398 498 540
03110104406 498 540
03110104418 498 540
03110104426 498 540
03110104438 498 540
03110104446 498 540
03110104458 498 540
03110104466 498 540
03110104478 498 540
03110104486 498 540
03110104498 498 540
03110104506 498 540
03110104518 498 540
03110104526 498 540
03110104538 498 540
03110104546 498 540
03110104558 498 540
03110104566 498 540
03110104578 498 540
03110104586 498 540
03110104598 498 540
03110104610 498 540
03110104618 498 540
03110104630 498 540
03110104638 498 540
03110104650 498 540
03110104659 498 540
03110104670 498 540
03110104678 498 540
03110104690 498 540
03110104698 498 540
03110104710 498 540
03110104719 498 540
03110104730 498 540
03110104738 498 540
03110104750 498 540
03110104758 498 540
03110104770 498 540
03110104778 498 540
03110104790 498 540
03110104798 498 540
03110104810 498 540
03110104819 498 540
03110104831 498 540
03110104838 498 540
03110104850 498 540
03110104862 498 540
03110104870 498 540
03110104882 498 540
03110104890 498 540
03110104902 498 540
03110104910 498 540
03110104922 498 540
03110104930 498 540
03110104942 498 540
03110104950 498 540
03110104962 498 540
03110104970 498 540
03110104982 498 540
03110104990 498 540
03110105002 498 540
03110105010 498 540
03110105022 498 540
03110105030 498 540
03110105042 498 540
03110105050 498 540
03110105062 498 540
03110105070 498 540
03110105082 498 540
03110105090 498 540
03110105102 498 540
03110105114 498 540
03110105122 498 540
03110105134 498 540
03110105142 498 540
03110105154 498 540
03110105162 498 540
03110105175 960 540
03110105183 960 540
03110105195 960 540
03110105203 960 540
03110105215 960 540
03110105222 960 540
03110105234 960 540
03110105242 960 540
03110105254 960 540
03110105262 960 540
03110105274 960 540
03110105282 960 540
03110105294 960 540
03110105302 960 540
03110105314 960 540
03110105322 960 540
03110105335 960 540
03110105342 960 540
03110105354 960 540
03110105366 960 540
03110105374 960 540
03110105386 960 540
03110105394 960 540
03110105406 960 540
03110105414 960 540
03110105426 960 540
03110105434 960 540
03110105446 960 540
03110105454 960 540
03110105466 960 540
03110105474 960 540
03110105486 960 540
03110105494 960 540
03110105506 960 540
03110105514 960 540
03110105526 960 540
03110105534 960 540
03110105546 960 540
03110105554 960 540
03110105566 960 540
03110105574 960 540
03110105586 960 540
03110105594 960 540
03110105606 960 540
03110105618 960 540
03110105626 960 540
03110105638 960 540
03110105647 960 540
03110105658 960 540
03110105666 960 540
03110105678 960 540
03110105686 960 540
03110105698 960 540
03110105706 960 540
03110105718 960 540
03110105726 960 540
03110105738 960 540
03110105746 960 540
03110105758 960 540
03110105767 960 540
03110105779 960 540
03110105786 960 540
03110105798 960 540
03110105806 960 540
03110105818 960 540
03110105826 960 540
03110105838 960 540
03110105846 960 540
03110105858 960 540
03110105870 960 540
03110105878 960 540
03110105890 960 540
03110105898 960 540
03110105910 960 540
03110105918 960 540
03110105930 960 540
03110105938 960 540
03110105951 960 540
03110105959 960 540
03110105970 960 540
03110105978 960 540
03110105990 960 540
03110105998 960 540
03110106010 960 540
03110106018 960 540
03110106030 960 540
03110106038 960 540
03110106050 960 540
03110106058 960 540
03110106070 960 540
03110106078 960 540
03110106090 960 540
03110106098 960 540
03110106110 960 540
03110106122 960 540
03110106130 960 540
03110106142 960 540
03110106150 960 540
03110106162 960 540
03110106170 960 540
03110106182 960 540
03110106190 960 540
03110106202 960 540
03110106210 960 540
03110106222 960 540
03110106230 960 540
03110106242 960 540
03110106250 960 540
03110106262 960 540
03110106270 960 540
03110106282 960 540
03110106290 960 540
03110106302 960 540
03110106310 960 540
03110106322 960 540
03110106330 960 540
03110106342 960 540
03110106350 960 540
03110106362 960 540
03110106374 960 540
03110106382 960 540
03110106394 960 540
03110106402 960 540
03110106414 960 540
03110106422 960 540
03110106434 960 540
03110106442 960 540
03110106454 960 540
03110106462 960 540
03110106474 960 540
03110106482 960 540
03110106494 960 540
03110106502 960 540
03110106514 960 540
03110106522 960 540
03110106534 960 540
03110106542 960 540
03110106554 960 540
03110106562 960 540
03110106574 960 540
03110106582 960 540
03110106594 960 540
03110106602 960 540
03110106614 960 540
03110106627 960 540
03110106634 960 540
03110106646 960 540
03110106654 960 540
03110106666 960 540
03110106674 729 540
03110106687 729 540
03110106694 729 540
03110106707 729 540
03110106715 729 540
03110106726 729 540
03110106734 729 540
03110106746 729 540
03110106754 729 540
03110106766 729 540
03110106774 729 540
03110106786 729 540
03110106794 729 540
03110106806 729 540
03110106814 729 540
03110106826 729 540
03110106834 729 540
03110106846 729 540
03110106854 729 540
03110106866 729 540
03110106878 729 540
03110106886 729 540
03110106898 729 540
03110106906 729 540
03110106918 729 540
03110106926 729 540
03110106938 729 540
03110106946 729 540
03110106958 729 540
03110106966 729 540
03110106978 729 540
03110106986 729 540
03110106998 729 540
03110107006 729 540
03110107018 729 540
03110107026 729 540
03110107038 729 540
03110107046 729 540
03110107058 729 540
03110107066 729 540
03110107078 729 540
03110107086 729 540
03110107098 729 540
03110107106 729 540
03110107118 729 540
03110107131 729 540
03110107138 729 540
03110107150 729 540
03110107158 729 540
03110107170 729 540
03110107178 729 540
03110107190 729 540
03110107198 729 540
03110107210 729 540
03110107218 729 540
03110107230 729 540
03110107238 729 540
03110107250 729 540
03110107258 729 540
03110107270 729 540
03110107278 729 540
03110107290 729 540
03110107298 729 540
03110107310 729 540
03110107318 729 540
03110107330 729 540
03110107338 729 540
03110107350 729 540
03110107358 729 540
03110107370 729 540
03110107382 729 540
03110107390 729 540
03110107402 729 540
03110107410 729 540
03110107422 729 540
03110107430 729 540
03110107442 729 540
03110107450 729 540
03110107462 729 540
03110107470 729 540
03110107482 729 540
03110107490 729 540
03110107502 729 540
03110107510 729 540
03110107522 729 540
03110107531 729 540
03110107542 729 540
03110107550 729 540
03110107562 729 540
03110107570 729 540
03110107582 729 540
03110107590 729 540
03110107602 729 540
03110107610 729 540
03110107622 729 540
03110107634 729 540
03110107642 729 540
03110107654 729 540
03110107662 729 540
03110107674 729 540
03110107682 729 540
03110107694 729 540
03110107702 729 540
03110107714 729 540
03110107722 729 540
03110107734 729 540
03110107742 729 540
03110107754 729 540
03110107762 729 540
03110107774 729 540
03110107782 729 540
03110107794 729 540
03110107802 729 540
03110107814 729 540
03110107822 729 540
03110107834 729 540
03110107842 729 540
03110107854 729 540
03110107862 729 540
03110107875 729 540
03110107886 729 540
03110107894 729 540
03110107906 729 540
03110107914 729 540
03110107926 729 540
03110107934 729 540
03110107946 729 540
03110107954 729 540
03110107966 729 540
03110107974 729 540
03110107986 729 540
03110107994 729 540
03110108006 729 540
03110108014 729 540
03110108026 729 540
03110108034 729 540
03110108046 729 540
03110108054 729 540
03110108066 729 540
03110108074 729 540
03110108086 729 540
03110108094 729 540
03110108106 729 540
03110108114 729 540
03110108126 729 540
03110108138 729 540
03110108146 729 540
03110108158 729 540
03110108166 729 540
03110108178 960 540
03110108187 960 540
03110108199 960 540
03110108207 960 540
03110108218 960 540
03110108226 960 540
03110108238 960 540
03110108246 960 540
03110108258 960 540
03110108266 960 540
03110108278 960 540
03110108286 960 540
03110108298 960 540
03110108306 960 540
03110108318 960 540
03110108326 960 540
03110108338 960 540
03110108346 960 540
03110108358 960 540
03110108366 960 540
03110108378 960 540
03110108390 960 540
03110108398 960 540
03110108410 960 540
03110108418 960 540
03110108430 960 540
03110108438 960 540
03110108450 960 540
03110108458 960 540
03110108470 960 540
03110108478 960 540
03110108490 960 540
03110108498 960 540
03110108510 960 540
03110108518 960 540
03110108530 960 540
03110108538 960 540
03110108550 960 540
03110108558 960 540
03110108570 960 540
03110108578 960 540
03110108590 960 540
03110108598 960 540
03110108610 960 540
03110108618 960 540
03110108630 960 540
03110108643 960 540
03110108650 960 540
03110108662 960 540
03110108670 960 540
03110108682 960 540
03110108690 960 540
03110108702 960 540
03110108710 960 540
03110108722 960 540
03110108730 960 540
03110108742 960 540
03110108750 960 540
03110108762 960 540
03110108770 960 540
03110108782 960 540
03110108790 960 540
03110108802 960 540
03110108810 960 540
03110108822 960 540
03110108830 960 540
03110108842 960 540
03110108850 960 540
03110108862 960 540
03110108870 960 540
03110108882 960 540
03110108894 960 540
03110108902 960 540
03110108914 960 540
03110108922 960 540
03110108934 960 540
03110108942 960 540
03110108954 960 540
03110108962 960 540
03110108974 960 540
03110108982 960 540
03110108994 960 540
03110109002 960 540
03110109014 960 540
03110109022 960 540
03110109034 960 540
03110109042 960 540
03110109054 960 540
03110109062 960 540
03110109074 960 540
03110109082 960 540
03110109094 960 540
03110109102 960 540
03110109114 960 540
03110109122 960 540
03110109134 960 540
03110109146 960 540
03110109154 960 540
03110109166 960 540
03110109174 960 540
03110109186 960 540
03110109194 960 540
03110109206 960 540
03110109214 960 540
03110109226 960 540
03110109234 960 540
03110109246 960 540
03110109254 960 540
03110109266 960 540
03110109274 960 540
03110109286 960 540
03110109294 960 540
03110109306 960 540
03110109314 960 540
03110109326 960 540
03110109334 960 540
03110109346 960 540
03110109354 960 540
03110109366 960 540
03110109374 960 540
03110109386 960 540
03110109398 960 540
03110109406 960 540
03110109418 960 540
03110109426 960 540
03110109438 960 540
03110109446 960 540
03110109458 960 540
03110109466 960 540
03110109478 960 540
03110109486 960 540
03110109498 960 540
03110109506 960 540
03110109518 960 540
03110109526 960 540
03110109538 960 540
03110109546 960 540
03110109558 960 540
03110109566 960 540
03110109578 960 540
03110109586 960 540
03110109598 960 540
03110109606 960 540
03110109618 960 540
03110109626 960 540
03110109638 960 540
03110109650 960 540
03110109658 960 540
03110109670 960 540
03110109678 1075 540
03110109691 1075 540
03110109699 1075 540
03110109710 1075 540
03110109718 1075 540
03110109730 1075 540
03110109738 1075 540
03110109750 1075 540
03110109758 1075 540
03110109770 1075 540
03110109778 1075 540
03110109790 1075 540
03110109798 1075 540
03110109810 1075 540
03110109818 1075 540
03110109830 1075 540
03110109838 1075 540
03110109850 1075 540
03110109858 1075 540
03110109870 1075 540
03110109878 1075 540
03110109890 1075 540
03110109902 1075 540
03110109910 1075 540
03110109922 1075 540
03110109930 1075 540
03110109942 1075 540
03110109950 1075 540
03110109962 1075 540
03110109970 1075 540
03110109982 1075 540
03110109990 1075 540
03110110002 1075 540
03110110010 1075 540
03110110022 1075 540
03110110030 1075 540
03110110042 1075 540
03110110050 1075 540
03110110062 1075 540
03110110070 1075 540
03110110082 1075 540
03110110090 1075 540
03110110102 1075 540
03110110110 1075 540
03110110122 1075 540
03110110130 1075 540
03110110142 1075 540
03110110154 1075 540
03110110162 1075 540
03110110174 1075 540
03110110182 1075 540
03110110194 1075 540
03110110202 1075 540
03110110214 1075 540
03110110222 1075 540
03110110234 1075 540
03110110242 1075 540
03110110254 1075 540
03110110262 1075 540
03110110274 1075 540
03110110282 1075 540
03110110294 1075 540
03110110302 1075 540
03110110314 1075 540
03110110322 1075 540
03110110334 1075 540
03110110342 1075 540
03110110354 1075 540
03110110362 1075 540
03110110374 1075 540
03110110382 1075 540
03110110394 1075 540
03110110406 1075 540
03110110414 1075 540
03110110426 1075 540
03110110434 1075 540
03110110446 1075 540
03110110454 1075 540
03110110466 1075 540
03110110474 1075 540
03110110486 1075 540
03110110494 1075 540
03110110506 1075 540
03110110514 1075 540
03110110526 1075 540
03110110534 1075 540
03110110546 1075 540
03110110554 1075 540
03110110566 1075 540
03110110574 1075 540
03110110586 1075 540
03110110594 1075 540
03110110606 1075 540
03110110614 1075 540
03110110626 1075 540
03110110634 1075 540
03110110646 1075 540
03110110658 1075 540
03110110666 1075 540
03110110678 1075 540
03110110686 1075 540
03110110698 1075 540
03110110706 1075 540
03110110718 1075 540
03110110726 1075 540
03110110738 1075 540
03110110746 1075 540
03110110758 1075 540
03110110766 1075 540
03110110778 1075 540
03110110786 1075 540
03110110798 1075 540
03110110806 1075 540
03110110818 1075 540
03110110826 1075 540
03110110838 1075 540
03110110846 1075 540
03110110858 1075 540
03110110866 1075 540
03110110878 1075 540
03110110886 1075 540
03110110898 1075 540
03110110910 1075 540
03110110918 1075 540
03110110930 1075 540
03110110938 1075 540
03110110950 1075 540
03110110958 1075 540
03110110970 1075 540
03110110978 1075 540
03110110990 1075 540
03110110998 1075 540
03110111010 1075 540
03110111018 1075 540
03110111030 1075 540
03110111038 1075 540
03110111050 1075 540
03110111058 1075 540
03110111070 1075 540
03110111078 1075 540
03110111090 1075 540
03110111098 1075 540
03110111110 1075 540
03110111118 1075 540
03110111130 1075 540
03110111138 1075 540
03110111150 1075 540
03110111162 1075 540
03110111170 1075 540
03110111182 960 540
03110111191 960 540
03110111203 960 540
03110111210 960 540
03110111222 960 540
03110111230 960 540
03110111242 960 540
03110111250 960 540
03110111262 960 540
03110111270 960 540
03110111282 960 540
03110111290 960 540
03110111302 960 540
03110111310 960 540
03110111322 960 540
03110111330 960 540
03110111342 960 540
03110111350 960 540
03110111362 960 540
03110111370 960 540
03110111382 960 540
03110111390 960 540
03110111402 960 540
03110111414 960 540
03110111422 960 540
03110111434 960 540
03110111442 960 540
03110111454 960 540
03110111462 960 540
03110111474 960 540
03110111482 960 540
03110111494 960 540
03110111502 960 540
03110111514 960 540
03110111522 960 540
03110111534 960 540
03110111542 960 540
03110111554 960 540
03110111562 960 540
03110111574 960 540
03110111582 960 540
03110111594 960 540
03110111602 960 540
03110111614 960 540
03110111622 960 540
03110111634 960 540
03110111642 960 540
03110111654 960 540
03110111666 960 540
03110111674 960 540
03110111686 960 540
03110111694 960 540
03110111706 960 540
03110111714 960 540
03110111726 960 540
03110111734 960 540
03110111746 960 540
03110111754 960 540
03110111766 960 540
03110111774 960 540
03110111786 960 540
03110111794 960 540
03110111806 960 540
03110111814 960 540
03110111826 960 540
03110111834 960 540
03110111846 960 540
03110111854 960 540
03110111866 960 540
03110111874 960 540
03110111886 960 540
03110111894 960 540
03110111906 960 540
03110111918 960 540
03110111926 960 540
03110111938 960 540
03110111946 960 540
03110111958 960 540
03110111966 960 540
03110111978 960 540
03110111986 960 540
03110111998 960 540
03110112006 960 540
03110112018 960 540
03110112026 960 540
03110112038 960 540
03110112046 960 540
03110112058 960 540
03110112066 960 540
03110112078 960 540
03110112086 960 540
03110112098 960 540
03110112106 960 540
03110112118 960 540
03110112126 960 540
03110112138 960 540
03110112146 960 540
03110112158 960 540
03110112170 960 540
03110112178 960 540
03110112190 960 540
03110112198 960 540
03110112210 960 540
03110112218 960 540
03110112230 960 540
03110112238 960 540
03110112250 960 540
03110112258 960 540
03110112270 960 540
03110112278 960 540
03110112290 960 540
03110112298 960 540
03110112310 960 540
03110112318 960 540
03110112330 960 540
03110112338 960 540
03110112350 960 540
03110112358 960 540
03110112370 960 540
03110112378 960 540
03110112390 960 540
03110112398 960 540
03110112410 960 540
03110112422 960 540
03110112430 960 540
03110112442 960 540
03110112450 960 540
03110112462 960 540
03110112470 960 540
03110112482 960 540
03110112490 960 540
03110112502 960 540
03110112510 960 540
03110112522 960 540
03110112530 960 540
03110112542 960 540
03110112550 960 540
03110112562 960 540
03110112570 960 540
03110112582 960 540
03110112590 960 540
03110112602 960 540
03110112610 960 540
03110112622 960 540
03110112630 960 540
03110112642 960 540
03110112650 960 540
03110112662 960 540
03110112674 960 540
03110112682 1421 540
03110112694 1421 540
03110112702 1421 540
03110112714 1421 540
03110112722 1421 540
03110112734 1421 540
03110112742 1421 540
03110112754 1421 540
03110112762 1421 540
03110112774 1421 540
03110112782 1421 540
03110112794 1421 540
03110112802 1421 540
03110112814 1421 540
03110112822 1421 540
03110112834 1421 540
03110112842 1421 540
03110112854 1421 540
03110112862 1421 540
03110112874 1421 540
03110112882 1421 540
03110112894 1421 540
03110112902 1421 540
03110112914 1421 540
03110112926 1421 540
03110112934 1421 540
03110112946 1421 540
03110112954 1421 540
03110112966 1421 540
03110112974 1421 540
03110112986 1421 540
03110112994 1421 540
03110113006 1421 540
03110113014 1421 540
03110113026 1421 540
03110113034 1421 540
03110113046 1421 540
03110113054 1421 540
03110113066 1421 540
03110113074 1421 540
03110113086 1421 540
03110113094 1421 540
03110113106 1421 540
03110113114 1421 540
03110113126 1421 540
03110113134 1421 540
03110113146 1421 540
03110113154 1421 540
03110113166 1421 540
03110113178 1421 540
03110113186 1421 540
03110113198 1421 540
03110113206 1421 540
03110113218 1421 540
03110113226 1421 540
03110113238 1421 540
03110113246 1421 540
03110113258 1421 540
03110113266 1421 540
03110113278 1421 540
03110113286 1421 540
03110113298 1421 540
03110113306 1421 540
03110113318 1421 540
03110113326 1421 540
03110113338 1421 540
03110113346 1421 540
03110113358 1421 540
03110113366 1421 540
03110113378 1421 540
03110113386 1421 540
03110113398 1421 540
03110113406 1421 540
03110113418 1421 540
03110113430 1421 540
03110113438 1421 540
03110113450 1421 540
03110113458 1421 540
03110113470 1421 540
03110113478 1421 540
03110113490 1421 540
03110113498 1421 540
03110113510 1421 540
03110113518 1421 540
03110113530 1421 540
03110113538 1421 540
03110113550 1421 540
03110113558 1421 540
03110113570 1421 540
03110113578 1421 540
03110113590 1421 540
03110113598 1421 540
03110113610 1421 540
03110113618 1421 540
03110113630 1421 540
03110113638 1421 540
03110113650 1421 540
03110113658 1421 540
03110113670 1421 540
03110113682 1421 540
03110113690 1421 540
03110113702 1421 540
03110113710 1421 540
03110113722 1421 540
03110113730 1421 540
03110113742 1421 540
03110113750 1421 540
03110113762 1421 540
03110113770 1421 540
03110113782 1421 540
03110113790 1421 540
03110113802 1421 540
03110113810 1421 540
03110113822 1421 540
03110113830 1421 540
03110113842 1421 540
03110113850 1421 540
03110113862 1421 540
03110113870 1421 540
03110113882 1421 540
03110113890 1421 540
03110113902 1421 540
03110113910 1421 540
03110113922 1421 540
03110113934 1421 540
03110113942 1421 540
03110113954 1421 540
03110113962 1421 540
03110113974 1421 540
03110113982 1421 540
03110113994 1421 540
03110114002 1421 540
03110114014 1421 540
03110114022 1421 540
03110114034 1421 540
03110114042 1421 540
03110114054 1421 540
03110114062 1421 540
03110114074 1421 540
03110114082 1421 540
03110114094 1421 540
03110114102 1421 540
03110114114 1421 540
03110114122 1421 540
03110114134 1421 540
03110114142 1421 540
03110114154 1421 540
03110114162 1421 540
03110114174 1421 540
03110114186 960 540
03110114195 960 540
03110114206 960 540
03110114214 960 540
03110114226 960 540
03110114234 960 540
03110114246 960 540
03110114254 960 540
03110114266 960 540
03110114274 960 540
03110114286 960 540
03110114294 960 540
03110114306 960 540
03110114314 960 540
03110114326 960 540
03110114334 960 540
03110114346 960 540
03110114354 960 540
03110114366 960 540
03110114374 960 540
03110114386 960 540
03110114394 960 540
03110114406 960 540
03110114414 960 540
03110114426 960 540
03110114438 960 540
03110114446 960 540
03110114458 960 540
03110114466 960 540
03110114478 960 540
03110114486 960 540
03110114498 960 540
03110114506 960 540
03110114518 960 540
03110114526 960 540
03110114538 960 540
03110114546 960 540
03110114558 960 540
03110114566 960 540
03110114578 960 540
03110114586 960 540
03110114598 960 540
03110114606 960 540
03110114618 960 540
03110114626 960 540
03110114638 960 540
03110114646 960 540
03110114658 960 540
03110114666 960 540
03110114678 960 540
03110114690 960 540
03110114698 960 540
03110114710 960 540
03110114718 960 540
03110114730 960 540
03110114738 960 540
03110114750 960 540
03110114758 960 540
03110114770 960 540
03110114778 960 540
03110114790 960 540
03110114798 960 540
03110114810 960 540
03110114818 960 540
03110114830 960 540
03110114838 960 540
03110114850 960 540
03110114858 960 540
03110114870 960 540
03110114878 960 540
03110114890 960 540
03110114898 960 540
03110114910 960 540
03110114918 960 540
03110114930 960 540
03110114942 960 540
03110114950 960 540
03110114962 960 540
03110114970 960 540
03110114982 960 540
03110114990 960 540
03110115002 960 540
03110115010 960 540
03110115022 960 540
03110115030 960 540
03110115042 960 540
03110115050 960 540
03110115062 960 540
03110115070 960 540
03110115082 960 540
03110115090 960 540
03110115102 960 540
03110115110 960 540
03110115122 960 540
03110115130 960 540
03110115142 960 540
03110115150 960 540
03110115162 960 540
03110115170 960 540
03110115182 960 540
03110115194 960 540
03110115202 960 540
03110115214 960 540
03110115222 960 540
03110115234 960 540
03110115242 960 540
03110115254 960 540
03110115262 960 540
03110115274 960 540
03110115282 960 540
03110115294 960 540
03110115302 960 540
03110115314 960 540
03110115322 960 540
03110115334 960 540
03110115342 960 540
03110115354 960 540
03110115362 960 540
03110115374 960 540
03110115382 960 540
03110115394 960 540
03110115402 960 540
03110115414 960 540
03110115422 960 540
03110115434 960 540
03110115446 960 540
03110115454 960 540
03110115466 960 540
03110115474 960 540
03110115486 960 540
03110115494 960 540
03110115506 960 540
03110115514 960 540
03110115526 960 540
03110115534 960 540
03110115546 960 540
03110115554 960 540
03110115566 960 540
03110115574 960 540
03110115586 960 540
03110115594 960 540
03110115606 960 540
03110115614 960 540
03110115626 960 540
03110115634 960 540
03110115646 960 540
03110115654 960 540
03110115666 960 540
03110115674 960 540
03110115686 1190 540
03110115699 1190 540
03110115706 1190 540
03110115718 1190 540
03110115726 1190 540
03110115738 1190 540
03110115746 1190 540
03110115758 1190 540
03110115766 1190 540
03110115778 1190 540
03110115786 1190 540
03110115798 1190 540
03110115806 1190 540
03110115818 1190 540
03110115826 1190 540
03110115838 1190 540
03110115846 1190 540
03110115858 1190 540
03110115866 1190 540
03110115878 1190 540
03110115886 1190 540
03110115898 1190 540
03110115906 1190 540
03110115918 1190 540
03110115926 1190 540
03110115938 1190 540
03110115950 1190 540
03110115958 1190 540
03110115970 1190 540
03110115978 1190 540
03110115990 1190 540
03110115998 1190 540
03110116010 1190 540
03110116018 1190 540
03110116030 1190 540
03110116038 1190 540
03110116050 1190 540
03110116058 1190 540
03110116070 1190 540
03110116078 1190 540
03110116090 1190 540
03110116098 1190 540
03110116110 1190 540
03110116118 1190 540
03110116130 1190 540
03110116138 1190 540
03110116150 1190 540
03110116158 1190 540
03110116170 1190 540
03110116178 1190 540
03110116190 1190 540
03110116202 1190 540
03110116210 1190 540
03110116222 1190 540
03110116230 1190 540
03110116242 1190 540
03110116250 1190 540
03110116262 1190 540
03110116270 1190 540
03110116282 1190 540
03110116290 1190 540
03110116302 1190 540
03110116310 1190 540
03110116322 1190 540
03110116330 1190 540
03110116342 1190 540
03110116350 1190 540
03110116362 1190 540
03110116370 1190 540
03110116382 1190 540
03110116390 1190 540
03110116402 1190 540
03110116410 1190 540
03110116422 1190 540
03110116430 1190 540
03110116442 1190 540
03110116454 1190 540
03110116462 1190 540
03110116474 1190 540
03110116482 1190 540
03110116494 1190 540
03110116502 1190 540
03110116514 1190 540
03110116522 1190 540
03110116534 1190 540
03110116542 1190 540
03110116554 1190 540
03110116562 1190 540
03110116574 1190 540
03110116582 1190 540
03110116594 1190 540
03110116602 1190 540
03110116614 1190 540
03110116622 1190 540
03110116634 1190 540
03110116642 1190 540
03110116654 1190 540
03110116662 1190 540
03110116674 1190 540
03110116682 1190 540
03110116694 1190 540
03110116706 1190 540
03110116714 1190 540
03110116726 1190 540
03110116734 1190 540
03110116746 1190 540
03110116754 1190 540
03110116766 1190 540
03110116774 1190 540
03110116786 1190 540
03110116794 1190 540
03110116806 1190 540
03110116814 1190 540
03110116826 1190 540
03110116834 1190 540
03110116846 1190 540
03110116854 1190 540
03110116866 1190 540
03110116874 1190 540
03110116886 1190 540
03110116894 1190 540
03110116906 1190 540
03110116914 1190 540
03110116926 1190 540
03110116934 1190 540
03110116946 1190 540
03110116958 1190 540
03110116966 1190 540
03110116978 1190 540
03110116986 1190 540
03110116998 1190 540
03110117006 1190 540
03110117018 1190 540
03110117026 1190 540
03110117038 1190 540
03110117046 1190 540
03110117058 1190 540
03110117066 1190 540
03110117078 1190 540
03110117086 1190 540
03110117098 1190 540
03110117106 1190 540
03110117118 1190 540
03110117126 1190 540
03110117138 1190 540
03110117146 1190 540
03110117158 1190 540
03110117166 1190 540
03110117178 1190 540
03110117186 1190 540
03110117199 960 540
03110117210 960 540
03110117218 960 540
03110117230 960 540
03110117238 960 540
03110117250 960 540
03110117258 960 540
03110117270 960 540
03110117278 960 540
03110117290 960 540
03110117298 960 540
03110117310 960 540
03110117318 960 540
03110117330 960 540
03110117338 960 540
03110117350 960 540
03110117358 960 540
03110117370 960 540
03110117378 960 540
03110117390 960 540
03110117398 960 540
03110117410 960 540
03110117418 960 540
03110117430 960 540
03110117438 960 540
03110117450 960 540
03110117462 960 540
03110117470 960 540
03110117482 960 540
03110117490 960 540
03110117502 960 540
03110117510 960 540
03110117522 960 540
03110117530 960 540
03110117542 960 540
03110117550 960 540
03110117562 960 540
03110117570 960 540
03110117582 960 540
03110117590 960 540
03110117602 960 540
03110117610 960 540
03110117622 960 540
03110117630 960 540
03110117642 960 540
03110117650 960 540
03110117662 960 540
03110117670 960 540
03110117682 960 540
03110117690 960 540
03110117702 960 540
03110117714 960 540
03110117722 960 540
03110117734 960 540
03110117742 960 540
03110117754 960 540
03110117762 960 540
03110117774 960 540
03110117782 960 540
03110117794 960 540
03110117802 960 540
03110117814 960 540
03110117822 960 540
03110117834 960 540
03110117842 960 540
03110117854 960 540
03110117862 960 540
03110117874 960 540
03110117882 960 540
03110117894 960 540
03110117902 960 540
03110117914 960 540
03110117922 960 540
03110117934 960 540
03110117942 960 540
03110117954 960 540
03110117966 960 540
03110117974 960 540
03110117986 960 540
03110117994 960 540
03110118006 960 540
03110118014 960 540
03110118026 960 540
03110118034 960 540
03110118046 960 540
03110118054 960 540
03110118066 960 540
03110118074 960 540
03110118086 960 540
03110118094 960 540
03110118106 960 540
03110118114 960 540
03110118126 960 540
03110118134 960 540
03110118146 960 540
03110118154 960 540
03110118166 960 540
03110118174 960 540
03110118186 960 540
03110118194 960 540
03110118206 960 540
03110118218 960 540
03110118226 960 540
03110118238 960 540
03110118246 960 540
03110118258 960 540
03110118266 960 540
03110118278 960 540
03110118286 960 540
03110118298 960 540
03110118306 960 540
03110118318 960 540
03110118326 960 540
03110118338 960 540
03110118346 960 540
03110118358 960 540
03110118366 960 540
03110118378 960 540
03110118386 960 540
03110118398 960 540
03110118406 960 540
03110118418 960 540
03110118426 960 540
03110118438 960 540
03110118446 960 540
03110118458 960 540
03110118470 960 540
03110118478 960 540
03110118490 960 540
03110118498 960 540
03110118510 960 540
03110118518 960 540
03110118530 960 540
03110118538 960 540
03110118550 960 540
03110118558 960 540
03110118570 960 540
03110118578 960 540
03110118590 960 540
03110118598 960 540
03110118610 960 540
03110118618 960 540
03110118630 960 540
03110118638 960 540
03110118650 960 540
03110118658 960 540
03110118670 960 540
03110118678 960 540
03110118690 1075 540
03110118699 1075 540
03110118710 1075 540
03110118722 1075 540
03110118730 1075 540
03110118742 1075 540
03110118750 1075 540
03110118762 1075 540
03110118770 1075 540
03110118782 1075 540
03110118790 1075 540
03110118802 1075 540
03110118810 1075 540
03110118822 1075 540
03110118830 1075 540
03110118842 1075 540
03110118850 1075 540
03110118862 1075 540
03110118870 1075 540
03110118882 1075 540
03110118890 1075 540
03110118902 1075 540
03110118910 1075 540
03110118922 1075 540
03110118930 1075 540
03110118942 1075 540
03110118950 1075 540
03110118962 1075 540
03110118974 1075 540
03110118982 1075 540
03110118994 1075 540
03110119002 1075 540
03110119014 1075 540
03110119022 1075 540
03110119034 1075 540
03110119042 1075 540
03110119054 1075 540
03110119062 1075 540
03110119074 1075 540
03110119082 1075 540
03110119094 1075 540
03110119102 1075 540
03110119114 1075 540
03110119122 1075 540
03110119134 1075 540
03110119142 1075 540
03110119154 1075 540
03110119162 1075 540
03110119174 1075 540
03110119182 1075 540
03110119194 1075 540
03110119202 1075 540
03110119214 1075 540
03110119226 1075 540
03110119234 1075 540
03110119246 1075 540
03110119254 1075 540
03110119266 1075 540
03110119274 1075 540
03110119286 1075 540
03110119294 1075 540
03110119306 1075 540
03110119314 1075 540
03110119326 1075 540
03110119334 1075 540
03110119346 1075 540
03110119354 1075 540
03110119366 1075 540
03110119374 1075 540
03110119386 1075 540
03110119394 1075 540
03110119406 1075 540
03110119414 1075 540
03110119426 1075 540
03110119434 1075 540
03110119446 1075 540
03110119454 1075 540
03110119466 1075 540
03110119478 1075 540
03110119486 1075 540
03110119498 1075 540
03110119506 1075 540
03110119518 1075 540
03110119526 1075 540
03110119538 1075 540
03110119546 1075 540
03110119558 1075 540
03110119566 1075 540
03110119578 1075 540
03110119586 1075 540
03110119598 1075 540
03110119606 1075 540
03110119618 1075 540
03110119626 1075 540
03110119638 1075 540
03110119646 1075 540
03110119658 1075 540
03110119666 1075 540
03110119678 1075 540
03110119686 1075 540
03110119698 1075 540
03110119706 1075 540
03110119718 1075 540
03110119730 1075 540
03110119738 1075 540
03110119750 1075 540
03110119758 1075 540
03110119770 1075 540
03110119778 1075 540
03110119790 1075 540
03110119798 1075 540
03110119810 1075 540
03110119818 1075 540
03110119830 1075 540
03110119838 1075 540
03110119850 1075 540
03110119858 1075 540
03110119870 1075 540
03110119878 1075 540
03110119890 1075 540
03110119898 1075 540
03110119910 1075 540
03110119918 1075 540
03110119930 1075 540
03110119938 1075 540
03110119950 1075 540
03110119958 1075 540
03110119970 1075 540
03110119982 1075 540
03110119990 1075 540
03110120002 1075 540
03110120010 1075 540
03110120022 1075 540
03110120030 1075 540
03110120042 1075 540
03110120050 1075 540
03110120062 1075 540
03110120070 1075 540
03110120082 1075 540
03110120090 1075 540
03110120102 1075 540
03110120110 1075 540
03110120122 1075 540
03110120130 1075 540
03110120142 1075 540
03110120150 1075 540
03110120162 1075 540
03110120170 1075 540
03110120182 1075 540
03110120190 1075 540
03110120203 960 540
03110120210 960 540
03110120222 960 540
03110120234 960 540
03110120242 960 540
03110120254 960 540
03110120262 960 540
03110120274 960 540
03110120282 960 540
03110120294 960 540
03110120302 960 540
03110120314 960 540
03110120322 960 540
03110120334 960 540
03110120342 960 540
03110120354 960 540
03110120362 960 540
03110120374 960 540
03110120382 960 540
03110120394 960 540
03110120402 960 540
03110120414 960 540
03110120422 960 540
03110120434 960 540
03110120442 960 540
03110120454 960 540
03110120462 960 540
03110120474 960 540
03110120486 960 540
03110120494 960 540
03110120506 960 540
03110120514 960 540
03110120526 960 540
03110120534 960 540
03110120546 960 540
03110120554 960 540
03110120566 960 540
03110120574 960 540
03110120586 960 540
03110120594 960 540
03110120606 960 540
03110120614 960 540
03110120626 960 540
03110120634 960 540
03110120646 960 540
03110120654 960 540
03110120666 960 540
03110120674 960 540
03110120686 960 540
03110120694 960 540
03110120706 960 540
03110120714 960 540
03110120726 960 540
03110120738 960 540
03110120746 960 540
03110120758 960 540
03110120766 960 540
03110120778 960 540
03110120786 960 540
03110120798 960 540
03110120806 960 540
03110120818 960 540
03110120826 960 540
03110120838 960 540
03110120846 960 540
03110120858 960 540
03110120866 960 540
03110120878 960 540
03110120886 960 540
03110120898 960 540
03110120906 960 540
03110120918 960 540
03110120926 960 540
03110120938 960 540
03110120946 960 540
03110120958 960 540
03110120966 960 540
03110120978 960 540
03110120990 960 540
03110120998 960 540
03110121010 960 540
03110121018 960 540
03110121030 960 540
03110121038 960 540
03110121050 960 540
03110121058 960 540
03110121070 960 540
03110121078 960 540
03110121090 960 540
03110121098 960 540
03110121110 960 540
03110121118 960 540
03110121130 960 540
03110121138 960 540
03110121150 960 540
03110121158 960 540
03110121170 960 540
03110121178 960 540
03110121190 960 540
03110121198 960 540
03110121210 960 540
03110121218 960 540
03110121230 960 540
03110121242 960 540
03110121250 960 540
03110121262 960 540
03110121270 960 540
03110121282 960 540
03110121290 960 540
03110121302 960 540
03110121310 960 540
03110121322 960 540
03110121330 960 540
03110121342 960 540
03110121350 960 540
03110121362 960 540
03110121370 960 540
03110121382 960 540
03110121390 960 540
03110121402 960 540
03110121410 960 540
03110121422 960 540
03110121430 960 540
03110121442 960 540
03110121450 960 540
03110121462 960 540
03110121470 960 540
03110121482 960 540
03110121494 960 540
03110121502 960 540
03110121514 960 540
03110121522 960 540
03110121534 960 540
03110121542 960 540
03110121554 960 540
03110121562 960 540
03110121574 960 540
03110121582 960 540
03110121594 960 540
03110121602 960 540
03110121614 960 540
03110121622 960 540
03110121634 960 540
03110121642 960 540
03110121654 960 540
03110121662 960 540
03110121674 960 540
03110121682 960 540
03110121694 960 540
03110121703 844 540
03110121715 844 540
03110121722 844 540
03110121734 844 540
03110121746 844 540
03110121754 844 540
03110121766 844 540
03110121774 844 540
03110121786 844 540
03110121794 844 540
03110121806 844 540
03110121814 844 540
03110121826 844 540
03110121834 844 540
03110121846 844 540
03110121854 844 540
03110121866 844 540
03110121874 844 540
03110121886 844 540
03110121894 844 540
03110121906 844 540
03110121914 844 540
03110121926 844 540
03110121934 844 540
03110121946 844 540
03110121954 844 540
03110121966 844 540
03110121974 844 540
03110121986 844 540
03110121998 844 540
03110122006 844 540
03110122018 844 540
03110122026 844 540
03110122038 844 540
03110122046 844 540
03110122058 844 540
03110122066 844 540
03110122078 844 540
03110122086 844 540
03110122098 844 540
03110122106 844 540
03110122118 844 540
03110122126 844 540
03110122138 844 540
03110122146 844 540
03110122158 844 540
03110122166 844 540
03110122178 844 540
03110122186 844 540
03110122198 844 540
03110122206 844 540
03110122218 844 540
03110122226 844 540
03110122238 844 540
03110122250 844 540
03110122258 844 540
03110122270 844 540
03110122278 844 540
03110122290 844 540
03110122298 844 540
03110122310 844 540
03110122318 844 540
03110122330 844 540
03110122338 844 540
03110122350 844 540
03110122358 844 540
03110122370 844 540
03110122378 844 540
03110122390 844 540
03110122398 844 540
03110122410 844 540
03110122418 844 540
03110122430 844 540
03110122438 844 540
03110122450 844 540
03110122458 844 540
03110122470 844 540
03110122478 844 540
03110122490 844 540
03110122502 844 540
03110122510 844 540
03110122522 844 540
03110122530 844 540
03110122542 844 540
03110122550 844 540
03110122562 844 540
03110122570 844 540
03110122582 844 540
03110122590 844 540
03110122602 844 540
03110122610 844 540
03110122622 844 540
03110122630 844 540
03110122642 844 540
03110122650 844 540
03110122662 844 540
03110122670 844 540
03110122682 844 540
03110122690 844 540
03110122702 844 540
03110122710 844 540
03110122722 844 540
03110122730 844 540
03110122742 844 540
03110122754 844 540
03110122762 844 540
03110122774 844 540
03110122782 844 540
03110122794 844 540
03110122802 844 540
03110122814 844 540
03110122822 844 540
03110122834 844 540
03110122842 844 540
03110122854 844 540
03110122862 844 540
03110122874 844 540
03110122882 844 540
03110122894 844 540
03110122902 844 540
03110122914 844 540
03110122922 844 540
03110122934 844 540
03110122942 844 540
03110122954 844 540
03110122962 844 540
03110122974 844 540
03110122982 844 540
03110122994 844 540
03110123006 844 540
03110123014 844 540
03110123026 844 540
03110123034 844 540
03110123046 844 540
03110123054 844 540
03110123066 844 540
03110123074 844 540
03110123086 844 540
03110123094 844 540
03110123106 844 540
03110123114 844 540
03110123126 844 540
03110123134 844 540
03110123146 844 540
03110123154 844 540
03110123166 844 540
03110123174 844 540
03110123186 844 540
03110123194 844 540
03110123207 960 540
03110123215 960 540
03110123226 960 540
03110123234 960 540
03110123246 960 540
03110123258 960 540
03110123266 960 540
03110123278 960 540
03110123286 960 540
03110123298 960 540
03110123306 960 540
03110123318 960 540
03110123326 960 540
03110123338 960 540
03110123346 960 540
03110123358 960 540
03110123366 960 540
03110123378 960 540
03110123386 960 540
03110123398 960 540
03110123406 960 540
03110123418 960 540
03110123426 960 540
03110123438 960 540
03110123446 960 540
03110123458 960 540
03110123466 960 540
03110123478 960 540
03110123486 960 540
03110123498 960 540
03110123510 960 540
03110123518 960 540
03110123530 960 540
03110123538 960 540
03110123550 960 540
03110123558 960 540
03110123570 960 540
03110123578 960 540
03110123590 960 540
03110123598 960 540
03110123610 960 540
03110123618 960 540
03110123630 960 540
03110123638 960 540
03110123650 960 540
03110123658 960 540
03110123670 960 540
03110123678 960 540
03110123690 960 540
03110123698 960 540
03110123710 960 540
03110123718 960 540
03110123730 960 540
03110123738 960 540
03110123750 960 540
03110123762 960 540
03110123770 960 540
03110123782 960 540
03110123790 960 540
03110123802 960 540
03110123810 960 540
03110123822 960 540
03110123830 960 540
03110123842 960 540
03110123850 960 540
03110123862 960 540
03110123870 960 540
03110123882 960 540
03110123890 960 540
03110123902 960 540
03110123910 960 540
03110123922 960 540
03110123930 960 540
03110123942 960 540
03110123950 960 540
03110123962 960 540
03110123970 960 540
03110123982 960 540
03110123990 960 540
03110124002 960 540
03110124014 960 540
03110124022 960 540
03110124034 960 540
03110124042 960 540
03110124054 960 540
03110124062 960 540
03110124074 960 540
03110124082 960 540
03110124094 960 540
03110124102 960 540
03110124114 960 540
03110124122 960 540
03110124134 960 540
03110124142 960 540
03110124154 960 540
03110124162 960 540
03110124174 960 540
03110124182 960 540
03110124194 960 540
03110124202 960 540
03110124214 960 540
03110124222 960 540
03110124234 960 540
03110124242 960 540
03110124254 960 540
03110124266 960 540
03110124274 960 540
03110124286 960 540
03110124294 960 540
03110124306 960 540
03110124314 960 540
03110124326 960 540
03110124334 960 540
03110124346 960 540
03110124354 960 540
03110124366 960 540
03110124374 960 540
03110124386 960 540
03110124394 960 540
03110124406 960 540
03110124414 960 540
03110124426 960 540
03110124434 960 540
03110124446 960 540
03110124454 960 540
03110124466 960 540
03110124474 960 540
03110124486 960 540
03110124494 960 540
03110124506 960 540
03110124518 960 540
03110124526 960 540
03110124538 960 540
03110124546 960 540
03110124558 960 540
03110124566 960 540
03110124578 960 540
03110124586 960 540
03110124598 960 540
03110124606 960 540
03110124618 960 540
03110124626 960 540
03110124638 960 540
03110124646 960 540
03110124658 960 540
03110124666 960 540
03110124678 960 540
03110124686 960 540
03110124698 960 540
03110124707 729 540
03110124718 729 540
03110124726 729 540
03110124738 729 540
03110124746 729 540
03110124758 729 540
03110124770 729 540
03110124778 729 540
03110124790 729 540
03110124798 729 540
03110124810 729 540
03110124818 729 540
03110124830 729 540
03110124838 729 540
03110124850 729 540
03110124858 729 540
03110124870 729 540
03110124878 729 540
03110124890 729 540
03110124898 729 540
03110124910 729 540
03110124918 729 540
03110124930 729 540
03110124938 729 540
03110124950 729 540
03110124958 729 540
03110124970 729 540
03110124978 729 540
03110124990 729 540
03110124998 729 540
03110125010 729 540
03110125022 729 540
03110125030 729 540
03110125042 729 540
03110125050 729 540
03110125062 729 540
03110125070 729 540
03110125082 729 540
03110125090 729 540
03110125102 729 540
03110125110 729 540
03110125122 729 540
03110125130 729 540
03110125142 729 540
03110125150 729 540
03110125162 729 540
03110125170 729 540
03110125182 729 540
03110125190 729 540
03110125202 729 540
03110125210 729 540
03110125222 729 540
03110125230 729 540
03110125242 729 540
03110125250 729 540
03110125262 729 540
03110125274 729 540
03110125282 729 540
03110125294 729 540
03110125302 729 540
03110125314 729 540
03110125322 729 540
03110125334 729 540
03110125342 729 540
03110125354 729 540
03110125362 729 540
03110125374 729 540
03110125382 729 540
03110125394 729 540
03110125402 729 540
03110125414 729 540
03110125422 729 540
03110125434 729 540
03110125442 729 540
03110125454 729 540
03110125462 729 540
03110125474 729 540
03110125482 729 540
03110125494 729 540
03110125502 729 540
03110125514 729 540
03110125526 729 540
03110125534 729 540
03110125546 729 540
03110125554 729 540
03110125566 729 540
03110125574 729 540
03110125586 729 540
03110125594 729 540
03110125606 729 540
03110125614 729 540
03110125626 729 540
03110125634 729 540
03110125646 729 540
03110125654 729 540
03110125666 729 540
03110125674 729 540
03110125686 729 540
03110125694 729 540
03110125706 729 540
03110125714 729 540
03110125726 729 540
03110125734 729 540
03110125746 729 540
03110125754 729 540
03110125766 729 540
03110125778 729 540
03110125786 729 540
03110125798 729 540
03110125806 729 540
03110125818 729 540
03110125826 729 540
03110125838 729 540
03110125846 729 540
03110125858 729 540
03110125866 729 540
03110125878 729 540
03110125886 729 540
03110125898 729 540
03110125906 729 540
03110125918 729 540
03110125926 729 540
03110125938 729 540
03110125946 729 540
03110125958 729 540
03110125966 729 540
03110125978 729 540
03110125986 729 540
03110125998 729 540
03110126006 729 540
03110126018 729 540
03110126030 729 540
03110126038 729 540
03110126050 729 540
03110126058 729 540
03110126070 729 540
03110126078 729 540
03110126090 729 540
03110126098 729 540
03110126110 729 540
03110126118 729 540
03110126130 729 540
03110126138 729 540
03110126150 729 540
03110126158 729 540
03110126170 729 540
03110126178 729 540
03110126190 729 540
03110126198 729 540
03110126210 960 540
03110126218 960 540
03110126230 960 540
03110126238 960 540
03110126250 960 540
03110126258 960 540
03110126270 960 540
03110126282 960 540
03110126290 960 540
03110126302 960 540
03110126310 960 540
03110126322 960 540
03110126330 960 540
03110126342 960 540
03110126350 960 540
03110126362 960 540
03110126370 960 540
03110126382 960 540
03110126390 960 540
03110126402 960 540
03110126410 960 540
03110126422 960 540
03110126430 960 540
03110126442 960 540
03110126450 960 540
03110126462 960 540
03110126470 960 540
03110126482 960 540
03110126490 960 540
03110126502 960 540
03110126510 960 540
03110126522 960 540
03110126534 960 540
03110126542 960 540
03110126554 960 540
03110126562 960 540
03110126574 960 540
03110126582 960 540
03110126594 960 540
03110126602 960 540
03110126614 960 540
03110126622 960 540
03110126634 960 540
03110126642 960 540
03110126654 960 540
03110126662 960 540
03110126674 960 540
03110126682 960 540
03110126694 960 540
03110126702 960 540
03110126714 960 540
03110126722 960 540
03110126734 960 540
03110126742 960 540
03110126754 960 540
03110126762 960 540
03110126774 960 540
03110126786 960 540
03110126794 960 540
03110126806 960 540
03110126814 960 540
03110126826 960 540
03110126834 960 540
03110126846 960 540
03110126854 960 540
03110126866 960 540
03110126874 960 540
03110126886 960 540
03110126894 960 540
03110126906 960 540
03110126914 960 540
03110126926 960 540
03110126934 960 540
03110126946 960 540
03110126954 960 540
03110126966 960 540
03110126974 960 540
03110126986 960 540
03110126994 960 540
03110127006 960 540
03110127014 960 540
03110127026 960 540
03110127038 960 540
03110127046 960 540
03110127058 960 540
03110127066 960 540
03110127078 960 540
03110127086 960 540
03110127098 960 540
03110127106 960 540
03110127118 960 540
03110127126 960 540
03110127138 960 540
03110127146 960 540
03110127158 960 540
03110127166 960 540
03110127178 960 540
03110127186 960 540
03110127198 960 540
03110127206 960 540
03110127218 960 540
03110127226 960 540
03110127238 960 540
03110127246 960 540
03110127258 960 540
03110127266 960 540
03110127278 960 540
03110127290 960 540
03110127298 960 540
03110127310 960 540
03110127318 960 540
03110127330 960 540
03110127338 960 540
03110127350 960 540
03110127358 960 540
03110127370 960 540
03110127378 960 540
03110127390 960 540
03110127398 960 540
03110127410 960 540
03110127418 960 540
03110127430 960 540
03110127438 960 540
03110127450 960 540
03110127458 960 540
03110127470 960 540
03110127478 960 540
03110127490 960 540
03110127498 960 540
03110127510 960 540
03110127521 960 540
03110127530 960 540
03110127542 960 540
03110127550 960 540
03110127562 960 540
03110127570 960 540
03110127831 960 540
03110127833 960 540
03110127836 960 540
03110127839 960 540
03110127841 960 540
03110127843 960 540
03110127846 960 540
03110127848 960 540
03110127851 960 540
03110127853 960 540
03110127856 960 540
03110127858 960 540
03110127860 960 540
03110127863 1190 540
03110127865 1190 540
03110127868 1190 540
03110127870 1190 540
03110127872 1190 540
03110127875 1190 540
03110127877 1190 540
03110127879 1190 540
03110127882 1190 540
03110127884 1190 540
03110127887 1190 540
03110127889 1190 540
03110127892 1190 540
03110127894 1190 540
03110127896 1190 540
03110127899 1190 540
03110127901 1190 540
03110127903 1190 540
03110127906 1190 540
03110127908 1190 540
03110127914 1190 540
03110127922 1190 540
03110127934 1190 540
03110127942 1190 540
03110127954 1190 540
03110127962 1190 540
03110127974 1190 540
03110127982 1190 540
03110127994 1190 540
03110128002 1190 540
03110128014 1190 540
03110128022 1190 540
03110128034 1190 540
03110128046 1190 540
03110128054 1190 540
03110128066 1190 540
03110128074 1190 540
03110128086 1190 540
03110128094 1190 540
03110128106 1190 540
03110128114 1190 540
03110128126 1190 540
03110128134 1190 540
03110128146 1190 540
03110128154 1190 540
03110128166 1190 540
03110128174 1190 540
03110128186 1190 540
03110128194 1190 540
03110128206 1190 540
03110128214 1190 540
03110128226 1190 540
03110128234 1190 540
03110128246 1190 540
03110128254 1190 540
03110128266 1190 540
03110128274 1190 540
03110128286 1190 540
03110128298 1190 540
03110128306 1190 540
03110128318 1190 540
03110128326 1190 540
03110128338 1190 540
03110128346 1190 540
03110128358 1190 540
03110128366 1190 540
03110128378 1190 540
03110128386 1190 540
03110128398 1190 540
03110128406 1190 540
03110128418 1190 540
03110128426 1190 540
03110128438 1190 540
03110128446 1190 540
03110128458 1190 540
03110128466 1190 540
03110128478 1190 540
03110128486 1190 540
03110128498 1190 540
03110128506 1190 540
03110128518 1190 540
03110128526 1190 540
03110128538 1190 540
03110128550 1190 540
03110128558 1190 540
03110128570 1190 540
03110128578 1190 540
03110128590 1190 540
03110128598 1190 540
03110128610 1190 540
03110128618 1190 540
03110128630 1190 540
03110128638 1190 540
03110128650 1190 540
03110128658 1190 540
03110128670 1190 540
03110128678 1190 540
03110128690 1190 540
03110128698 1190 540
03110128710 1190 540
03110128718 1190 540
03110128730 1190 540
03110128738 1190 540
03110128750 1190 540
03110128758 1190 540
03110128770 1190 540
03110128778 1190 540
03110128790 1190 540
03110128802 1190 540
03110128810 1190 540
03110128822 1190 540
03110128830 1190 540
03110128842 1190 540
03110128850 1190 540
03110128862 1190 540
03110128870 1190 540
03110128882 1190 540
03110128890 1190 540
03110128902 1190 540
03110128910 1190 540
03110128922 1190 540
03110128930 1190 540
03110128942 1190 540
03110128950 1190 540
03110128962 1190 540
03110128970 1190 540
03110128982 1190 540
03110128990 1190 540
03110129002 1190 540
03110129010 1190 540
03110129022 1190 540
03110129030 1190 540
03110129042 1190 540
03110129054 1190 540
03110129062 1190 540
03110129074 1190 540
03110129082 1190 540
03110129094 1190 540
03110129102 1190 540
03110129114 1190 540
03110129122 1190 540
03110129134 1190 540
03110129142 1190 540
03110129154 1190 540
03110129162 1190 540
03110129174 1190 540
03110129182 1190 540
03110129194 1190 540
03110129202 1190 540
03110129214 960 540
03110129222 960 540
03110129234 960 540
03110129242 960 540
03110129254 960 540
03110129262 960 540
03110129274 960 540
03110129282 960 540
03110129294 960 540
03110129306 960 540
03110129314 960 540
03110129326 960 540
03110129334 960 540
03110129346 960 540
03110129354 960 540
03110129366 960 540
03110129374 960 540
03110129386 960 540
03110129394 960 540
03110129406 960 540
03110129414 960 540
03110129426 960 540
03110129434 960 540
03110129446 960 540
03110129454 960 540
03110129466 960 540
03110129474 960 540
03110129486 960 540
03110129494 960 540
03110129506 960 540
03110129514 960 540
03110129526 960 540
03110129534 960 540
03110129546 960 540
03110129558 960 540
03110129566 960 540
03110129578 960 540
03110129586 960 540
03110129598 960 540
03110129606 960 540
03110129618 960 540
03110129626 960 540
03110129638 960 540
03110129646 960 540
03110129658 960 540
03110129666 960 540
03110129678 960 540
03110129686 960 540
03110129698 960 540
03110129706 960 540
03110129718 960 540
03110129726 960 540
03110129738 960 540
03110129746 960 540
03110129758 960 540
03110129766 960 540
03110129778 960 540
03110129786 960 540
03110129798 960 540
03110129810 960 540
03110129818 960 540
03110129830 960 540
03110129838 960 540
03110129850 960 540
03110129858 960 540
03110129870 960 540
03110129878 960 540
03110129890 960 540
03110129898 960 540
03110129910 960 540
03110129918 960 540
03110129930 960 540
03110129938 960 540
03110129950 960 540
03110129958 960 540
03110129970 960 540
03110129978 960 540
03110129990 960 540
03110129998 960 540
03110130010 960 540
03110130018 960 540
03110130030 960 540
03110130038 960 540
03110130050 960 540
03110130062 960 540
03110130070 960 540
03110130082 960 540
03110130090 960 540
03110130102 960 540
03110130110 960 540
03110130122 960 540
03110130130 960 540
03110130142 960 540
03110130150 960 540
03110130162 960 540
03110130170 960 540
03110130182 960 540
03110130190 960 540
03110130202 960 540
03110130210 960 540
03110130222 960 540
03110130230 960 540
03110130242 960 540
03110130250 960 540
03110130262 960 540
03110130270 960 540
03110130282 960 540
03110130290 960 540
03110130302 960 540
03110130314 960 540
03110130322 960 540
03110130334 960 540
03110130342 960 540
03110130354 960 540
03110130362 960 540
03110130374 960 540
03110130382 960 540
03110130394 960 540
03110130402 960 540
03110130414 960 540
03110130422 960 540
03110130434 960 540
03110130442 960 540
03110130454 960 540
03110130462 960 540
03110130474 960 540
03110130482 960 540
03110130494 960 540
03110130502 960 540
03110130514 960 540
03110130522 960 540
03110130534 960 540
03110130542 960 540
03110130554 960 540
03110130566 960 540
03110130574 960 540
03110130586 960 540
03110130594 960 540
03110130606 960 540
03110130614 960 540
03110130626 960 540
03110130634 960 540
03110130646 960 540
03110130654 960 540
03110130666 960 540
03110130674 960 540
03110130686 960 540
03110130694 960 540
03110130706 960 540
03110130715 844 540
03110130726 844 540
03110130734 844 540
03110130746 844 540
03110130754 844 540
03110130766 844 540
03110130774 844 540
03110130786 844 540
03110130794 844 540
03110130806 844 540
03110130818 844 540
03110130826 844 540
03110130838 844 540
03110130846 844 540
03110130858 844 540
03110130866 844 540
03110130878 844 540
03110130886 844 540
03110130898 844 540
03110130906 844 540
03110130918 844 540
03110130926 844 540
03110130938 844 540
03110130946 844 540
03110130958 844 540
03110130966 844 540
03110130978 844 540
03110130986 844 540
03110130998 844 540
03110131006 844 540
03110131018 844 540
03110131026 844 540
03110131038 844 540
03110131046 844 540
03110131058 844 540
03110131070 844 540
03110131078 844 540
03110131090 844 540
03110131098 844 540
03110131110 844 540
03110131118 844 540
03110131130 844 540
03110131138 844 540
03110131150 844 540
03110131158 844 540
03110131170 844 540
03110131178 844 540
03110131190 844 540
03110131198 844 540
03110131210 844 540
03110131218 844 540
03110131230 844 540
03110131238 844 540
03110131250 844 540
03110131258 844 540
03110131270 844 540
03110131278 844 540
03110131290 844 540
03110131298 844 540
03110131310 844 540
03110131322 844 540
03110131330 844 540
03110131342 844 540
03110131350 844 540
03110131362 844 540
03110131370 844 540
03110131382 844 540
03110131390 844 540
03110131402 844 540
03110131410 844 540
03110131422 844 540
03110131430 844 540
03110131442 844 540
03110131450 844 540
03110131462 844 540
03110131470 844 540
03110131482 844 540
03110131490 844 540
03110131502 844 540
03110131510 844 540
03110131522 844 540
03110131530 844 540
03110131542 844 540
03110131550 844 540
03110131562 844 540
03110131574 844 540
03110131582 844 540
03110131594 844 540
03110131602 844 540
03110131614 844 540
03110131622 844 540
03110131634 844 540
03110131642 844 540
03110131654 844 540
03110131662 844 540
03110131674 844 540
03110131682 844 540
03110131694 844 540
03110131702 844 540
03110131714 844 540
03110131722 844 540
03110131734 844 540
03110131742 844 540
03110131754 844 540
03110131762 844 540
03110131774 844 540
03110131782 844 540
03110131794 844 540
03110131802 844 540
03110131814 844 540
03110131826 844 540
03110131834 844 540
03110131846 844 540
03110131854 844 540
03110131866 844 540
03110131874 844 540
03110131886 844 540
03110131894 844 540
03110131906 844 540
03110131914 844 540
03110131926 844 540
03110131934 844 540
03110131946 844 540
03110131954 844 540
03110131966 844 540
03110131974 844 540
03110131986 844 540
03110131994 844 540
03110132006 844 540
03110132014 844 540
03110132026 844 540
03110132034 844 540
03110132046 844 540
03110132054 844 540
03110132066 844 540
03110132078 844 540
03110132086 844 540
03110132098 844 540
03110132106 844 540
03110132118 844 540
03110132126 844 540
03110132138 844 540
03110132146 844 540
03110132158 844 540
03110132166 844 540
03110132178 844 540
03110132186 844 540
03110132198 844 540
03110132206 844 540
