20191128T162055.637903 302.725 250.634 91.1358 89.5127 130.447 296.5 264 314.747 264.413 20191128T162055.637903 960 540
20191128T162055.646980 301.103 251.023 90.7285 89.817 128.298 296.25 263.95 314 264.5 20191128T162055.646980 960 540
20191128T162055.658807 301.309 251.121 90.6304 89.9837 111.913 296.269 264.056 314.179 264.538 20191128T162055.658807 960 540
20191128T162055.666681 301.644 251.241 90.4297 90.0016 117.938 296.386 264 314.346 264.628 20191128T162055.666681 960 540
20191128T162055.678805 301.74 251.273 90.6023 90.1958 118.946 296.386 264 314.467 264.7 20191128T162055.678805 960 540
20191128T162055.686834 301.684 251.487 90.5814 90.0712 131.238 296.333 264.333 314.412 264.912 20191128T162055.686834 960 540
20191128T162055.698127 301.727 251.297 90.5587 90.0747 125.265 296.386 264 314.274 265.143 20191128T162055.698127 960 540
20191128T162055.708340 301.7 251.266 90.7242 90.0172 122.602 296.269 264.056 314.319 264.681 20191128T162055.708340 960 540
20191128T162055.717918 301.695 251.14 90.6072 90.2902 130.815 296.386 264 314.345 264.5 20191128T162055.717918 960 540
20191128T162055.725987 301.842 250.982 90.8328 90.1174 136.076 296.386 264 314.345 264.5 20191128T162055.725987 960 540
20191128T162055.737876 301.816 250.928 91.1118 90.1571 118.263 296.386 264 314.449 264.808 20191128T162055.737876 960 540
20191128T162055.750157 301.751 251.019 90.5942 90.128 115.363 296.386 264 314.202 264.702 20191128T162055.750157 960 540
20191128T162055.758186 301.87 251.063 90.8307 90.2582 112.362 296.386 264 314.386 264.965 20191128T162055.758186 960 540
20191128T162055.770131 301.913 251.044 90.5604 90.0805 114.786 296.386 264 314.5 265 20191128T162055.770131 960 540
20191128T162055.777912 301.999 251.043 90.6134 90.0392 125.877 296.386 264 314.57 264.785 20191128T162055.777912 960 540
20191128T162055.790059 301.986 251.132 90.7278 89.9688 118.033 296.441 264.045 314.5 264.583 20191128T162055.790059 960 540
20191128T162055.798239 302.153 251.113 90.4568 90.2833 147.382 296.386 264 314.5 264.583 20191128T162055.798239 960 540
20191128T162055.810867 301.951 251.069 90.7447 89.9549 122.767 296.386 264 314.5 265.236 20191128T162055.810867 960 540
20191128T162055.818051 301.985 250.399 90.4921 89.6504 134.813 296.357 263.5 314.375 264.188 20191128T162055.818051 960 540
20191128T162055.830050 301.893 249.966 90.6809 89.7394 118.149 296.352 263.306 314.365 263.74 20191128T162055.830050 960 540
20191128T162055.837867 301.98 249.592 90.2699 89.9202 41.7391 296.352 262.867 314.218 263.577 20191128T162055.837867 960 540
20191128T162055.850604 301.854 249.61 90.3472 90.2381 64.4157 296.441 262.955 314.202 263.702 20191128T162055.850604 960 540
20191128T162055.858792 302.009 249.557 90.3388 90.18 117.664 296.441 262.955 314.345 263.5 20191128T162055.858792 960 540
20191128T162055.870722 301.87 249.616 90.426 90.0043 52.6375 296.296 262.917 314.345 263.5 20191128T162055.870722 960 540
20191128T162055.877854 301.908 249.484 90.115 89.9877 85.7194 296.352 262.867 314.237 263.022 20191128T162055.877854 960 540
20191128T162055.890892 302.16 249.462 90.4964 89.867 66.6222 296.333 262.685 314.412 263.088 20191128T162055.890892 960 540
20191128T162055.898108 302.318 249.254 90.5176 89.7329 102.831 296.5 262.5 314.5 263 20191128T162055.898108 960 540
20191128T162055.910747 302.394 249.279 89.9056 89.7559 83.6884 296.566 262.465 314.588 262.912 20191128T162055.910747 960 540
20191128T162055.918154 302.606 249.263 90.315 89.6543 86.5092 296.678 262.622 314.943 263.057 20191128T162055.918154 960 540
20191128T162055.930207 302.749 249.499 89.8987 89.4113 122.336 296.906 262.833 315.115 263.077 20191128T162055.930207 960 540
20191128T162055.937889 302.802 249.461 89.888 89.1989 104.276 297.219 262.771 315.205 263.205 20191128T162055.937889 960 540
20191128T162055.950063 302.809 249.654 89.8319 88.8494 107.081 297.24 262.74 315.5 263.244 20191128T162055.950063 960 540
20191128T162055.958075 302.772 249.52 89.6505 88.5938 128.306 296.967 262.922 315.072 263.29 20191128T162055.958075 960 540
20191128T162055.970177 302.561 249.421 88.8424 88.47 127.934 296.713 262.943 314.762 262.893 20191128T162055.970177 960 540
20191128T162055.977870 302.259 249.431 88.1478 87.2853 110.69 296.5 262.725 314.312 263 20191128T162055.977870 960 540
20191128T162055.990051 302.028 249.298 87.3423 87.0033 112.499 296.322 262.622 314.312 263 20191128T162055.990051 960 540
20191128T162056.002076 301.675 249.393 86.6535 85.8858 98.709 296.322 262.622 314.156 263 20191128T162056.002076 960 540
20191128T162056.010998 301.444 249.561 85.7673 85.2689 88.0772 295.678 262.378 314 263.394 20191128T162056.010998 960 540
20191128T162056.021873 301.339 249.034 84.5443 83.6791 119.672 295.718 262 313.921 262.556 20191128T162056.021873 960 540
20191128T162056.030190 302.618 245.671 83.3942 82.4349 167.417 296.301 259.472 314.412 260.088 20191128T162056.030190 960 540
20191128T162056.042902 303.789 241.407 82.4548 81.6272 148.89 296.643 257 314.55 257.748 20191128T162056.042902 960 540
20191128T162056.050861 303.581 239.628 81.6748 80.6561 8.08406 296.352 255.867 314.352 256.867 20191128T162056.050861 960 540
20191128T162056.061866 303.908 239.481 80.5268 79.6933 179.654 296.642 256.05 314.5 257.417 20191128T162056.061866 960 540
20191128T162056.070177 304.374 239.745 79.5353 78.4432 179.397 296.925 256.57 314.682 257.31 20191128T162056.070177 960 540
20191128T162056.084226 304.247 239.922 78.247 77.5372 170.238 297.031 256.604 315.195 257.447 20191128T162056.084226 960 540
20191128T162056.090139 304.559 240.145 77.604 76.6344 19.3098 297.357 256.655 315.587 257.452 20191128T162056.090139 960 540
20191128T162056.102241 304.752 240.244 77.1087 75.2137 164.769 297.573 256.76 315.876 257.562 20191128T162056.102241 960 540
20191128T162056.110079 305.001 240.406 76.2157 74.6313 1.4826 297.735 256.912 316.123 257.746 20191128T162056.110079 960 540
20191128T162056.122100 305.006 240.556 75.0776 73.6371 179.274 298.095 257.019 316.386 258 20191128T162056.122100 960 540
20191128T162056.130153 305.124 240.799 74.2211 72.8903 2.36215 298.333 257.042 316.352 258.038 20191128T162056.130153 960 540
20191128T162056.142275 305.29 240.65 73.453 71.9983 3.61456 298.374 256.99 316.386 258 20191128T162056.142275 960 540
20191128T162056.150529 305.404 240.657 72.5886 71.2689 4.31522 298.519 256.972 316.441 257.955 20191128T162056.150529 960 540
20191128T162056.161874 305.31 240.732 71.9281 70.6066 171.453 298.505 257.02 316.441 257.955 20191128T162056.161874 960 540
20191128T162056.170029 305.382 240.53 71.5643 69.7572 177.039 298.631 256.982 316.352 258.038 20191128T162056.170029 960 540
20191128T162056.184027 305.356 240.608 71.1469 69.1074 167.587 298.602 257.028 316.352 258.038 20191128T162056.184027 960 540
20191128T162056.189979 305.326 240.555 70.1341 68.43 177.956 298.694 257.028 316.352 258.038 20191128T162056.189979 960 540
20191128T162056.202083 305.325 240.694 69.675 67.9756 3.66138 298.631 256.982 316.352 258.038 20191128T162056.202083 960 540
20191128T162056.210065 305.139 240.734 68.9685 67.4697 168.448 298.852 257.167 316.386 258 20191128T162056.210065 960 540
20191128T162056.222629 304.924 240.859 68.7585 67.0183 1.31024 298.586 257.425 316.167 258.029 20191128T162056.222629 960 540
20191128T162056.230048 304.864 240.79 68.2896 66.518 177.174 298.046 257.056 316.167 258.029 20191128T162056.230048 960 540
20191128T162056.242009 304.722 240.822 67.58 66.2149 5.14029 297.912 257.105 316.091 258.051 20191128T162056.242009 960 540
20191128T162056.254027 304.672 240.929 67.3042 65.516 168.992 298.036 257.333 315.978 258.1 20191128T162056.254027 960 540
20191128T162056.261861 304.993 240.992 66.6091 65.0666 179.483 298.282 257.393 316.296 258.083 20191128T162056.261861 960 540
20191128T162056.273940 308.327 240.139 66.2766 64.8109 179.945 300.365 256.74 318.352 257.133 20191128T162056.273940 960 540
20191128T162056.282913 312.045 239.268 65.8489 64.4818 6.36899 302.389 256.378 320.145 257.449 20191128T162056.282913 960 540
20191128T162056.293944 313.5 239.376 65.8561 63.7914 176.625 302.847 256.667 320.657 257.111 20191128T162056.293944 960 540
20191128T162056.302218 313.546 239.499 65.6815 63.832 169.852 302.5 257.236 320.562 257.533 20191128T162056.302218 960 540
20191128T162056.314146 313.195 239.735 65.3447 63.2502 172.249 302.385 257.333 320.562 257.533 20191128T162056.314146 960 540
20191128T162056.321967 313.138 239.968 65.0955 63.022 170.773 302.385 257.333 320.657 257.889 20191128T162056.321967 960 540
20191128T162056.333926 313.173 240.008 64.9575 62.8417 179.064 302.476 256.867 320.844 258 20191128T162056.333926 960 540
20191128T162056.342084 313.055 240.251 64.3622 62.5865 175.358 302.5 257.417 320.851 258.161 20191128T162056.342084 960 540
20191128T162056.354077 313 240.377 64.345 62.4631 172.246 302.391 257.586 320.851 258.161 20191128T162056.354077 960 540
20191128T162056.361911 313.011 240.485 63.8198 62.1773 173.786 302.635 257.74 320.747 258.413 20191128T162056.361911 960 540
20191128T162056.374056 313.013 240.558 63.9759 62.2955 1.95663 302.62 257.5 320.972 258.542 20191128T162056.374056 960 540
20191128T162056.384080 313.183 240.585 63.3621 61.9663 172.074 302.635 257.74 320.972 258.542 20191128T162056.384080 960 540
20191128T162056.393919 313.118 240.674 63.3575 61.7938 179.692 302.716 257.843 321.253 258.587 20191128T162056.393919 960 540
20191128T162056.402041 313.46 240.69 63.4839 61.5514 177.947 302.903 257.946 321.391 258.667 20191128T162056.402041 960 540
20191128T162056.414073 313.183 240.862 63.4291 61.2145 174.254 302.903 257.946 321.494 258.753 20191128T162056.414073 960 540
20191128T162056.421902 313.154 241.162 63.1714 60.9509 172.113 302.911 258.1 321.267 258.95 20191128T162056.421902 960 540
20191128T162056.434043 313.167 241.203 62.9686 60.8412 168.642 302.911 258.1 321.222 259.208 20191128T162056.434043 960 540
20191128T162056.442364 313.065 241.172 62.9539 60.928 176.889 302.76 258.156 321.222 259.208 20191128T162056.442364 960 540
20191128T162056.454832 313.041 241.285 62.7353 60.9173 171.322 302.6 258.3 321.056 259.292 20191128T162056.454832 960 540
20191128T162056.462037 312.854 241.188 62.6862 60.8316 166.481 302.667 258.237 320.697 259.258 20191128T162056.462037 960 540
20191128T162056.474110 312.933 241.226 62.7306 60.5628 161.517 302.648 258.038 320.654 259.372 20191128T162056.474110 960 540
20191128T162056.481903 312.836 241.144 62.5448 60.5003 176.444 302.648 258.038 320.385 259.333 20191128T162056.481903 960 540
20191128T162056.494044 312.843 241.104 62.6072 60.2673 167.556 302.559 257.955 320.594 259.217 20191128T162056.494044 960 540
20191128T162056.506088 312.895 241.03 62.473 60.5628 172.399 302.676 257.895 320.798 258.917 20191128T162056.506088 960 540
20191128T162056.514070 312.904 241.065 62.452 60.5674 169.451 302.559 257.955 320.878 259.022 20191128T162056.514070 960 540
20191128T162056.526194 313.036 241.025 62.514 60.2545 167.984 302.648 258.038 321.136 259.049 20191128T162056.526194 960 540
20191128T162056.534143 312.984 241.097 62.3716 60.4056 168.167 302.648 258.038 321.205 259.077 20191128T162056.534143 960 540
20191128T162056.546074 313.083 241.009 62.4022 60.1403 171.687 302.878 258.022 321.067 258.933 20191128T162056.546074 960 540
20191128T162056.554722 312.95 241.288 62.3872 60.1409 169.768 302.687 258.131 321.079 259.175 20191128T162056.554722 960 540
20191128T162056.565880 312.848 241.291 62.507 60.3797 179.935 302.744 258.267 321.079 259.444 20191128T162056.565880 960 540
20191128T162056.574010 312.96 241.195 62.6727 60.3186 164.682 302.744 258.267 320.937 259.492 20191128T162056.574010 960 540
20191128T162056.586411 312.949 241.299 62.2209 60.9526 8.93105 302.744 258.267 320.594 259.217 20191128T162056.586411 960 540
20191128T162056.593921 312.951 241.347 62.5615 60.6293 168.171 302.575 258.356 320.614 258.965 20191128T162056.593921 960 540
20191128T162056.606040 312.809 241.172 62.6591 60.2961 167.049 302.648 258.038 320.556 259.095 20191128T162056.606040 960 540
20191128T162056.614101 312.915 241.155 62.5949 60.3622 170.85 302.648 258.038 320.556 259.095 20191128T162056.614101 960 540
20191128T162056.626324 312.873 241.215 62.5224 60.5836 173.813 302.648 258.038 320.455 259.121 20191128T162056.626324 960 540
20191128T162056.634039 312.914 241.218 62.8703 60.1574 166.331 302.559 257.955 320.614 258.965 20191128T162056.634039 960 540
20191128T162056.646010 312.853 241.172 62.5203 60.77 176.066 302.648 258.038 320.455 259.121 20191128T162056.646010 960 540
20191128T162056.655913 312.821 241.172 62.6591 60.6506 166.363 302.559 257.955 320.333 259.236 20191128T162056.655913 960 540
20191128T162056.665897 312.789 241.145 62.6973 60.9439 168.569 302.559 257.955 320.5 259.236 20191128T162056.665897 960 540
20191128T162056.674024 312.801 240.965 62.7192 60.9654 172.57 302.5 257.912 320.5 259 20191128T162056.674024 960 540
20191128T162056.687820 312.677 240.984 63.1221 61.0108 167.964 302.5 257.912 320.847 258.667 20191128T162056.687820 960 540
20191128T162056.694047 312.766 240.88 63.2662 61.195 176.642 302.5 257.912 320.768 258.623 20191128T162056.694047 960 540
20191128T162056.706098 312.698 240.932 63.334 61.3135 167.676 302.5 257.912 320.847 258.667 20191128T162056.706098 960 540
20191128T162056.714303 312.743 240.932 63.9042 61.3986 174.565 302.5 257.912 320.768 258.725 20191128T162056.714303 960 540
20191128T162056.726222 312.833 240.888 63.8352 61.4423 175.136 302.5 257.912 320.679 259.036 20191128T162056.726222 960 540
20191128T162056.734032 312.856 240.997 64.1042 61.9919 173.976 302.5 257.912 320.5 259 20191128T162056.734032 960 540
20191128T162056.746042 312.529 240.924 63.7762 61.8768 171.275 302.441 257.955 320.346 259.198 20191128T162056.746042 960 540
20191128T162056.758018 312.079 240.842 64.0652 62.1094 176.099 302.091 257.949 320.345 258.5 20191128T162056.758018 960 540
20191128T162056.765883 311.979 240.646 64.3387 62.5228 171.994 301.847 257.559 320.179 258.538 20191128T162056.765883 960 540
20191128T162056.778003 311.717 240.558 64.6412 62.5725 167.747 301.389 257.722 320 258.5 20191128T162056.778003 960 540
20191128T162056.787265 311.435 240.489 64.7965 63.11 163.728 301.284 257.843 319.5 258.5 20191128T162056.787265 960 540
20191128T162056.797872 311.299 240.545 64.6673 63.2664 167.686 300.693 257.605 319.42 258.457 20191128T162056.797872 960 540
20191128T162056.806078 311.035 240.405 65.1897 63.3676 170.733 300.632 257.573 318.821 258.462 20191128T162056.806078 960 540
20191128T162056.818045 310.93 240.579 64.9556 63.7976 174.354 300.648 257.8 318.821 258.462 20191128T162056.818045 960 540
20191128T162056.825895 310.979 240.56 65.1063 64.0537 170.124 300.632 257.573 318.655 258.5 20191128T162056.825895 960 540
20191128T162056.837911 310.924 240.611 65.8861 63.8368 171.035 300.575 257.6 319.061 258.636 20191128T162056.837911 960 540
20191128T162056.846124 311.101 240.706 66.0395 63.9389 172.597 300.559 257.955 319.061 258.636 20191128T162056.846124 960 540
20191128T162056.858033 311.205 240.768 66.2125 64.2231 0.913605 300.778 257.98 319.067 258.933 20191128T162056.858033 960 540
20191128T162056.865891 311.211 240.911 66.252 64.467 177.863 301.248 258.19 319.464 258.893 20191128T162056.865891 960 540
20191128T162056.878018 311.319 241.181 66.5676 64.7788 2.80511 301.263 258.293 319.467 259.373 20191128T162056.878018 960 540
20191128T162056.887956 311.613 241.33 66.5228 65.4205 0.0895386 301.409 258.344 319.58 259.457 20191128T162056.887956 960 540
20191128T162056.897875 311.389 241.327 67.2346 65.4318 174.182 301.5 258.344 319.412 259.088 20191128T162056.897875 960 540
20191128T162056.906049 311.395 241.458 67.1448 65.233 1.14175 301.384 258.707 319 259.111 20191128T162056.906049 960 540
20191128T162056.918059 311.112 241.522 67.2956 65.4877 172.967 300.862 258.839 318.875 259.5 20191128T162056.918059 960 540
20191128T162056.925903 311.054 241.546 67.2394 65.8234 176.038 300.847 258.667 318.713 259.425 20191128T162056.925903 960 540
20191128T162056.938045 310.984 241.442 67.1411 65.7062 177.643 300.713 258.943 318.469 259.375 20191128T162056.938045 960 540
20191128T162056.947238 310.727 241.469 67.6677 65.755 179.803 300.5 258.725 318.324 259.238 20191128T162056.947238 960 540
20191128T162056.958069 310.406 241.669 67.4604 66.295 0.0813599 300.469 258.615 318.283 259.343 20191128T162056.958069 960 540
20191128T162056.965886 310.543 241.476 67.8118 66.0854 7.92203 300.365 258.74 318.24 259.5 20191128T162056.965886 960 540
20191128T162056.978057 310.288 241.44 68.0381 66.218 14.8507 300.284 258.843 318.137 259.294 20191128T162056.978057 960 540
20191128T162056.987466 310.156 241.574 68.2258 66.7076 178.335 300.324 258.552 318.269 259.278 20191128T162056.987466 960 540
20191128T162056.997907 310.141 241.015 68.562 66.2097 12.9171 299.929 258.774 318.167 259.206 20191128T162056.997907 960 540
20191128T162057.010092 309.936 241.118 68.5344 66.8233 1.73816 299.648 258.581 318.12 259.413 20191128T162057.010092 960 540
20191128T162057.018051 309.798 241.154 68.7991 67.2603 176.263 299.648 258.133 317.928 259.449 20191128T162057.018051 960 540
20191128T162057.030295 309.623 241.001 68.9601 67.3936 179.173 299.588 258.088 317.747 259.413 20191128T162057.030295 960 540
20191128T162057.037909 309.482 240.905 68.9455 67.5483 0.463959 299.5 258.267 317.699 259.215 20191128T162057.037909 960 540
20191128T162057.050080 309.411 240.953 69.3763 67.722 0.449219 299.248 258.19 317.609 259.126 20191128T162057.050080 960 540
20191128T162057.058043 309.245 240.877 69.1534 67.8113 0.90538 299.178 258.2 317.654 258.802 20191128T162057.058043 960 540
20191128T162057.070976 309.199 241.092 69.216 68.1794 12.5778 298.966 258.264 317.609 259.126 20191128T162057.070976 960 540
20191128T162057.078444 309.369 241.007 69.5114 68.2428 179.413 299.248 258.19 317.54 258.92 20191128T162057.078444 960 540
20191128T162057.090884 309.317 240.89 69.6332 68.2038 7.58916 299.18 258.099 317.54 258.92 20191128T162057.090884 960 540
20191128T162057.097883 309.451 240.837 69.5676 67.8275 9.63068 299.43 258.312 317.57 259.022 20191128T162057.097883 960 540
20191128T162057.110795 309.512 240.986 69.6603 68.5012 7.31833 299.5 258.267 317.657 259.111 20191128T162057.110795 960 540
20191128T162057.118268 309.634 241.022 69.8834 68.413 6.07303 299.5 258.267 317.588 259.088 20191128T162057.118268 960 540
20191128T162057.131756 309.58 241.117 69.8575 68.6335 174.716 299.469 258.156 317.678 259.333 20191128T162057.131756 960 540
20191128T162057.138179 309.592 241.182 70.2219 68.6025 0.209961 299.5 258.267 317.609 259.126 20191128T162057.138179 960 540
20191128T162057.150942 309.352 240.885 69.8657 68.6282 174.956 299.588 258.088 317.609 259.126 20191128T162057.150942 960 540
20191128T162057.159277 309.319 241.068 69.9604 68.9802 177.08 299.263 258.293 317.609 259.126 20191128T162057.159277 960 540
20191128T162057.169909 309.3 241.051 70.2187 68.861 5.58566 298.966 258.264 317.159 259.29 20191128T162057.169909 960 540
20191128T162057.178272 309.018 241.052 70.1486 68.9843 172.085 298.806 258.312 316.794 259.397 20191128T162057.178272 960 540
20191128T162057.190192 309.078 241.097 70.1249 68.9372 167.514 298.966 258.264 317 259.5 20191128T162057.190192 960 540
20191128T162057.197935 309.066 241.094 70.3334 69.0991 175.754 298.806 258.312 316.867 259.333 20191128T162057.197935 960 540
20191128T162057.210096 309.122 241.042 70.3623 69.1397 176.971 298.966 258.264 317.079 259.444 20191128T162057.210096 960 540
20191128T162057.218135 309.455 241.125 70.8842 69.3454 169.822 299.409 258.344 317.58 259.457 20191128T162057.218135 960 540
20191128T162057.231610 309.563 241.026 70.7451 69.3982 1.73462 299.5 258.344 317.58 259.457 20191128T162057.231610 960 540
20191128T162057.238172 309.802 241.164 70.7314 69.4809 0.291336 299.5 258.344 317.58 259.457 20191128T162057.238172 960 540
20191128T162057.250230 309.717 241.217 71.029 69.7532 0.259811 299.575 258.299 317.928 259.449 20191128T162057.250230 960 540
20191128T162057.262284 309.629 241.204 71.0478 69.6042 171.714 299.6 258.3 317.928 259.449 20191128T162057.262284 960 540
20191128T162057.269913 309.753 241.203 71.0625 69.8119 179.243 299.619 258.476 317.928 259.449 20191128T162057.269913 960 540
20191128T162057.282143 309.699 240.985 70.9153 69.8816 1.35852 300 258.111 318.013 259.307 20191128T162057.282143 960 540
20191128T162057.290146 309.694 240.945 71.0053 70.2604 167.439 299.76 258.26 318.013 259.307 20191128T162057.290146 960 540
20191128T162057.302905 309.665 240.968 71.1882 70.345 10.9586 299.687 258.232 318.012 259.173 20191128T162057.302905 960 540
20191128T162057.310331 309.537 241.041 71.3206 70.1809 9.2887 299.469 258.156 317.713 259.161 20191128T162057.310331 960 540
20191128T162057.322113 309.6 241.104 71.4565 70.2615 173.45 299.575 258.299 317.747 259.413 20191128T162057.322113 960 540
20191128T162057.329902 309.64 241.15 71.474 70.3866 171.904 299.762 258.405 317.928 259.449 20191128T162057.329902 960 540
20191128T162057.342079 309.779 241.183 71.5348 70.3186 3.89944 299.667 258.344 317.928 259.449 20191128T162057.342079 960 540
20191128T162057.351657 309.815 241.458 71.5607 70.1902 1.1377 299.762 258.405 317.896 259.146 20191128T162057.351657 960 540
20191128T162057.362206 309.789 241.357 71.6665 70.1807 4.48901 299.762 258.405 317.933 259.6 20191128T162057.362206 960 540
20191128T162057.369982 309.732 241.345 71.6106 69.9342 7.40907 299.505 258.559 317.896 259.146 20191128T162057.369982 960 540
20191128T162057.382256 309.671 241.411 71.7656 70.1846 5.8851 299.762 258.405 317.896 259.146 20191128T162057.382256 960 540
20191128T162057.390751 309.628 241.331 71.6649 70.0663 0.600891 299.878 258.311 317.928 259.449 20191128T162057.390751 960 540
20191128T162057.404257 309.537 241.155 71.442 70.6117 0.118958 299.816 258.264 317.928 259.449 20191128T162057.404257 960 540
20191128T162057.410045 309.389 241.051 71.4376 70.5047 15.8587 299.607 258.405 317.58 259.457 20191128T162057.410045 960 540
20191128T162057.422272 309.303 241.108 71.2747 70.3927 175.658 299.464 258.476 317.58 259.457 20191128T162057.422272 960 540
20191128T162057.430348 309.214 241.341 71.6176 70.0772 178.131 299.04 258.467 317.423 259.615 20191128T162057.430348 960 540
20191128T162057.441959 309.283 241.326 71.7266 70.0783 170.344 299.04 258.467 316.808 259.051 20191128T162057.441959 960 540
20191128T162057.450084 309.206 241.257 71.6926 70.3587 168.737 299.111 258.321 317.175 259.651 20191128T162057.450084 960 540
20191128T162057.462116 309.185 241.217 71.7435 70.1675 179.893 298.966 258.264 317.067 259.533 20191128T162057.462116 960 540
20191128T162057.469892 309.185 241.077 71.5927 70.4544 12.5745 299.111 258.321 317.079 259.444 20191128T162057.469892 960 540
20191128T162057.482038 309.235 241.149 71.4329 70.3672 171 299.111 258.321 317.275 259.406 20191128T162057.482038 960 540
20191128T162057.490929 309.293 241.126 71.2861 70.3431 5.4765 299.136 258.284 317.58 259.457 20191128T162057.490929 960 540
20191128T162057.503196 309.346 241.176 71.3832 70.3011 7.67104 299.43 258.312 317.58 259.457 20191128T162057.503196 960 540
20191128T162057.513908 309.37 241.252 71.732 69.7599 171.338 299.607 258.405 317.5 259.417 20191128T162057.513908 960 540
20191128T162057.522141 309.44 241.327 71.2613 69.8892 178.267 299.5 258.344 317.58 259.457 20191128T162057.522141 960 540
20191128T162057.535081 309.45 241.336 71.6319 69.7358 175.45 299.404 258.202 317.58 259.457 20191128T162057.535081 960 540
20191128T162057.541959 309.386 241.322 71.4146 69.962 177.219 299.118 258.247 317.609 259.333 20191128T162057.541959 960 540
20191128T162057.554111 309.319 241.094 71.4219 69.9926 173.496 298.905 258.214 317.083 259.25 20191128T162057.554111 960 540
20191128T162057.562067 308.843 240.961 71.4777 70.2928 179.253 298.648 258.038 316.859 258.795 20191128T162057.562067 960 540
20191128T162057.573957 308.713 240.748 71.3475 70.3614 175.227 298.559 257.955 316.747 258.707 20191128T162057.573957 960 540
20191128T162057.582289 308.566 240.879 71.3049 70.1834 8.62903 298.648 258.038 316.533 259.1 20191128T162057.582289 960 540
20191128T162057.595620 308.701 241 71.2042 70.2454 173.231 298.648 258.038 316.385 259.333 20191128T162057.595620 960 540
20191128T162057.602259 308.568 240.997 71.2535 70.2828 1.71252 298.667 258.237 316.5 259.417 20191128T162057.602259 960 540
20191128T162057.613936 308.771 241.242 71.3807 70.2049 175.924 298.5 258.417 316.5 259.417 20191128T162057.613936 960 540
20191128T162057.622204 309.131 241.371 71.6088 69.8161 1.78459 298.724 258.437 316.5 259 20191128T162057.622204 960 540
20191128T162057.634028 309.271 241.484 71.6077 69.7941 171.387 299.13 258.551 317.242 259.5 20191128T162057.634028 960 540
20191128T162057.642241 309.411 241.485 71.6189 69.9083 175.981 299.567 258.8 317.242 259.5 20191128T162057.642241 960 540
20191128T162057.654309 309.574 241.472 71.4928 70.1793 7.09984 299.654 258.593 317.687 259.434 20191128T162057.654309 960 540
20191128T162057.662988 309.831 241.518 71.3455 70.0524 170.911 299.827 258.733 318.157 259.5 20191128T162057.662988 960 540
20191128T162057.673926 310.01 241.578 71.3402 69.7964 11.9394 300.057 258.943 318.157 259.5 20191128T162057.673926 960 540
20191128T162057.682181 310.168 241.63 71.5461 70.142 177.776 300.204 258.946 318.157 259.5 20191128T162057.682181 960 540
20191128T162057.696307 310.226 241.788 71.4888 70.1661 4.77844 300.204 258.946 318.167 259.618 20191128T162057.696307 960 540
20191128T162057.702250 310.281 241.758 71.6006 70.1871 1.27051 300.146 258.896 318.157 259.5 20191128T162057.702250 960 540
20191128T162057.714011 310.329 241.678 71.6763 70.1294 7.80621 300.089 258.789 318.157 259.5 20191128T162057.714011 960 540
20191128T162057.723021 310.151 241.615 71.4342 69.9928 2.09836 300.149 258.839 318.157 259.5 20191128T162057.723021 960 540
20191128T162057.733923 310.111 241.647 71.4823 70.232 13.4855 300.149 258.839 318.202 259.395 20191128T162057.733923 960 540
20191128T162057.742103 310.031 241.574 71.4847 70.0637 172.249 300.089 258.789 318.202 259.395 20191128T162057.742103 960 540
20191128T162057.754674 310.075 241.624 71.4975 70.0398 177.353 300.146 258.656 318.202 259.395 20191128T162057.754674 960 540
20191128T162057.767968 310.075 241.592 71.6334 69.9678 172.076 300.204 258.699 318.269 259.278 20191128T162057.767968 960 540
20191128T162057.774090 310.132 241.531 71.7571 70.0795 169.7 300.071 258.226 318.322 259.622 20191128T162057.774090 960 540
20191128T162057.786034 310.028 241.436 71.55 70.3635 173.164 300.077 258.359 318.322 259.622 20191128T162057.786034 960 540
20191128T162057.793912 309.915 241.36 71.5484 69.8569 7.54382 300.077 258.359 318.179 259.462 20191128T162057.793912 960 540
20191128T162057.806087 309.913 241.484 71.6064 70.3829 1.85158 300.071 258.226 318.12 259.413 20191128T162057.806087 960 540
20191128T162057.814119 309.836 241.394 71.5861 70.4301 11.2267 300 258.111 318.185 259.284 20191128T162057.814119 960 540
20191128T162057.827178 309.772 241.319 71.5462 70.354 13.9197 299.925 258.086 318.097 259.054 20191128T162057.827178 960 540
20191128T162057.834130 309.663 241.232 71.9105 70.0853 11.6245 299.588 258.088 317.929 259.143 20191128T162057.834130 960 540
20191128T162057.846714 309.681 241.438 71.9044 70.1873 6.17038 299.648 258.133 317.933 259.307 20191128T162057.846714 960 540
20191128T162057.854786 309.696 241.434 71.5833 70.2106 0.631638 299.828 258.183 317.928 259.449 20191128T162057.854786 960 540
20191128T162057.866957 309.698 241.394 71.6662 70.3478 179.698 299.816 258.299 318.111 259.556 20191128T162057.866957 960 540
20191128T162057.874606 309.815 241.398 71.66 70.1916 174.843 300.077 258.359 318.111 259.556 20191128T162057.874606 960 540
20191128T162057.886911 309.907 241.401 71.6845 70.5347 6.37708 300.077 258.359 318.054 259.279 20191128T162057.886911 960 540
20191128T162057.893893 310.135 241.456 72.0113 70.361 9.30757 300.222 258.533 318.202 259.395 20191128T162057.893893 960 540
20191128T162057.906785 310.31 241.473 72.144 70.2587 6.75487 300.146 258.896 318.202 259.395 20191128T162057.906785 960 540
20191128T162057.914889 310.453 241.491 72.1481 70.4502 11.2881 300.382 258.824 318.167 259.618 20191128T162057.914889 960 540
20191128T162057.926914 310.402 241.695 72.2583 70.8676 9.14127 300.343 258.889 318.279 259.748 20191128T162057.926914 960 540
20191128T162057.934600 310.437 241.901 72.1607 70.8203 10.0402 300.559 258.955 318.301 259.528 20191128T162057.934600 960 540
20191128T162057.946850 310.493 241.776 72.3252 70.9023 8.14142 300.559 258.955 318.312 260 20191128T162057.946850 960 540
20191128T162057.955188 310.534 241.982 72.5631 70.9122 6.40439 300.524 259.133 318.312 260 20191128T162057.955188 960 540
20191128T162057.965925 310.348 242.07 72.0856 71.1188 2.45648 300.441 259.045 318.352 259.867 20191128T162057.965925 960 540
20191128T162057.974269 310.37 242.015 72.2839 71.2497 179.741 300.345 259.5 318.352 259.867 20191128T162057.974269 960 540
20191128T162057.986378 310.38 242.15 72.216 71.0645 1.71909 300.43 259.183 318.441 259.955 20191128T162057.986378 960 540
20191128T162057.993925 310.494 241.98 72.4294 71.1564 172.406 300.322 259.23 318.441 259.955 20191128T162057.993925 960 540
20191128T162058.006084 310.54 242.179 72.6184 71.3231 3.55528 300.054 259.054 318.441 259.955 20191128T162058.006084 960 540
20191128T162058.018071 310.607 242.153 72.6012 71.3443 179.465 300.313 259.232 318.441 259.955 20191128T162058.018071 960 540
20191128T162058.026958 310.626 242.257 72.633 71.6934 6.34019 300.441 259.045 318.441 259.955 20191128T162058.026958 960 540
20191128T162058.037916 310.647 242.273 72.7713 71.8203 8.76843 300.313 259.232 318.5 259.69 20191128T162058.037916 960 540
20191128T162058.046755 310.782 242.176 72.8878 71.9936 166.44 300.441 259.045 318.447 259.724 20191128T162058.046755 960 540
20191128T162058.058772 310.793 242.092 73.3105 71.8912 166.297 300.5 259 318.447 259.724 20191128T162058.058772 960 540
20191128T162058.065994 310.829 242.093 73.3047 72.1764 179.783 300.559 258.955 318.632 259.632 20191128T162058.065994 960 540
20191128T162058.078013 310.947 242.039 73.2651 72.1816 12.566 300.575 259.356 318.632 259.632 20191128T162058.078013 960 540
20191128T162058.087181 311.023 242.02 73.4008 72.4923 162.397 300.575 259.356 318.447 259.724 20191128T162058.087181 960 540
20191128T162058.097999 311.071 242.029 73.3747 72.6992 164.463 300.575 259.356 318.579 259.605 20191128T162058.097999 960 540
20191128T162058.106206 311.08 241.909 73.5185 72.6235 175.536 300.575 259.356 318.5 259.758 20191128T162058.106206 960 540
20191128T162058.118132 311.159 242.051 73.6974 72.7852 169.129 300.559 258.955 318.605 259.693 20191128T162058.118132 960 540
20191128T162058.126821 311.141 241.996 73.9565 72.8963 162.362 300.559 258.955 318.731 259.722 20191128T162058.126821 960 540
20191128T162058.137984 311.271 242.087 73.9633 72.8475 175.445 300.559 258.955 318.731 259.722 20191128T162058.137984 960 540
20191128T162058.146328 311.265 242.111 74.2196 73.0675 170.438 300.559 258.955 318.731 259.722 20191128T162058.146328 960 540
20191128T162058.158231 311.154 241.952 74.5136 73.1724 173.994 300.559 258.955 318.639 259.815 20191128T162058.158231 960 540
20191128T162058.165962 311.135 242.059 74.2194 73.5438 173.003 300.559 258.955 318.639 259.815 20191128T162058.165962 960 540
20191128T162058.178084 311.068 242.017 74.4817 73.4278 16.0593 300.559 258.955 318.619 259.762 20191128T162058.178084 960 540
20191128T162058.186907 311.058 241.908 74.5935 73.6624 165.099 300.5 259.4 318.5 259.758 20191128T162058.186907 960 540
20191128T162058.197946 311.119 242.002 74.5836 73.7687 12.1644 300.5 259.417 318.447 259.724 20191128T162058.197946 960 540
20191128T162058.206158 310.951 242.047 74.6335 73.8539 176.491 300.602 259.043 318.447 259.711 20191128T162058.206158 960 540
20191128T162058.218126 310.826 241.95 74.9029 74.2506 167.294 300.625 259.188 318.352 259.867 20191128T162058.218126 960 540
20191128T162058.225924 310.812 241.968 74.9352 74.4373 176.036 300.5 259.417 318.301 259.528 20191128T162058.225924 960 540
20191128T162058.238130 310.888 241.96 75.3996 74.6255 170.124 300.559 258.955 318.333 259.748 20191128T162058.238130 960 540
20191128T162058.246666 311.13 241.87 75.0378 74.7352 155.043 300.575 259.149 318.434 259.768 20191128T162058.246666 960 540
20191128T162058.259022 311.289 241.761 75.6909 74.5867 159.506 300.747 258.933 318.5 259.5 20191128T162058.259022 960 540
20191128T162058.269939 311.366 241.682 75.6326 74.6635 165.372 300.782 259.149 318.5 259.74 20191128T162058.269939 960 540
20191128T162058.278156 311.465 241.688 75.8551 74.7431 161.348 300.747 258.933 318.562 259.533 20191128T162058.278156 960 540
20191128T162058.291040 311.446 241.828 76.0356 74.5727 153.523 301.013 259.231 318.762 259.676 20191128T162058.291040 960 540
20191128T162058.297945 311.654 241.926 76.0502 74.7926 167.73 301.12 259.213 319.123 259.526 20191128T162058.297945 960 540
20191128T162058.310118 311.649 241.945 76.1623 74.762 166.298 301.043 259.362 319.204 259.946 20191128T162058.310118 960 540
20191128T162058.318063 311.493 242.037 76.2892 74.8995 149.844 300.575 259.356 318.863 259.765 20191128T162058.318063 960 540
20191128T162058.330633 308.04 241.893 76.6577 74.3675 144.141 297.7 258.85 316.126 259.739 20191128T162058.330633 960 540
20191128T162058.338109 299.539 240.987 77.5014 75.059 156.642 292.692 258.385 310.741 259.398 20191128T162058.338109 960 540
20191128T162058.350110 294.36 240.897 77.7661 74.9274 151.818 288.976 258.333 307.58 259.457 20191128T162058.350110 960 540
20191128T162058.360062 293.224 240.405 77.1335 75.602 158.107 288.472 257.846 306.614 258.965 20191128T162058.360062 960 540
20191128T162058.369941 293.579 240.584 77.292 75.9481 145.598 289.18 258.099 307.506 259.247 20191128T162058.369941 960 540
20191128T162058.378135 293.715 240.756 77.0852 76.1184 141.892 289.12 258.214 307.58 259.457 20191128T162058.378135 960 540
20191128T162058.390641 293.38 240.859 77.0169 76.2935 122.785 289.139 258.148 307.58 259.457 20191128T162058.390641 960 540
20191128T162058.397940 293.393 240.823 77.6282 76.1744 123.861 289 258.193 307.441 258.955 20191128T162058.397940 960 540
20191128T162058.410118 293.574 240.944 77.3354 75.9741 122.717 289.139 258.148 307.441 258.955 20191128T162058.410118 960 540
20191128T162058.418071 293.735 240.967 77.3322 76.4733 138.009 289.358 258.083 307.618 259.059 20191128T162058.418071 960 540
20191128T162058.431450 293.815 240.96 77.6503 76.2002 131.23 289.301 258.528 307.896 259.146 20191128T162058.431450 960 540
20191128T162058.438011 293.993 240.897 77.6266 76.6143 140.919 289.505 258.748 307.896 259.146 20191128T162058.438011 960 540
20191128T162058.450257 294.249 240.921 77.7427 76.2773 135.176 289.59 258.648 307.979 259.24 20191128T162058.450257 960 540
20191128T162058.458081 294.44 241.062 77.9561 76.5902 123.784 289.701 258.496 308.167 259.206 20191128T162058.458081 960 540
20191128T162058.470904 294.401 241.149 77.9917 77.0792 128.961 290.053 258.605 308.115 259.312 20191128T162058.470904 960 540
20191128T162058.478166 294.475 241.151 78.0801 76.8326 120.687 290.175 258.575 308.157 259.5 20191128T162058.478166 960 540
20191128T162058.490219 294.322 241.13 78.4306 76.7194 131.964 289.861 258.852 308.225 259.382 20191128T162058.490219 960 540
20191128T162058.497919 294.54 241.256 78.5465 77.0471 127.752 290.184 258.684 308.24 259.5 20191128T162058.497919 960 540
20191128T162058.510196 294.659 241.165 78.5178 77.4675 133.077 290.139 258.796 308.24 259.5 20191128T162058.510196 960 540
20191128T162058.522018 294.78 241.173 78.5226 77.1533 128.747 290.284 258.843 308.322 259.622 20191128T162058.522018 960 540
20191128T162058.530111 294.805 241.225 78.6805 77.3676 119.962 290.324 258.722 308.157 259.5 20191128T162058.530111 960 540
20191128T162058.541941 294.841 241.344 78.7164 77.2882 121.569 290.324 258.762 308.24 259.74 20191128T162058.541941 960 540
20191128T162058.550100 294.657 241.084 78.8874 77.6676 124.69 290.324 258.722 308.202 259.395 20191128T162058.550100 960 540
20191128T162058.562137 294.648 241.13 78.9192 77.7963 126.404 290.324 258.722 308.167 259.618 20191128T162058.562137 960 540
20191128T162058.570153 294.703 241.099 78.7344 77.8767 122.221 290.302 258.5 308.202 259.395 20191128T162058.570153 960 540
20191128T162058.581956 294.563 241.111 79.176 77.6965 123.584 290.175 258.575 308.269 259.278 20191128T162058.581956 960 540
20191128T162058.590104 294.65 241 78.7359 78.2389 88.6414 290 258.5 308.269 259.278 20191128T162058.590104 960 540
20191128T162058.602849 294.464 240.935 79.1423 77.8561 108.941 289.701 258.094 308.042 259 20191128T162058.602849 960 540
20191128T162058.610233 294.428 240.822 79.2519 78.0641 92.0995 289.559 258.045 308.012 259.173 20191128T162058.610233 960 540
20191128T162058.622047 294.4 240.749 79.1566 77.8177 106.563 289.889 258 308.097 259.054 20191128T162058.622047 960 540
20191128T162058.632124 294.944 240.735 79.4154 77.8214 106.88 290.229 258.105 308.253 259.051 20191128T162058.632124 960 540
20191128T162058.641855 295.243 239.93 78.6311 78.1451 59.0247 290.467 257.622 308.296 258.083 20191128T162058.641855 960 540
20191128T162058.650127 295.595 236.331 78.413 77.9747 138.079 290.31 254.45 308.23 255.397 20191128T162058.650127 960 540
20191128T162058.662239 295.185 231.233 78.6713 76.8057 142.946 289.167 250.333 307.202 251.519 20191128T162058.662239 960 540
20191128T162058.669927 282.72 239.09 63.7167 43.8937 37.101 287.031 245.823 305.596 246.816 20191128T162058.669927 960 540
20191128T162058.681939 -1 -1 63.7167 43.8937 37.101 287.031 245.823 305.596 246.816 20191128T162058.681939 960 540
20191128T162058.690059 290.612 227.752 71.2476 52.8972 177.778 285.956 240 304.267 241.467 20191128T162058.690059 960 540
20191128T162058.702285 292.045 224.245 71.3557 53.6308 163.131 285.193 239 302.741 239.852 20191128T162058.702285 960 540
20191128T162058.710084 288.306 213.479 77.4866 73.8491 162.117 284.708 238.604 302.237 239.022 20191128T162058.710084 960 540
20191128T162058.722062 287.239 211.665 77.6464 75.2932 157.448 284.217 238.375 302.121 239.02 20191128T162058.722062 960 540
20191128T162058.731899 286.997 211.436 77.4411 76.1524 145.69 284.076 238.429 302.202 239.395 20191128T162058.731899 960 540
20191128T162058.741917 287.013 211.868 77.6146 76.0236 148.656 284.09 239.099 301.981 239.731 20191128T162058.741917 960 540
20191128T162058.750225 286.592 212.344 77.2683 75.7092 156.452 283.544 239.798 301.962 240.321 20191128T162058.750225 960 540
20191128T162058.762143 286.57 212.972 77.5539 75.8131 165.092 283.5 240 301.928 241.449 20191128T162058.762143 960 540
20191128T162058.775797 286.357 213.263 77.2832 75.8714 169.833 283.529 240.686 301.889 241 20191128T162058.775797 960 540
20191128T162058.782061 286.454 213.688 77.3156 75.7431 151.439 283.781 240.825 301.771 241.469 20191128T162058.782061 960 540
20191128T162058.794121 286.653 214 77.39 75.2534 157.305 284.121 241.02 302.034 241.839 20191128T162058.794121 960 540
20191128T162058.802003 286.841 214.036 77.0794 74.9742 159.433 284.102 241.333 302.177 241.927 20191128T162058.802003 960 540
20191128T162058.814097 286.949 214.327 77.0398 75.3187 154.018 284.202 241.395 302.324 242.01 20191128T162058.814097 960 540
20191128T162058.822095 287.198 214.208 76.6885 75.015 153.108 284.202 241.395 302.284 242.059 20191128T162058.822095 960 540
20191128T162058.834261 287.397 214.318 76.458 75.3448 156.476 284.284 241.843 302.375 242.188 20191128T162058.834261 960 540
20191128T162058.841983 287.429 214.297 76.8654 74.6484 159.243 284.387 241.748 302.375 242.188 20191128T162058.841983 960 540
20191128T162058.854273 287.466 214.36 76.3345 75.0924 157.572 284.427 241.59 302.5 242.417 20191128T162058.854273 960 540
20191128T162058.862237 287.428 214.31 76.8934 74.6666 156.023 284.352 241.648 302.375 242.188 20191128T162058.862237 960 540
20191128T162058.874794 287.463 214.433 76.3546 74.6975 154.519 284.528 241.611 302.588 242.088 20191128T162058.874794 960 540
20191128T162058.882704 287.586 214.369 76.1509 74.9375 154.976 284.368 241.632 302.412 242.088 20191128T162058.882704 960 540
20191128T162058.894828 287.545 214.466 76.2175 74.6602 156.764 284.505 241.486 302.58 242.457 20191128T162058.894828 960 540
20191128T162058.902063 287.65 214.526 76.0539 74.8006 164.242 284.5 241.565 302.58 242.457 20191128T162058.902063 960 540
20191128T162058.914724 287.716 214.55 76.2143 74.5433 158.694 284.447 241.724 302.768 242.623 20191128T162058.914724 960 540
20191128T162058.922672 287.792 214.667 76.2582 74.6093 162.303 284.447 241.724 302.847 242.667 20191128T162058.922672 960 540
20191128T162058.935793 287.816 214.655 76.1336 74.6636 159.508 284.667 241.883 303.061 242.636 20191128T162058.935793 960 540
20191128T162058.942195 288.049 214.748 76.3221 74.5078 170.142 284.855 241.812 303.072 242.551 20191128T162058.942195 960 540
20191128T162058.954918 288.143 214.712 76.4851 74.4187 171.332 284.959 241.748 303 242.5 20191128T162058.954918 960 540
20191128T162058.963167 288.18 214.611 76.3471 74.4265 170.173 284.959 241.748 303.072 242.551 20191128T162058.963167 960 540
20191128T162058.973967 288.093 214.55 76.1595 74.4171 170.465 284.813 241.699 302.972 242.542 20191128T162058.973967 960 540
20191128T162058.982728 287.886 214.728 76.283 74.3778 158.553 284.813 241.699 302.782 242.577 20191128T162058.982728 960 540
20191128T162058.994930 287.939 214.784 76.3171 74.3231 171.889 284.547 241.658 302.655 242.5 20191128T162058.994930 960 540
20191128T162059.002344 287.652 214.642 75.9427 74.4067 159.971 284.447 241.724 302.847 242.667 20191128T162059.002344 960 540
20191128T162059.013954 287.747 214.755 76.2164 73.9803 162.829 284.447 241.724 302.847 242.667 20191128T162059.013954 960 540
20191128T162059.026738 287.685 214.78 76.0263 74.5142 166.858 284.47 241.838 302.847 242.667 20191128T162059.026738 960 540
20191128T162059.034491 287.718 214.685 76.117 74.2759 164.331 284.447 241.724 302.847 242.667 20191128T162059.034491 960 540
20191128T162059.045946 287.862 214.509 76.2355 74.1479 169.653 284.447 241.724 302.821 242.462 20191128T162059.045946 960 540
20191128T162059.054246 288.069 214.637 76.1179 74.4021 169.337 284.963 241.548 303 242.5 20191128T162059.054246 960 540
20191128T162059.066741 288.263 214.569 76.0543 74.5834 174.859 285.242 241.5 303.46 242.333 20191128T162059.066741 960 540
20191128T162059.073950 288.486 214.523 75.9657 74.3813 160.799 285.324 241.762 303.536 242.369 20191128T162059.073950 960 540
20191128T162059.086187 288.851 214.915 76.1132 74.5474 162.606 286.121 241.98 304 242.5 20191128T162059.086187 960 540
20191128T162059.094175 289.071 215.309 76.3972 74.5753 160.406 286.254 242.476 304.12 243.413 20191128T162059.094175 960 540
20191128T162059.106847 289.997 219.042 76.3097 75.1907 128.773 286.546 245.546 304.615 246.385 20191128T162059.106847 960 540
20191128T162059.114506 293.526 227.526 77.479 75.8833 54.5176 288.385 251.326 306.682 252.182 20191128T162059.114506 960 540
20191128T162059.126691 296.213 237.675 77.5817 76.6349 100.65 289.441 257.045 307.895 258.324 20191128T162059.126691 960 540
20191128T162059.133987 296.236 245.564 77.4783 76.2723 143.451 288.648 262.038 306.988 262.543 20191128T162059.133987 960 540
20191128T162059.146886 295.52 250.021 77.1242 76.6856 116.268 288.269 264.056 306.345 264.5 20191128T162059.146886 960 540
20191128T162059.154098 295.229 251.216 77.7515 76.2738 111.947 288.38 264.62 306.352 264.867 20191128T162059.154098 960 540
20191128T162059.166865 295.308 251.573 77.2473 76.3151 102.536 288.447 264.724 306.5 265 20191128T162059.166865 960 540
20191128T162059.174678 295.294 251.882 77.0754 76.4664 117.897 288.419 264.838 306.588 265.088 20191128T162059.174678 960 540
20191128T162059.186679 295.517 250.97 76.7436 75.0613 172.136 288.524 264.867 306.467 265.373 20191128T162059.186679 960 540
20191128T162059.194034 295.68 251.849 76.9173 76.1318 107.395 288.64 264.874 306.5 265 20191128T162059.194034 960 540
20191128T162059.206937 295.985 251.727 76.8422 76.0667 106.375 288.704 264.917 306.889 265 20191128T162059.206937 960 540
20191128T162059.214769 296.239 251.895 77.1245 76.0927 127.59 289.273 264.983 307.441 264.955 20191128T162059.214769 960 540
20191128T162059.226965 296.471 251.672 77.1026 76.3744 136.095 289.441 264.955 307.765 265.078 20191128T162059.226965 960 540
20191128T162059.234871 297.076 251.405 76.5463 76.2443 172.3 290.441 264.955 308.229 265.105 20191128T162059.234871 960 540
20191128T162059.246817 297.28 251.577 77.2259 76.0793 124.804 290.352 264.867 308.352 265.133 20191128T162059.246817 960 540
20191128T162059.254041 297.538 251.494 77.0872 76.6082 112.421 290.566 264.768 308.474 265.123 20191128T162059.254041 960 540
20191128T162059.265969 297.902 251.456 77.2532 76.3157 133.26 290.981 264.81 308.946 265.054 20191128T162059.265969 960 540
20191128T162059.278233 298.245 251.53 77.4516 76.1748 118.723 291.111 264.88 309.382 265.059 20191128T162059.278233 960 540
20191128T162059.286066 298.349 251.39 77.34 76.5351 129.119 291.588 265.088 309.843 265.284 20191128T162059.286066 960 540
20191128T162059.297965 298.682 251.121 76.7658 76.5145 2.73514 291.642 264.917 309.896 265.146 20191128T162059.297965 960 540
20191128T162059.306221 298.79 251.233 77.576 76.5794 131.975 292.146 264.896 310.202 265.56 20191128T162059.306221 960 540
20191128T162059.318229 298.813 251.174 77.6522 76.563 133.833 292.229 264.895 310.216 265.225 20191128T162059.318229 960 540
20191128T162059.325950 299.158 253.416 78.1797 76.6806 101.452 292.454 266.73 310.192 267.292 20191128T162059.325950 960 540
20191128T162059.338153 299.827 259.486 79.0339 76.9157 100.922 292.073 270.423 310.216 271.027 20191128T162059.338153 960 540
20191128T162059.346932 298.901 266.142 79.6432 76.9804 110.647 290.618 273.941 309.152 274.5 20191128T162059.346932 960 540
20191128T162059.359720 298.618 269.011 78.9449 77.0152 119.959 290.527 275.344 308.464 275.631 20191128T162059.359720 960 540
20191128T162059.366040 299.165 269.188 78.9955 77.2996 115.843 290.798 275.702 309.205 275.795 20191128T162059.366040 960 540
20191128T162059.378093 299.37 269.427 78.5974 77.6929 115.596 291.699 275.215 309.933 275.6 20191128T162059.378093 960 540
20191128T162059.385963 299.433 269.246 78.618 77.8685 119.33 291.588 275.088 309.853 275.307 20191128T162059.385963 960 540
20191128T162059.398019 299.35 269.132 78.6644 77.8724 117.361 291.5 275 309.81 275.107 20191128T162059.398019 960 540
20191128T162059.406632 299.575 268.947 78.6722 77.9086 109.912 291.575 274.54 309.825 275.349 20191128T162059.406632 960 540
20191128T162059.418148 299.637 268.573 79.2293 77.8707 111.194 291.655 274.5 310.194 275.361 20191128T162059.418148 960 540
20191128T162059.425976 299.753 268.667 79.1788 77.518 118.129 292 274.429 310.194 275.125 20191128T162059.425976 960 540
20191128T162059.438123 300.03 268.484 79.155 77.6582 111.578 292.222 274.722 310.204 274.946 20191128T162059.438123 960 540
20191128T162059.446066 299.96 268.465 79.3884 77.8464 108.039 292.352 274.8 310.149 274.839 20191128T162059.446066 960 540
20191128T162059.458837 300.164 268.562 79.1101 77.7459 115.123 292.524 274.867 310.43 274.785 20191128T162059.458837 960 540
20191128T162059.466093 300.272 268.42 79.1105 77.7702 113.921 292.583 274.824 310.5 275 20191128T162059.466093 960 540
20191128T162059.478218 300.438 268.491 79.109 77.7912 110.155 292.583 274.824 310.615 274.667 20191128T162059.478218 960 540
20191128T162059.485958 300.568 268.31 79.0365 78.0461 112.746 292.618 274.725 310.5 275 20191128T162059.485958 960 540
20191128T162059.498220 300.552 268.122 79.1507 77.7491 112.356 292.5 274.275 310.614 274.965 20191128T162059.498220 960 540
20191128T162059.506328 300.698 268.256 79.4366 77.8721 113.132 292.382 274.275 311.067 274.75 20191128T162059.506328 960 540
20191128T162059.518835 300.689 268.133 79.2696 77.7796 116.533 292.5 274.088 311.193 274.772 20191128T162059.518835 960 540
20191128T162059.529967 300.723 268.111 79.231 77.7712 116.161 292.559 274.045 311.175 274.651 20191128T162059.529967 960 540
20191128T162059.538228 300.963 267.972 79.0811 77.9657 117.003 292.559 274.045 311.175 274.651 20191128T162059.538228 960 540
20191128T162059.551941 300.998 268.02 79.3648 78.0273 120.632 292.566 274.232 311.072 274.551 20191128T162059.551941 960 540
20191128T162059.558110 300.917 268.048 79.5636 77.7535 113.391 292.566 274.232 311.175 274.651 20191128T162059.558110 960 540
20191128T162059.570047 300.99 267.84 79.4084 78.1879 116.485 293 274.5 311.267 274.667 20191128T162059.570047 960 540
20191128T162059.578469 301.024 267.915 79.5883 78.2666 105.369 292.716 274.157 311.175 274.651 20191128T162059.578469 960 540
20191128T162059.590152 300.889 267.842 79.8969 78.2396 111.415 292.793 274.126 311.175 274.651 20191128T162059.590152 960 540
20191128T162059.598241 300.945 267.774 79.9054 78.1175 118.165 292.559 274.045 311.175 274.651 20191128T162059.598241 960 540
20191128T162059.610249 299.747 268.781 80.3894 78.1899 117.505 291.682 275.14 310.122 275.689 20191128T162059.610249 960 540
20191128T162059.619081 294.282 272.314 81.3127 78.0313 123.182 287.84 277.333 305.798 278.071 20191128T162059.619081 960 540
20191128T162059.629981 286.499 275.461 82.2432 77.9683 130.37 282.319 279.396 300.685 279.231 20191128T162059.629981 960 540
20191128T162059.638110 279.442 278.527 81.2484 78.5477 122.096 278 280.5 296.343 280.889 20191128T162059.638110 960 540
20191128T162059.651747 277.212 279.903 80.4864 78.7226 121.028 276.687 281.131 294.929 281.226 20191128T162059.651747 960 540
20191128T162059.658224 277.575 279.995 80.9367 78.9249 112.579 277.5 281 295.928 281.449 20191128T162059.658224 960 540
20191128T162059.670053 278.054 280.19 80.8357 78.8281 92.5653 278.284 280.843 296.349 282.095 20191128T162059.670053 960 540
20191128T162059.678680 278.171 280.143 80.4556 78.6273 89.3619 278.412 280.912 296.218 281.577 20191128T162059.678680 960 540
20191128T162059.689994 278.204 280.01 80.8484 78.6378 91.3064 278.365 280.74 296.4 281.1 20191128T162059.689994 960 540
20191128T162059.698117 278.469 279.826 80.9291 78.7555 88.0215 278.531 280.543 296.5 280.812 20191128T162059.698117 960 540
20191128T162059.710149 278.847 279.591 81.0127 78.7037 93.8796 278.691 280.617 296.786 280.857 20191128T162059.710149 960 540
20191128T162059.718991 278.957 279.474 81.0869 78.7332 99.74 278.58 280.457 296.963 281.426 20191128T162059.718991 960 540
20191128T162059.729972 279.021 279.387 80.9252 78.7616 95.5444 278.655 280.5 297.244 281.289 20191128T162059.729972 960 540
20191128T162059.738338 279.273 279.337 80.8856 79.2965 88.8813 278.655 280.5 297.855 280.942 20191128T162059.738338 960 540
20191128T162059.750294 279.407 279.335 80.8975 79.1094 104.76 278.655 280.5 297.654 281 20191128T162059.750294 960 540
20191128T162059.758239 279.429 279.247 80.9603 79.1348 100.946 279.167 280.467 297.654 281 20191128T162059.758239 960 540
20191128T162059.770127 279.586 279.03 80.8521 79.0259 109.328 278.851 280.161 297.533 280.627 20191128T162059.770127 960 540
20191128T162059.782271 279.549 278.824 81.0949 79.1757 97.031 279.012 280.264 297.615 280.667 20191128T162059.782271 960 540
20191128T162059.789972 279.72 278.874 81.1087 79.2656 112.305 278.949 280.051 297.615 280.667 20191128T162059.789972 960 540
20191128T162059.802422 279.859 278.783 80.7484 79.3546 114.316 279 280 297.921 280.556 20191128T162059.802422 960 540
20191128T162059.810232 279.729 278.685 81.1456 79.2245 101.239 278.949 280.051 297.818 280.545 20191128T162059.810232 960 540
20191128T162059.822198 279.737 278.696 81.5682 79.4997 106.374 279.051 279.949 297.667 280.458 20191128T162059.822198 960 540
20191128T162059.829978 279.958 278.536 81.1362 79.6545 90.1979 279.15 280.15 298.12 280.413 20191128T162059.829978 960 540
20191128T162059.842384 283.719 276.725 81.0893 79.8035 121.828 282.296 278.852 300.385 279.333 20191128T162059.842384 960 540
20191128T162059.849992 289.21 274.211 81.501 80.1017 120.207 285.822 277.085 303.81 277.105 20191128T162059.849992 960 540
20191128T162059.862456 293.083 271.917 81.71 80.0192 95.9065 287.538 275.701 306.172 276.161 20191128T162059.862456 960 540
20191128T162059.870136 294.049 271.807 82.0358 79.936 108.585 288.436 275.496 306.204 276.043 20191128T162059.870136 960 540
20191128T162059.882189 294.529 271.733 82.0406 80.4981 124.334 288.792 275.842 306.615 276.5 20191128T162059.882189 960 540
20191128T162059.890030 294.925 271.949 82.3828 80.1375 118.067 288.849 275.921 306.717 276.9 20191128T162059.890030 960 540
20191128T162059.902125 295.25 271.866 81.6944 80.0031 114.476 289.054 275.984 307.296 276.796 20191128T162059.902125 960 540
20191128T162059.910282 295.336 272.118 82.1731 79.993 118.519 289.267 276.181 307.625 276.639 20191128T162059.910282 960 540
20191128T162059.922557 295.331 272.317 82.0966 80.2104 104.328 289.289 276.158 307.296 276.796 20191128T162059.922557 960 540
20191128T162059.930000 295.132 272.13 82.1568 79.993 111.531 289.154 276.057 307.513 276.974 20191128T162059.930000 960 540
20191128T162059.942164 294.766 272.142 81.9467 80.052 98.3571 288.792 275.992 306.717 276.9 20191128T162059.942164 960 540
20191128T162059.950006 294.371 272.158 81.775 79.7884 104.579 288.667 275.957 306.386 276.965 20191128T162059.950006 960 540
20191128T162059.962017 294.028 272.117 81.5548 79.965 103.119 288.459 275.982 306.218 276.577 20191128T162059.962017 960 540
20191128T162059.970308 293.798 272.228 81.9227 79.6556 104.542 288.459 275.982 306.179 276.462 20191128T162059.970308 960 540
20191128T162059.982258 293.573 272.365 81.3482 79.5822 107.466 288.37 276 306.235 276.716 20191128T162059.982258 960 540
20191128T162059.989983 293.578 272.394 81.1528 79.4193 113.549 287.968 276 305.988 276.827 20191128T162059.989983 960 540
20191128T162100.002219 293.625 272.432 81.1836 79.3875 103.149 288.137 276.094 305.923 276.885 20191128T162100.002219 960 540
20191128T162100.010163 293.525 272.484 81.1734 79.1794 96.3073 288.078 276.343 305.923 276.885 20191128T162100.010163 960 540
20191128T162100.022584 293.683 272.435 81.246 79.1631 116.992 287.896 276.396 306.238 277.107 20191128T162100.022584 960 540
20191128T162100.033973 293.714 272.764 81.076 79.194 106.435 288.448 276.494 306.194 277.361 20191128T162100.033973 960 540
20191128T162100.042184 293.761 272.669 81.1213 79.1883 111.39 288.556 276.5 306.156 277 20191128T162100.042184 960 540
20191128T162100.054813 294.145 272.942 80.848 78.733 111.085 288.371 276.781 306.42 277.457 20191128T162100.054813 960 540
20191128T162100.062250 294.341 273.085 80.5601 78.8087 112.229 288.692 276.94 306.293 277.533 20191128T162100.062250 960 540
20191128T162100.073978 295.575 272.875 80.3161 78.9591 123.241 289.708 276.438 308.172 277.161 20191128T162100.073978 960 540
20191128T162100.082154 300.15 270.235 80.0715 79.0944 111.968 292.441 275.468 310.293 276.32 20191128T162100.082154 960 540
20191128T162100.094240 302.684 268.999 79.9837 78.5977 93.9804 293.59 274.648 312.091 275.192 20191128T162100.094240 960 540
20191128T162100.102127 303.602 268.773 79.8463 78.7946 109.621 294.269 274.722 312.441 275.045 20191128T162100.102127 960 540
20191128T162100.114143 303.937 269.128 80.4197 78.8624 113.923 294.121 274.98 312.391 275.586 20191128T162100.114143 960 540
20191128T162100.122634 304.074 268.931 79.9944 78.7639 115.078 294.253 274.949 312.389 275.213 20191128T162100.122634 960 540
20191128T162100.133991 304.098 268.902 80.1318 78.6204 108.17 294.352 275.038 312.389 275.213 20191128T162100.133991 960 540
20191128T162100.142253 304.163 268.954 79.9443 78.2776 113.604 294.352 274.867 312.389 275.213 20191128T162100.142253 960 540
20191128T162100.154812 304.164 268.798 79.566 78.5937 106.013 294.352 274.867 312.389 275.213 20191128T162100.154812 960 540
20191128T162100.162211 304.057 268.934 79.8299 78.2636 111.092 294.352 274.867 312.389 275.213 20191128T162100.162211 960 540
20191128T162100.174112 304.024 269.005 79.7089 78.3893 104.913 294.352 274.867 312.389 275.213 20191128T162100.174112 960 540
20191128T162100.182769 303.944 268.969 80.0622 78.003 114.274 294.253 274.949 312.333 275.252 20191128T162100.182769 960 540
20191128T162100.194005 303.885 269.07 79.6118 78.3308 103.536 294.352 274.867 312.333 275.252 20191128T162100.194005 960 540
20191128T162100.202132 303.819 268.924 79.42 78.1729 109.457 294.229 274.895 312.269 275.278 20191128T162100.202132 960 540
20191128T162100.214864 303.626 269.141 79.9046 78.2044 112.071 294.352 274.962 312.269 275.278 20191128T162100.214864 960 540
20191128T162100.221970 303.593 269.108 79.4505 78.486 111.274 294.09 274.847 312.202 275.395 20191128T162100.221970 960 540
20191128T162100.234188 303.545 269.278 79.9282 78.1036 105.696 294.09 274.847 312.202 275.395 20191128T162100.234188 960 540
20191128T162100.243024 303.605 269.121 80.0103 78.122 114.302 294.284 274.941 312.202 275.395 20191128T162100.243024 960 540
20191128T162100.254018 303.484 269.149 80.02 78.452 116.878 294.158 274.868 312.202 275.395 20191128T162100.254018 960 540
20191128T162100.263107 303.647 269.13 79.8837 78.6635 103.397 294.441 275.045 312.391 275.586 20191128T162100.263107 960 540
20191128T162100.274827 303.587 269.307 79.9897 78.1478 106.857 294.441 275.045 312.391 275.586 20191128T162100.274827 960 540
20191128T162100.287111 303.66 269.346 80.1791 78.4795 119.29 294.306 275.225 312.202 275.702 20191128T162100.287111 960 540
20191128T162100.294819 303.528 269.463 79.8325 78.8701 117.489 294.114 275.061 312.289 275.856 20191128T162100.294819 960 540
20191128T162100.306267 303.617 269.41 80.1755 78.5205 118.625 294.306 275.225 312.284 275.843 20191128T162100.306267 960 540
20191128T162100.314693 303.576 269.242 80.4673 78.4759 117.46 294.419 275.162 312.177 275.927 20191128T162100.314693 960 540
20191128T162100.325992 303.635 269.233 80.2296 78.9528 108.824 294.333 275.252 312.43 275.71 20191128T162100.325992 960 540
20191128T162100.334122 303.721 269.273 80.3088 78.9886 110.512 294.398 275.581 312.352 275.867 20191128T162100.334122 960 540
20191128T162100.346972 303.654 269.461 80.6034 78.9562 110.032 294.313 275.697 312.287 275.943 20191128T162100.346972 960 540
20191128T162100.354125 303.736 269.417 80.4602 79.2372 114.275 294.313 275.697 312.204 276.043 20191128T162100.354125 960 540
20191128T162100.366129 303.739 269.441 81.0738 79.2526 115.061 294.398 275.581 312.312 276 20191128T162100.366129 960 540
20191128T162100.376143 303.913 269.345 80.6726 79.6765 107.737 294.398 275.581 312.536 276.036 20191128T162100.376143 960 540
20191128T162100.385989 303.93 269.545 81.3195 79.8307 116.027 294.333 275.252 312.465 275.798 20191128T162100.385989 960 540
20191128T162100.394146 304.064 269.54 81.106 79.995 116.916 294.333 275.252 312.588 275.843 20191128T162100.394146 960 540
20191128T162100.407122 304.007 269.508 81.4986 79.6669 109.869 294.333 275.252 312.524 275.867 20191128T162100.407122 960 540
20191128T162100.414290 304.026 269.461 81.1758 80.3972 92.9795 294.425 275.4 312.441 275.955 20191128T162100.414290 960 540
20191128T162100.426287 304.019 269.727 81.8147 79.9184 110.168 294.425 275.4 312.524 275.867 20191128T162100.426287 960 540
20191128T162100.435026 304.096 269.586 81.7477 80.3627 83.5799 294.425 275.4 312.552 275.895 20191128T162100.435026 960 540
20191128T162100.446082 304.247 269.74 81.7206 80.4832 106.844 294.5 275.5 312.618 275.941 20191128T162100.446082 960 540
20191128T162100.454366 304.206 269.774 82.2714 80.673 117.013 294.441 275.532 312.531 276.031 20191128T162100.454366 960 540
20191128T162100.466168 304.465 269.759 81.9022 80.9481 109.935 294.333 275.532 312.618 275.941 20191128T162100.466168 960 540
20191128T162100.474010 304.502 269.64 82.0378 81.1617 99.3469 294.447 275.528 312.618 275.941 20191128T162100.474010 960 540
20191128T162100.486030 304.394 269.657 82.1809 81.0023 114.834 294.425 275.4 312.618 275.941 20191128T162100.486030 960 540
20191128T162100.494137 304.481 269.639 82.5821 81.1069 110.321 294.5 275.31 312.633 276.133 20191128T162100.494137 960 540
20191128T162100.506042 304.556 269.709 82.6279 81.0889 110.589 294.553 275.276 312.844 276 20191128T162100.506042 960 540
20191128T162100.514115 304.67 269.893 82.8338 81.3263 100.976 294.822 275.496 313 276 20191128T162100.514115 960 540
20191128T162100.526105 304.646 269.91 83.0456 81.5767 105.05 294.925 275.625 313.083 276.25 20191128T162100.526105 960 540
20191128T162100.538162 304.66 269.944 83.1209 81.9619 109.182 294.769 275.944 313.179 276.462 20191128T162100.538162 960 540
20191128T162100.545996 304.725 270.008 83.2376 81.8236 95.8148 294.825 275.625 313.067 276.367 20191128T162100.545996 960 540
20191128T162100.558119 304.736 270.28 83.8642 82.2135 92.8737 294.605 275.693 312.821 276.462 20191128T162100.558119 960 540
20191128T162100.566147 304.65 270.032 83.4755 82.3739 82.9281 294.5 275.758 312.833 276.595 20191128T162100.566147 960 540
20191128T162100.578213 304.511 270.189 83.9606 82.3582 95.233 294.441 275.955 312.821 276.462 20191128T162100.578213 960 540
20191128T162100.585988 304.365 271.094 84.5067 82.3381 97.9118 294.5 276.725 312.5 277.417 20191128T162100.585988 960 540
20191128T162100.598170 303.968 273.075 84.6903 82.7741 103.008 294.265 277.427 312.425 278.46 20191128T162100.598170 960 540
20191128T162100.607032 303.589 274.219 84.6337 83.0439 98.0688 294.121 278.02 312.179 278.538 20191128T162100.607032 960 540
20191128T162100.620456 303.905 273.962 84.797 83.2927 103.506 294.352 278.133 312.218 278.577 20191128T162100.620456 960 540
20191128T162100.626219 304.11 274.111 84.8675 83.2247 103.076 294.412 278.088 312.345 278.5 20191128T162100.626219 960 540
20191128T162100.638393 304.064 274.125 85.0771 83.2739 104.088 294.352 277.867 312.345 278.5 20191128T162100.638393 960 540
20191128T162100.645998 304.029 274.031 85.0545 83.4423 92.921 294.385 278.333 312.42 278.457 20191128T162100.645998 960 540
