20180306T110213.963951 343.161 299.49 85.4081 82.6898 127.536 334.763 314.213 354.394 314.087 20180306T110213.963951 255 0
20180306T110213.971794 343.202 299.505 85.5893 82.4518 126.364 334.968 314.312 354.502 314.399 20180306T110213.971794 255 0
20180306T110213.983784 343.708 300.286 85.4148 82.4471 132.492 335.075 314.608 354.796 314.898 20180306T110213.983784 255 0
20180306T110213.991756 343.66 300.143 85.3925 82.2904 130.543 335.041 314.959 354.748 314.957 20180306T110213.991756 255 0
20180306T110214.003738 343.957 300.248 85.4111 82.2922 132.185 335.406 314.667 355.311 314.884 20180306T110214.003738 255 0
20180306T110214.011738 343.924 300.232 85.0163 82.2604 130.956 335.594 314.698 355.311 314.964 20180306T110214.011738 255 0
20180306T110214.023758 344.053 300.212 85.1198 82.1167 128.81 335.923 314.727 355.459 314.879 20180306T110214.023758 255 0
20180306T110214.031736 344.197 300.25 85.1066 81.7726 127.471 335.882 314.688 355.471 314.964 20180306T110214.031736 255 0
20180306T110214.043983 344.286 300.297 84.7006 82.1018 122.73 335.923 314.727 355.553 314.991 20180306T110214.043983 255 0
20180306T110214.051831 344.163 300.245 84.8909 81.7917 127.938 335.882 314.688 355.471 314.964 20180306T110214.051831 255 0
20180306T110214.063942 344.077 300.301 84.3953 81.64 131.298 335.882 314.688 355.384 315 20180306T110214.063942 255 0
20180306T110214.071779 344.035 300.19 84.75 81.5445 129.155 335.5 314.688 355.394 314.913 20180306T110214.071779 255 0
20180306T110214.083737 343.864 300.287 84.5256 81.5523 124.002 335.151 314.849 355.206 314.942 20180306T110214.083737 255 0
20180306T110214.091735 343.826 300.133 84.5421 81.1835 126.189 335.268 314.399 354.789 314.92 20180306T110214.091735 255 0
20180306T110214.103724 343.579 300.217 83.9227 81.2103 125.392 334.923 314.727 354.626 314.895 20180306T110214.103724 255 0
20180306T110214.111793 343.848 299.973 83.8995 81.0382 128.254 335.042 314.185 354.667 314.86 20180306T110214.111793 255 0
20180306T110214.123931 343.698 300.152 83.9263 80.9622 128.459 335 314.5 354.732 314.814 20180306T110214.123931 255 0
20180306T110214.131768 343.75 300.173 83.7247 80.9297 128.725 334.968 314.688 354.619 314.723 20180306T110214.131768 255 0
20180306T110214.143832 343.815 300.093 83.513 80.7518 128.697 335.228 314.492 354.667 314.86 20180306T110214.143832 255 0
20180306T110214.151766 343.71 300.113 83.0564 80.8754 126.172 335 314.5 354.626 314.895 20180306T110214.151766 255 0
20180306T110214.163761 343.821 299.88 82.8687 80.6869 131.568 335.042 314.185 354.581 314.538 20180306T110214.163761 255 0
20180306T110214.171759 343.624 299.965 83.1226 80.1888 132.029 335.111 314.517 354.556 314.708 20180306T110214.171759 255 0
20180306T110214.183734 343.851 299.654 82.8445 80.2304 132.051 335.338 314.169 354.578 314.435 20180306T110214.183734 255 0
20180306T110214.195757 343.704 299.764 82.5294 80.0875 127.731 335.042 314.185 354.578 314.435 20180306T110214.195757 255 0
20180306T110214.203786 343.847 299.645 82.4312 80.0061 128.972 335.338 314.169 354.797 314.329 20180306T110214.203786 255 0
20180306T110214.215797 343.953 299.553 82.1633 79.4219 124.81 335.385 314.094 354.939 314.342 20180306T110214.215797 255 0
20180306T110214.223765 344.028 299.619 82.0941 79.2002 126.064 335.378 314.01 355.009 314.231 20180306T110214.223765 255 0
20180306T110214.235740 344.299 299.721 81.2641 78.824 126.55 335.697 314.015 355.423 314.355 20180306T110214.235740 255 0
20180306T110214.243754 344.427 299.721 80.5797 77.8911 127.702 335.776 314.126 355.464 314.473 20180306T110214.243754 255 0
20180306T110214.255721 344.566 299.723 79.5086 77.452 124.916 335.939 314.076 355.878 314.3 20180306T110214.255721 255 0
20180306T110214.263737 345.017 299.766 79.1005 76.5013 122.081 336.138 314.043 355.865 314.581 20180306T110214.263737 255 0
20180306T110214.275821 345.175 299.859 78.2325 75.7563 128.237 336.338 314.169 356.154 314.463 20180306T110214.275821 255 0
20180306T110214.283779 345.251 299.754 77.393 74.8384 125.549 336.338 314.169 356.289 314.573 20180306T110214.283779 255 0
20180306T110214.295807 345.373 299.823 76.0663 73.7743 124.935 336.258 314.263 356.234 314.5 20180306T110214.295807 255 0
20180306T110214.303759 345.571 299.619 75.6293 73.0508 128.779 336.385 314.094 356.289 314.427 20180306T110214.303759 255 0
20180306T110214.315725 345.624 299.687 74.2967 72.0182 132.615 336.338 314.169 356.289 314.427 20180306T110214.315725 255 0
20180306T110214.323727 345.593 299.56 73.2374 71.1732 127.193 336.356 314.056 356.208 314.388 20180306T110214.323727 255 0
20180306T110214.335718 345.491 299.531 72.6438 70.1229 123.714 336.295 314.068 356.208 314.388 20180306T110214.335718 255 0
20180306T110214.343808 345.487 299.337 71.7632 68.9958 135.232 336 314 355.845 314.382 20180306T110214.343808 255 0
20180306T110214.355778 345.578 299.206 70.4178 68.4643 127.832 336 314 355.79 314.292 20180306T110214.355778 255 0
20180306T110214.364016 345.55 299.17 69.567 67.1794 131.019 335.897 313.897 355.667 314.388 20180306T110214.364016 255 0
20180306T110214.375754 345.102 299.245 68.6391 66.3328 130.999 335.228 314.09 355.396 314.35 20180306T110214.375754 255 0
20180306T110214.383711 344.059 299.016 67.7951 65.5787 127.969 334.974 314.169 354.5 314.201 20180306T110214.383711 255 0
20180306T110214.395717 344.411 299.291 66.8692 64.4659 124.07 334.958 314.254 354.462 314.425 20180306T110214.395717 255 0
20180306T110214.403715 344.336 299.31 66.1419 63.9429 125.669 334.831 314.368 354.5 314.654 20180306T110214.403715 255 0
20180306T110214.415724 344.414 299.43 65.4093 63.1724 132.231 334.771 314.726 354.636 314.809 20180306T110214.415724 255 0
20180306T110214.424067 344.448 299.414 64.6139 62.4504 128.593 334.82 314.894 354.636 314.809 20180306T110214.424067 255 0
20180306T110214.435773 344.597 299.249 63.4697 61.8421 134.274 334.926 314.63 354.724 314.898 20180306T110214.435773 255 0
20180306T110214.447782 345.001 299.208 63.049 60.7121 129.656 335.18 314.365 354.728 314.93 20180306T110214.447782 255 0
20180306T110214.455754 345.183 298.994 62.3091 60.2786 134.71 335.453 314.161 355.046 314.708 20180306T110214.455754 255 0
20180306T110214.467727 345.241 298.933 61.9628 59.5825 137.456 335.716 314.426 355.351 314.844 20180306T110214.467727 255 0
20180306T110214.476047 345.409 298.997 60.9214 58.7954 137.683 335.908 314.5 355.418 314.702 20180306T110214.476047 255 0
20180306T110214.489210 345.57 298.92 59.9613 58.37 134.447 335.955 314.463 355.541 314.433 20180306T110214.489210 255 0
20180306T110214.497638 345.719 298.703 59.6885 58.1552 134.214 336 314.156 355.787 314.556 20180306T110214.497638 255 0
20180306T110214.508299 345.924 298.594 59.0302 57.2503 132.108 336 314.156 355.878 314.3 20180306T110214.508299 255 0
20180306T110214.517277 345.974 298.194 58.8652 56.2792 132.801 336 314 355.833 314 20180306T110214.517277 255 0
20180306T110214.528767 346.096 297.895 57.9765 56.323 131.599 335.897 313.897 355.89 313.705 20180306T110214.528767 255 0
20180306T110214.536761 346.058 297.704 57.1996 56.1262 119.452 335.897 313.897 355.632 313.697 20180306T110214.536761 255 0
20180306T110214.548741 346.048 297.387 56.8004 55.4696 136.18 336.061 313.5 355.784 313.595 20180306T110214.548741 255 0
20180306T110214.556620 346.136 296.935 56.3762 54.722 132.839 335.839 313.081 355.762 313.446 20180306T110214.556620 255 0
20180306T110214.570211 346.129 296.694 55.9919 54.541 131.909 335.831 312.974 355.662 313.05 20180306T110214.570211 255 0
20180306T110214.576129 346.051 296.527 55.728 54.0874 132.049 335.923 312.727 355.553 312.909 20180306T110214.576129 255 0
20180306T110214.588540 345.903 296.244 55.2358 53.5185 137.374 335.953 312.538 355.5 312.82 20180306T110214.588540 255 0
20180306T110214.596458 346.045 295.858 54.6137 53.2039 141.233 335.714 312.136 355.513 312.283 20180306T110214.596458 255 0
20180306T110214.608757 346.154 295.474 54.498 52.9485 121.981 335.749 311.749 355.498 311.547 20180306T110214.608757 255 0
20180306T110214.617252 345.9 294.678 54.4029 52.6512 124.382 335.615 310.628 354.909 310.568 20180306T110214.617252 255 0
20180306T110214.628120 346.164 294.636 53.758 52.3839 133.97 335.471 310.171 354.911 310.481 20180306T110214.628120 255 0
20180306T110214.637510 346.648 294.836 55.0653 51.9382 101.952 335.671 310.557 355.405 310.643 20180306T110214.637510 255 0
20180306T110214.648954 346.609 294.723 53.5356 52.2036 98.0516 335.705 310.932 355.384 311 20180306T110214.648954 255 0
20180306T110214.656398 346.524 295.917 54.9787 51.5768 102.614 335.455 311.385 355.365 311.329 20180306T110214.656398 255 0
20180306T110214.668798 346.447 296.043 53.6858 51.1573 111.773 335.543 311.795 355.374 312.032 20180306T110214.668798 255 0
20180306T110214.677209 346.611 296.258 52.4668 51.342 109.236 335.5 312 355.194 312.194 20180306T110214.677209 255 0
20180306T110214.688354 346.698 296.482 52.3984 50.9935 115.238 335.694 312.5 355.245 312.641 20180306T110214.688354 255 0
20180306T110214.700269 346.702 296.917 52.5144 50.6611 115.885 335.727 312.813 355.27 313.139 20180306T110214.700269 255 0
20180306T110214.708177 346.652 297.358 52.4185 50.3397 112.761 335.815 312.958 355.329 313.24 20180306T110214.708177 255 0
20180306T110214.720370 346.85 297.343 52.0016 50.4982 117.969 335.823 313.25 355.46 313.473 20180306T110214.720370 255 0
20180306T110214.728494 346.986 297.595 52.3612 50.2851 111.181 335.93 313.443 355.615 313.615 20180306T110214.728494 255 0
20180306T110214.740455 347.134 297.87 52.7827 50.2272 102.26 335.944 313.544 355.615 313.615 20180306T110214.740455 255 0
20180306T110214.748417 347.289 297.661 51.0201 50.171 115.315 335.939 313.859 355.866 313.755 20180306T110214.748417 255 0
20180306T110214.760254 347.318 297.663 51.3447 49.6381 108.416 336.286 313.958 356.151 313.936 20180306T110214.760254 255 0
20180306T110214.768394 347.251 298.121 51.4076 49.6598 113.389 336.198 313.572 356.206 313.794 20180306T110214.768394 255 0
20180306T110214.780383 347.394 298.188 51.5215 49.3599 114.332 336.175 313.709 356.19 313.972 20180306T110214.780383 255 0
20180306T110214.788398 347.469 298.152 51.3468 49.5229 120.552 336.356 313.782 356.19 313.972 20180306T110214.788398 255 0
20180306T110214.800534 347.372 298.342 51.4342 49.3533 109.918 336.441 313.815 356.231 314.069 20180306T110214.800534 255 0
20180306T110214.808439 347.428 298.075 50.8009 49.1823 117.971 336.364 313.873 356.192 314.032 20180306T110214.808439 255 0
20180306T110214.820445 347.515 298.148 50.8974 49.311 106.525 336.329 313.684 356.279 314 20180306T110214.820445 255 0
20180306T110214.829259 347.636 298.154 50.4205 49.057 103.238 336.206 313.794 356.279 314 20180306T110214.829259 255 0
20180306T110214.840861 347.448 297.983 50.1163 48.9082 114.955 336.206 313.794 356.192 314.032 20180306T110214.840861 255 0
20180306T110214.848400 347.539 298.17 50.4504 48.5938 111.873 336.206 313.794 356.231 314.069 20180306T110214.848400 255 0
20180306T110214.860931 347.716 298.059 50.1272 48.7911 113.142 336.364 313.873 356.231 314.069 20180306T110214.860931 255 0
20180306T110214.869591 346.924 298.519 51.0674 48.6222 105.595 336.039 313.897 355.963 313.963 20180306T110214.869591 255 0
20180306T110214.880088 346.807 297.834 50.7105 48.3883 97.1286 335.901 313.801 355.629 313.793 20180306T110214.880088 255 0
20180306T110214.888697 346.921 297.951 50.6546 48.744 98.7121 335.897 313.897 355.963 313.963 20180306T110214.888697 255 0
20180306T110214.901053 346.727 297.819 49.7831 48.1735 117.092 335.897 313.897 355.869 313.962 20180306T110214.901053 255 0
20180306T110214.908487 346.78 298.075 50.2889 48.3926 103.024 335.897 313.897 355.963 313.963 20180306T110214.908487 255 0
20180306T110214.920262 346.953 298.375 50.7769 48.185 96.291 335.875 314 355.963 313.963 20180306T110214.920262 255 0
20180306T110214.929202 346.757 297.72 49.4965 48.0601 111.62 335.875 314 355.833 314 20180306T110214.929202 255 0
20180306T110214.940558 346.87 297.946 49.5676 47.9062 105.086 335.939 314.076 355.771 314.189 20180306T110214.940558 255 0
20180306T110214.952795 346.845 297.424 48.7526 47.7425 126.766 335.939 314.076 355.869 314.038 20180306T110214.952795 255 0
20180306T110214.961066 347.006 297.567 48.8509 47.5418 110.457 335.961 314.039 355.869 314.038 20180306T110214.961066 255 0
20180306T110214.972867 346.931 297.809 49.1499 47.5835 107.589 336.039 314.044 355.961 314.039 20180306T110214.972867 255 0
20180306T110214.980638 347.022 297.856 49.4252 47.7607 105.075 336 314 356 314 20180306T110214.980638 255 0
20180306T110214.992552 347.113 297.751 49.2991 47.577 106.755 336.093 313.907 356 314 20180306T110214.992552 255 0
20180306T110215.000550 347.154 297.759 49.068 47.525 108.405 336.19 313.972 356.192 314.032 20180306T110215.000550 255 0
20180306T110215.012542 347.278 297.765 48.9214 47.5058 109.413 336.185 313.883 356.231 314.069 20180306T110215.012542 255 0
20180306T110215.020638 347.436 297.823 49.1504 47.6266 91.2652 336.279 313.842 356.231 314.069 20180306T110215.020638 255 0
20180306T110215.032609 347.26 297.721 48.8482 47.4965 97.9038 336.252 314.043 356.265 314.105 20180306T110215.032609 255 0
20180306T110215.040619 347.161 297.699 48.7967 47.1296 116.004 336.144 314.179 356.265 314.105 20180306T110215.040619 255 0
20180306T110215.052570 347.286 297.704 48.4519 47.3016 108.039 336.19 314.028 356.038 314.131 20180306T110215.052570 255 0
20180306T110215.060760 347.176 297.527 48.0266 47.1751 135.13 336.244 314.204 356.046 314.484 20180306T110215.060760 255 0
20180306T110215.072394 347.142 298.067 48.3741 47.2337 110.835 335.959 314.195 356.035 314.434 20180306T110215.072394 255 0
20180306T110215.080976 347.213 298.088 48.065 47.1333 112.859 336.101 314.217 356.18 314.553 20180306T110215.080976 255 0
20180306T110215.092833 347.176 298.114 48.7313 46.7629 116.475 336.201 314.24 356.124 314.474 20180306T110215.092833 255 0
20180306T110215.100443 347.206 298.459 49.0854 46.9876 105.431 336.101 314.247 356.124 314.474 20180306T110215.100443 255 0
20180306T110215.112814 347.161 298.396 48.6418 47.1061 110.397 336.159 314.213 356.124 314.474 20180306T110215.112814 255 0
20180306T110215.121254 347.344 298.096 48.0139 46.9081 106.459 335.901 314.114 356.124 314.423 20180306T110215.121254 255 0
20180306T110215.132555 347.308 298.054 48.4197 47.1087 101.076 336 314.224 356.208 314.462 20180306T110215.132555 255 0
20180306T110215.140731 347.268 298.184 48.2951 46.6954 104.731 336.237 314.323 356.124 314.474 20180306T110215.140731 255 0
20180306T110215.152910 347.183 298.417 49.0449 47.0502 93.176 335.926 314.28 356.195 314.81 20180306T110215.152910 255 0
20180306T110215.160338 347.152 298.329 48.4096 46.7829 101.435 335.926 314.28 356.124 314.474 20180306T110215.160338 255 0
20180306T110215.172230 347.153 298.256 48.2146 46.8631 92.6509 335.882 314.312 356.18 314.553 20180306T110215.172230 255 0
20180306T110215.180945 347.291 298.516 48.822 46.6201 95.9668 336.159 314.155 356.195 314.81 20180306T110215.180945 255 0
20180306T110215.192071 347.573 297.457 47.2069 46.4434 140.144 336.338 314.169 356.325 314.399 20180306T110215.192071 255 0
20180306T110215.205064 347.561 297.764 48.1558 46.739 106.627 336.295 314.068 356.308 314.473 20180306T110215.205064 255 0
20180306T110215.212023 347.563 297.43 47.4703 46.5721 113.117 336.201 314.181 356.325 314.399 20180306T110215.212023 255 0
20180306T110215.224814 347.607 297.94 48.3889 46.5852 106.557 336.385 314.094 356.325 314.399 20180306T110215.224814 255 0
20180306T110215.232379 347.659 297.616 47.9954 46.3935 111.156 336.338 314.169 356.325 314.399 20180306T110215.232379 255 0
20180306T110215.244892 347.785 297.857 48.1978 46.299 100.9 336.385 314.094 356.378 314.631 20180306T110215.244892 255 0
20180306T110215.253262 347.691 297.539 47.7355 45.9831 119.221 336.385 314.094 356.325 314.399 20180306T110215.253262 255 0
20180306T110215.264179 347.778 298.118 49.002 46.3078 102.943 336.385 314.094 356.342 314.394 20180306T110215.264179 255 0
20180306T110215.272752 347.803 297.31 47.3706 46.2535 128.842 336.385 314.094 356.359 314.321 20180306T110215.272752 255 0
20180306T110215.285101 347.963 297.317 47.1421 46.333 114.898 336.385 314.094 356.359 314.321 20180306T110215.285101 255 0
20180306T110215.292390 348.024 297.433 47.3512 46.0436 129.596 336.469 314.126 356.4 314.35 20180306T110215.292390 255 0
20180306T110215.304405 348.06 297.488 47.3218 45.9334 130.134 336.514 314.148 356.4 314.35 20180306T110215.304405 255 0
20180306T110215.312542 348.097 297.643 47.6008 45.8708 122.13 336.583 314.213 356.405 314.357 20180306T110215.312542 255 0
20180306T110215.324288 348.144 297.853 47.9598 45.9117 117.637 336.583 314.213 356.405 314.357 20180306T110215.324288 255 0
20180306T110215.332992 348.075 297.567 47.4621 45.9067 125.992 336.583 314.213 356.512 314.488 20180306T110215.332992 255 0
20180306T110215.344994 348.105 297.527 47.1622 45.7413 134.856 336.583 314.213 356.405 314.5 20180306T110215.344994 255 0
20180306T110215.352373 348.09 297.621 47.2349 45.9121 122.399 336.568 314.297 356.395 314.589 20180306T110215.352373 255 0
20180306T110215.364534 348.121 297.632 47.0872 45.8175 129.114 336.528 314.375 356.395 314.589 20180306T110215.364534 255 0
20180306T110215.372725 347.868 298.242 48.2501 45.8068 109.999 336.486 314.622 356.405 314.5 20180306T110215.372725 255 0
20180306T110215.384225 347.919 298.576 48.7384 45.9481 98.0941 336.528 314.375 356.395 314.589 20180306T110215.384225 255 0
20180306T110215.392755 347.762 298.26 47.9812 46.1045 109.852 336.443 314.329 356.395 314.589 20180306T110215.392755 0 0
20180306T110215.404782 347.931 298.1 47.8176 45.9987 97.8332 336.528 314.375 356.405 314.5 20180306T110215.404782 0 0
20180306T110215.412510 347.977 297.927 47.5238 46.0779 109.992 336.486 314.459 356.405 314.5 20180306T110215.412510 0 0
20180306T110215.424344 348.121 297.621 46.9476 45.8218 132.252 336.472 314.542 356.395 314.589 20180306T110215.424344 0 0
20180306T110215.432376 347.931 298.164 47.6155 46.1013 109.374 336.514 314.457 356.405 314.5 20180306T110215.432376 0 0
20180306T110215.444261 348.035 298.457 48.1739 46.0371 101.802 336.528 314.708 356.395 314.589 20180306T110215.444261 0 0
20180306T110215.457243 347.872 298.201 47.6539 45.9388 108.232 336.444 314.649 356.452 314.663 20180306T110215.457243 0 0
20180306T110215.463731 347.864 298.317 47.6058 46.1043 90.993 336.498 314.649 356.513 314.983 20180306T110215.463731 0 0
20180306T110215.477064 347.995 298.184 47.4902 45.9449 107.579 336.498 314.822 356.513 314.983 20180306T110215.477064 0 0
20180306T110215.484540 347.857 298.29 47.2767 46.1816 94.6535 336.498 314.822 356.5 314.9 20180306T110215.484540 0 0
20180306T110215.496171 347.944 298.106 47.3971 45.8752 104.089 336.498 314.822 356.513 314.983 20180306T110215.496171 0 0
20180306T110215.504151 347.708 298.427 48.0705 46.2728 104.058 336.42 314.606 356.473 314.949 20180306T110215.504151 0 0
20180306T110215.516128 347.672 298.342 47.754 46.1806 106.507 336.416 314.772 356.513 314.983 20180306T110215.516128 0 0
20180306T110215.524121 347.689 298.375 47.8242 46.2234 100.711 336.265 314.813 356.27 315.139 20180306T110215.524121 0 0
20180306T110215.536129 347.687 298.382 47.7476 46.2117 104.901 336.039 314.926 356.27 315.139 20180306T110215.536129 0 0
20180306T110215.544163 347.754 298.518 47.5506 46.4212 101.256 336.231 314.931 356.312 315.158 20180306T110215.544163 0 0
20180306T110215.556177 347.719 298.289 47.3827 46.2183 106.208 336.343 314.864 356.39 315.106 20180306T110215.556177 0 0
20180306T110215.564196 347.596 298.367 47.3393 46.4991 110.889 336.416 314.772 356.473 315.004 20180306T110215.564196 0 0
20180306T110215.576202 347.801 298.442 48.3427 46.4021 100.911 336.498 314.822 356.513 314.983 20180306T110215.576202 0 0
20180306T110215.584169 348.008 298.002 47.4831 46.2218 127.523 336.529 314.857 356.528 314.935 20180306T110215.584169 0 0
20180306T110215.596151 348.162 298.178 47.7444 46.5527 113.175 336.559 314.573 356.487 314.731 20180306T110215.596151 0 0
20180306T110215.604145 348.178 298.204 48.0201 46.4592 114.413 336.559 314.573 356.462 314.731 20180306T110215.604145 0 0
20180306T110215.616540 348.167 298.152 48.0943 46.4593 101.906 336.571 314.457 356.502 314.601 20180306T110215.616540 0 0
20180306T110215.624803 348.001 297.951 47.276 46.8836 123.122 336.579 314.539 356.463 314.573 20180306T110215.624803 0 0
20180306T110215.636067 348.073 297.989 47.6634 46.6763 129.241 336.543 314.29 356.405 314.5 20180306T110215.636067 0 0
20180306T110215.644061 347.966 298.121 48.1469 46.8431 102.599 336.417 314.13 356.325 314.399 20180306T110215.644061 0 0
20180306T110215.656040 347.914 297.556 47.3999 46.934 104.041 336.338 314.169 356.325 314.399 20180306T110215.656040 0 0
20180306T110215.664012 347.512 297.824 48.4013 46.5469 110.997 336.295 314.205 356.325 314.399 20180306T110215.664012 0 0
20180306T110215.676008 347.577 297.838 48.6831 46.3096 110.59 336.225 314.066 356.146 314.357 20180306T110215.676008 0 0
20180306T110215.684004 347.463 297.478 48.2538 46.5417 114.402 335.959 314.195 355.941 314.172 20180306T110215.684004 0 0
20180306T110215.696039 347.536 296.964 47.0267 46.4393 157.331 335.961 314.039 356 314.095 20180306T110215.696039 0 0
20180306T110215.708066 347.398 297.401 47.7811 46.7767 114.155 335.961 314.039 355.909 314.253 20180306T110215.708066 0 0
20180306T110215.716076 347.423 297.614 48.5443 47.1717 98.2096 335.959 314.195 355.941 314.172 20180306T110215.716076 0 0
20180306T110215.728053 347.57 297.623 48.2032 47.2334 115.444 335.961 314.039 355.909 314.253 20180306T110215.728053 0 0
20180306T110215.736015 347.606 297.548 48.0941 47.253 123.329 335.974 314.179 355.944 314.356 20180306T110215.736015 0 0
20180306T110215.748007 347.589 297.638 48.3196 47.3839 108.574 336.201 314.181 355.982 314.388 20180306T110215.748007 0 0
20180306T110215.756022 347.667 297.314 47.6881 47.2117 162.485 335.901 314.114 355.982 314.388 20180306T110215.756022 0 0
20180306T110215.768033 347.751 298.084 49.0676 47.7687 88.4 336.295 314.205 355.982 314.388 20180306T110215.768033 0 0
20180306T110215.776078 347.648 297.656 48.5864 47.9397 125.795 336.338 314.169 356.01 314.647 20180306T110215.776078 0 0
20180306T110215.788526 347.624 297.483 48.4369 48.1995 118.115 336.144 314.179 355.982 314.388 20180306T110215.788526 0 0
20180306T110215.796764 347.488 298.161 49.6579 47.9652 112.641 336.338 314.169 355.982 314.388 20180306T110215.796764 0 0
20180306T110215.808855 347.578 298.009 49.401 48.2596 117.923 336.295 314.205 356.041 314.738 20180306T110215.808855 0 0
20180306T110215.816726 347.437 298.213 50.0369 48.5338 111 336 314.224 355.917 314.5 20180306T110215.816726 0 0
20180306T110215.828107 347.45 298.12 49.9256 48.5164 112.863 336.073 314.333 355.917 314.5 20180306T110215.828107 0 0
20180306T110215.836112 347.464 298.018 49.6434 49.0313 106.478 335.968 314.312 356 314.768 20180306T110215.836112 0 0
20180306T110215.849586 347.377 298.103 49.6299 48.9053 102.683 335.955 314.633 355.901 314.821 20180306T110215.849586 0 0
20180306T110215.856504 347.312 298.072 49.6384 49.2993 116.228 335.923 314.727 355.901 314.886 20180306T110215.856504 0 0
20180306T110215.868259 347.115 298.452 50.8063 49.3327 120.039 335.955 314.633 355.859 314.859 20180306T110215.868259 0 0
20180306T110215.876745 347.085 298.625 51.0454 49.9389 105.055 335.923 314.727 355.859 314.859 20180306T110215.876745 0 0
20180306T110215.888366 347.221 297.971 50.505 49.7645 162.174 335.923 314.727 355.859 314.859 20180306T110215.888366 0 0
20180306T110215.896700 347.135 298.27 50.8495 50.1515 132.541 335.923 314.727 355.859 314.859 20180306T110215.896700 0 0
20180306T110215.908711 347.079 298.308 51.2749 50.9688 109.317 335.923 314.727 355.638 314.934 20180306T110215.908711 0 0
20180306T110215.916534 346.746 298.299 51.8751 50.5313 109.171 335.743 314.813 355.429 314.895 20180306T110215.916534 0 0
20180306T110215.928854 346.561 298.534 52.4682 51.0798 111.472 335.716 314.426 355.174 314.808 20180306T110215.928854 0 0
20180306T110215.937545 346.694 298.409 52.356 51.1476 109.754 335.375 314.5 355.077 314.889 20180306T110215.937545 0 0
20180306T110215.948196 346.391 298.199 52.3376 51.4717 147.138 335.121 314.612 354.98 314.886 20180306T110215.948196 0 0
20180306T110215.960149 346.421 298.14 52.3416 51.5667 150.198 335.117 314.708 354.98 314.886 20180306T110215.960149 0 0
20180306T110215.968139 346.279 298.35 52.8317 51.6172 143.283 335.147 314.972 354.901 314.886 20180306T110215.968139 0 0
20180306T110215.980124 346.463 298.669 53.3153 52.5431 106.186 335.189 314.761 355.077 314.889 20180306T110215.980124 0 0
20180306T110215.988113 346.511 298.486 53.6266 52.149 127.232 335.495 314.72 355.351 314.844 20180306T110215.988113 0 0
20180306T110216.000183 346.56 298.704 53.8737 52.4197 117.117 335.82 314.767 355.311 314.964 20180306T110216.000183 0 0
20180306T110216.008146 346.769 298.408 53.8017 52.6771 131.473 335.923 314.727 355.471 314.964 20180306T110216.008146 0 0
20180306T110216.020169 346.927 298.613 53.6497 53.2669 110.978 335.923 314.727 355.638 314.934 20180306T110216.020169 0 0
20180306T110216.028144 346.817 298.621 54.1374 53.0676 132.355 335.891 314.891 355.821 314.901 20180306T110216.028144 0 0
20180306T110216.040123 346.931 298.727 54.3087 53.32 117.706 335.831 314.974 355.874 315.063 20180306T110216.040123 0 0
20180306T110216.048117 346.964 298.64 54.411 53.3211 120.581 335.831 314.974 355.874 315.063 20180306T110216.048117 0 0
20180306T110216.060108 346.99 298.455 54.2478 52.9831 153.481 335.831 314.974 355.874 315.063 20180306T110216.060108 0 0
20180306T110216.068134 347.005 298.241 54.4249 53.1491 161.65 335.831 314.974 355.878 315.16 20180306T110216.068134 0 0
20180306T110216.080164 346.992 298.366 54.5735 53.5632 170.597 335.875 315 355.878 315.16 20180306T110216.080164 0 0
20180306T110216.088253 346.978 298.406 54.885 53.7755 165.538 335.831 314.974 355.878 315.16 20180306T110216.088253 0 0
20180306T110216.100427 346.789 298.475 55.1277 54.0517 163.832 335.831 314.974 355.838 315.024 20180306T110216.100427 0 0
20180306T110216.108540 346.861 298.443 55.4183 54.0887 151.845 335.923 314.727 355.941 314.848 20180306T110216.108540 0 0
20180306T110216.120779 346.958 298.017 55.205 54.7804 118.189 336.045 314.559 355.932 314.556 20180306T110216.120779 0 0
20180306T110216.128999 346.958 298.396 55.7161 55.0157 131.727 336.116 314.667 355.941 314.848 20180306T110216.128999 0 0
20180306T110216.140105 347.024 298.329 55.5549 54.8113 160.909 336.042 314.746 356.038 314.852 20180306T110216.140105 0 0
20180306T110216.148970 346.889 298.134 55.5476 54.9769 161.977 336.032 314.704 356.038 314.852 20180306T110216.148970 0 0
20180306T110216.161779 346.906 298.065 55.5969 54.9439 160.191 336.258 314.616 355.941 314.848 20180306T110216.161779 0 0
20180306T110216.168402 346.977 298.002 55.7319 54.6353 161.971 336.116 314.704 356.077 314.889 20180306T110216.168402 0 0
20180306T110216.179738 346.976 298.002 55.7045 54.5715 160.542 336.279 314.76 356.038 314.852 20180306T110216.179738 0 0
20180306T110216.187675 346.835 298.035 55.9508 54.4966 155.29 336.042 314.746 356.077 314.889 20180306T110216.187675 0 0
20180306T110216.199680 346.864 297.968 56.0672 55.0753 162.295 336 314.785 356.077 314.889 20180306T110216.199680 0 0
20180306T110216.211722 346.894 297.922 56.1425 55.0429 155.133 335.958 314.815 355.941 314.848 20180306T110216.211722 0 0
20180306T110216.219710 346.713 297.953 56.3886 55.011 163.003 335.958 314.815 355.901 314.886 20180306T110216.219710 0 0
20180306T110216.231755 346.522 297.987 56.7736 55.0122 163.631 335.958 314.815 355.901 314.886 20180306T110216.231755 0 0
20180306T110216.239776 346.586 297.996 56.845 55.0934 158.265 335.958 314.815 355.901 314.886 20180306T110216.239776 0 0
20180306T110216.251721 346.664 298.199 56.8802 55.1223 153.271 335.958 314.815 355.901 314.886 20180306T110216.251721 0 0
20180306T110216.259676 346.828 298.26 56.9396 55.4252 152.144 335.958 314.815 356.039 314.926 20180306T110216.259676 0 0
20180306T110216.271669 346.764 298.265 57.2004 55.3471 154.705 336.062 314.79 356.077 314.889 20180306T110216.271669 0 0
20180306T110216.279677 346.871 298.341 56.7942 55.631 149.685 336.164 314.796 356.075 314.986 20180306T110216.279677 0 0
20180306T110216.291713 346.747 298.294 56.8116 55.9267 153.625 336.101 314.818 356.038 315.024 20180306T110216.291713 0 0
20180306T110216.300712 346.851 298.471 57.0545 56.1795 162.636 335.958 314.815 356.038 315.024 20180306T110216.300712 0 0
20180306T110216.313047 346.777 298.283 56.7687 56.2491 164.567 336 314.844 356.134 315.051 20180306T110216.313047 0 0
20180306T110216.320962 346.8 298.123 56.9921 55.9017 159.395 336 314.844 356.038 315.024 20180306T110216.320962 0 0
20180306T110216.332220 346.657 298.279 57.1043 55.8063 165.06 335.958 314.815 355.939 314.924 20180306T110216.332220 0 0
20180306T110216.340714 346.597 298.138 57.2439 55.7207 158.782 335.958 314.815 356.039 314.926 20180306T110216.340714 0 0
20180306T110216.352917 346.785 298.068 57.7397 55.559 159.511 335.958 314.815 356.077 314.889 20180306T110216.352917 0 0
20180306T110216.360510 346.84 298.074 57.6469 55.5263 157.044 336.144 314.821 356.077 314.889 20180306T110216.360510 0 0
20180306T110216.372988 346.881 298.182 57.276 55.5243 161.25 336.371 314.71 356.077 314.889 20180306T110216.372988 0 0
20180306T110216.381559 347.015 298.141 57.4325 55.4705 159.52 336.371 314.71 356.351 314.844 20180306T110216.381559 0 0
20180306T110216.392036 347.055 298.113 57.3364 55.5726 156.352 336.543 314.795 356.351 314.844 20180306T110216.392036 0 0
20180306T110216.400457 346.997 298.278 57.2672 55.7739 157.22 336.371 314.71 356.351 314.844 20180306T110216.400457 0 0
20180306T110216.412702 347.117 298.361 57.3783 55.7868 153.535 336.543 314.795 356.384 315 20180306T110216.412702 0 0
20180306T110216.420573 347.104 298.264 57.2357 55.9261 159.255 336.575 314.831 356.316 315.065 20180306T110216.420573 0 0
20180306T110216.432663 347.085 298.346 57.1224 56.0279 170.142 336.503 314.901 356.272 315.088 20180306T110216.432663 0 0
20180306T110216.441169 347.073 298.379 57.2719 56.1189 172.72 336.5 315 356.225 315.158 20180306T110216.441169 0 0
20180306T110216.452284 347.136 298.467 57.5154 55.8536 158.972 336.448 315.253 356.193 315.246 20180306T110216.452284 0 0
20180306T110216.465250 347.017 298.551 57.3432 55.8142 154.999 336.448 315.253 356.193 315.246 20180306T110216.465250 0 0
20180306T110216.473230 347.064 298.655 57.3985 56.1654 165.099 336.17 315.297 356.193 315.246 20180306T110216.473230 0 0
20180306T110216.484575 347.039 298.57 57.4129 55.7659 160.013 336.094 315.374 356.193 315.246 20180306T110216.484575 0 0
20180306T110216.492476 347.071 298.607 57.4291 55.8819 160.639 336.345 315.395 356.067 315.471 20180306T110216.492476 0 0
20180306T110216.505003 347.039 298.596 57.489 55.8828 162.544 336.37 315.418 356.104 315.441 20180306T110216.505003 0 0
20180306T110216.513179 347.04 298.599 57.4941 55.8685 162.52 336.37 315.418 356.038 315.473 20180306T110216.513179 0 0
20180306T110216.524046 347.06 298.591 57.4744 56.0086 161.532 336.268 315.399 356.193 315.404 20180306T110216.524046 0 0
20180306T110216.532807 347.085 298.57 57.299 55.8057 159.506 336.413 315.258 356.188 315.462 20180306T110216.532807 0 0
20180306T110216.544822 346.949 298.504 57.331 56.0276 168.622 336.413 315.258 356.225 315.433 20180306T110216.544822 0 0
20180306T110216.552417 347.072 298.641 57.3271 55.8003 159.21 336.483 315.468 356.359 315.679 20180306T110216.552417 0 0
20180306T110216.564560 346.919 298.674 57.675 55.811 164.631 336.574 315.513 356.359 315.679 20180306T110216.564560 0 0
20180306T110216.572728 346.952 298.703 57.7663 55.9765 166.204 336.304 315.456 356.291 315.825 20180306T110216.572728 0 0
20180306T110216.584247 347.078 298.944 57.6392 56.4963 167.048 336.267 315.543 356.291 315.825 20180306T110216.584247 0 0
20180306T110216.592756 347.065 298.678 57.6748 55.86 166.533 336.366 315.94 356.206 315.794 20180306T110216.592756 0 0
20180306T110216.604750 347.08 298.919 57.6233 56.5714 164.911 336.403 315.898 356.158 315.721 20180306T110216.604750 0 0
20180306T110216.612436 346.995 298.976 57.6409 56.3357 156.928 336.403 315.898 356.206 315.794 20180306T110216.612436 0 0
20180306T110216.624590 346.774 298.887 58.1181 56.4782 153.658 336.151 315.53 356.224 316.048 20180306T110216.624590 0 0
20180306T110216.632719 346.901 299.038 58.1916 56.6928 159.157 336.093 315.609 356.185 315.901 20180306T110216.632719 0 0
20180306T110216.644211 346.78 299.042 58.1482 56.7684 167.792 336.127 315.636 356.175 315.709 20180306T110216.644211 0 0
20180306T110216.652909 346.843 299.077 58.2416 56.858 165.024 336.134 315.81 356.175 315.709 20180306T110216.652909 0 0
20180306T110216.665027 347.034 298.864 58.5643 57.0587 166.081 336.304 315.632 356.258 315.742 20180306T110216.665027 0 0
20180306T110216.672500 347.109 298.772 58.3022 57.2073 174.441 336.548 315.753 356.321 315.793 20180306T110216.672500 0 0
20180306T110216.684282 347.216 298.7 58.6391 57.1241 175.056 336.703 315.655 356.458 315.787 20180306T110216.684282 0 0
20180306T110216.692734 347.321 298.673 58.5332 57.2202 174.49 336.756 315.673 356.5 315.82 20180306T110216.692734 0 0
20180306T110216.704534 347.433 298.654 58.6583 57.1926 165.296 336.739 315.694 356.685 315.69 20180306T110216.704534 0 0
20180306T110216.716917 347.405 298.742 58.7624 57.2044 165.548 336.764 315.77 356.662 315.681 20180306T110216.716917 0 0
20180306T110216.724908 347.33 298.624 58.8924 57.5641 158.175 336.756 315.673 356.574 315.613 20180306T110216.724908 0 0
20180306T110216.736770 347.216 298.677 59.1057 57.4401 164.205 336.678 315.579 356.416 315.712 20180306T110216.736770 0 0
20180306T110216.744396 347.146 298.542 59.0004 57.6568 159.527 336.583 315.472 356.329 315.676 20180306T110216.744396 0 0
20180306T110216.756932 346.984 298.487 59.202 57.8738 163.578 336.5 315.328 356.193 315.404 20180306T110216.756932 0 0
20180306T110216.765222 348.044 298.332 59.6543 57.9112 171.434 336.779 315.082 356.568 314.964 20180306T110216.765222 0 0
20180306T110216.776049 347.981 297.911 59.9466 57.4854 164.252 336.667 314.856 356.583 314.87 20180306T110216.776049 0 0
20180306T110216.784617 347.821 297.753 59.8324 57.8957 167.02 336.622 314.577 356.458 314.745 20180306T110216.784617 0 0
20180306T110216.796897 347.729 297.862 59.9907 58.1617 162.745 336.606 314.46 356.458 314.745 20180306T110216.796897 0 0
20180306T110216.804369 347.778 297.806 60.0728 58.1397 156.431 336.606 314.46 356.458 314.745 20180306T110216.804369 0 0
20180306T110216.816216 347.888 297.801 59.6546 58.4675 164.002 336.641 314.492 356.458 314.745 20180306T110216.816216 255 0
20180306T110216.824793 347.848 297.914 60.2125 58.7141 161.283 336.641 314.492 356.5 314.82 20180306T110216.824793 255 0
20180306T110216.836557 347.957 297.925 59.8545 58.583 161.233 336.718 314.595 356.583 314.87 20180306T110216.836557 255 0
20180306T110216.845026 348.035 298.019 60.2409 58.7109 164.17 336.88 314.809 356.583 314.87 20180306T110216.845026 255 0
20180306T110216.856798 348.147 298.049 60.1721 58.781 167.827 336.82 314.894 356.583 314.87 20180306T110216.856798 255 0
20180306T110216.864779 348.096 298.216 60.5184 59.1608 164.721 336.856 314.974 356.609 314.987 20180306T110216.864779 255 0
20180306T110216.877012 348.033 298.332 60.3913 59.3817 163.801 336.82 314.894 356.609 314.987 20180306T110216.877012 255 0
20180306T110216.885201 348.095 298.384 60.5083 59.7214 162.349 336.756 315.005 356.609 314.987 20180306T110216.885201 255 0
20180306T110216.896010 347.955 298.493 61.0665 59.4644 164.982 336.779 315.082 356.609 314.987 20180306T110216.896010 255 0
20180306T110216.904709 347.889 298.411 61.0155 59.6508 167.047 336.741 315.005 356.528 314.935 20180306T110216.904709 255 0
20180306T110216.917117 347.844 298.356 61.0258 59.5435 157.535 336.779 315.082 356.609 314.987 20180306T110216.917117 255 0
20180306T110216.924757 347.859 298.433 60.8779 59.7993 170.005 336.779 315.082 356.53 315.237 20180306T110216.924757 255 0
20180306T110216.936404 347.914 298.416 61.2222 59.9247 156.136 336.779 315.082 356.502 315.127 20180306T110216.936404 255 0
20180306T110216.945177 347.813 298.428 61.4842 59.8796 159.27 336.779 315.082 356.436 315.16 20180306T110216.945177 255 0
20180306T110216.956341 347.845 298.471 61.5025 60.1036 162.491 336.709 315.164 356.528 314.935 20180306T110216.956341 255 0
20180306T110216.968926 347.774 298.458 61.9751 59.9721 156.916 336.779 315.082 356.5 315.032 20180306T110216.968926 255 0
20180306T110216.977554 347.75 298.38 61.9245 60.2356 158.675 336.779 315.082 356.528 314.935 20180306T110216.977554 255 0
20180306T110216.988544 347.777 298.483 62.1406 60.4557 162.492 336.779 315.082 356.528 314.935 20180306T110216.988544 255 0
20180306T110216.996530 347.738 298.302 62.5882 60.3756 159.009 336.779 315.082 356.528 314.935 20180306T110216.996530 255 0
20180306T110217.009073 347.625 298.39 62.7608 60.526 161.596 336.779 315.082 356.619 315.078 20180306T110217.009073 255 0
20180306T110217.017167 347.639 298.517 62.3643 60.8524 165.597 336.779 315.082 356.662 315.151 20180306T110217.017167 255 0
20180306T110217.028073 347.666 298.625 62.7195 60.974 165.279 336.779 315.082 356.556 315.147 20180306T110217.028073 255 0
20180306T110217.036088 347.775 298.708 62.797 61.415 159.939 336.779 315.082 356.619 315.078 20180306T110217.036088 255 0
20180306T110217.048159 347.799 298.462 63.0446 61.3735 154.119 336.779 315.082 356.528 314.935 20180306T110217.048159 255 0
20180306T110217.056139 347.679 298.461 63.1828 61.3825 154.811 336.779 315.082 356.568 314.964 20180306T110217.056139 255 0
20180306T110217.068144 347.962 298.529 63.415 61.735 160.071 336.82 314.894 356.626 314.895 20180306T110217.068144 255 0
20180306T110217.076125 347.917 298.458 63.5734 61.6759 160.724 336.955 314.972 356.714 314.92 20180306T110217.076125 255 0
20180306T110217.088093 347.538 298.341 63.3059 61.3106 148.573 336.667 314.856 356.626 314.895 20180306T110217.088093 255 0
20180306T110217.096094 346.615 298.337 63.0501 61.4262 153.986 336.543 314.795 356.5 314.82 20180306T110217.096094 255 0
20180306T110217.108084 347.412 298.273 62.4868 61.2044 160.711 336.718 314.774 356.583 314.87 20180306T110217.108084 255 0
20180306T110217.116094 347.396 298.247 62.1953 60.8657 163.712 336.826 314.641 356.583 314.87 20180306T110217.116094 255 0
20180306T110217.128142 347.315 298.226 61.71 59.9021 165.112 336.82 314.735 356.626 314.895 20180306T110217.128142 255 0
20180306T110217.136119 347.417 298.227 60.8287 59.6983 148.773 336.82 314.735 356.583 314.87 20180306T110217.136119 255 0
20180306T110217.148117 347.412 298.206 60.4988 58.5719 152.08 336.82 314.735 356.626 314.895 20180306T110217.148117 255 0
20180306T110217.156091 347.553 298.25 59.5108 58.0929 158.584 336.764 314.821 356.583 314.87 20180306T110217.156091 255 0
20180306T110217.168091 347.471 298.044 58.8956 57.2583 159.507 336.764 314.821 356.626 314.895 20180306T110217.168091 255 0
20180306T110217.176082 347.631 298.128 58.0615 56.5159 158.038 336.764 314.821 356.583 314.87 20180306T110217.176082 255 0
20180306T110217.188079 347.555 298.234 57.6214 55.9812 158.614 336.718 314.928 356.626 314.895 20180306T110217.188079 255 0
20180306T110217.196108 347.791 298.216 56.8942 55.6046 156.072 336.82 314.894 356.583 314.87 20180306T110217.196108 255 0
20180306T110217.208120 347.783 298.128 55.7407 54.9727 172.689 336.82 314.894 356.626 314.895 20180306T110217.208120 255 0
20180306T110217.220118 347.888 298.178 55.4967 54.1395 161.093 336.82 314.894 356.626 314.895 20180306T110217.220118 255 0
20180306T110217.228091 347.774 298.579 55.2076 53.8914 130.018 336.82 314.894 356.609 314.987 20180306T110217.228091 255 0
20180306T110217.240087 347.932 298.171 54.1492 53.4376 149.592 336.82 314.894 356.626 314.895 20180306T110217.240087 255 0
20180306T110217.248077 348.001 298.65 54.2901 52.7308 121.213 336.82 314.894 356.714 314.92 20180306T110217.248077 255 0
20180306T110217.260069 347.968 298.547 53.736 52.3632 118.904 336.923 314.891 356.609 314.987 20180306T110217.260069 255 0
20180306T110217.268083 348.21 298.259 52.2529 51.8491 145.255 336.989 315.055 356.694 315.014 20180306T110217.268083 255 0
20180306T110217.280125 348.141 298.277 52.4862 51.1548 140.685 336.958 314.974 356.694 315.014 20180306T110217.280125 255 0
20180306T110217.288127 348.189 298.689 52.5325 51.3157 111.208 337.032 315.081 356.845 315.082 20180306T110217.288127 255 0
20180306T110217.300094 348.231 298.474 51.4255 50.5617 136.665 337.032 315.081 356.974 315.206 20180306T110217.300094 255 0
20180306T110217.308080 348.495 298.817 51.7422 50.4841 106.335 337.18 315.106 357.064 315.227 20180306T110217.308080 255 0
20180306T110217.320066 348.456 298.733 51.3329 50.2701 115.88 337.079 315.198 357 315.316 20180306T110217.320066 255 0
20180306T110217.328070 348.303 298.896 51.2926 49.6013 110.376 337.077 315.109 357.141 315.38 20180306T110217.328070 255 0
20180306T110217.340058 348.298 298.87 51.1112 49.0838 100.632 337.109 315.464 356.894 315.523 20180306T110217.340058 255 0
20180306T110217.348134 348.311 299.48 51.7392 48.8591 100.56 337.109 315.464 356.894 315.523 20180306T110217.348134 255 0
20180306T110217.360120 348.344 298.569 49.5626 48.5071 119.117 337.109 315.268 356.802 315.482 20180306T110217.360120 255 0
20180306T110217.368124 348.288 298.461 49.1209 47.8612 139.87 336.921 315.185 356.807 315.404 20180306T110217.368124 255 0
20180306T110217.380079 348.164 298.533 49.9068 48.1416 114.043 336.718 314.928 356.649 315.114 20180306T110217.380079 255 0
20180306T110217.388056 347.969 298.088 49.3322 47.6983 114.459 336.529 314.716 356.542 314.844 20180306T110217.388056 255 0
20180306T110217.400019 347.911 297.49 48.7654 47.2998 96.3471 336.338 314.169 356.365 314.329 20180306T110217.400019 255 0
20180306T110217.408002 347.778 297.5 49.1192 47.4042 106.361 336.473 313.793 356.333 313.806 20180306T110217.408002 255 0
20180306T110217.420037 347.821 296.251 47.7968 46.9563 126.985 336.449 313.175 356.226 313.119 20180306T110217.420037 255 0
20180306T110217.428078 347.846 296.067 48.7512 46.9132 107.314 336.287 312.292 356.284 312.421 20180306T110217.428078 255 0
20180306T110217.440088 347.603 295.069 48.0003 46.9671 101.348 336.402 311.61 355.967 311.644 20180306T110217.440088 255 0
20180306T110217.448042 347.509 294.775 48.0422 46.263 110.103 336.35 311.086 356.11 311.09 20180306T110217.448042 255 0
20180306T110217.460054 -1 -1 48.0422 46.263 110.103 336.35 311.086 356.11 311.09 20180306T110217.460054 255 0
20180306T110217.471647 -1 -1 48.0422 46.263 110.103 336.35 311.086 356.11 311.09 20180306T110217.471647 255 0
20180306T110217.479854 -1 -1 48.0422 46.263 110.103 336.35 311.086 356.11 311.09 20180306T110217.479854 255 0
20180306T110217.492047 -1 -1 48.0422 46.263 110.103 336.35 311.086 356.11 311.09 20180306T110217.492047 255 0
20180306T110217.500101 347.647 295.881 46.9552 46.0146 118.442 336.556 312 357 312.359 20180306T110217.500101 255 0
20180306T110217.512081 347.837 296.304 47.5087 45.9333 105.296 336.323 312.453 356.325 312.399 20180306T110217.512081 255 0
20180306T110217.520102 347.962 297.408 48.4936 45.8718 96.4514 336.342 312.762 356.512 312.817 20180306T110217.520102 255 0
20180306T110217.532065 347.923 297.45 47.9188 45.5215 110.402 336.375 313.398 356.5 313.314 20180306T110217.532065 255 0
20180306T110217.540066 348.089 298.29 49.3446 45.4605 104.606 336.386 313.695 356.39 313.52 20180306T110217.540066 255 0
20180306T110217.552055 348.432 297.597 46.2154 45.301 144.565 336.514 313.757 356.606 313.913 20180306T110217.552055 255 0
20180306T110217.560072 348.552 297.931 46.4239 45.5845 121.838 336.512 314.204 356.62 314.067 20180306T110217.560072 255 0
20180306T110217.572099 348.739 298.388 46.9112 45.6914 95.9873 336.568 314.459 356.575 314.5 20180306T110217.572099 255 0
20180306T110217.580160 348.732 298.362 46.3329 45.2738 114.912 336.575 314.831 356.706 314.937 20180306T110217.580160 255 0
20180306T110217.592133 348.771 298.919 46.6278 45.493 102.455 337 315.029 357.032 315.169 20180306T110217.592133 255 0
20180306T110217.600114 348.837 298.841 46.4662 45.3211 115.145 337 315.295 356.793 315.253 20180306T110217.600114 255 0
20180306T110217.612078 348.896 300.183 47.9588 45.7261 98.8477 337.138 315.622 357.201 315.378 20180306T110217.612078 255 0
20180306T110217.620081 348.978 300.162 47.4688 45.2719 102.694 337.212 316.005 357.319 315.898 20180306T110217.620081 255 0
20180306T110217.632057 349.103 299.634 45.9802 45.1638 129.268 337.356 316.056 357.08 315.812 20180306T110217.632057 255 0
20180306T110217.640064 349.11 300.367 46.7459 45.1655 107.919 337.385 316.094 357.643 316 20180306T110217.640064 255 0
20180306T110217.652122 349.181 300.942 48.0097 44.9437 108.701 337.374 316.461 357.654 316.359 20180306T110217.652122 255 0
20180306T110217.660103 349.215 300.737 46.8645 44.8689 114.936 337.672 316.734 357.755 316.829 20180306T110217.660103 255 0
20180306T110217.672119 349.357 300.731 46.6861 44.4385 112.517 337.797 316.807 357.917 317.046 20180306T110217.672119 255 0
20180306T110217.680087 349.555 301.376 48.1957 44.9411 97.9557 337.797 316.807 357.957 316.714 20180306T110217.680087 255 0
20180306T110217.692081 349.53 299.86 45.7953 44.9344 102.978 337.932 316.382 358.071 316.55 20180306T110217.692081 255 0
20180306T110217.700063 349.542 300.462 46.7258 44.7222 103.422 338.055 316.457 358.033 316.587 20180306T110217.700063 255 0
20180306T110217.712080 349.689 299.554 45.3574 43.88 161.079 337.897 316.897 358.118 316.959 20180306T110217.712080 255 0
20180306T110217.724157 349.576 300.245 45.6588 44.5165 122.023 337.836 317.041 358.207 317.253 20180306T110217.724157 255 0
20180306T110217.732136 349.804 300.428 45.1183 44.6152 2.61264 337.724 317.357 358.046 317.425 20180306T110217.732136 255 0
20180306T110217.744141 349.585 300.353 44.7704 44.4462 153.068 337.626 317.457 358.098 317.5 20180306T110217.744141 255 0
20180306T110217.752119 349.731 300.475 45.1699 44.4224 171.674 337.962 317.469 358.158 317.688 20180306T110217.752119 255 0
20180306T110217.764089 349.826 300.681 44.9926 44.7667 9.01717 337.962 317.469 358.133 317.587 20180306T110217.764089 255 0
20180306T110217.772094 349.775 302.024 47.7834 45.2164 94.0579 338.093 317.486 358.198 317.607 20180306T110217.772094 255 0
20180306T110217.784081 349.931 301.875 47.8985 44.8488 103.288 338.01 317.753 358.288 317.51 20180306T110217.784081 255 0
20180306T110217.792111 349.98 301.696 47.7439 44.7447 103.361 338.177 317.677 358.325 317.399 20180306T110217.792111 255 0
20180306T110217.804126 349.968 300.95 46.2896 44.687 121.39 338.275 317.627 358.365 317.474 20180306T110217.804126 255 0
20180306T110217.812122 350.202 301.228 46.8058 44.7782 94.5924 338.275 317.627 358.365 317.474 20180306T110217.812122 255 0
20180306T110217.824105 350.017 301.424 47.1676 45.0624 103.796 338.113 317.76 358.275 317.57 20180306T110217.824105 255 0
20180306T110217.832083 349.983 300.848 45.9247 44.5565 123.866 337.969 317.79 358.198 317.607 20180306T110217.832083 255 0
20180306T110217.844077 349.868 301.73 47.3191 45.0623 93.2659 338.117 317.568 358.198 317.607 20180306T110217.844077 255 0
20180306T110217.852079 349.726 301.261 46.7603 44.7366 101.955 338 317.5 358.169 317.635 20180306T110217.852079 255 0
20180306T110217.864150 349.71 301.685 47.5264 45.0676 96.7775 337.962 317.469 358.251 317.65 20180306T110217.864150 255 0
20180306T110217.872104 349.555 301.372 47.2189 44.6443 104.173 337.626 317.457 358.215 317.622 20180306T110217.872104 255 0
20180306T110217.884121 349.551 301.347 46.7566 44.5192 113.906 337.849 317.431 358.215 317.622 20180306T110217.884121 255 0
20180306T110217.892205 349.477 301.236 46.7248 44.5342 113.027 337.962 317.469 358.251 317.65 20180306T110217.892205 255 0
20180306T110217.904089 349.481 301.58 47.2028 44.7202 104.336 337.807 317.633 358.139 317.73 20180306T110217.904089 255 0
20180306T110217.912051 349.633 300.685 46.2799 44.7187 115.022 337.815 317.554 358.24 317.671 20180306T110217.912051 255 0
20180306T110217.924073 349.556 301.207 46.9829 44.712 101.584 337.956 317.75 358.169 317.883 20180306T110217.924073 255 0
20180306T110217.932074 349.649 301.223 46.0272 44.5707 116.51 337.859 317.939 358.113 318.027 20180306T110217.932074 255 0
20180306T110217.944106 349.742 301.326 45.5782 44.8272 118.172 337.886 317.98 357.901 318.185 20180306T110217.944106 255 0
20180306T110217.952106 349.64 301.697 46.4586 44.7409 115.536 337.886 317.98 357.909 318.388 20180306T110217.952106 255 0
20180306T110217.964129 349.574 302.036 46.0412 44.8087 98.9349 337.989 318.28 358.124 318.628 20180306T110217.964129 255 0
20180306T110217.976106 349.561 302.309 46.621 44.8531 102.606 337.845 318.556 358.038 318.852 20180306T110217.976106 255 0
20180306T110217.984069 349.709 301.899 45.7603 44.8994 122.532 337.878 318.638 358.134 318.884 20180306T110217.984069 255 0
20180306T110217.996064 349.764 301.088 45.0388 43.4637 3.31653 337.878 318.638 357.991 319.206 20180306T110217.996064 255 0
20180306T110218.004076 349.632 301.623 45.0293 44.2774 149.41 337.671 319.029 358.039 319.225 20180306T110218.004076 255 0
20180306T110218.016067 349.514 302.807 46.7499 44.5437 107.272 337.662 319.212 357.974 319.329 20180306T110218.016067 255 0
20180306T110218.024125 349.548 303.429 46.9629 44.6506 104.334 337.721 319.47 357.964 319.595 20180306T110218.024125 255 0
20180306T110218.036118 349.546 303.454 46.8762 44.6638 101.544 337.681 319.639 358.139 319.73 20180306T110218.036118 255 0
20180306T110218.044112 349.552 303.412 46.1036 44.6407 111.218 337.671 319.971 358.206 319.846 20180306T110218.044112 255 0
20180306T110218.056084 349.782 302.643 45.2694 43.9949 166.178 337.918 319.884 358.019 320 20180306T110218.056084 255 0
20180306T110218.064083 349.756 302.718 44.8128 43.6103 173.73 337.821 320.056 357.901 320.114 20180306T110218.064083 255 0
20180306T110218.076065 349.794 302.931 44.8708 43.4424 174.074 337.926 320.28 357.946 320.419 20180306T110218.076065 255 0
20180306T110218.084067 349.839 303.017 44.5475 43.4768 173.578 337.959 320.195 358.035 320.434 20180306T110218.084067 255 0
20180306T110218.096084 349.713 303.147 44.7433 43.5747 166.638 337.96 320.468 358.134 320.884 20180306T110218.096084 255 0
20180306T110218.104128 349.656 304.178 46.2138 44.3811 112.535 337.901 320.821 358 320.918 20180306T110218.104128 255 0
20180306T110218.116119 349.486 304.663 46.8713 44.5997 98.0715 337.821 320.901 357.991 321.206 20180306T110218.116119 255 0
20180306T110218.124103 349.489 304.334 45.6956 44.6215 111.453 337.583 321.028 357.681 321.204 20180306T110218.124103 255 0
20180306T110218.136074 349.444 304.593 45.7538 44.5426 108.384 337.542 321.259 357.556 321.27 20180306T110218.136074 255 0
20180306T110218.144068 349.464 304.772 45.7912 44.846 102.247 337.271 321.391 357.556 321.486 20180306T110218.144068 255 0
20180306T110218.156066 349.302 305.022 45.832 44.6514 84.282 337.154 321.449 357.361 321.417 20180306T110218.156066 255 0
20180306T110218.164054 349.316 304.999 45.6264 44.6994 93.111 336.977 321.5 357.228 321.488 20180306T110218.164054 255 0
20180306T110218.176120 349.306 304.905 45.133 44.6004 69.0343 336.934 321.724 357.246 321.728 20180306T110218.176120 255 0
20180306T110218.184098 349.194 305.232 45.6915 44.5152 98.5724 337.051 321.959 357.259 321.898 20180306T110218.184098 255 0
20180306T110218.196108 349.221 305.466 46.1009 44.5859 91.5326 337.029 322.074 357.194 321.679 20180306T110218.196108 255 0
20180306T110218.204064 349.131 305.223 45.0997 44.4232 116.484 336.785 321.845 357.264 321.687 20180306T110218.204064 255 0
20180306T110218.216063 349.14 305.224 44.7577 44.4347 119.232 336.946 321.829 357.18 321.939 20180306T110218.216063 255 0
20180306T110218.228058 349.27 305.763 45.431 44.7053 77.5101 336.972 322.083 357.185 322.027 20180306T110218.228058 255 0
20180306T110218.236055 349.007 305.51 44.9771 44.3151 122.541 336.9 322.233 357.174 322.136 20180306T110218.236055 255 0
20180306T110218.248123 349.052 305.357 44.8211 44.0707 148.773 337.038 322.221 357.137 322.436 20180306T110218.248123 0 0
20180306T110218.256098 349.127 305.736 45.0168 44.4345 97.1897 336.94 322.284 357.342 322.539 20180306T110218.256098 0 0
20180306T110218.268111 349.14 306.01 45.2308 44.2649 106.242 336.949 322.805 357.311 322.964 20180306T110218.268111 0 0
20180306T110218.276084 349.301 306.632 46.0044 44.5076 97.3175 337.099 323.035 357.346 323.073 20180306T110218.276084 0 0
20180306T110218.288066 349.279 306.393 45.4938 43.9091 123.705 337.193 323.193 357.371 323.232 20180306T110218.288066 0 0
20180306T110218.296073 349.47 306.863 45.7995 44.2765 110.371 337.347 323.429 357.759 323.513 20180306T110218.296073 0 0
20180306T110218.308056 349.581 307.093 45.6585 44.4118 94.7074 337.57 323.57 357.926 323.619 20180306T110218.308056 0 0
20180306T110218.316067 349.664 307.309 45.8486 44.328 97.6623 337.603 323.676 357.904 323.754 20180306T110218.316067 0 0
20180306T110218.328115 349.679 307.328 45.6909 44.3093 102.535 337.599 323.86 358.08 323.782 20180306T110218.328115 0 0
20180306T110218.336090 349.63 307.476 45.828 44.2509 96.6265 337.568 323.856 357.855 323.825 20180306T110218.336090 0 0
20180306T110218.348089 349.583 307.946 46.2875 44.2946 100.901 337.583 323.944 357.928 324 20180306T110218.348089 0 0
20180306T110218.356075 349.594 308.021 46.2144 44.2623 102.2 337.7 324.009 357.928 324 20180306T110218.356075 0 0
20180306T110218.368055 349.58 307.992 45.9015 44.2617 113.543 337.633 324.082 357.807 324.111 20180306T110218.368055 0 0
20180306T110218.376054 349.672 307.885 45.2733 44.1299 108.225 337.588 324.108 357.878 324.3 20180306T110218.376054 0 0
20180306T110218.388048 349.856 307.095 44.218 43.3616 175.371 337.588 324.108 357.897 324.559 20180306T110218.388048 0 0
20180306T110218.396079 349.805 307.364 44.346 43.533 164.385 337.682 324.159 357.914 324.757 20180306T110218.396079 0 0
20180306T110218.408094 349.93 307.248 44.0323 43.565 11.3486 337.683 324.372 357.941 324.848 20180306T110218.408094 0 0
20180306T110218.416091 349.921 307.283 44.0637 43.3329 171.519 337.793 324.469 358.099 324.92 20180306T110218.416091 0 0
20180306T110218.428071 349.872 307.444 43.9708 43.1631 5.09845 337.859 324.939 357.843 325.12 20180306T110218.428071 0 0
20180306T110218.436061 349.735 308.86 45.8316 44.1304 88.0049 337.671 325.029 357.991 325.206 20180306T110218.436061 0 0
20180306T110218.449347 349.673 308.624 45.1052 44.0214 114.238 337.554 325.315 358.046 325.425 20180306T110218.449347 0 0
20180306T110218.457458 349.773 308.94 45.5877 43.9465 93.324 337.708 325.287 358.098 325.5 20180306T110218.457458 0 0
20180306T110218.467970 349.885 307.925 43.9419 43.29 161.648 337.626 325.457 358.013 325.609 20180306T110218.467970 0 0
20180306T110218.480452 349.979 309.226 46.1119 44.1328 94.1502 337.782 325.524 358.16 325.658 20180306T110218.480452 0 0
20180306T110218.488008 349.826 309.2 45.6684 44.054 99.5913 338 325.5 358.175 325.761 20180306T110218.488008 0 0
20180306T110218.500411 350.036 308.267 44.1481 43.2874 17.9413 337.846 325.632 358.291 325.825 20180306T110218.500411 0 0
20180306T110218.508550 350.049 308.204 44.0468 43.0714 1.40167 337.897 325.897 358.206 325.846 20180306T110218.508550 0 0
20180306T110218.520599 349.949 308.564 44.3084 43.7019 174.115 337.705 325.932 358.206 325.846 20180306T110218.520599 0 0
20180306T110218.529137 349.829 309.159 44.8243 44.0725 109.888 337.726 326.01 358.095 326 20180306T110218.529137 0 0
20180306T110218.540060 349.905 309.159 44.467 43.9547 68.4325 337.742 326.121 358.019 326 20180306T110218.540060 0 0
20180306T110218.548777 349.929 308.555 44.1793 43.3842 32.1629 337.859 325.939 358.113 326.027 20180306T110218.548777 0 0
20180306T110218.561081 349.821 309.18 44.5578 44.1122 106.225 337.662 325.788 358.113 326.027 20180306T110218.561081 0 0
20180306T110218.568359 350.016 308.699 44.0879 43.3226 22.4628 337.892 325.843 358.113 326.027 20180306T110218.568359 0 0
20180306T110218.580234 350.016 308.318 43.9935 42.4959 0.702499 337.886 325.98 358.151 325.991 20180306T110218.580234 0 0
20180306T110218.589204 350.063 309.588 45.1091 44.2832 93.8987 337.886 325.98 358.095 326.029 20180306T110218.589204 0 0
20180306T110218.600346 350.132 308.967 44.3258 43.3381 5.78316 337.901 326.114 358.138 326.1 20180306T110218.600346 0 0
20180306T110218.608908 350.239 308.859 44.3192 43.0899 10.2396 337.959 326.195 358.244 326.178 20180306T110218.608908 0 0
20180306T110218.620776 350.251 309.4 44.3495 44.2336 127.372 338.116 326.111 358.308 326.321 20180306T110218.620776 0 0
20180306T110218.628398 350.379 309.793 45.1883 44.2841 82.3982 338.252 326.105 358.325 326.399 20180306T110218.628398 0 0
20180306T110218.640557 350.262 310.133 45.7848 44.5312 93.5619 338.252 326.105 358.325 326.399 20180306T110218.640557 0 0
20180306T110218.649194 350.285 310.213 46.1772 44.7328 102.592 338.252 326.105 358.325 326.399 20180306T110218.649194 0 0
20180306T110218.660065 350.213 310.028 45.9117 44.8089 90.1813 338.06 326.189 358.325 326.399 20180306T110218.660065 0 0
20180306T110218.668742 350.309 309.793 45.2884 44.8169 94.0582 338 326.224 358.225 326.355 20180306T110218.668742 0 0
20180306T110218.680679 350.11 309.648 45.1008 44.6336 0.859268 337.959 326.195 358.245 326.435 20180306T110218.680679 0 0
20180306T110218.688670 350 309.42 45.5775 44.6684 172.179 337.901 326.114 358.046 326.32 20180306T110218.688670 0 0
20180306T110218.701171 349.892 309.152 45.6805 44.3342 167.465 337.783 326.138 357.901 326.114 20180306T110218.701171 0 0
20180306T110218.709735 349.746 309.959 46.8439 45.5276 101.506 337.859 325.939 358.151 326.064 20180306T110218.709735 0 0
20180306T110218.720553 350.212 308.889 46.106 45.2732 111.218 338.365 325.169 358.375 325.341 20180306T110218.720553 0 0
20180306T110218.732840 -1 -1 46.106 45.2732 111.218 338.365 325.169 358.375 325.341 20180306T110218.732840 0 0
20180306T110218.741342 -1 -1 46.106 45.2732 111.218 338.365 325.169 358.375 325.341 20180306T110218.741342 0 0
20180306T110218.753566 -1 -1 46.106 45.2732 111.218 338.365 325.169 358.375 325.341 20180306T110218.753566 0 0
20180306T110218.761262 -1 -1 46.106 45.2732 111.218 338.365 325.169 358.375 325.341 20180306T110218.761262 0 0
20180306T110218.772484 -1 -1 46.106 45.2732 111.218 338.365 325.169 358.375 325.341 20180306T110218.772484 0 0
20180306T110218.780484 -1 -1 46.106 45.2732 111.218 338.365 325.169 358.375 325.341 20180306T110218.780484 0 0
20180306T110218.792476 -1 -1 46.106 45.2732 111.218 338.365 325.169 358.375 325.341 20180306T110218.792476 0 0
20180306T110218.800401 -1 -1 46.106 45.2732 111.218 338.365 325.169 358.375 325.341 20180306T110218.800401 0 0
20180306T110218.813336 -1 -1 46.106 45.2732 111.218 338.365 325.169 358.375 325.341 20180306T110218.813336 0 0
20180306T110218.821116 -1 -1 46.106 45.2732 111.218 338.365 325.169 358.375 325.341 20180306T110218.821116 0 0
20180306T110218.832544 -1 -1 46.106 45.2732 111.218 338.365 325.169 358.375 325.341 20180306T110218.832544 0 0
20180306T110218.840558 -1 -1 46.106 45.2732 111.218 338.365 325.169 358.375 325.341 20180306T110218.840558 0 0
20180306T110218.852155 -1 -1 46.106 45.2732 111.218 338.365 325.169 358.375 325.341 20180306T110218.852155 0 0
20180306T110218.860621 -1 -1 46.106 45.2732 111.218 338.365 325.169 358.375 325.341 20180306T110218.860621 0 0
20180306T110218.872625 349.003 309.166 51.1357 40.6848 168.751 337 323.814 356.765 323.662 20180306T110218.872625 0 0
20180306T110218.880302 348.591 308.324 51.2051 45.757 0.0130005 336.814 324.162 356.751 324.262 20180306T110218.880302 0 0
20180306T110218.892431 348.322 309.626 51.538 49.4786 105.078 336.953 324.538 356.764 324.821 20180306T110218.892431 0 0
20180306T110218.900610 348.421 309.522 50.9299 50.4067 127.895 336.779 325.082 356.679 325.139 20180306T110218.900610 0 0
20180306T110218.912128 348.671 309.957 51.6905 50.7638 100.229 336.985 325.59 356.905 325.64 20180306T110218.912128 0 0
20180306T110218.920592 348.72 310.364 51.8854 50.9084 116.441 336.989 325.944 357.1 325.971 20180306T110218.920592 0 0
20180306T110218.932699 348.846 310.444 51.7037 51.2177 159.329 337.26 325.972 357.203 325.793 20180306T110218.932699 0 0
20180306T110218.940601 349.009 310.594 52.1783 51.5596 109.485 337.382 325.99 357.356 326.056 20180306T110218.940601 0 0
20180306T110218.952494 349.132 310.576 52.2148 51.6459 150.744 337.378 326.01 357.543 326.205 20180306T110218.952494 0 0
20180306T110218.960865 349.282 310.794 52.6233 52.043 148.92 337.714 326.136 357.826 326.631 20180306T110218.960865 0 0
20180306T110218.972452 349.347 311.153 53.2077 52.59 119.756 337.968 326.688 357.901 326.886 20180306T110218.972452 0 0
20180306T110218.984615 349.547 311.247 53.3299 52.2884 152.24 338 326.776 358.077 326.889 20180306T110218.984615 0 0
20180306T110218.992898 349.427 311.31 53.4943 52.2705 161.485 337.831 326.974 358.009 327.12 20180306T110218.992898 0 0
20180306T110219.004772 349.506 311.323 53.5973 52.963 1.81158 337.897 326.897 358.117 327.238 20180306T110219.004772 0 0
20180306T110219.012369 349.561 311.668 53.9878 53.223 154.017 337.879 327.101 358.067 327.311 20180306T110219.012369 0 0
20180306T110219.024408 349.442 311.766 54.3981 53.0366 166.275 337.853 327.201 357.978 327.421 20180306T110219.024408 0 0
20180306T110219.032895 349.434 311.689 54.4279 53.5072 171.469 337.816 327.237 357.973 327.457 20180306T110219.032895 0 0
20180306T110219.044158 348.776 311.35 55.1493 53.8176 163.274 337.574 327.015 357.459 327.052 20180306T110219.044158 0 0
20180306T110219.052650 348.686 310.376 55.2492 54.1948 157.239 337.682 326.677 357.458 326.844 20180306T110219.052650 0 0
20180306T110219.064880 348.836 310.979 55.3332 54.5032 154.042 337.579 326.913 357.459 327.052 20180306T110219.064880 0 0
20180306T110219.072966 348.691 310.945 55.6574 54.1972 149.367 337.529 327.059 357.384 327 20180306T110219.072966 0 0
20180306T110219.084772 348.47 311.105 56.0717 54.7659 157.473 337.391 326.953 357.303 327.052 20180306T110219.084772 0 0
20180306T110219.092688 348.386 310.991 55.9438 55.1174 169.426 337.529 326.857 357.384 327 20180306T110219.092688 0 0
20180306T110219.104167 348.367 310.87 56.6599 55.0654 159.928 337.485 326.894 357.384 327 20180306T110219.104167 0 0
20180306T110219.112861 348.348 311.003 56.7106 55.0611 156.356 337.391 326.953 357.384 327 20180306T110219.112861 0 0
20180306T110219.124842 348.423 310.807 56.5792 55.2426 173.166 337.3 327 357.394 326.913 20180306T110219.124842 0 0
20180306T110219.132362 348.501 310.837 56.869 55.3617 160.323 337.485 326.894 357.394 326.913 20180306T110219.132362 0 0
20180306T110219.144502 348.453 310.765 57.2119 55.9234 169.051 337.5 326.677 357.394 326.913 20180306T110219.144502 0 0
20180306T110219.152912 348.398 310.689 57.1221 55.9494 155.366 337.5 326.677 357.384 326.831 20180306T110219.152912 0 0
20180306T110219.164193 348.53 310.821 57.445 56.3568 150.569 337.4 326.483 357.416 326.772 20180306T110219.164193 0 0
20180306T110219.172871 348.382 310.729 57.7915 56.2613 164.967 337.4 326.483 357.458 326.745 20180306T110219.172871 0 0
20180306T110219.184859 348.352 310.809 57.9124 56.8157 157.675 337.297 326.349 357.458 326.745 20180306T110219.184859 0 0
20180306T110219.192353 348.234 310.758 57.7614 57.1191 170.014 337.297 326.349 357.404 326.689 20180306T110219.192353 0 0
20180306T110219.204465 348.066 310.785 58.6457 56.8341 151.076 337.297 326.349 357.416 326.772 20180306T110219.204465 0 0
20180306T110219.212844 347.968 310.705 58.963 57.1034 162.062 337.172 326.529 357.416 326.772 20180306T110219.212844 0 0
20180306T110219.224077 348.26 310.875 58.8841 57.2292 161.361 337.306 326.435 357.423 326.5 20180306T110219.224077 0 0
20180306T110219.236897 348.814 310.33 58.9268 57.7452 158.162 337.771 326.189 357.845 326.382 20180306T110219.236897 0 0
20180306T110219.245519 348.75 310.49 59.1601 57.8609 158.988 337.676 326.213 357.845 326.382 20180306T110219.245519 0 0
20180306T110219.257133 348.604 310.598 59.5978 57.9488 151.809 337.676 326.213 357.897 326.559 20180306T110219.257133 0 0
20180306T110219.264878 348.552 310.692 59.8409 58.3342 160.603 337.676 326.213 357.582 326.351 20180306T110219.264878 0 0
20180306T110219.276842 348.546 310.71 60.1025 58.3304 163.797 337.632 326.24 357.53 326.553 20180306T110219.276842 0 0
20180306T110219.285857 348.509 310.761 60.1777 58.8105 151.749 337.545 326.187 357.461 326.421 20180306T110219.285857 0 0
20180306T110219.297125 348.46 310.724 60.1443 58.8981 163.556 337.632 326.24 357.502 326.394 20180306T110219.297125 0 0
20180306T110219.304891 348.457 310.69 60.2266 58.7968 163.284 337.543 326.205 357.582 326.351 20180306T110219.304891 0 0
20180306T110219.316906 348.36 310.696 60.3464 58.8705 164.493 337.676 326.213 357.582 326.351 20180306T110219.316906 0 0
20180306T110219.325162 348.509 310.527 60.8222 59.027 151.393 337.671 326.162 357.582 326.351 20180306T110219.325162 0 0
20180306T110219.336846 348.61 310.635 60.7991 59.327 156.707 337.676 326.213 357.756 326.371 20180306T110219.336846 0 0
20180306T110219.345118 348.675 310.48 60.805 59.2856 159.41 337.714 326.136 357.909 326.196 20180306T110219.345118 0 0
20180306T110219.356844 348.629 310.471 61.0708 59.4017 156.655 337.714 326.136 358 326.202 20180306T110219.356844 0 0
20180306T110219.363614 348.643 310.352 61.3408 59.6128 152.3 337.714 326.136 357.903 326.208 20180306T110219.363614 0 0
20180306T110219.376591 348.487 310.528 61.178 59.9364 165.254 337.714 326.136 357.714 326.136 20180306T110219.376591 0 0
20180306T110219.384512 348.558 310.278 61.5093 59.7155 152.488 337.705 325.932 357.658 326 20180306T110219.384512 0 0
20180306T110219.396508 348.48 309.298 61.7021 59.9344 153.739 337.807 325.633 357.671 325.667 20180306T110219.396508 0 0
20180306T110219.405465 348.491 309.313 61.9255 59.8507 152.114 337.897 325.897 357.949 325.603 20180306T110219.405465 0 0
20180306T110219.416142 348.721 309.717 61.5118 60.2392 146.748 337.897 325.897 358.061 325.788 20180306T110219.416142 0 0
20180306T110219.424748 348.745 309.693 61.6888 60.2397 146.279 337.897 325.897 358.206 325.794 20180306T110219.424748 0 0
20180306T110219.437130 348.835 309.589 61.8135 60.1848 151.636 337.897 325.897 358.206 325.794 20180306T110219.437130 0 0
20180306T110219.445161 348.798 309.732 62.0007 60.2129 145.776 337.939 325.859 358.206 325.794 20180306T110219.445161 0 0
20180306T110219.456671 348.741 309.628 61.9305 60.2488 145.834 337.939 325.859 358.206 325.794 20180306T110219.456671 0 0
20180306T110219.465154 348.725 309.685 61.8201 60.3657 149.477 337.939 325.859 358.206 325.794 20180306T110219.465154 0 0
20180306T110219.476481 348.606 309.645 61.3674 60.5448 155.228 337.939 325.859 358.206 325.794 20180306T110219.476481 0 0
20180306T110219.489159 348.574 309.543 61.7692 60.2543 147.362 337.906 325.776 358.117 325.815 20180306T110219.489159 0 0
20180306T110219.496003 348.443 309.575 61.5029 60.1008 145.856 337.764 325.821 357.895 325.671 20180306T110219.496003 0 0
20180306T110219.508838 348.338 309.491 61.5063 59.7622 151.108 337.714 325.671 357.716 325.716 20180306T110219.508838 0 0
20180306T110219.516836 348.431 309.489 61.3168 59.9431 157.497 337.575 325.831 357.583 325.87 20180306T110219.516836 0 0
20180306T110219.528503 348.357 309.491 61.3587 59.4001 149.257 337.575 325.831 357.583 325.87 20180306T110219.528503 0 0
20180306T110219.537450 348.339 309.692 61.0245 59.0889 149.822 337.488 325.886 357.471 325.858 20180306T110219.537450 0 0
20180306T110219.548653 348.183 309.603 61.0986 59.0356 151.724 337.371 325.795 357.402 325.922 20180306T110219.548653 0 0
20180306T110219.557253 348.199 309.608 61.0814 59.0194 150.762 337.371 325.795 357.539 325.922 20180306T110219.557253 0 0
20180306T110219.569435 348.318 309.609 60.8691 58.8554 157.219 337.456 325.848 357.471 325.858 20180306T110219.569435 0 0
20180306T110219.576847 348.385 309.633 60.6488 58.8137 155.109 337.488 325.796 357.553 325.909 20180306T110219.576847 0 0
20180306T110219.588336 348.478 309.57 60.3165 59.0032 158.661 337.667 325.856 357.583 325.87 20180306T110219.588336 0 0
20180306T110219.596490 348.544 309.667 60.3863 58.5892 151.11 337.801 325.901 357.792 325.903 20180306T110219.596490 0 0
20180306T110219.609166 348.554 309.647 60.1495 58.7074 158.777 337.765 325.863 357.869 325.962 20180306T110219.609166 0 0
20180306T110219.615997 348.71 309.731 60.0183 58.5089 149.808 337.897 325.897 357.961 325.961 20180306T110219.615997 0 0
20180306T110219.628860 348.641 309.746 60.1862 58.3005 149.235 337.897 325.897 358 326 20180306T110219.628860 0 0
20180306T110219.636836 348.673 309.568 60.1157 57.9773 153.584 337.859 325.859 358 326 20180306T110219.636836 0 0
20180306T110219.648629 348.768 309.631 59.6568 58.3151 157.901 337.859 325.859 358.095 326 20180306T110219.648629 0 0
20180306T110219.657469 348.829 309.492 59.7059 58.0438 160.589 337.801 325.901 357.937 325.815 20180306T110219.657469 0 0
20180306T110219.669501 348.855 309.444 59.6071 57.9825 159.35 337.826 325.979 358.117 325.815 20180306T110219.669501 0 0
20180306T110219.676278 349.003 309.405 59.6101 57.9287 167.665 337.897 325.897 358.206 325.794 20180306T110219.676278 0 0
20180306T110219.689177 349.046 309.346 59.6472 57.948 168.537 337.989 326.055 358.206 325.794 20180306T110219.689177 0 0
20180306T110219.696849 348.995 309.436 59.3539 57.8947 167.439 337.897 325.897 358.206 325.794 20180306T110219.696849 0 0
20180306T110219.708651 349.052 309.449 59.5603 57.925 172.367 337.897 325.897 358.206 325.794 20180306T110219.708651 0 0
20180306T110219.717119 349.046 309.477 59.4363 57.9912 169.059 337.906 325.615 358.151 325.936 20180306T110219.717119 255 0
20180306T110219.728183 349.071 309.553 59.536 58.1293 170.373 337.906 325.615 358.151 325.936 20180306T110219.728183 255 0
20180306T110219.740807 348.955 309.583 59.6871 58.0179 162.548 337.906 325.615 358.151 325.936 20180306T110219.740807 255 0
20180306T110219.747890 348.979 309.728 59.5655 57.992 162.155 337.939 325.924 358.24 325.964 20180306T110219.747890 255 0
20180306T110219.760665 349.142 309.727 59.613 58.2735 169.719 337.972 325.81 358.24 325.964 20180306T110219.760665 255 0
20180306T110219.768461 349.009 309.708 59.3534 58.2596 156.22 337.944 325.644 358.151 325.936 20180306T110219.768461 255 0
20180306T110219.780306 349.043 309.564 59.8267 57.9736 156.19 337.944 325.644 358.24 325.964 20180306T110219.780306 255 0
20180306T110219.789463 349.074 309.635 59.9875 58.1617 156.247 338.036 325.653 358.151 325.936 20180306T110219.789463 255 0
20180306T110219.800284 349.112 309.62 59.9111 58.292 155.773 338.036 325.653 358.222 325.712 20180306T110219.800284 255 0
20180306T110219.808863 348.962 309.682 59.7974 58.4518 154.315 337.914 325.733 358.151 325.936 20180306T110219.808863 255 0
20180306T110219.820889 349.102 309.739 59.9766 58.3967 155.729 338.093 325.907 358.151 325.991 20180306T110219.820889 255 0
20180306T110219.828459 349.143 310.02 60.3554 58.6242 153.407 338.093 325.907 358.279 326 20180306T110219.828459 255 0
20180306T110219.840849 349.216 309.801 59.9903 58.7516 162.172 338.206 325.794 358.24 325.964 20180306T110219.840849 255 0
20180306T110219.849158 349.389 309.796 60.3013 58.7229 159.722 338.175 325.709 358.24 325.964 20180306T110219.849158 255 0
20180306T110219.860618 349.483 309.668 60.0783 58.7575 165.691 338.365 325.671 358.371 325.8 20180306T110219.860618 255 0
20180306T110219.869442 349.583 309.446 60.3234 58.77 160.784 338.641 325.974 358.438 325.671 20180306T110219.869442 255 0
20180306T110219.881429 349.667 309.45 60.0509 59.0181 157.986 338.641 325.974 358.264 325.72 20180306T110219.881429 255 0
20180306T110219.888374 349.811 309.333 60.1451 58.9099 160.243 338.641 325.974 358.325 325.585 20180306T110219.888374 255 0
20180306T110219.900107 349.611 309.239 60.1033 58.6749 154.845 338.575 325.831 358.296 325.8 20180306T110219.900107 255 0
20180306T110219.909135 349.456 309.252 60.1367 58.9049 170.917 338.371 325.71 358.264 325.72 20180306T110219.909135 255 0
20180306T110219.920686 349.389 309.365 60.3833 59.1026 160.095 338.266 325.5 358.175 325.709 20180306T110219.920686 255 0
20180306T110219.928643 349.121 309.154 60.5743 58.7564 163.018 337.962 325.469 358.175 325.5 20180306T110219.928643 255 0
20180306T110219.940647 348.912 309.06 60.5536 58.7591 160.836 337.816 325.411 357.849 325.404 20180306T110219.940647 255 0
20180306T110219.948760 348.866 308.89 60.6748 58.8675 157.323 337.794 325.142 357.679 325.435 20180306T110219.948760 255 0
20180306T110219.960840 348.656 308.785 60.431 58.8336 172.403 337.671 324.971 357.463 325.252 20180306T110219.960840 255 0
20180306T110219.969495 348.69 308.708 60.4946 58.9285 165.32 337.638 324.934 357.462 325.158 20180306T110219.969495 255 0
20180306T110219.980001 348.648 308.732 60.5174 58.8262 164.153 337.653 324.806 357.473 325.139 20180306T110219.980001 255 0
20180306T110219.992417 348.904 308.845 59.7731 59.2011 166.213 337.743 324.8 357.513 325.158 20180306T110219.992417 255 0
20180306T110219.999954 348.939 308.759 59.4846 58.2989 156.846 337.897 324.897 357.628 325.227 20180306T110219.999954 255 0
20180306T110220.011922 349.058 308.653 59.1721 57.9954 161.322 337.939 324.924 357.757 325.144 20180306T110220.011922 255 0
20180306T110220.019918 349.263 308.804 58.9079 57.2305 165.208 337.939 324.924 358.03 325.257 20180306T110220.019918 255 0
20180306T110220.031922 349.399 308.816 58.2752 57.023 178.786 338.083 324.971 357.974 325.303 20180306T110220.031922 255 0
20180306T110220.039996 349.58 308.594 57.5257 56.1135 169.009 337.98 325 358.067 325.311 20180306T110220.039996 255 0
20180306T110220.052413 349.535 308.688 57.0537 55.7336 163.096 338.231 324.931 358.203 325.207 20180306T110220.052413 255 0
20180306T110220.060691 349.647 308.701 56.3526 55.4544 1.46954 338.265 324.813 358.276 325.066 20180306T110220.060691 255 0
20180306T110220.073174 349.834 308.549 55.341 54.7208 178.668 338.329 324.737 358.35 325.086 20180306T110220.073174 255 0
20180306T110220.080410 349.78 308.523 55.2544 53.9767 156.365 338.368 324.606 358.384 325 20180306T110220.080410 255 0
20180306T110220.091927 349.858 308.704 54.6301 53.8708 105.684 338.416 324.772 358.384 325 20180306T110220.091927 255 0
20180306T110220.099610 349.914 309.093 54.5802 53.1031 114.531 338.458 324.745 358.384 325 20180306T110220.099610 255 0
20180306T110220.111593 349.987 308.746 53.5221 52.6366 145.55 338.458 324.745 358.384 325 20180306T110220.111593 255 0
20180306T110220.119617 350.257 308.952 52.9386 52.4484 107.189 338.458 324.745 358.384 325 20180306T110220.119617 255 0
20180306T110220.131661 350.162 308.765 52.2287 51.655 138.758 338.5 324.82 358.384 325 20180306T110220.131661 255 0
20180306T110220.139804 350.123 308.899 52.2087 51.0282 145.91 338.5 324.82 358.384 325 20180306T110220.139804 255 0
20180306T110220.152235 350.178 308.917 51.7607 50.805 109.867 338.487 324.912 358.384 325 20180306T110220.152235 255 0
20180306T110220.161441 350.397 308.931 51.2124 50.2465 86.6696 338.487 324.912 358.384 325 20180306T110220.161441 255 0
20180306T110220.172234 349.918 309.351 51.6645 49.7679 111.23 338.104 325.09 358.203 325.207 20180306T110220.172234 255 0
20180306T110220.180623 349.373 309.046 51.2329 49.7129 101.076 337.952 325.195 357.974 325.303 20180306T110220.180623 255 0
20180306T110220.193044 349.561 309.169 51.0503 49.3471 101.816 337.915 325.23 357.974 325.303 20180306T110220.193044 255 0
20180306T110220.200448 349.669 309.128 50.0352 48.7314 107.099 337.816 325.237 357.974 325.303 20180306T110220.200448 255 0
20180306T110220.212278 349.505 308.721 48.7486 48.4011 121.961 337.816 325.237 358.063 325.321 20180306T110220.212278 255 0
20180306T110220.221157 349.585 308.71 48.9578 48.3177 108.89 337.724 325.357 357.89 325.346 20180306T110220.221157 255 0
20180306T110220.232466 349.67 309.42 49.7747 47.8299 94.1283 337.729 325.411 358 325.409 20180306T110220.232466 255 0
20180306T110220.244844 349.667 309.195 48.8555 47.5785 105.585 337.793 325.469 358.131 325.583 20180306T110220.244844 255 0
20180306T110220.253124 349.66 309.302 48.712 47.1645 112.205 337.936 325.388 358.121 325.671 20180306T110220.253124 255 0
20180306T110220.264765 349.852 309.241 48.3828 47.1974 95.578 338.117 325.568 358.251 325.601 20180306T110220.264765 255 0
20180306T110220.272438 349.99 309.15 47.369 47.0385 76.959 338.206 325.579 358.321 325.793 20180306T110220.272438 255 0
20180306T110220.284336 350.055 309.457 47.6 46.6758 101.028 338.362 325.638 358.365 325.671 20180306T110220.284336 255 0
20180306T110220.292333 350.264 309.666 47.8594 46.5271 101.093 338.438 325.671 358.476 325.694 20180306T110220.292333 255 0
20180306T110220.304302 350.361 309.649 47.4585 46.4273 103.227 338.498 325.724 358.548 325.837 20180306T110220.304302 255 0
20180306T110220.311925 350.356 309.743 47.7099 46.1778 103.083 338.544 326.221 358.65 325.749 20180306T110220.311925 255 0
20180306T110220.324123 350.67 309.604 47.102 45.6507 96.7405 338.557 326.143 358.606 325.913 20180306T110220.324123 255 0
20180306T110220.332282 350.659 309.46 46.6571 45.6093 92.2846 338.544 326.221 358.562 325.671 20180306T110220.332282 255 0
20180306T110220.344315 350.683 309.61 46.1408 45.6244 78.8696 338.5 325.825 358.55 325.952 20180306T110220.344315 255 0
20180306T110220.353504 350.674 309.272 45.6058 45.1603 137.432 338.473 325.793 358.537 325.871 20180306T110220.353504 255 0
20180306T110220.364443 350.705 309.442 45.8389 45.22 132.999 338.434 325.886 358.465 326.177 20180306T110220.364443 255 0
20180306T110220.372865 350.464 309.762 46.3027 44.9951 101.84 338.391 326.071 358.366 326.427 20180306T110220.372865 255 0
20180306T110220.385054 350.306 309.786 45.834 45.0431 114.627 338.324 326.371 358.366 326.427 20180306T110220.385054 255 0
20180306T110220.392401 350.306 309.786 45.834 45.0431 114.627 338.203 326.207 358.405 326.357 20180306T110220.392401 255 0
20180306T110220.404327 350.261 310.065 46.1662 45.0435 95.8725 338.333 326.456 358.325 326.399 20180306T110220.404327 255 0
20180306T110220.413116 350.131 310.09 46.6819 45.1767 110.678 338.312 325.922 358.325 326.399 20180306T110220.413116 255 0
20180306T110220.424414 350.305 309.991 46.5485 44.9405 95.6069 338.254 326.178 358.325 326.399 20180306T110220.424414 255 0
20180306T110220.432861 350.178 310.483 47.2108 45.0978 96.7819 338.222 326.288 358.325 326.399 20180306T110220.432861 255 0
20180306T110220.444484 350.332 309.416 44.9595 44.4776 146.579 338.195 326.342 358.322 326.589 20180306T110220.444484 255 0
20180306T110220.452453 350.194 310.122 46.1832 44.8777 100.573 337.909 326.553 358.229 326.589 20180306T110220.452453 255 0
20180306T110220.464827 350.185 309.461 44.9698 44.4263 10.3554 337.909 326.553 358.183 326.783 20180306T110220.464827 255 0
20180306T110220.474357 350.28 309.628 44.8646 44.6907 71.1482 337.909 326.553 358.167 326.78 20180306T110220.474357 255 0
20180306T110220.485090 350.294 309.858 45.3624 44.7491 82.2057 338.091 326.498 358.179 326.683 20180306T110220.485090 255 0
20180306T110220.496634 350.256 310.185 45.9479 44.6998 84.2686 338.124 326.577 358.223 326.814 20180306T110220.496634 255 0
20180306T110220.504876 350.268 310.406 46.346 44.6977 90.5361 338.384 326.527 358.348 326.659 20180306T110220.504876 255 0
20180306T110220.516748 350.432 310.199 45.9041 44.7258 93.8132 338.384 326.527 358.405 326.5 20180306T110220.516748 255 0
20180306T110220.524327 350.444 310.236 46.2668 44.6865 97.3394 338.424 326.453 358.395 326.589 20180306T110220.524327 255 0
20180306T110220.536581 350.389 310.327 46.4402 44.7762 107.208 338.365 326.526 358.405 326.5 20180306T110220.536581 255 0
20180306T110220.544839 350.393 310.253 46.2904 44.7834 99.4493 338.424 326.453 358.405 326.5 20180306T110220.544839 255 0
20180306T110220.556019 350.514 309.951 45.7216 44.7812 97.908 338.365 326.526 358.405 326.5 20180306T110220.556019 255 0
20180306T110220.564858 350.46 310.136 46.1063 44.6905 93.5128 338.424 326.453 358.395 326.589 20180306T110220.564858 255 0
20180306T110220.576904 350.372 310.344 46.5645 44.7779 98.3157 338.303 326.489 358.405 326.5 20180306T110220.576904 255 0
20180306T110220.584486 350.347 309.734 45.2934 44.8708 99.9073 338.303 326.489 358.405 326.5 20180306T110220.584486 255 0
20180306T110220.596418 350.399 309.749 45.2817 44.9626 87.6902 338.303 326.489 358.405 326.5 20180306T110220.596418 255 0
20180306T110220.604952 350.104 310.304 46.7565 44.9289 103.99 338.265 326.462 358.39 326.573 20180306T110220.604952 255 0
20180306T110220.616850 349.961 310.358 46.8914 45.334 99.2274 337.946 326.581 358.289 326.427 20180306T110220.616850 255 0
20180306T110220.625442 350.077 310.335 46.7049 44.9187 110.021 338.124 326.526 358.228 326.703 20180306T110220.625442 255 0
20180306T110220.637197 350.16 309.505 45.6792 44.8664 178.588 337.946 326.581 358.271 326.5 20180306T110220.637197 255 0
20180306T110220.644328 350.145 309.483 45.7887 44.5755 160.045 337.909 326.553 358.228 326.703 20180306T110220.644328 255 0
20180306T110220.656352 349.898 310.273 46.978 45.1863 117.546 337.909 326.553 358.146 326.721 20180306T110220.656352 255 0
20180306T110220.665489 350.005 309.518 45.8992 44.9347 177.606 337.909 326.553 358.098 326.803 20180306T110220.665489 255 0
20180306T110220.676857 349.897 309.804 45.7131 45.6095 16.3419 337.909 326.553 358.059 326.848 20180306T110220.676857 255 0
20180306T110220.685437 349.878 310.151 46.8222 45.897 122.336 337.909 326.553 358.094 326.789 20180306T110220.685437 255 0
20180306T110220.696617 349.765 310.385 47.3679 46.3075 103.06 337.909 326.553 358.195 326.81 20180306T110220.696617 255 0
20180306T110220.704604 349.687 310.061 46.9151 46.219 123.797 337.909 326.553 358.131 326.977 20180306T110220.704604 255 0
20180306T110220.717093 349.652 310.479 47.7698 46.0832 103.547 337.793 326.469 358.195 326.81 20180306T110220.717093 255 0
20180306T110220.725211 349.431 310.584 48.7239 46.0423 111.425 337.581 326.554 358 326.768 20180306T110220.725211 255 0
20180306T110220.735950 349.419 309.75 47.465 46.0948 125.339 337.605 326.395 357.874 326.729 20180306T110220.735950 255 0
20180306T110220.748506 349.424 309.962 47.7616 46.304 120.014 337.444 326.667 357.702 326.471 20180306T110220.748506 255 0
20180306T110220.755927 349.369 310.297 48.2072 46.572 101.851 337.251 326.918 357.5 326.82 20180306T110220.755927 255 0
20180306T110220.768457 349.296 310.433 48.6147 46.5931 99.9774 337.019 326.573 357.286 326.92 20180306T110220.768457 255 0
20180306T110220.776851 349.168 309.95 47.4948 46.7768 86.5313 337.048 326.489 357.193 326.831 20180306T110220.776851 255 0
20180306T110220.788831 349.138 310.059 47.6952 46.7647 121.297 336.773 326.582 357.091 326.612 20180306T110220.788831 255 0
20180306T110220.796669 349.076 310.035 47.7044 46.8507 127.144 336.734 326.554 357 326.924 20180306T110220.796669 255 0
20180306T110220.808856 349.076 310.035 47.7044 46.8507 127.144 336.863 326.543 357.224 326.881 20180306T110220.808856 255 0
20180306T110220.815970 349.153 310.038 47.6345 46.9039 130.869 337.009 326.7 357.218 326.973 20180306T110220.815970 255 0
20180306T110220.828469 349.216 310.296 47.9613 47.1772 116.986 337.174 326.808 357.321 327.139 20180306T110220.828469 255 0
20180306T110220.836414 349.375 310.365 48.5627 46.8875 106.986 337.512 326.92 357.583 326.87 20180306T110220.836414 255 0
20180306T110220.848582 349.687 310.231 48.502 47.3138 106.002 337.828 326.783 357.941 326.848 20180306T110220.848582 255 0
20180306T110220.857094 349.748 310.617 48.9975 47.3527 103.742 337.826 326.388 358.195 326.81 20180306T110220.857094 255 0
20180306T110220.868229 349.882 310.15 48.1247 47.351 107.573 337.971 326.412 358.225 326.511 20180306T110220.868229 255 0
20180306T110220.876673 349.991 310.009 48.3339 47.455 115.181 338.252 326.378 358.308 326.473 20180306T110220.876673 255 0
20180306T110220.889017 350.115 310.051 48.3189 47.6123 101.133 338.329 326.239 358.325 326.399 20180306T110220.889017 255 0
20180306T110220.896393 350.146 309.792 48.0582 47.1959 149.413 338.284 326.409 358.325 326.399 20180306T110220.896393 255 0
20180306T110220.908280 350.197 309.94 48.5227 47.4959 118.833 338.292 326.324 358.308 326.473 20180306T110220.908280 255 0
20180306T110220.917088 349.999 310.056 48.5361 47.2736 111.515 338.212 326.338 358.325 326.399 20180306T110220.917088 255 0
20180306T110220.928120 349.945 309.875 48.2051 47.4908 111.16 338.056 326.038 358.277 326.277 20180306T110220.928120 255 0
20180306T110220.936884 349.683 309.885 48.491 47.3405 112.615 337.961 326.039 358.038 326.195 20180306T110220.936884 255 0
20180306T110220.948924 349.77 309.736 48.2957 47.389 102.906 338.056 326.038 357.939 326.076 20180306T110220.948924 255 0
20180306T110220.956373 349.901 309.369 47.8248 47.4699 143.817 338.139 325.747 358.279 326 20180306T110220.956373 255 0
20180306T110220.968504 349.964 309.7 48.9789 47.3738 100.515 338.127 325.636 358.258 325.742 20180306T110220.968504 255 0
20180306T110220.977134 350.104 309.107 47.8479 47.1896 122.996 338.399 325.749 358.472 325.706 20180306T110220.977134 255 0
20180306T110220.988016 350.328 309.217 48.2537 47.0566 117.942 338.543 325.795 358.458 325.787 20180306T110220.988016 255 0
20180306T110221.000669 350.728 309.006 47.8673 46.9972 121.826 338.721 325.784 358.778 325.739 20180306T110221.000669 255 0
20180306T110221.007980 350.808 309.106 48.2395 46.9747 117.794 338.814 325.602 359 325.279 20180306T110221.007980 255 0
20180306T110221.020623 350.868 308.846 47.7951 46.9972 115.524 338.782 325.524 359 325.279 20180306T110221.020623 255 0
20180306T110221.028404 351.014 308.806 47.9105 46.9158 116.719 339.056 325.356 359.175 325.239 20180306T110221.028404 255 0
20180306T110221.040429 351.169 307.976 46.8454 46.0047 4.18097 339.005 325.374 359.088 325.298 20180306T110221.040429 255 0
20180306T110221.049137 351.076 308.578 48.0442 46.5326 92.6299 338.902 325.304 359 325.279 20180306T110221.049137 255 0
20180306T110221.059999 351.177 307.86 46.5406 45.9685 151.447 338.873 325.127 359 325.279 20180306T110221.059999 255 0
20180306T110221.068687 351.145 307.86 46.6054 45.7246 178.208 338.68 325.073 358.964 325.24 20180306T110221.068687 255 0
20180306T110221.080750 351.133 307.72 46.2767 45.6075 171.657 338.826 325.142 358.964 325.24 20180306T110221.080750 255 0
20180306T110221.088294 350.889 308.563 47.4628 46.1704 105.364 338.667 325.279 358.793 325.253 20180306T110221.088294 255 0
20180306T110221.100174 350.942 308.486 46.8412 46.2348 96.3387 338.54 325.346 358.912 325.298 20180306T110221.100174 255 0
20180306T110221.109132 350.815 308.626 47.0456 46.11 102.542 338.554 325.42 358.724 325.3 20180306T110221.109132 255 0
20180306T110221.120296 350.699 308.682 46.9482 46.2418 112.299 338.542 325.498 358.639 325.657 20180306T110221.120296 255 0
20180306T110221.128623 350.263 309.146 47.6012 46.2617 100.297 338.338 325.681 358.359 325.624 20180306T110221.128623 255 0
20180306T110221.140611 350.257 309.014 47.196 46.1454 114.039 338.231 325.787 358.35 325.547 20180306T110221.140611 255 0
20180306T110221.148970 350.108 308.802 46.4034 46.0678 138.55 338.206 325.579 358.434 325.711 20180306T110221.148970 255 0
20180306T110221.160590 349.972 309.045 47.0938 45.8405 104.753 338.206 325.579 358.291 325.825 20180306T110221.160590 255 0
20180306T110221.169108 349.906 308.946 46.7908 45.7442 106.639 338.158 325.662 358.291 325.825 20180306T110221.169108 255 0
20180306T110221.180477 349.946 308.988 46.8932 45.6535 103.658 338.117 325.568 358.258 325.742 20180306T110221.180477 255 0
20180306T110221.189117 349.972 309.17 47.3167 45.5084 103.499 338.115 325.615 358.394 325.736 20180306T110221.189117 255 0
20180306T110221.201125 349.972 309.17 47.3167 45.5084 103.499 338.231 325.787 358.35 325.547 20180306T110221.201125 255 0
20180306T110221.209197 350.056 309.01 47.115 45.9533 89.5793 338.231 325.787 358.359 325.624 20180306T110221.209197 255 0
