22154855192 20 20
22154855200 20 20
22154855207 20 20
22154855219 20 20
22154855227 20 20
22154855239 20 20
22154855252 20 20
22154855260 20 20
22154855273 20 20
22154855281 20 20
22154855293 20 20
22154855301 20 20
22154855313 20 20
22154855321 20 20
22154855333 20 20
22154855341 20 20
22154855353 20 20
22154855361 20 20
22154855373 20 20
22154855381 20 20
22154855393 20 20
22154855401 20 20
22154855413 20 20
22154855421 20 20
22154855433 20 20
22154855441 20 20
22154855453 20 20
22154855461 20 20
22154855473 20 20
22154855481 20 20
22154855493 20 20
22154855505 20 20
22154855513 20 20
22154855525 20 20
22154855533 20 20
22154855545 20 20
22154855553 20 20
22154855565 20 20
22154855573 20 20
22154855585 20 20
22154855593 20 20
22154855605 20 20
22154855613 20 20
22154855625 20 20
22154855633 20 20
22154855645 20 20
22154855653 20 20
22154855665 20 20
22154855673 20 20
22154855685 20 20
22154855693 20 20
22154855705 20 20
22154855713 20 20
22154855725 20 20
22154855733 20 20
22154855745 20 20
22154855757 20 20
22154855765 20 20
22154855777 20 20
22154855785 20 20
22154855797 20 20
22154855805 20 20
22154855817 20 20
22154855825 20 20
22154855837 20 20
22154855845 20 20
22154855857 20 20
22154855865 20 20
22154855877 20 20
22154855885 20 20
22154855897 20 20
22154855905 20 20
22154855917 20 20
22154855925 20 20
22154855937 20 20
22154855945 20 20
22154855957 20 20
22154855965 20 20
22154855977 20 20
22154855985 20 20
22154855997 20 20
22154856009 20 20
22154856017 20 20
22154856029 20 20
22154856037 20 20
22154856049 20 20
22154856057 20 20
22154856069 20 20
22154856077 20 20
22154856089 20 20
22154856097 20 20
22154856109 20 20
22154856117 20 20
22154856129 20 20
22154856137 20 20
22154856149 20 20
22154856157 20 20
22154856169 20 20
22154856177 20 20
22154856189 20 20
22154856197 20 20
22154856209 20 20
22154856217 20 20
22154856229 20 20
22154856237 20 20
22154856249 20 20
22154856261 20 20
22154856269 20 20
22154856281 20 20
22154856289 20 20
22154856301 20 20
22154856309 20 20
22154856321 20 20
22154856329 20 20
22154856341 20 20
22154856349 20 20
22154856361 20 20
22154856369 20 20
22154856381 20 20
22154856389 20 20
22154856401 20 20
22154856409 20 20
22154856421 20 20
22154856429 20 20
22154856441 20 20
22154856449 20 20
22154856461 20 20
22154856469 20 20
22154856481 20 20
22154856489 20 20
22154856501 20 20
22154856513 20 20
22154856521 20 20
22154856533 20 20
22154856541 20 20
22154856553 20 20
22154856561 20 20
22154856573 20 20
22154856581 20 20
22154856593 20 20
22154856601 20 20
22154856613 20 20
22154856621 20 20
22154856633 20 20
22154856641 20 20
22154856653 20 20
22154856661 20 20
22154856673 20 20
22154856681 20 20
22154856693 20 20
22154858711 960 20
22154858717 960 20
22154858729 960 20
22154858737 960 20
22154858749 960 20
22154858757 960 20
22154858769 960 20
22154858781 960 20
22154858789 960 20
22154858801 960 20
22154858809 960 20
22154858821 960 20
22154858829 960 20
22154858841 960 20
22154858849 960 20
22154858861 960 20
22154858869 960 20
22154858881 960 20
22154858889 960 20
22154858901 960 20
22154858909 960 20
22154858921 960 20
22154858929 960 20
22154858941 960 20
22154858949 960 20
22154858961 960 20
22154858969 960 20
22154858981 960 20
22154858989 960 20
22154859001 960 20
22154859009 960 20
22154859021 960 20
22154859033 960 20
22154859041 960 20
22154859053 960 20
22154859061 960 20
22154859073 960 20
22154859081 960 20
22154859093 960 20
22154859101 960 20
22154859113 960 20
22154859121 960 20
22154859133 960 20
22154859141 960 20
22154859153 960 20
22154859161 960 20
22154859173 960 20
22154859181 960 20
22154859193 960 20
22154859201 960 20
22154859213 960 20
22154859221 960 20
22154859233 960 20
22154859241 960 20
22154859253 960 20
22154859261 960 20
22154859273 960 20
22154859285 960 20
22154859293 960 20
22154859305 960 20
22154859313 960 20
22154859325 960 20
22154859333 960 20
22154859345 960 20
22154859353 960 20
22154859365 960 20
22154859373 960 20
22154859385 960 20
22154859393 960 20
22154859405 960 20
22154859413 960 20
22154859425 960 20
22154859433 960 20
22154859445 960 20
22154859453 960 20
22154859465 960 20
22154859473 960 20
22154859485 960 20
22154859493 960 20
22154859505 960 20
22154859513 960 20
22154859525 960 20
22154859537 960 20
22154859545 960 20
22154859557 960 20
22154859565 960 20
22154859577 960 20
22154859585 960 20
22154859597 960 20
22154859605 960 20
22154859617 960 20
22154859625 960 20
22154859637 960 20
22154859645 960 20
22154859657 960 20
22154859665 960 20
22154859677 960 20
22154859685 960 20
22154859697 960 20
22154859705 960 20
22154859717 960 20
22154859725 960 20
22154859737 960 20
22154859745 960 20
22154859757 960 20
22154859765 960 20
22154859777 960 20
22154859789 960 20
22154859797 960 20
22154859809 960 20
22154859817 960 20
22154859829 960 20
22154859837 960 20
22154859849 960 20
22154859857 960 20
22154859869 960 20
22154859877 960 20
22154859889 960 20
22154859897 960 20
22154859909 960 20
22154859917 960 20
22154859929 960 20
22154859937 960 20
22154859949 960 20
22154859957 960 20
22154859969 960 20
22154859977 960 20
22154859989 960 20
22154859997 960 20
22154900009 960 20
22154900017 960 20
22154900029 960 20
22154900041 960 20
22154900049 960 20
22154900061 960 20
22154900069 960 20
22154900081 960 20
22154900089 960 20
22154900101 960 20
22154900109 960 20
22154900121 960 20
22154900129 960 20
22154900141 960 20
22154900149 960 20
22154900161 960 20
22154900169 960 20
22154900181 960 20
22154900189 960 20
22154900201 960 20
22154901469 1900 20
22154901481 1900 20
22154901489 1900 20
22154901501 1900 20
22154901509 1900 20
22154901521 1900 20
22154901529 1900 20
22154901541 1900 20
22154901553 1900 20
22154901561 1900 20
22154901573 1900 20
22154901581 1900 20
22154901593 1900 20
22154901601 1900 20
22154901613 1900 20
22154901621 1900 20
22154901633 1900 20
22154901641 1900 20
22154901653 1900 20
22154901661 1900 20
22154901673 1900 20
22154901681 1900 20
22154901693 1900 20
22154901701 1900 20
22154901713 1900 20
22154901721 1900 20
22154901733 1900 20
22154901741 1900 20
22154901753 1900 20
22154901761 1900 20
22154901773 1900 20
22154901781 1900 20
22154901793 1900 20
22154901805 1900 20
22154901813 1900 20
22154901825 1900 20
22154901833 1900 20
22154901845 1900 20
22154901853 1900 20
22154901865 1900 20
22154901873 1900 20
22154901885 1900 20
22154901893 1900 20
22154901905 1900 20
22154901913 1900 20
22154901925 1900 20
22154901933 1900 20
22154901945 1900 20
22154901953 1900 20
22154901965 1900 20
22154901973 1900 20
22154901985 1900 20
22154901993 1900 20
22154902005 1900 20
22154902013 1900 20
22154902025 1900 20
22154902033 1900 20
22154902045 1900 20
22154902057 1900 20
22154902065 1900 20
22154902077 1900 20
22154902085 1900 20
22154902097 1900 20
22154902105 1900 20
22154902117 1900 20
22154902125 1900 20
22154902137 1900 20
22154902145 1900 20
22154902157 1900 20
22154902165 1900 20
22154902177 1900 20
22154902185 1900 20
22154902197 1900 20
22154902205 1900 20
22154902217 1900 20
22154902225 1900 20
22154902237 1900 20
22154902245 1900 20
22154902257 1900 20
22154902265 1900 20
22154902277 1900 20
22154902285 1900 20
22154902297 1900 20
22154902309 1900 20
22154902317 1900 20
22154902329 1900 20
22154902337 1900 20
22154902349 1900 20
22154902357 1900 20
22154902369 1900 20
22154902377 1900 20
22154902389 1900 20
22154902397 1900 20
22154902409 1900 20
22154902417 1900 20
22154902429 1900 20
22154902437 1900 20
22154902449 1900 20
22154902457 1900 20
22154902469 1900 20
22154902477 1900 20
22154902489 1900 20
22154902497 1900 20
22154902509 1900 20
22154902517 1900 20
22154902529 1900 20
22154902537 1900 20
22154902549 1900 20
22154902561 1900 20
22154902569 1900 20
22154902581 1900 20
22154902589 1900 20
22154902601 1900 20
22154902609 1900 20
22154902621 1900 20
22154902629 1900 20
22154902641 1900 20
22154902649 1900 20
22154902661 1900 20
22154902669 1900 20
22154902681 1900 20
22154902689 1900 20
22154902701 1900 20
22154902709 1900 20
22154902721 1900 20
22154902729 1900 20
22154902741 1900 20
22154902749 1900 20
22154902761 1900 20
22154902769 1900 20
22154902781 1900 20
22154902789 1900 20
22154902801 1900 20
22154902813 1900 20
22154902821 1900 20
22154902833 1900 20
22154902841 1900 20
22154902853 1900 20
22154902861 1900 20
22154902873 1900 20
22154902881 1900 20
22154902893 1900 20
22154902901 1900 20
22154902913 1900 20
22154902921 1900 20
22154902933 1900 20
22154902941 1900 20
22154902953 1900 20
22154902961 1900 20
22154904153 1900 540
22154904161 1900 540
22154904173 1900 540
22154904181 1900 540
22154904193 1900 540
22154904201 1900 540
22154904213 1900 540
22154904221 1900 540
22154904233 1900 540
22154904241 1900 540
22154904253 1900 540
22154904261 1900 540
22154904273 1900 540
22154904281 1900 540
22154904293 1900 540
22154904301 1900 540
22154904313 1900 540
22154904325 1900 540
22154904333 1900 540
22154904345 1900 540
22154904353 1900 540
22154904365 1900 540
22154904373 1900 540
22154904385 1900 540
22154904393 1900 540
22154904405 1900 540
22154904413 1900 540
22154904425 1900 540
22154904433 1900 540
22154904445 1900 540
22154904453 1900 540
22154904465 1900 540
22154904473 1900 540
22154904485 1900 540
22154904493 1900 540
22154904505 1900 540
22154904513 1900 540
22154904525 1900 540
22154904533 1900 540
22154904545 1900 540
22154904553 1900 540
22154904565 1900 540
22154904577 1900 540
22154904585 1900 540
22154904597 1900 540
22154904605 1900 540
22154904617 1900 540
22154904625 1900 540
22154904637 1900 540
22154904645 1900 540
22154904657 1900 540
22154904665 1900 540
22154904677 1900 540
22154904685 1900 540
22154904697 1900 540
22154904705 1900 540
22154904717 1900 540
22154904725 1900 540
22154904737 1900 540
22154904745 1900 540
22154904757 1900 540
22154904765 1900 540
22154904777 1900 540
22154904785 1900 540
22154904797 1900 540
22154904805 1900 540
22154904817 1900 540
22154904829 1900 540
22154904837 1900 540
22154904849 1900 540
22154904857 1900 540
22154904869 1900 540
22154904877 1900 540
22154904889 1900 540
22154904897 1900 540
22154904909 1900 540
22154904917 1900 540
22154904929 1900 540
22154904937 1900 540
22154904949 1900 540
22154904957 1900 540
22154904969 1900 540
22154904977 1900 540
22154904989 1900 540
22154904997 1900 540
22154905009 1900 540
22154905017 1900 540
22154905029 1900 540
22154905037 1900 540
22154905049 1900 540
22154905057 1900 540
22154905069 1900 540
22154905081 1900 540
22154905089 1900 540
22154905101 1900 540
22154905109 1900 540
22154905121 1900 540
22154905129 1900 540
22154905141 1900 540
22154905149 1900 540
22154905161 1900 540
22154905169 1900 540
22154905181 1900 540
22154905189 1900 540
22154905201 1900 540
22154905209 1900 540
22154905221 1900 540
22154905229 1900 540
22154905241 1900 540
22154905249 1900 540
22154905261 1900 540
22154905269 1900 540
22154905281 1900 540
22154905289 1900 540
22154905301 1900 540
22154905309 1900 540
22154905321 1900 540
22154905333 1900 540
22154905341 1900 540
22154905353 1900 540
22154905361 1900 540
22154905373 1900 540
22154905381 1900 540
22154905393 1900 540
22154905401 1900 540
22154905413 1900 540
22154905421 1900 540
22154905433 1900 540
22154905441 1900 540
22154905453 1900 540
22154905461 1900 540
22154905473 1900 540
22154905481 1900 540
22154905493 1900 540
22154905501 1900 540
22154905513 1900 540
22154905521 1900 540
22154905533 1900 540
22154905541 1900 540
22154905553 1900 540
22154905561 1900 540
22154905573 1900 540
22154905585 1900 540
22154905593 1900 540
22154905605 1900 540
22154905613 1900 540
22154905625 1900 540
22154905633 1900 540
22154905645 1900 540
22154906641 950 540
22154906653 950 540
22154906661 950 540
22154906673 950 540
22154906681 950 540
22154906693 950 540
22154906701 950 540
22154906713 950 540
22154906721 950 540
22154906733 950 540
22154906741 950 540
22154906753 950 540
22154906761 950 540
22154906773 950 540
22154906781 950 540
22154906793 950 540
22154906801 950 540
22154906813 950 540
22154906821 950 540
22154906833 950 540
22154906845 950 540
22154906853 950 540
22154906865 950 540
22154906873 950 540
22154906885 950 540
22154906893 950 540
22154906905 950 540
22154906913 950 540
22154906925 950 540
22154906933 950 540
22154906945 950 540
22154906953 950 540
22154906965 950 540
22154906973 950 540
22154906985 950 540
22154906993 950 540
22154907005 950 540
22154907013 950 540
22154907025 950 540
22154907033 950 540
22154907045 950 540
22154907053 950 540
22154907065 950 540
22154907073 950 540
22154907085 950 540
22154907097 950 540
22154907105 950 540
22154907117 950 540
22154907125 950 540
22154907137 950 540
22154907145 950 540
22154907157 950 540
22154907165 950 540
22154907177 950 540
22154907185 950 540
22154907197 950 540
22154907205 950 540
22154907217 950 540
22154907225 950 540
22154907237 950 540
22154907245 950 540
22154907257 950 540
22154907265 950 540
22154907277 950 540
22154907285 950 540
22154907297 950 540
22154907305 950 540
22154907317 950 540
22154907325 950 540
22154907337 950 540
22154907349 950 540
22154907357 950 540
22154907369 950 540
22154907377 950 540
22154907389 950 540
22154907397 950 540
22154907409 950 540
22154907417 950 540
22154907429 950 540
22154907437 950 540
22154907449 950 540
22154907457 950 540
22154907469 950 540
22154907477 950 540
22154907489 950 540
22154907497 950 540
22154907509 950 540
22154907517 950 540
22154907529 950 540
22154907537 950 540
22154907549 950 540
22154907557 950 540
22154907569 950 540
22154907577 950 540
22154907589 950 540
22154907601 950 540
22154907609 950 540
22154907621 950 540
22154907629 950 540
22154907641 950 540
22154907649 950 540
22154907661 950 540
22154907669 950 540
22154907681 950 540
22154907689 950 540
22154907701 950 540
22154907709 950 540
22154907721 950 540
22154907729 950 540
22154907741 950 540
22154907749 950 540
22154907761 950 540
22154907769 950 540
22154907781 950 540
22154907789 950 540
22154907801 950 540
22154907809 950 540
22154907821 950 540
22154907829 950 540
22154907841 950 540
22154907853 950 540
22154907861 950 540
22154907873 950 540
22154907881 950 540
22154907893 950 540
22154907901 950 540
22154907913 950 540
22154907921 950 540
22154907933 950 540
22154907941 950 540
22154907953 950 540
22154907961 950 540
22154907973 950 540
22154907981 950 540
22154907993 950 540
22154908001 950 540
22154908013 950 540
22154908021 950 540
22154908033 950 540
22154908041 950 540
22154908053 950 540
22154908061 950 540
22154908073 950 540
22154908081 950 540
22154908093 950 540
22154908105 950 540
22154908113 950 540
22154908125 950 540
22154908133 950 540
22154909214 20 540
22154909221 20 540
22154909233 20 540
22154909241 20 540
22154909253 20 540
22154909261 20 540
22154909273 20 540
22154909281 20 540
22154909293 20 540
22154909301 20 540
22154909313 20 540
22154909321 20 540
22154909333 20 540
22154909341 20 540
22154909353 20 540
22154909365 20 540
22154909373 20 540
22154909385 20 540
22154909393 20 540
22154909405 20 540
22154909413 20 540
22154909425 20 540
22154909433 20 540
22154909445 20 540
22154909453 20 540
22154909465 20 540
22154909473 20 540
22154909485 20 540
22154909493 20 540
22154909505 20 540
22154909513 20 540
22154909525 20 540
22154909533 20 540
22154909545 20 540
22154909553 20 540
22154909565 20 540
22154909573 20 540
22154909585 20 540
22154909593 20 540
22154909605 20 540
22154909617 20 540
22154909625 20 540
22154909637 20 540
22154909645 20 540
22154909657 20 540
22154909665 20 540
22154909677 20 540
22154909685 20 540
22154909697 20 540
22154909705 20 540
22154909717 20 540
22154909725 20 540
22154909737 20 540
22154909745 20 540
22154909757 20 540
22154909765 20 540
22154909777 20 540
22154909785 20 540
22154909797 20 540
22154909805 20 540
22154909817 20 540
22154909825 20 540
22154909837 20 540
22154909845 20 540
22154909857 20 540
22154909869 20 540
22154909877 20 540
22154909889 20 540
22154909897 20 540
22154909909 20 540
22154909917 20 540
22154909929 20 540
22154909937 20 540
22154909949 20 540
22154909957 20 540
22154909969 20 540
22154909977 20 540
22154909989 20 540
22154909997 20 540
22154910009 20 540
22154910017 20 540
22154910029 20 540
22154910037 20 540
22154910049 20 540
22154910057 20 540
22154910069 20 540
22154910077 20 540
22154910089 20 540
22154910097 20 540
22154910109 20 540
22154910121 20 540
22154910129 20 540
22154910141 20 540
22154910149 20 540
22154910161 20 540
22154910169 20 540
22154910181 20 540
22154910189 20 540
22154910201 20 540
22154910209 20 540
22154910221 20 540
22154910229 20 540
22154910241 20 540
22154910249 20 540
22154910261 20 540
22154910269 20 540
22154910281 20 540
22154910289 20 540
22154910301 20 540
22154910309 20 540
22154910321 20 540
22154910329 20 540
22154910341 20 540
22154910349 20 540
22154910361 20 540
22154910373 20 540
22154910381 20 540
22154910393 20 540
22154910401 20 540
22154910413 20 540
22154910421 20 540
22154910433 20 540
22154910441 20 540
22154910453 20 540
22154910461 20 540
22154910473 20 540
22154910481 20 540
22154910493 20 540
22154910501 20 540
22154910513 20 540
22154910521 20 540
22154910533 20 540
22154910541 20 540
22154910553 20 540
22154910561 20 540
22154910573 20 540
22154910581 20 540
22154910593 20 540
22154910601 20 540
22154910613 20 540
22154910625 20 540
22154910633 20 540
22154910645 20 540
22154910653 20 540
22154910665 20 540
22154910673 20 540
22154910685 20 540
22154910693 20 540
22154910705 20 540
22154912257 20 1060
22154912265 20 1060
22154912277 20 1060
22154912285 20 1060
22154912297 20 1060
22154912305 20 1060
22154912317 20 1060
22154912325 20 1060
22154912337 20 1060
22154912345 20 1060
22154912357 20 1060
22154912365 20 1060
22154912377 20 1060
22154912389 20 1060
22154912397 20 1060
22154912409 20 1060
22154912417 20 1060
22154912429 20 1060
22154912437 20 1060
22154912449 20 1060
22154912457 20 1060
22154912469 20 1060
22154912477 20 1060
22154912489 20 1060
22154912497 20 1060
22154912509 20 1060
22154912517 20 1060
22154912529 20 1060
22154912537 20 1060
22154912549 20 1060
22154912557 20 1060
22154912569 20 1060
22154912577 20 1060
22154912589 20 1060
22154912597 20 1060
22154912609 20 1060
22154912617 20 1060
22154912629 20 1060
22154912641 20 1060
22154912649 20 1060
22154912661 20 1060
22154912669 20 1060
22154912681 20 1060
22154912689 20 1060
22154912701 20 1060
22154912709 20 1060
22154912721 20 1060
22154912729 20 1060
22154912741 20 1060
22154912749 20 1060
22154912761 20 1060
22154912769 20 1060
22154912781 20 1060
22154912789 20 1060
22154912801 20 1060
22154912809 20 1060
22154912821 20 1060
22154912829 20 1060
22154912841 20 1060
22154912849 20 1060
22154912861 20 1060
22154912869 20 1060
22154912881 20 1060
22154912893 20 1060
22154912901 20 1060
22154912913 20 1060
22154912921 20 1060
22154912933 20 1060
22154912941 20 1060
22154912953 20 1060
22154912961 20 1060
22154912973 20 1060
22154912981 20 1060
22154912993 20 1060
22154913001 20 1060
22154913013 20 1060
22154913021 20 1060
22154913033 20 1060
22154913041 20 1060
22154913053 20 1060
22154913061 20 1060
22154913073 20 1060
22154913081 20 1060
22154913093 20 1060
22154913101 20 1060
22154913113 20 1060
22154913121 20 1060
22154913133 20 1060
22154913145 20 1060
22154913153 20 1060
22154913165 20 1060
22154913173 20 1060
22154913185 20 1060
22154913193 20 1060
22154913205 20 1060
22154913213 20 1060
22154913225 20 1060
22154913233 20 1060
22154913245 20 1060
22154913253 20 1060
22154913265 20 1060
22154913273 20 1060
22154913285 20 1060
22154913293 20 1060
22154913305 20 1060
22154913313 20 1060
22154913325 20 1060
22154913333 20 1060
22154913345 20 1060
22154913353 20 1060
22154913365 20 1060
22154913373 20 1060
22154913385 20 1060
22154913397 20 1060
22154913405 20 1060
22154913417 20 1060
22154913425 20 1060
22154913437 20 1060
22154913445 20 1060
22154913457 20 1060
22154913465 20 1060
22154913477 20 1060
22154913485 20 1060
22154913497 20 1060
22154913505 20 1060
22154913517 20 1060
22154913525 20 1060
22154913537 20 1060
22154913545 20 1060
22154913557 20 1060
22154913565 20 1060
22154913577 20 1060
22154913585 20 1060
22154913597 20 1060
22154913605 20 1060
22154913617 20 1060
22154913625 20 1060
22154913637 20 1060
22154913649 20 1060
22154913657 20 1060
22154913669 20 1060
22154913677 20 1060
22154913689 20 1060
22154913697 20 1060
22154913709 20 1060
22154913717 20 1060
22154913729 20 1060
22154913737 20 1060
22154913749 20 1060
22154914937 950 1060
22154914949 950 1060
22154914957 950 1060
22154914969 950 1060
22154914977 950 1060
22154914989 950 1060
22154914997 950 1060
22154915009 950 1060
22154915017 950 1060
22154915029 950 1060
22154915037 950 1060
22154915049 950 1060
22154915057 950 1060
22154915069 950 1060
22154915077 950 1060
22154915089 950 1060
22154915097 950 1060
22154915109 950 1060
22154915117 950 1060
22154915129 950 1060
22154915137 950 1060
22154915149 950 1060
22154915161 950 1060
22154915169 950 1060
22154915181 950 1060
22154915189 950 1060
22154915201 950 1060
22154915209 950 1060
22154915221 950 1060
22154915228 950 1060
22154915240 950 1060
22154915248 950 1060
22154915260 950 1060
22154915268 950 1060
22154915280 950 1060
22154915288 950 1060
22154915300 950 1060
22154915309 950 1060
22154915321 950 1060
22154915328 950 1060
22154915341 950 1060
22154915349 950 1060
22154915361 950 1060
22154915368 950 1060
22154915381 950 1060
22154915389 950 1060
22154915401 950 1060
22154915413 950 1060
22154915421 950 1060
22154915433 950 1060
22154915441 950 1060
22154915453 950 1060
22154915461 950 1060
22154915473 950 1060
22154915481 950 1060
22154915493 950 1060
22154915501 950 1060
22154915513 950 1060
22154915521 950 1060
22154915533 950 1060
22154915541 950 1060
22154915553 950 1060
22154915561 950 1060
22154915573 950 1060
22154915581 950 1060
22154915593 950 1060
22154915601 950 1060
22154915613 950 1060
22154915621 950 1060
22154915633 950 1060
22154915641 950 1060
22154915653 950 1060
22154915665 950 1060
22154915673 950 1060
22154915685 950 1060
22154915693 950 1060
22154915705 950 1060
22154915713 950 1060
22154915725 950 1060
22154915733 950 1060
22154915745 950 1060
22154915753 950 1060
22154915765 950 1060
22154915773 950 1060
22154915785 950 1060
22154915793 950 1060
22154915805 950 1060
22154915813 950 1060
22154915825 950 1060
22154915833 950 1060
22154915845 950 1060
22154915853 950 1060
22154915865 950 1060
22154915873 950 1060
22154915885 950 1060
22154915893 950 1060
22154915905 950 1060
22154915917 950 1060
22154915925 950 1060
22154915937 950 1060
22154915945 950 1060
22154915957 950 1060
22154915965 950 1060
22154915977 950 1060
22154915985 950 1060
22154915997 950 1060
22154916005 950 1060
22154916017 950 1060
22154916025 950 1060
22154916037 950 1060
22154916045 950 1060
22154916057 950 1060
22154916065 950 1060
22154916077 950 1060
22154916085 950 1060
22154916097 950 1060
22154916105 950 1060
22154916117 950 1060
22154916125 950 1060
22154916137 950 1060
22154916145 950 1060
22154916157 950 1060
22154916169 950 1060
22154916177 950 1060
22154916189 950 1060
22154916197 950 1060
22154916209 950 1060
22154916217 950 1060
22154916229 950 1060
22154916237 950 1060
22154916249 950 1060
22154916257 950 1060
22154916269 950 1060
22154916277 950 1060
22154916289 950 1060
22154916297 950 1060
22154916309 950 1060
22154916317 950 1060
22154916329 950 1060
22154916337 950 1060
22154916349 950 1060
22154916357 950 1060
22154916369 950 1060
22154916377 950 1060
22154916389 950 1060
22154916397 950 1060
22154916409 950 1060
22154916421 950 1060
22154916429 950 1060
22154917670 1900 1060
22154917681 1900 1060
22154917689 1900 1060
22154917701 1900 1060
22154917709 1900 1060
22154917721 1900 1060
22154917729 1900 1060
22154917741 1900 1060
22154917749 1900 1060
22154917761 1900 1060
22154917769 1900 1060
22154917781 1900 1060
22154917789 1900 1060
22154917801 1900 1060
22154917809 1900 1060
22154917821 1900 1060
22154917829 1900 1060
22154917841 1900 1060
22154917849 1900 1060
22154917861 1900 1060
22154917869 1900 1060
22154917881 1900 1060
22154917889 1900 1060
22154917901 1900 1060
22154917909 1900 1060
22154917921 1900 1060
22154917933 1900 1060
22154917941 1900 1060
22154917953 1900 1060
22154917961 1900 1060
22154917973 1900 1060
22154917981 1900 1060
22154917993 1900 1060
22154918001 1900 1060
22154918013 1900 1060
22154918021 1900 1060
22154918033 1900 1060
22154918041 1900 1060
22154918053 1900 1060
22154918061 1900 1060
22154918073 1900 1060
22154918081 1900 1060
22154918093 1900 1060
22154918101 1900 1060
22154918113 1900 1060
22154918121 1900 1060
22154918133 1900 1060
22154918141 1900 1060
22154918153 1900 1060
22154918161 1900 1060
22154918173 1900 1060
22154918185 1900 1060
22154918193 1900 1060
22154918205 1900 1060
22154918213 1900 1060
22154918225 1900 1060
22154918233 1900 1060
22154918245 1900 1060
22154918253 1900 1060
22154918265 1900 1060
22154918273 1900 1060
22154918285 1900 1060
22154918293 1900 1060
22154918305 1900 1060
22154918313 1900 1060
22154918325 1900 1060
22154918333 1900 1060
22154918345 1900 1060
22154918353 1900 1060
22154918365 1900 1060
22154918373 1900 1060
22154918385 1900 1060
22154918393 1900 1060
22154918405 1900 1060
22154918413 1900 1060
22154918425 1900 1060
22154918437 1900 1060
22154918445 1900 1060
22154918457 1900 1060
22154918465 1900 1060
22154918477 1900 1060
22154918485 1900 1060
22154918497 1900 1060
22154918505 1900 1060
22154918517 1900 1060
22154918525 1900 1060
22154918537 1900 1060
22154918545 1900 1060
22154918557 1900 1060
22154918565 1900 1060
22154918577 1900 1060
22154918585 1900 1060
22154918597 1900 1060
22154918605 1900 1060
22154918617 1900 1060
22154918625 1900 1060
22154918637 1900 1060
22154918645 1900 1060
22154918657 1900 1060
22154918665 1900 1060
22154918677 1900 1060
22154918689 1900 1060
22154918697 1900 1060
22154918709 1900 1060
22154918717 1900 1060
22154918729 1900 1060
22154918737 1900 1060
22154918749 1900 1060
22154918757 1900 1060
22154918769 1900 1060
22154918777 1900 1060
22154918789 1900 1060
22154918797 1900 1060
22154918809 1900 1060
22154918817 1900 1060
22154918829 1900 1060
22154918837 1900 1060
22154918849 1900 1060
22154918857 1900 1060
22154918869 1900 1060
22154918877 1900 1060
22154918889 1900 1060
22154918897 1900 1060
22154918909 1900 1060
22154918917 1900 1060
22154918929 1900 1060
22154918941 1900 1060
22154918949 1900 1060
22154918961 1900 1060
22154918969 1900 1060
22154918981 1900 1060
22154918989 1900 1060
22154919001 1900 1060
22154919009 1900 1060
22154919021 1900 1060
22154919029 1900 1060
22154919041 1900 1060
22154919049 1900 1060
22154919061 1900 1060
22154919069 1900 1060
22154919081 1900 1060
22154919089 1900 1060
22154919101 1900 1060
22154919109 1900 1060
22154919121 1900 1060
22154919129 1900 1060
22154919141 1900 1060
22154919149 1900 1060
22154919161 1900 1060
